index,question,options,gold,masked_explanation,pred_noexp,prob_noexp,pred_exp,prob_exp,is_correct_noexp,is_correct_exp,sufficiency,usefulness,probs_noexp,probs_exp
0,جرج می‌خواهد دست‌هایش را با مالیدن به سرعت گرم کند. کدام سطح پوست بیشترین گرما را تولید می‌کند؟,"['کف\u200cهای خشک', 'کف\u200cهای مرطوب', 'کف\u200cهای چرب شده با روغن', 'کف\u200cهای پوشیده شده با لوسیون']",A,سطوح خشک اصطکاک بیشتری ایجاد کرده و گرمای بیشتری تولید می‌کنند.,C,0.8796225190162659,A,0.9213612079620361,False,True,True,True,[0.081658   0.03404012 0.8796225  0.00467938],[0.9213612  0.01035605 0.06648297 0.00179961]
1,کدام یک از جملات زیر بهترین توضیح را برای این موضوع ارائه می‌دهد که چرا مغناطیس‌ها معمولاً به درب یخچال می‌چسبند؟,"['در یخچال سطحی صاف وجود دارد.', 'درب یخچال حاوی آهن است.', 'درب یخچال یک هادی خوب است.', 'درب یخچال دارای سیم\u200cهای برق است.']",B,آهنرباها به مواد فرومغناطیس مانند آهن جذب می‌شوند و درب یخچال معمولاً حاوی آهن است.,B,0.9000676274299622,B,0.9858624339103699,True,True,True,True,[0.05058037 0.9000676  0.03939204 0.00995987],[0.01090925 0.98586243 0.00214816 0.00108016]
2,سوالی: چین‌خوردگی مشاهده‌شده در لایه‌های سنگ‌های رسوبی بیشتر احتمالاً ناشی از,"['سرد شدن ماگما در حال جریان.', 'مقارن شدن صفحات قشری.', 'رسوب\u200cگذاری مواد رسوبی در کنار رودخانه.', 'حل شدن معدنی کربنات.']",B,چین‌خوردگی عمدتاً از فشارهای تکتونیکی ناشی از حرکت صفحات زمین‌ساختی ایجاد می‌شود.,B,0.5060479044914246,B,0.9756966829299927,True,True,True,True,[0.4465857  0.5060479  0.0369455  0.01042096],[2.0249939e-02 9.7569668e-01 3.7458618e-03 3.0747906e-04]
3,کدام یک از این موارد را دانشمندان به عنوان جدیدترین توضیح درباره اینکه چرا بسیاری از گیاهان و جانوران در پایان دوره مزوزوئیک منقرض شدند، ارائه می‌دهند؟,"['بیماری جهانی', 'تشکیل کوه\u200cهای جهانی', 'ظهور پستانداران که به گیاهان و جانوران حمله می\u200cکردند', 'ضربه یک سیارک که گرد و غبار ایجاد کرد و نور خورشید را مسدود کرد']",D,برخورد یک سیارک بزرگ باعث ایجاد ابر گرد و غبار شد که نور خورشید را مسدود کرد و چرخه فتوسنتز و زنجیره غذایی را مختل نمود.,A,0.6778459548950195,D,0.9502044320106506,False,True,True,True,[0.67784595 0.1168753  0.15007086 0.05520798],[4.7493052e-02 1.6251227e-03 6.7745196e-04 9.5020443e-01]
4,یک قایق تحت تأثیر جریان یک رودخانه که به سمت شمال می‌رود و بادی که بر روی بادبان‌های آن می‌وزد، قرار دارد. قایق به سمت شمال‌شرقی حرکت می‌کند. در کدام جهت باد به احتمال زیاد بر روی بادبان‌های قایق نیرو وارد می‌کند؟,"['غرب', 'شرق', 'شمال', 'جنوب']",B,جریان [MASK]ی را جبران می‌کند، بنابراین باد باید مؤلفه‌ای [MASK]ی ایجاد کند تا حرکت نهایی به سمت [MASK]‌[MASK]ی باشد.,B,0.5282155871391296,B,0.5318493247032166,True,True,True,True,[0.24853863 0.5282156  0.02968371 0.19356208],[0.32258293 0.5318493  0.0268962  0.11867163]
5,کدام شکل زمین نتیجه نیروی سازنده یک یخچال طبیعی است؟,"['دره\u200cهای حفر شده توسط یک یخچال طبیعی متحرک', 'توده\u200cهای سنگی جمع\u200cشده توسط یک یخچال طبیعی آب شده', 'خطوط ایجاد شده در سطح گرانیت توسط یک یخچال طبیعی', 'تپه\u200cهای سنگ بستر خراشیده شده توسط عبور یک یخچال طبیعی']",B,یخچال‌ها با حرکت و فرسایش خود، دره‌های مشخصی ایجاد می‌کنند که نتیجه نیروی سازنده آن‌هاست.,A,0.5269642472267151,A,0.9575120806694031,False,False,False,False,[0.52696425 0.15097779 0.15097779 0.17108025],[0.9575121  0.0082841  0.03276426 0.00143956]
6,کدام جمله بهترین مقایسه را بین موجودات تک‌سلولی و چندسلولی ارائه می‌دهد؟,"['بافت\u200cها در یک موجود تک\u200cسلولی مانند سلول\u200cها در یک موجود چندسلولی هستند.', 'هسته در یک موجود تک\u200cسلولی مانند پوست یک موجود چندسلولی است.', 'اندامک\u200cها در یک موجود تک\u200cسلولی مانند اعضا در یک موجود چندسلولی هستند.', 'سیتوپلاسم در یک موجود تک\u200cسلولی مانند سیستم عصبی در یک موجود چندسلولی است.']",C,اندامک‌ها و اعضا هر دو عملکردهای تخصصی مشابهی در بدن دارند.,A,0.786097526550293,A,0.7143383026123047,False,False,False,False,[0.7860975  0.023831   0.15539762 0.0346739 ],[0.7143383  0.01686538 0.26176584 0.00703054]
7,در چارچوب یک آزمایش، یک فضانورد یک ترازو به ماه می‌برد و خود را وزن می‌کند. ترازو ۳۱ پوند را نشان می‌دهد. اگر جرم فضانورد حدود ۸۴ کیلوگرم باشد، وزن و جرم تقریبی فضانورد هنگام ایستادن بر روی زمین کدامند؟,"['۳۱ پوند و ۱۴ کیلوگرم', '۳۱ پوند و ۸۴ کیلوگرم', '۱۸۶ پوند و ۱۴ کیلوگرم', '۱۸۶ پوند و ۸۴ کیلوگرم']",D,جرم در همه جا ثابت است و وزن روی زمین با توجه به گرانش قوی‌تر، بیشتر از ماه محاسبه می‌شود.,D,0.5123115181922913,D,0.4528193175792694,True,True,True,False,[0.1663232  0.01063269 0.31073263 0.5123115 ],[0.39961165 0.0178342  0.1297349  0.45281932]
8,کدام یک از موارد زیر ویژگی‌ای است که سگ از والدین خود به ارث نمی‌برد؟,"['طول موهایش', 'شکل بینی\u200cاش', 'اندازه اشتهایش', 'رنگ موهایش']",C,ویژگی‌های ارثی شامل ظاهر فیزیکی است، اما اشتهای سگ تحت تأثیر عوامل محیطی قرار می‌گیرد و ارثی نیست.,B,0.40217435359954834,C,0.9527449011802673,False,True,True,True,[0.3132137  0.40217435 0.06934355 0.21526843],[0.03694193 0.00389365 0.9527449  0.00641954]
9,پیمایشی که لاک‌پشت‌های دریایی در ابتدای زندگی خود معمولاً تیره رنگ هستند. گاهی اوقات، لاک‌پشتی بیرون می‌آید که تقریباً سفید رنگ است. هنگامی که این لاک‌پشت رنگ روشن از لانه به سمت اقیانوس خزیده می‌شود، ممکن است در معرض آفتاب سوختگی قرار گیرد. رنگ روشن این لاک‌پشت‌ها چه تأثیری خواهد داشت؟,"['الف) به لاک\u200cپشت\u200cها کمک می\u200cکند که شانس بیشتری برای زادآوری داشته باشند.', 'ب) باعث قوی\u200cتر شدن پوسته لاک\u200cپشت\u200cهای دریایی می\u200cشود.', 'ج) احتمال زنده ماندن لاک\u200cپشت\u200cها برای زادآوری را کاهش می\u200cدهد.', 'د) در توسعه یک گونه جدید از لاک\u200cپشت\u200cهای دریایی کمک می\u200cکند.']",C,رنگ روشن استتار را کاهش داده و آسیب‌پذیری در برابر آفتاب و شکارچیان را افزایش می‌دهد، که شانس بقا را کم می‌کند.,C,0.5924316048622131,C,0.9131304621696472,True,True,True,True,[0.27984488 0.09014531 0.5924316  0.03757815],[0.07495432 0.00840964 0.91313046 0.00350566]
10,فتوسنتز یک فرایند است که شامل دی‌اکسید کربن، آب، گلوکز، اکسیژن و نور خورشید می‌باشد. کدام معادله شیمیایی صحیح برای فتوسنتز است؟,"['O_{2} + H_{2}O + انرژی -> C_{6}H_{12}O_{6} + CO_{2}', 'CO_{2} + H_{2}O -> C_{6}H_{6}O_{3} + O_{2} + انرژی', '6O_{2} + 6H_{2}O -> C_{6}H_{12}O_{6} + 6CO_{2} + انرژی', '6CO_{2} + 6H_{2}O + انرژی -> C_{6}H_{12}O_{6} + 6O_{2}']",D,فتوسنتز با استفاده از نور، دی‌اکسید کربن و آب، گلوکز و اکسیژن تولید می‌کند. معادله صحیح باید مواد اولیه و محصولات را با ضرایب درست نشان دهد.,D,0.8747984766960144,D,0.9376693964004517,True,True,True,True,[1.1792953e-01 6.1883742e-04 6.6531291e-03 8.7479848e-01],[5.9476715e-02 5.4776168e-04 2.3061626e-03 9.3766940e-01]
11,کدامیک از موارد زیر نمونه‌ای از یک تغییر فیزیکی است؟,"['روشن کردن یک کبریت', 'شکستن یک شیشه', 'سوختن بنزین', 'زنگ\u200cزدگی آهن']",B,شکستن شیشه تنها شکل فیزیکی را تغییر می‌دهد و ترکیب شیمیایی ماده ثابت می‌ماند.,C,0.6676990389823914,B,0.9944170713424683,False,True,True,True,[0.13147774 0.19129898 0.66769904 0.00952422],[0.00312814 0.9944171  0.00115078 0.001304  ]
12,کدام یک از مناطق زیر بیشتر احتمال دارد تا سنگ‌های دگرگونی مانند گنیس و شیست را تشکیل دهد؟,"['بستر دریا', 'بیابان بادزده', 'محل عمیق زیر زمین', 'محل تحت پوشش یخچال']",C,این سنگ‌ها در اعماق زمین با فشار و دمای بالا تشکیل می‌شوند، نه در محیط‌های سطحی.,C,0.7616659998893738,C,0.47402817010879517,True,True,True,False,[0.17061582 0.03806954 0.761666   0.02964858],[0.28527516 0.22217253 0.47402817 0.01852422]
13,حشرات نر در یک جمعیت برای جلوگیری از تولید اسپرم درمان می‌شوند. آیا این کار می‌تواند جمعیت این حشرات را کاهش دهد؟,"['خیر، زیرا حشرات هنوز هم جفت\u200cگیری خواهند کرد.', 'خیر، زیرا این کار نرخ جهش فرزندان را تغییر نمی\u200cدهد.', 'بله، زیرا این کار به شدت نرخ زاد و ولد را کاهش می\u200cدهد.', 'بله، زیرا نرها خواهند مرد.']",C,نرهای نابارور نمی‌توانند تخم‌ها را بارور کنند، بنابراین تولید مثل کاهش یافته و جمعیت کم می‌شود.,C,0.5505214929580688,A,0.6973773837089539,True,False,False,False,[0.43042463 0.0112926  0.5505215  0.00776128],[0.6973774  0.00538731 0.29184794 0.00538731]
14,در زمین، آب می‌تواند به صورت جامد، مایع یا گاز باشد. کدام منبع انرژی بیشترین تأثیر را بر وضعیت ماده آب دارد؟,"['خورشید', 'باد', 'جریان\u200cهای اقیانوسی', 'هسته فلزی']",A,انرژی گرمایی [MASK] عامل اصلی تغییر حالت‌های آب از طریق تبخیر و ذوب است.,A,0.9873910546302795,A,0.9900554418563843,True,True,True,True,[0.98739105 0.00148738 0.00356805 0.00755356],[0.99005544 0.00131359 0.00404613 0.00458487]
15,یک کشتی مقدار زیادی نفت را در نزدیکی یک ناحیه ساحلی نشت می‌کند. کدام یک از بیانیه‌ها توصیف می‌کند که نفت چگونه احتمالاً بر زیستگاه ساحلی تأثیر خواهد گذاشت؟,"['نرخ تولید مثل ماهی\u200cها افزایش خواهد یافت.', 'پرندگان آبی قادر به استفاده از بال\u200cهای خود نخواهند بود.', 'گیاهان آبزی در معرض نور خورشید بیشتری قرار خواهند گرفت.', 'گیاهان ساحلی به مواد مغذی بیشتری دسترسی خواهند داشت.']",B,نفت لایه‌ای چسبنده روی آب ایجاد می‌کند که پرهای پرندگان را پوشانده و توانایی حرکت آن‌ها را مختل می‌کند.,A,0.9468340873718262,B,0.9830460548400879,False,True,True,True,[0.9468341  0.02523227 0.00270134 0.02523227],[1.5889460e-02 9.8304605e-01 2.7339326e-04 7.9108961e-04]
16,یک ویژگی شیمیایی معدنی وقتی مشهود است که معدنی,"['به راحتی هنگام ضربه با چکش می\u200cشکند', 'هنگام قرار دادن اسید بر روی آن حباب کند', 'به راحتی توسط ناخن خراشیده می\u200cشود', 'نور را از سطح خود بازتاب می\u200cدهد']",B,واکنش با اسید و تولید حباب نشان‌دهنده تغییر شیمیایی است، برخلاف ویژگی‌های فیزیکی دیگر.,A,0.5072625875473022,B,0.7833254337310791,False,True,True,True,[0.5072626  0.2386797  0.2386797  0.01537796],[0.17410211 0.78332543 0.02393321 0.0186392 ]
17,یک غروب که در حال تاریک شدن است، الکس بر روی ایوان جلویی می‌نشیند و به آرامی ناپدید شدن خورشید پشت خانه همسایه آن طرف خیابان را تماشا می‌کند. کدام گزینه این مشاهدات را توضیح می‌دهد؟,"['نور خورشید توسط ابرها منعکس می\u200cشود.', 'نور خورشید توسط جو زمین شکست می\u200cیابد.', 'خورشید هر روز از غرب به شرق حرکت می\u200cکند.', 'خورشید به نظر می\u200cرسد که به دلیل چرخش زمین در حال حرکت است.']",D,چرخش زمین باعث می‌شود خورشید در افق به نظر در حال حرکت و ناپدید شدن باشد.,D,0.9096762537956238,D,0.9714046716690063,True,True,True,True,[0.06589673 0.01297583 0.01145113 0.90967625],[1.5762748e-02 5.5649300e-04 1.2276039e-02 9.7140467e-01]
18,یک تبلیغ خمیردندان بیان می‌کند که یک برند از خمیردندان‌ها، غلظت بیشتری از فلوراید نسبت به هر خمیردندان دیگری که در دسترس است، دارد. این تبلیغ احتمالاً به این نکته اشاره دارد که خمیردندان تبلیغ‌شده,"['طعم خوشایندی دارد.', 'توسط دندانپزشکان توصیه می\u200cشود.', 'به بهداشت دهان و دندان کمک می\u200cکند.', 'گران\u200cترین برند فروخته\u200cشده است.']",C,فلوراید ماده‌ای است که از پوسیدگی دندان جلوگیری می‌کند و سلامت دهان را بهبود می‌بخشد، بنابراین تبلیغ بر این مزیت اشاره دارد.,C,0.963753879070282,C,0.9732636213302612,True,True,True,True,[0.02266532 0.01213187 0.9637539  0.00144895],[1.7825946e-02 8.4203798e-03 9.7326362e-01 4.9012492e-04]
19,سلول‌ها چه چیزی را تجزیه می‌کنند تا انرژی تولید کنند؟,"['غذا', 'آب', 'کلروفیل', 'دی\u200cاکسید کربن']",A,سلول‌ها مواد [MASK]یی را تجزیه می‌کنند تا انرژی آزاد شود، نه [MASK] یا مواد دیگر که نقش متفاوتی دارند.,A,0.994198203086853,A,0.989997148513794,True,True,True,False,[0.9941982  0.00189504 0.0011494  0.00275727],[0.98999715 0.00404589 0.00191114 0.00404589]
20,لورا ۵۰ میلی‌لیتر آب جوش را به ۱۰۰ میلی‌لیتر آب یخ اضافه می‌کند. اگر این ۱۵۰ میلی‌لیتر آب سپس در فریزر قرار گیرد، در چه دمايي آب یخ می‌زند؟,"['۰ درجه سانتی\u200cگراد', '۱۵ درجه سانتی\u200cگراد', '۳۷ درجه سانتی\u200cگراد', '۵۰ درجه سانتی\u200cگراد']",A,نقطه انجماد آب همیشه صفر درجه است، صرف نظر از ترکیب یا حجم آن.,A,0.9709250330924988,A,0.998090922832489,True,True,True,True,[0.97092503 0.01382248 0.0044875  0.01076496],[9.9809092e-01 8.6170429e-04 5.5635814e-04 4.9098430e-04]
21,پیامی از مغز به عضله در بازو توسط کدام ساختارها منتقل می‌شود؟,"['عصب\u200cهای حسی', 'عصب\u200cهای بینابینی', 'عصب\u200cهای حرکتی', 'عصب\u200cهای مکانورسپتوری']",C,پیام‌های مغز برای حرکت، توسط نورون‌هایی که مستقیماً به عضلات می‌روند، منتقل می‌شوند.,C,0.9269867539405823,C,0.9874580502510071,True,True,True,True,[0.040412   0.02777473 0.92698675 0.00482653],[9.6806977e-03 2.1600558e-03 9.8745805e-01 7.0126739e-04]
22,ترکیب خاک بر توانایی خاک در حفظ و انتقال آب و هوا تأثیر می‌گذارد. کدام نوع خاک برای کاشت یک باغ مولد بهترین است؟,"['خاک\u200cهای شنی زیرا محتوای سیلیس بالایی دارند.', 'خاک\u200cهای لومی زیرا شامل شن و رس هستند.', 'خاک\u200cهای کمی سنگی زیرا معدنیات مورد نیاز را تأمین می\u200cکنند.', 'خاک\u200cهای رسی زیرا خاک\u200cهای سنگینی هستند و آب را حفظ می\u200cکنند.']",B,ترکیب متعادل ذرات، زهکشی و نگهداری رطوبت مناسب را برای رشد گیاهان فراهم می‌کند.,A,0.3312472105026245,D,0.4771655201911926,False,False,False,False,[0.3312472  0.3312472  0.04518104 0.29232463],[0.12159258 0.3745315  0.02671034 0.47716552]
23,زمین در یک روز چند بار حول محور خود می‌چرخد؟,"['یک بار', 'دو بار', '۲۴ بار', '۳۶۵ بار']",A,زمین در هر ۲۴ ساعت یک دور کامل به دور محورش می‌چرخد که برابر با یک روز است.,B,0.5344530344009399,A,0.9991891980171204,False,True,True,True,[0.41623244 0.53445303 0.02619632 0.02311817],[9.9918920e-01 2.7464534e-04 5.4080880e-05 4.8201764e-04]
24,دو دانش‌آموز از آن‌ها خواسته می‌شود که نموداری را در مورد طیف الکترومغناطیسی تهیه کنند. از چپ به راست، نمودار یکی از دانش‌آموزان طیف را از پرتوهای گامای تا امواج رادیویی نشان می‌دهد، در حالی که نمودار دانش‌آموز دیگر عکس آن را نشان می‌دهد. اگر معلم بگوید که هر دو نمودار صحیح هستند، آنگاه,"['اهمیتی ندارد که دانش\u200cآموزان نمودارهای خود را چگونه برچسب\u200cگذاری کنند.', 'راه\u200cهای متعددی برای سازماندهی اطلاعات وجود دارد.', 'امواج دارای خواص یکسانی هستند.', 'دانش\u200cآموزان تشویق می\u200cشوند که کار خود را انجام دهند.']",B,هر دو جهت نمایش طیف صحیح است، زیرا روش‌های گوناگونی برای سازمان‌دهی اطلاعات علمی وجود دارد.,B,0.8339493274688721,B,0.979560136795044,True,True,True,True,[1.6389394e-01 8.3394933e-01 9.3524628e-05 2.0631202e-03],[2.0250862e-02 9.7956014e-01 2.9509218e-05 1.5952533e-04]
25,زغال‌سنگ سنگی جامد است که از مواد ارگانیک در یک دلتای آب‌گرفته تشکیل شده است. تشکیل زغال‌سنگ نشان می‌دهد که,"['زغال\u200cسنگ عمدتاً از بقایای اسکلتی حیوانات تشکیل شده است.', 'زغال\u200cسنگ از ماگما که در طول زمان جامد شده است تشکیل می\u200cشود.', 'بلافاصله وقتی آب حذف می\u200cشود، به حالت فسیل در می\u200cآید.', 'فرایندهای زمین\u200cشناسی سال\u200cها ادامه دارد.']",D,تشکیل زغال‌سنگ فرآیندی طولانی است که طی میلیون‌ها سال با فشرده شدن مواد ارگانیک رخ می‌دهد.,A,0.9591619372367859,A,0.9885005950927734,False,False,False,False,[0.95916194 0.01353552 0.00161659 0.02568591],[0.9885006  0.00588933 0.00102341 0.00458662]
26,ستاره‌ها معمولاً بر اساس درخشندگی ظاهری‌شان در آسمان شب طبقه‌بندی می‌شوند. ستاره‌ها همچنین می‌توانند به طرق دیگر نیز طبقه‌بندی شوند. کدام‌یک از این روش‌ها برای طبقه‌بندی ستاره‌ها کمترین کاربرد را دارد؟,"['رنگ قابل مشاهده', 'ترکیب', 'بافت سطحی', 'دما']",C,ستاره‌ها از پلاسما تشکیل شده‌اند و سطح جامد ندارند، بنابراین ویژگی‌های فیزیکی سطحی برای طبقه‌بندی آن‌ها کاربردی نیست.,A,0.43724772334098816,C,0.9212095737457275,False,True,True,True,[0.43724772 0.34186167 0.05940665 0.161484  ],[0.0354412 0.0354412 0.9212096 0.007908 ]
27,مایکل آموخته است که حرکت زمین در منظومه شمسی باعث تغییراتی می‌شود که می‌توان آن‌ها را روی این سیاره مشاهده کرد. کدام تغییر در زمینی که زمانی برای چرخش یک بار بر روی محور خود نیاز دارد، قابل مشاهده است؟,"['تبدیل روز به شب', 'تغییر زمستان به بهار', 'تغییر ژانویه به فوریه', 'تبدیل ماه نو به ماه کامل']",A,چرخش زمین به دور محور خود در ۲۴ ساعت باعث می‌شود بخش‌های مختلف آن به سمت خورشید قرار گیرند و چرخه روز و شب ایجاد شود.,A,0.801138162612915,A,0.804142951965332,True,True,True,True,[0.80113816 0.12214074 0.0576952  0.01902586],[0.80414295 0.18083581 0.01020206 0.00481911]
28,کدام یک از موارد زیر مشاهدهای است درباره ملخها که یک کلاس علوم می‌توانست در پیاده‌روی طبیعت خود انجام دهد؟,"['ملخها در یک ظرف پر از گیاهان بیشترین عمر را خواهند کرد.', 'ملخها سبز رنگ هستند و پاهای پشتی بلندی و شاخکهایی دارند.', 'ملخها احتمالاً علف بیشتری به نسبت برگ درختان خواهند خورد.', 'همه ملخها از تخمهایی که سال قبل گذاشته شده بودند، بیرون آمده\u200cاند.']",B,این ویژگی‌ها را می‌توان مستقیماً در طبیعت با مشاهده ظاهری تأیید کرد، برخلاف موارد دیگر که نیاز به آزمایش یا اطلاعات اضافی دارند.,B,0.5573395490646362,B,0.9091893434524536,True,True,True,True,[0.23233369 0.55733955 0.1823608  0.02796593],[0.08390967 0.90918934 0.00536417 0.00153686]
29,چه ویژگی ای از DNA باعث تمایز سلولی در جنین های در حال توسعه می شود؟,"['کدام ژن ها وجود دارند', 'چندین نسخه از هر ژن وجود دارد', 'کدام ژن ها فعال هستند', 'چه پروتئینی توسط یک ژن تولید می شود']",C,تمایز سلولی به دلیل فعال بودن ژن‌های خاص در هر نوع سلول رخ می‌دهد، نه تفاوت در خود DNA.,C,0.8969911932945251,C,0.9881459474563599,True,True,True,True,[0.05723084 0.04457142 0.8969912  0.00120649],[7.4858749e-03 4.0068999e-03 9.8814595e-01 3.6123302e-04]
30,حرارت، نور و صدا همگی اشکال مختلف ___ هستند.,"['سوخت', 'انرژی', 'ماده', 'الکتریسیته']",B,این پدیده‌ها قابلیت انجام کار دارند و در انواع مختلف ظاهر می‌شوند.,B,0.9977158308029175,B,0.9959337115287781,True,True,True,False,[1.5000050e-03 9.9771583e-01 4.1653638e-04 3.6759206e-04],[3.194700e-03 9.959337e-01 3.815525e-04 4.899231e-04]
31,کدام یک از ویژگی‌های زیر توسط عناصر خانواده کربن به اشتراک گذاشته می‌شود؟,"['عدد اتمی ۶', 'جرم اتمی ۱۲', 'ساختار الکترونی یکسان', 'تعداد الکترون\u200cهای والانس']",D,تمام اعضای این گروه شیمیایی دارای چهار الکترون در لایه ظرفیت هستند.,C,0.6934155225753784,C,0.9185718894004822,False,False,False,False,[0.15532748 0.04450206 0.6934155  0.10675491],[0.00425383 0.00177326 0.9185719  0.07540097]
32,کدام یک از این فعالیت‌های انسانی به انقراض گونه‌ها کمک نمی‌کند؟,"['شکار', 'تخریب زیستگاه', 'اکولوژی بازسازی', 'گونه\u200cهای غیربومی معرفی شده']",C,این فرآیند اکوسیستم‌های آسیب‌دیده را ترمیم می‌کند و به حفظ تنوع زیستی کمک می‌نماید، نه کاهش آن.,B,0.31395941972732544,B,0.9785812497138977,False,False,False,False,[0.13190424 0.31395942 0.2770682  0.2770682 ],[0.00586449 0.97858125 0.00313904 0.01241514]
33,عدم تحمل لاکتوز وضعیتی در سیستم گوارش است که در آن شخص قادر به هضم لاکتوز، شکر موجود در شیر، نیست. فردی که به عدم تحمل لاکتوز مبتلا است، آنزیم لاکتاز کافی تولید نمی‌کند که برای شکستن لاکتوز لازم است. اگر تعداد بزرگسالان مبتلا به عدم تحمل لاکتوز بیشتر از کودکان باشد، این امر به چه معناست؟,"['تولید لاکتاز با گذشت زمان کاهش می\u200cیابد.', 'هضم غذا لاکتاز را تجزیه می\u200cکند.', 'عدم تحمل لاکتوز یک واکنش آلرژیک است.', 'عدم تحمل لاکتوز مسری است.']",A,با افزایش سن، تولید آنزیم مورد نیاز برای تجزیه قند شیر کاهش می‌یابد، در نتیجه این وضعیت در بزرگسالان شایع‌تر است.,A,0.9842245578765869,A,0.9997392296791077,True,True,True,True,[0.98422456 0.00758839 0.00460259 0.0035845 ],[9.9973923e-01 2.2080523e-04 1.8124798e-05 2.1862679e-05]
34,چهار ماده در ظرف‌های کوچک قرار می‌گیرند. این مواد سپس از ظرف‌های کوچک به ظرف‌های بزرگ‌تر منتقل می‌شوند. کدام ماده به‌طور کامل ظرف بزرگ‌تر را پر خواهد کرد؟,"['هوا', 'یخ', 'شن', 'آب']",A,گازها به طور طبیعی هر فضای خالی را به طور کامل پر می‌کنند.,D,0.531457245349884,A,0.9906602501869202,False,True,True,True,[0.04943323 0.41389933 0.00521022 0.53145725],[9.9066025e-01 4.5876671e-03 7.0354150e-04 4.0486022e-03]
35,کدام یک از اجسام آسمانی زیر بیشترین چگالی را دارد؟,"['یک سیاره', 'یک شهاب\u200cواره', 'یک سحابی', 'یک ستاره نوترونی']",D,باقیمانده‌های فوق‌فشرده ستاره‌های سنگین، ماده را تا حد باورنکردنی متراکم می‌کنند.,D,0.889293909072876,D,0.8808490037918091,True,True,True,False,[0.04997493 0.05662902 0.00410219 0.8892939 ],[0.01856933 0.0928408  0.00774085 0.880849  ]
36,جنگل‌های بارانی گونه‌های درختی بیشتری نسبت به هر بیوم دیگری دارند. با این حال، دانشمندان متوجه شده‌اند که خاک سطح جنگل نسبتاً فقیر از مواد مغذی است. چه چیزی احتمالاً می‌تواند دلیل این مسئله باشد؟,"['عدم فرسایش دسترسی به مواد معدنی را کاهش می\u200cدهد.', 'مواد مغذی به\u200cوسیله\u200cی حیات گیاهی مصرف می\u200cشوند.', 'سطح جنگل به اندازه کافی نور خورشید دریافت نمی\u200cکند.', 'حیوانات مواد مغذی را می\u200cخورند.']",B,مواد مغذی به سرعت توسط گیاهان جذب می‌شوند و فرصت انباشت در خاک را ندارند، بنابراین خاک فقیر می‌ماند.,B,0.9262003898620605,B,0.9828434586524963,True,True,True,True,[0.06683215 0.9262004  0.00491754 0.00204994],[1.6010782e-02 9.8284346e-01 1.0235350e-03 1.2224383e-04]
37,کدام یک از این ویژگی‌ها در انسان‌ها ارثی نیست؟,"['قد', 'رنگ مو', 'رنگ پوست', 'هوش']",D,[MASK] تحت تأثیر محیط و تجربه است و تنها از طریق ژنتیک منتقل نمی‌شود، برخلاف سایر ویژگی‌های فیزیکی.,A,0.5928718447685242,B,0.4450342059135437,False,False,False,False,[0.59287184 0.11765902 0.07136381 0.21810538],[0.09930056 0.4450342  0.01063102 0.4450342 ]
38,لکه‌های آب روی پیاده‌رو به سرعت در حال تبخیر هستند. علت عمده تبخیر این لکه‌ها چیست؟,"['حرارت', 'ابرها', 'هوا', 'آب']",A,گرما عامل اصلی تسریع تبدیل مایع به گاز است که از محیط و خورشید تأمین می‌شود.,A,0.9826138615608215,A,0.9993842840194702,True,True,True,True,[0.98261386 0.00976582 0.00169704 0.00592327],[9.9938428e-01 5.0921144e-04 4.1798623e-05 6.4738975e-05]
39,یک مهندس زمان لازم برای حرکت صدا از طریق نمونه‌های مختلف مواد را اندازه‌گیری کرد. تمام نمونه‌ها از نظر شکل و اندازه یکسان بودند. اندازه‌گیری‌ها با استفاده از امواج اولتراسونیک با فرکانس ۵ مگاهرتز انجام شد. مهندس احتمالاً سعی در پاسخ به کدام سؤال داشت؟,"['در کدام ماده صدا سریع\u200cتر حرکت می\u200cکند؟', 'در کدام ماده صدا دورتر می\u200cرود؟', 'آیا فرکانس بر مسافت حرکت صدا تأثیر می\u200cگذارد؟', 'آیا شکل محیط بر سرعت صدا تأثیر می\u200cگذارد؟']",A,با اندازه‌گیری زمان عبور صدا در مواد مختلف با شکل یکسان، هدف مقایسه سرعت صوت در آن‌هاست.,A,0.8877829909324646,A,0.9904156923294067,True,True,True,True,[0.887783   0.01266354 0.00598183 0.09357163],[0.9904157  0.00132955 0.0036141  0.0046406 ]
40,کدامیک از موارد زیر شامل واحدهای متریک اندازه‌گیری نیست؟,"['گ، کیلوگرم، سانتی\u200cگرم', 'دسی\u200cلیتر، لیتر، میلی\u200cلیتر', 'پا، یارد، مایل', 'نیوتن، ژول، وات']",C,این واحدها به سیستم اندازه‌گیری غیرمتریک تعلق دارند و استاندارد بین‌المللی نیستند.,A,0.37268131971359253,A,0.3262317478656769,False,False,False,False,[0.37268132 0.19792955 0.05670777 0.37268132],[0.32623175 0.25406954 0.09346696 0.32623175]
41,چرخه زندگی شب پره چگونه با حشرات دیگر که دگرگونی ناقص را طی می‌کنند، متفاوت است؟,"['یک پیله ایجاد می\u200cکند.', 'به یک بزرگسال تبدیل می\u200cشود.', 'تخم می\u200cگذارد.', 'برگ\u200cها می\u200cخورد.']",A,شب‌پره مرحله شفیره دارد و پیله می‌سازد، در حالی که حشرات با دگرگونی ناقص این مرحله را ندارند.,B,0.4627525508403778,A,0.7904739379882812,False,True,True,True,[0.28067362 0.46275255 0.21858883 0.03798504],[0.79047394 0.1362948  0.06438111 0.00885024]
42,مکیدگی زیستی آلودگی‌ها در کجا بیشترین احتمال وجود را دارد؟,"['در یک دلتای رودخانه', 'در یک اقیانوس آزاد', 'در یک ناحیه جزر و مدی', 'در یک چشمه حرارتی زیرآبی']",A,به دلیل تراکم بالای موجودات فیلترکننده و تماس مستقیم با آلاینده‌ها، تجمع آلودگی در این نواحی بیشتر است.,A,0.44640272855758667,C,0.5317872166633606,True,False,False,False,[0.44640273 0.14606242 0.39394903 0.01358592],[0.32254526 0.13445686 0.5317872  0.0112107 ]
43,نیروی جاذبه‌ای که توسط یک جسم وارد می‌شود به چه چیزی بستگی دارد؟,"['حجم.', 'وزن.', 'جرم.', 'اندازه.']",C,نیروی گرانش مستقیماً به جرم اجسام وابسته است و با فاصله رابطه معکوس دارد.,B,0.49250707030296326,C,0.8828496932983398,False,True,True,True,[0.00702524 0.49250707 0.49250707 0.00796064],[0.02076264 0.08211782 0.8828497  0.01426994]
44,درختان احتمالاً چگونه محیطی را که در آن قرار دارند تغییر می‌دهند؟,"['آزاد کردن نیتروژن در خاک.', 'رقابت با گونه\u200cهای غیر بومی.', 'افزودن دی\u200cاکسید کربن به جو.', 'برداشت آب از خاک و بازگرداندن آن به جو.']",D,درختان با جذب آب از خاک و تبخیر آن به جو، رطوبت و دمای محیط را تغییر داده و بر آب‌وهوا تأثیر می‌گذارند.,A,0.6605489253997803,C,0.8132038116455078,False,False,False,False,[0.6605489  0.04222748 0.05422116 0.24300237],[0.0406455  0.004284   0.8132038  0.14186673]
45,مدت زمان لازم برای چرخش زمین حول محور خود به میزان هفت بار چقدر است؟,"['یک روز', 'یک هفته', 'یک ماه', 'یک سال']",B,چرخش کامل زمین هر ۲۴ ساعت اتفاق می‌افتد، بنابراین هفت چرخش هفت روز طول می‌کشد.,A,0.645486056804657,A,0.5200015902519226,False,False,False,False,[0.64548606 0.04158818 0.00562835 0.3072974 ],[0.5200016  0.4588998  0.00061845 0.02048017]
46,کدام سیاره دارای طولانی‌ترین سال سیاره‌ای است؟,"['زمین', 'زهره', 'مشتری', 'نپتون']",D,دورترین سیاره از خورشید دارای بزرگ‌ترین مدار است، بنابراین زمان گردش آن به دور خورشید طولانی‌ترین است.,A,0.38318783044815063,D,0.8869875073432922,False,True,True,True,[0.38318783 0.09764493 0.1810051  0.33816206],[0.02988049 0.03897151 0.04416051 0.8869875 ]
47,کدام یک از منابع غیرقابل تجدید است؟,"['الف) نفت', 'ب) درختان', 'ج) انرژی خورشیدی', 'د) محصولات غذایی']",A,نفت در زمان طولانی تشکیل می‌شود و قابل جایگزینی سریع نیست، برخلاف منابع طبیعی دیگر.,A,0.6418253779411316,A,0.9850584268569946,True,True,True,True,[0.6418254  0.0280899  0.30199486 0.0280899 ],[0.9850584  0.00663727 0.00516911 0.00313523]
48,اگر ماه نو در ۲ ژوئن رخ دهد، ماه نو بعدی چه زمانی رخ خواهد داد؟,"['۳۰ ژوئن', '۲۸ ژوئن', '۲۳ ژوئن', '۱۵ ژوئن']",A,چرخه قمری حدود ۲۹.۵ روز است، بنابراین ماه نو بعدی پس از این مدت رخ می‌دهد و تاریخ ارائه شده نزدیک به این بازه است.,C,0.6213812232017517,A,0.820807695388794,False,True,True,True,[0.2935197  0.02730159 0.6213812  0.05779746],[0.8208077  0.08719102 0.05992546 0.03207579]
49,در موجودات زنده، مواد کوچکتر به هم متصل می‌شوند تا مواد بزرگتر را تشکیل دهند. کدام یک از موارد زیر به طور صحیح یک ماده بزرگتر را که با پیوند مواد کوچکتر تشکیل شده است، توصیف می‌کند؟,"['نوکلئوتیدها به هم متصل می\u200cشوند تا دی\u200cان\u200cای را تشکیل دهند.', 'اسیدهای آمینه به هم متصل می\u200cشوند تا دی\u200cان\u200cای را تشکیل دهند.', 'پروتئین\u200cها به هم متصل می\u200cشوند تا نوکلئوتیدها را تشکیل دهند.', 'اسیدهای نوکلئیک به هم متصل می\u200cشوند تا پروتئین\u200cها را تشکیل دهند.']",A,نوکلئوتیدها با پیوند به هم، دی‌ان‌ای را می‌سازند که با واقعیت بیوشیمیایی مطابقت دارد.,C,0.9044555425643921,A,0.959701418876648,False,True,True,True,[0.07380848 0.01476263 0.90445554 0.00697337],[0.9597014  0.00146414 0.03717534 0.00165909]
50,دانشمندانی که با نتایج یک آزمایش مخالف هستند باید,"['آزمایش را تغییر دهند.', 'نظرات خود را نزد خود نگه دارند.', 'ببینند سایر دانشمندان در مورد نتایج چه فکر می\u200cکنند.', 'آزمایش را چندین بار تکرار کنند و نتایج را مقایسه کنند.']",D,برای تأیید نتایج، تکرار آزمایش و مقایسه داده‌ها ضروری است تا صحت آنها بررسی شود.,B,0.38027387857437134,D,0.8921471238136292,False,True,True,True,[0.23064777 0.38027388 0.38027388 0.00880453],[0.04993981 0.0235899  0.0343231  0.8921471 ]
51,مالیدن کاغذ سنباده به یک تکه چوب چه دو نوع انرژی تولید می‌کند؟,"['حرارت و نور', 'صدا و حرارت', 'نور و برق', 'برق و صدا']",B,اصطکاک باعث تولید گرما و ارتعاشات منجر به ایجاد صدا می‌شود.,A,0.32545506954193115,B,0.8936710953712463,False,True,True,True,[0.32545507 0.2236818  0.19739848 0.25346467],[1.1096902e-02 8.9367110e-01 8.5570116e-04 9.4376385e-02]
52,یک دانش‌آموز به‌طور تصادفی یک لوله آزمایش را می‌اندازد که هنگام برخورد با زمین می‌شکند. بهترین روش برای جمع‌آوری شیشه‌های شکسته چیست؟,"['قطعات را با یک حوله کاغذی بردارید', 'از کیت نشت مواد شیمیایی استفاده کنید', 'از خاک\u200cانداز و جارو استفاده کنید', 'قطعات را با دست بردارید']",C,بهترین روش ایمن برای جلوگیری از تماس با لبه‌های تیز و جمع‌آوری کامل قطعات ریز است.,A,0.8815885782241821,C,0.5708593130111694,False,True,True,True,[0.8815886  0.0440635  0.0440635  0.03028437],[0.3954227  0.02196237 0.5708593  0.01175561]
53,یک دانشمند چندین گیاه مختلف را در یک ظرف مهر و موم شده قرار داد. او هر ساعت وضعیت اکسیژن در ظرف را بررسی کرد تا ببیند آیا تغییری کرده است. اکسیژن در ظرف چگونه احتمالاً تغییر کرده است؟,"['مقدار اکسیژن افزایش یافته است.', 'مقدار اکسیژن کاهش یافته است.', 'اکسیژن به آب تبدیل شده است.', 'اکسیژن به دی\u200cاکسید کربن تبدیل شده است.']",A,گیاهان در ظرف بسته با تنفس، اکسیژن را مصرف کرده و کاهش می‌دهند.,B,0.8240015506744385,B,0.990475594997406,False,False,False,False,[0.12587208 0.82400155 0.04086468 0.00926173],[8.5026063e-03 9.9047559e-01 5.2683003e-04 4.9491104e-04]
54,بر اساس موقعیت‌هایشان در جدول تناوبی، کدام عنصر خواص شیمیایی مشابه‌تری با کلسیم (Ca) دارد؟,"['بریلیوم، Be', 'پتاسیم، K', 'تیوان، Ti', 'یتیریوم، Y']",A,عناصر در یک گروه جدول تناوبی خواص مشابه دارند و این عنصر نزدیک‌ترین به کلسیم در گروه‌های مجاور است.,A,0.907688558101654,B,0.8439499139785767,True,False,False,False,[0.90768856 0.05768758 0.00374592 0.03087794],[0.1466565  0.8439499  0.00209194 0.0073016 ]
55,کدام نتیجه بهتر توسط حلقه رشد درخت که بسیار باریک‌تر از سایر حلقه‌های رشد است، حمایت می‌شود؟,"['محصولات در آن سال به خوبی رشد کردند.', 'یک سال به طور غیرمعمولی خشک بود.', 'درخت در زمان بسیار گذشته\u200cای کاشته شده است.', 'این منطقه قبلاً درختان بیشتری داشته است.']",B,حلقه‌های باریک نشان‌دهنده شرایط نامساعد مانند خشکسالی است.,A,0.6207834482192993,B,0.8573700189590454,False,True,True,True,[0.62078345 0.29323733 0.03502221 0.05095701],[0.11512944 0.85737    0.01375025 0.01375025]
56,کدام گزاره یک مشاهده است؟,"['گیاه دارای گل است.', 'گیاه بسیار زیبا است.', 'گیاه توت خواهد رویید.', 'گیاه ممکن است سمی باشد.']",A,این گزاره واقعیتی عینی است که مستقیماً با حواس قابل تأیید است، برخلاف قضاوت ذهنی یا پیش‌بینی.,A,0.5532095432281494,A,0.7580997347831726,True,True,True,True,[0.55320954 0.03120995 0.380215   0.0353655 ],[0.75809973 0.0178288  0.16915493 0.05491656]
57,یک دانشمند در تلاش برای مدلسازی علت سال‌های سیاره‌ای از چه چیزی استفاده می‌کند؟,"['جرم سیاره', 'رنگ سیاره', 'دما درون هسته یک سیاره', 'فاصله یک سیاره از خورشید']",D,طول سال سیاره با فاصله آن از خورشید مرتبط است، طبق قانون کپلر که دوره مداری را تعیین می‌کند.,A,0.6405825614929199,A,0.5621457099914551,False,False,False,False,[0.64058256 0.01518322 0.16070423 0.18352999],[5.6214571e-01 1.3879875e-03 3.7357176e-04 4.3609270e-01]
58,کدامیک از این موارد به احتمال زیاد کیفیت هوا را در شهرهای بزرگ تگزاس بهبود می‌بخشد؟,"['محدود کردن تعداد خودروها در جاده\u200cها', 'استفاده از بخاری\u200cهای چوبی برای گرمایش خانه', 'الزام خودروهای بزرگ به استفاده از سوخت دیزل', 'نگهداری فیلترها در ساختمان\u200cهای بزرگ']",A,کاهش آلودگی ناشی از وسایل نقلیه، که منبع اصلی آلودگی هوا در شهرهای بزرگ است، کیفیت هوا را بهبود می‌بخشد.,A,0.9872543215751648,A,0.9986322522163391,True,True,True,True,[9.8725432e-01 8.5581224e-03 6.1994826e-04 3.5675562e-03],[9.9863225e-01 9.1419887e-04 1.2765077e-04 3.2596765e-04]
59,کدام اصطلاح بهترین توصیف کننده چرخه زندگی حشره‌ای است که به مرحله بالغ می‌رسد بدون اینکه در مرحله پیوپای باشد؟,"['دگردیسی ناقص', 'دگردیسی کامل', 'تناوب نسل\u200cها', 'جهش خود به خودی']",A,حشرات در این نوع رشد، بدون مرحله شفیرگی، مستقیماً از نوزاد به بزرگ‌سال تبدیل می‌شوند.,A,0.5212407112121582,B,0.5892496109008789,True,False,False,False,[0.5212407  0.4599933  0.00308733 0.01567874],[0.40657002 0.5892496  0.00112427 0.00305607]
60,در کدام گروه طبقه‌بندی، جاندارانی یافت می‌شوند که ویژگی ذخیره ماده‌ ژنتیکی را در یک حلقه‌ واحد از DNA به اشتراک می‌گذارند؟,"['الف) باکتری\u200cها', 'ب) قارچ\u200cها', 'ج) گیاهان', 'د) جانوران']",A,باکتری‌ها پروکاریوت هستند و ماده ژنتیکی حلقوی دارند، برخلاف یوکاریوت‌ها که DNA خطی در هسته ذخیره می‌کنند.,A,0.618709921836853,A,0.99395751953125,True,True,True,True,[0.6187099  0.2008657  0.02398999 0.15643437],[9.9395752e-01 4.0939366e-03 1.0351093e-03 9.1348070e-04]
61,فرانکلین می‌خواهد بداند که چقدر سریع مسافت‌های مختلف را می‌دود. او از یک کرنومتر برای اندازه‌گیری زمان لازم برای اتمام یک مسابقه ۵۰ متری، ۱۰۰ متری و ۲۰۰ متری استفاده می‌کند. چگونه می‌تواند سرعت خود را برای هر مسابقه محاسبه کند؟,"['مسافت\u200cها و زمان\u200cها را جمع کند.', 'مسافت\u200cها را بر زمان\u200cها تقسیم کند.', 'مسافت\u200cها را در زمان\u200cها ضرب کند.', 'مسافت\u200cها را از زمان\u200cها کم کند.']",B,سرعت با تقسیم مسافت بر زمان به‌دست می‌آید، که این روش برای هر مسافت قابل اعمال است.,B,0.9879938364028931,B,0.9922378659248352,True,True,True,True,[1.1115847e-02 9.8799384e-01 1.7967094e-04 7.1061234e-04],[0.0055426  0.99223787 0.00116179 0.00105782]
62,برخی از حیوانات بسیار نادر هستند. به عنوان مثال، تعداد بسیار کمی از ببرهای سیبری وجود دارد. اگر تنها ببرهای سیبری باقی‌مانده مؤنث باشند، چه اتفاقی احتمالاً خواهد افتاد؟,"['الف) مؤنث\u200cها یک نوع حیوان نر دیگر را برای جفت\u200cگیری پیدا خواهند کرد و ببرهای سیبری بیشتری تولید خواهند کرد.', 'ب) مؤنث\u200cها با یکدیگر جفت\u200cگیری خواهند کرد و ببرهای سیبری بیشتری تولید خواهند کرد.', 'ج) مؤنث\u200cها تنها قادر به تولید ببرهای سیبری مؤنث خواهند بود.', 'د) مؤنث\u200cها قادر به تولید ببرهای سیبری بیشتری نخواهند بود و منقرض خواهند شد.']",D,بدون وجود نرها، تولیدمثل غیرممکن است و جمعیت به دلیل عدم تولد نوزادان جدید منقرض خواهد شد.,C,0.7512277960777283,C,0.5327006578445435,False,False,False,False,[0.11565541 0.01746136 0.7512278  0.11565541],[0.09256949 0.0086103  0.53270066 0.36611947]
63,کدام یک از موارد زیر نمونه‌ای از آب مایع است؟,"['زمستان', 'یخ', 'باران', 'بخار']",C,[MASK] از قطرات مایع تشکیل شده که در دمای محیط جاری می‌شود و شکل ظرف را می‌گیرد.,C,0.9177006483078003,C,0.9078208804130554,True,True,True,False,[0.07518248 0.00553197 0.91770065 0.00158493],[0.07393857 0.01455937 0.9078209  0.00368118]
64,باران اسیدی pH زیر ۵.۶ دارد. این باران می‌تواند به خاک، دریاچه‌ها، محصولات کشاورزی و ساختمان‌ها آسیب برساند. باران اسیدی به‌جز موارد زیر ناشی از چیست؟,"['انتشارات صنعتی از کارخانه\u200cها.', 'زغالی که برای تولید گرما و انرژی سوزانده می\u200cشود.', 'گازهای خروجی خودروها.', 'مراکز تولید برق هسته\u200cای که تابش تولید می\u200cکنند.']",D,باران اسیدی از گازهای اسیدی حاصل از سوخت و صنعت ایجاد می‌شود، نه از تابش مراکز هسته‌ای که آلاینده اسیدی تولید نمی‌کنند.,A,0.6134499311447144,B,0.4722948372364044,False,False,False,False,[0.61344993 0.3283561  0.03952412 0.01866987],[0.22484605 0.47229484 0.01415108 0.28870803]
65,در بیشتر ایام سال، هوای بوستون، ماساچوست، حاوی مقدار زیادی رطوبت است. کدامیک از موارد زیر بهترین توضیح را برای وجود مقدار زیاد رطوبت در هوا ارائه می‌دهد؟,"['A) بوستون نزدیک به یک اقیانوس است.', 'B) بوستون در ارتفاع پایینی قرار دارد.', 'C) بوستون در نزدیکی کوه\u200cهای زیادی قرار دارد.', 'D) بوستون در شمال استوا واقع شده است.']",A,نزدیکی به اقیانوس باعث تبخیر آب و افزایش رطوبت هوا می‌شود.,A,0.6586921811103821,A,0.9923891425132751,True,True,True,True,[0.6586922  0.31053704 0.00827553 0.02249523],[0.99238914 0.00464077 0.0010355  0.00193456]
66,یک ستاره‌شناس در حال بررسی دو ستاره است که هر دو در فاصله یکسانی از زمین قرار دارند. ستاره X روشن‌تر از ستاره Y به نظر می‌رسد. کدام جمله بهترین توضیح را برای این مشاهده ارائه می‌دهد؟,"['ستاره X بزرگتر از ستاره Y است.', 'ستاره Y بزرگتر از ستاره X است.', 'ستاره X نور خورشید را بهتر از ستاره Y بازتاب می\u200cکند.', 'ستاره Y نور خورشید را بهتر از ستاره X بازتاب می\u200cکند.']",A,با فاصله یکسان، روشنایی بیشتر نشان‌دهنده اندازه بزرگ‌تر و درخشندگی ذاتی بالاتر است.,A,0.43713998794555664,A,0.7246095538139343,True,True,True,True,[0.43714    0.01519366 0.43714    0.1105263 ],[0.72460955 0.00320194 0.26656896 0.00561959]
67,چه سازگاری در اکوسیستم‌های جزر و مدی ضروری است ولی در اکوسیستم‌های مرجانی مورد نیاز نیست؟,"['توانایی زندگی در آب\u200cنمک', 'توانایی استفاده از اکسیژن در تنفس', 'توانایی سازگاری با دوره\u200cهای خشک روزانه', 'توانایی ترکیب با محیط اطراف']",C,مناطق جزرومدی روزانه خشک می‌شوند، اما آبسنگ‌های مرجانی همیشه زیر آب هستند و خشکی ندارند.,C,0.4118437170982361,C,0.9804589748382568,True,True,True,True,[0.32074422 0.13370608 0.41184372 0.13370608],[1.7817985e-02 1.2907304e-03 9.8045897e-01 4.3234054e-04]
68,چرا مناطق وسط یک قاره بزرگ به طور کلی تفاوت‌های دمایی بیشتری نسبت به مناطق نزدیک به سواحل دارند؟,"['به طور کلی در نزدیکی اقیانوس\u200cها ابرهای بیشتری وجود دارد.', 'مناطق محصور در خشکی معمولاً در ارتفاع کمتری نسبت به مناطق ساحلی قرار دارند.', 'خطوط ساحلی معمولاً توسط کوه\u200cها احاطه شده\u200cاند که توده\u200cهای هوایی را مسدود می\u200cکنند.', 'اقیانوس\u200cها به آرامی دما را تغییر می\u200cدهند و دمای زمین\u200cهای نزدیک را تنظیم می\u200cکنند.']",D,آب دریا با ظرفیت گرمایی بالا دمای سواحل را تعدیل می‌کند، در حالی که مناطق داخلی فاقد این اثر و نوسانات دمایی بیشتری دارند.,B,0.9156438708305359,D,0.35898420214653015,False,True,True,True,[0.03999555 0.9156439  0.03529595 0.00906475],[0.13206291 0.1921504  0.31680244 0.3589842 ]
69,دو عنصر در یک گروه در جدول تناوبی عناصر از نظر  شباهت بیشتری در,"['جرم اتمی.', 'تعداد پروتون\u200cها.', 'اندازه اتمی.', 'واکنش\u200cپذیری شیمیایی.']",D,عناصر یک گروه الکترون‌های ظرفیت یکسان دارند که واکنش‌پذیری مشابهی ایجاد می‌کند.,B,0.5459582209587097,D,0.9522416591644287,False,True,True,True,[0.15703186 0.5459582  0.00363578 0.29337412],[0.03271145 0.01061985 0.00442701 0.95224166]
70,در چرخه کربن، کربن از یک منبع به منبع دیگر منتقل می‌شود در حالی که فرآیندهای مختلف آلی و غیرآلی در زمین رخ می‌دهد. تنها درصد کمی از کربن جهانی هر سال در این چرخه منتقل می‌شود. کربن باقی‌مانده در این منابع ذخیره می‌شود. کدام منبع حاوی بیشترین مقدار کربن ذخیره‌شده است؟,"['الف) توده زیستی گیاهان', 'ب) جو زمین', 'ج) سوخت\u200cهای فسیلی', 'د) اقیانوس عمیق']",D,اقیانوس‌ها با ذخیره‌سازی میلیاردها تن کربن در اعماق خود، بزرگترین مخزن این عنصر در زمین محسوب می‌شوند.,C,0.9191721081733704,D,0.855334997177124,False,True,True,True,[0.06658461 0.00419062 0.9191721  0.01005277],[0.04863317 0.00658178 0.08945008 0.855335  ]
71,فناوری جدید موتور به خودروها کمک کرده است تا در ازای هر گالن بنزین، کارآیی بیشتری داشته باشند. از آنجایی که بنزین از نفت به دست می‌آید، این فناوری تأثیراتی بر عرضه جهانی نفت خواهد داشت به چه صورت؟,"['افزایش نیاز به جستجوی نفت بیشتر.', 'کاهش زمانی که برای تجدید نفت لازم است.', 'کاهش مقدار نفتی که در زیر زمین وجود دارد.', 'افزایش مدت زمانی که نفت برای استفاده مردم در دسترس خواهد بود.']",D,افزایش بازدهی سوخت، مصرف نفت را کاهش داده و ذخایر آن را برای مدت طولانی‌تری حفظ می‌کند.,A,0.7529937028884888,B,0.9604157209396362,False,False,False,False,[0.7529937  0.13034055 0.00164075 0.11502513],[3.2799497e-02 9.6041572e-01 2.2448153e-04 6.5603112e-03]
72,ذرت به طور گسترده‌ای در ایالات متحده برای تولید اتانول جهت استفاده در سوخت خودروها به کار می‌رود. تولید بیش از حد ذرت چگونه می‌تواند به محیط زیست آسیب برساند؟,"['کاهش باروری خاک', 'کاهش حمل و نقل نفت', 'افزایش اثر گلخانه\u200cای', 'افزایش انتشار دی\u200cاکسید کربن']",A,کشت وسیع ذرت با کودهای نیتروژنی و فرآیند تولید اتانول با سوخت‌های فسیلی، انتشار گازهای گلخانه‌ای را افزایش می‌دهد.,C,0.9605666995048523,C,0.985776960849762,False,False,False,False,[0.01560211 0.00113021 0.9605667  0.02270094],[7.5485823e-03 7.9561479e-04 9.8577696e-01 5.8788420e-03]
73,یک شرکت در حال طراحی یک لپ‌تاپ جدید است. این کامپیوتر نباید از وزن خاصی فراتر برود. کدام یک از موارد زیر به احتمال زیاد دلیل وزن محدود برای کامپیوتر است؟,"['برای آسان\u200cتر کردن آزمایش پروتوتایپ', 'برای کاهش هزینه ساخت کامپیوتر', 'برای آسان\u200cتر کردن حمل و نقل کامپیوتر', 'برای کاهش هزینه ساخت پروتوتایپ']",C,وزن کمتر جابجایی را آسان‌تر می‌کند، زیرا لپ‌تاپ برای حمل طراحی شده است.,C,0.9870682954788208,C,0.9890172481536865,True,True,True,True,[1.1029778e-02 1.3173190e-03 9.8706830e-01 5.8455678e-04],[9.8486729e-03 1.0061053e-03 9.8901725e-01 1.2791193e-04]
74,قلب، رگ‌های خونی، کلیه‌ها و مثانه که به‌طور مشترک کار می‌کنند، بهتر است به چه صورت توصیف شوند؟,"['الف) یک سلول.', 'ب) یک بافت.', 'ج) یک موجود زنده.', 'د) یک سیستم.']",D,این اندام‌ها با همکاری برای عملکرد خاصی، یک مجموعه هماهنگ را تشکیل می‌دهند.,D,0.9035840630531311,D,0.9866835474967957,True,True,True,True,[2.1396024e-02 7.4679464e-02 3.4047282e-04 9.0358406e-01],[7.4166269e-03 5.7760752e-03 1.2368396e-04 9.8668355e-01]
75,کدام ویژگی یک ماده معدنی را می‌توان فقط با نگاه کردن به آن تعیین کرد؟,"['درخشش', 'جرم', 'وزن', 'سختی']",A,این ویژگی تنها با مشاهده بصری و بدون لمس یا ابزار قابل تشخیص است، برخلاف سایر خصوصیات که نیاز به اندازه‌گیری دارند.,A,0.8421715497970581,A,0.7068740129470825,True,True,True,False,[0.84217155 0.07787651 0.00207534 0.07787651],[0.706874   0.26106218 0.00088449 0.03117943]
76,سلول‌ها واحد بنیادی ساختار و عملکرد در تمامی موجودات زنده هستند. کدام یک از این موارد بزرگ‌ترین تفاوت را بین سلول‌های یک گوریل جوان و سلول‌های یک گوریل بزرگسال توصیف می‌کند؟,"['گوریل بزرگسال سلول\u200cهای بیشتری نسبت به گوریل جوان دارد.', 'گوریل جوان سلول\u200cهای ساده\u200cتری نسبت به بزرگسال دارد.', 'گوریل جوان سلول\u200cهای کوچک\u200cتری نسبت به بزرگسال دارد.', 'گوریل بزرگسال انواع مختلفی از سلول\u200cها را نسبت به گوریل جوان دارد.']",A,تعداد سلول‌ها در طول رشد افزایش می‌یابد، در حالی که اندازه و پیچیدگی سلول‌ها تفاوت چندانی ندارد.,B,0.34031471610069275,B,0.6694332361221313,False,False,False,False,[0.23389466 0.34031472 0.16075328 0.26503736],[0.14937074 0.66943324 0.09059794 0.09059794]
77,درختان غول‌پیکر سرخ‌چوب انرژی را از یک فرم به فرم دیگر تغییر می‌دهند. انرژی چگونه توسط این درختان تغییر می‌یابد؟,"['آنها انرژی شیمیایی را به انرژی حرکتی تبدیل می\u200cکنند.', 'آنها انرژی خورشیدی را به انرژی شیمیایی تبدیل می\u200cکنند.', 'آنها انرژی باد را به انرژی حرارتی تبدیل می\u200cکنند.', 'آنها انرژی مکانیکی را به انرژی خورشیدی تبدیل می\u200cکنند.']",B,آنها نور خورشید را جذب کرده و در مواد آلی به شکل شیمیایی ذخیره می‌کنند.,A,0.7891841530799866,B,0.9704247713088989,False,True,True,True,[0.78918415 0.19953701 0.00876704 0.0025118 ],[2.9247109e-02 9.7042477e-01 2.6518060e-04 6.2985913e-05]
78,بر اساس مقیاس pH، کدام pH قوی‌ترین اسید است؟,"['۳', '۶', '۹', '۱۲']",A,مقادیر کمتر pH نشان‌دهنده اسید قوی‌تر است و این مقدار از بقیه پایین‌تر است.,D,0.65094393491745,D,0.8146991729736328,False,False,False,False,[3.4842521e-01 3.2525722e-04 3.0555087e-04 6.5094393e-01],[1.8178396e-01 5.7857850e-04 2.9382640e-03 8.1469917e-01]
79,یک تی‌شرت قدیمی می‌تواند به تکه‌های کوچکتر پاره شده و به عنوان دستمال استفاده شود. یک قوطی شیر خالی می‌تواند برای آبیاری گیاهان خانگی استفاده شود. هر دو این‌ها نمونه‌هایی از چگونگی هستند که,"['صرفه\u200cجویی در آب منابع آینده را حفظ می\u200cکند', 'استفاده از مواد قدیمی می\u200cتواند هزینه\u200cبر باشد', 'گیاهان برای سالم ماندن به آب نیاز دارند', 'مواد روزمره می\u200cتوانند دوباره استفاده شوند']",D,هر دو نمونه نشان می‌دهند که چگونه می‌توان از اشیای معمولی دوباره استفاده کرد.,D,0.5600498914718628,D,0.9573594927787781,True,True,True,True,[4.3787441e-01 5.0870836e-04 1.5669321e-03 5.6004989e-01],[4.1899454e-02 5.0328323e-04 2.3773414e-04 9.5735949e-01]
80,یک مکعب یخ که در نور خورشید قرار می‌گیرد به سرعت ذوب می‌شود. کدام گزینه بهترین توضیح برای این رویداد است؟,"['الف) خورشید دور است.', 'ب) خورشید گرما تولید می\u200cکند.', 'ج) مکعب یخ یک جامد است.', 'د) مکعب یخ شفاف به نظر می\u200cرسد.']",B,ذوب یخ در آفتاب به دلیل انتقال انرژی گرمایی از خورشید و افزایش دما رخ می‌دهد.,B,0.38013720512390137,B,0.6165428757667542,True,True,True,True,[0.18097244 0.3801372  0.3801372  0.05875315],[0.2590291  0.6165429  0.07421308 0.05021508]
81,"یک خط موی ""نوحه‌خوان"" در انسان‌ها توسط آلیل غالب W کدگذاری می‌شود. یک خط موی صاف توسط آلیل مغلوب w کدگذاری می‌شود. مردی که دارای هوموزیگوت غالب WW است، با زنی که دارای هتروزیگوت غالب Ww برای این صفت است، زایگوتی تولید می‌کند. چه ترکیب‌های آلیلی می‌تواند در زایگوت رخ دهد؟","['WW یا ww', 'WW یا Ww', 'فقط WW', 'فقط Ww']",B,مرد فقط W و زن می‌تواند W یا w منتقل کند، پس زایگوت [MASK] خواهد بود.,B,0.964865505695343,B,0.8177704215049744,True,True,True,False,[3.3145104e-02 9.6486551e-01 1.1953991e-04 1.8699188e-03],[1.8104926e-01 8.1777042e-01 2.1532518e-04 9.6502062e-04]
82,کدام یک از این‌ها هرگز در سلول‌های پروکاریوتی پیدا نمی‌شود؟,"['غشای سلولی', 'ریبوزوم', 'دیواره سلولی', 'هسته']",D,پروکاریوت‌ها فاقد اندامک‌های غشادار مانند [MASK] هستند و DNA آن‌ها آزاد است.,A,0.8319233059883118,A,0.7949541807174683,False,False,False,False,[0.8319233  0.04684233 0.06815518 0.0530793 ],[0.7949542  0.06525381 0.09494374 0.04484824]
83,زمین‌لرزه‌ها به دانشمندان درباره تاریخ سیاره چه می‌گویند؟,"['الف) آب و هوای زمین دائماً در حال تغییر است.', 'ب) قاره\u200cهای زمین به طور مداوم در حال حرکت هستند.', 'ج) دایناسورها حدود ۶۵ میلیون سال پیش منقرض شدند.', 'د) اقیانوس\u200cها امروز بسیار عمیق\u200cتر از میلیون\u200cها سال پیش هستند.']",B,زمین‌لرزه‌ها حاصل حرکت صفحات زمین هستند که تغییرات پوسته را نشان می‌دهند.,B,0.9284343123435974,B,0.9773957133293152,True,True,True,True,[0.02179208 0.9284343  0.02798158 0.02179208],[0.01997071 0.9773957  0.0016393  0.00099428]
84,منبع انرژی برای چرخه آب زمین چیست؟,"['باد', 'تابش خورشید', 'تابش زمین', 'گرانش خورشید']",B,انرژی خورشید تبخیر آب را ایجاد می‌کند و چرخه را به حرکت درمی‌آورد.,B,0.868808925151825,B,0.9973610043525696,True,True,True,True,[0.10356197 0.8688089  0.01799637 0.00963276],[1.7057741e-03 9.9736100e-01 1.2748827e-04 8.0575066e-04]
85,ستاره‌ها در الگوهای خاصی به نام صورت‌های فلکی سازماندهی شده‌اند. یک صورت فلکی به نام لئو نامیده می‌شود. کدام جمله بهترین توضیح را برای دلیل تغییر موقعیت لئو در مناطق مختلف آسمان در طول سال ارائه می‌دهد؟,"['زمین به دور خورشید می\u200cچرخد.', 'خورشید به دور زمین می\u200cچرخد.', 'صورت\u200cهای فلکی به دور زمین می\u200cچرخند.', 'زمین به دور صورت\u200cهای فلکی می\u200cچرخد.']",A,چرخش زمین به دور خورشید باعث تغییر زاویه دید ناظر و جابجایی ظاهری صورت‌های فلکی در آسمان طی سال می‌شود.,B,0.643619954586029,A,0.9920296669006348,False,True,True,True,[0.16146621 0.64361995 0.14249344 0.0524204 ],[9.9202967e-01 7.5447108e-03 3.2129252e-04 1.0430841e-04]
86,زمانی که یک آینه در کنار یک تنگ ماهی که یک ماهی بتا درون آن شنا می‌کند قرار می‌گیرد، ماهی بتا چیزی را می‌بیند که به نظر می‌رسد یک ماهی دیگر است. این پدیده به دلیل چیست؟,"['جذب.', 'شکست نور.', 'بازتاب.', 'پراش.']",C,نور توسط سطح صاف منعکس شده و تصویر مجازی ایجاد می‌کند.,C,0.5449617505073547,B,0.9087762236595154,True,False,False,False,[0.0269209  0.42441663 0.54496175 0.00370072],[6.9930120e-03 9.0877622e-01 8.3871536e-02 3.5921342e-04]
87,کدام فرآیند زمین‌شناسی احتمالاً منجر به بالا آوردن کوه‌های راکی شده است؟,"['یخچال\u200cسازی', 'سیلاب', 'شکستگی', 'فرسایش']",C,تشکیل این کوه‌ها ناشی از فشارهای زمین‌ساختی و حرکت صفحات قاره‌ای است.,A,0.5390146970748901,D,0.5600824356079102,False,False,False,False,[0.5390147  0.02683596 0.01436425 0.41978508],[0.18183215 0.0246083  0.23347709 0.56008244]
88,پس از مشاهده چندین سگ در حال دویدن، دانش‌آموزان سوال زیر را مطرح می‌کنند: آیا سگ‌های با موی بلند سریع‌تر از سگ‌های با موی کوتاه می‌دوند؟ دانش‌آموزان می‌توانند به بهترین شکل به سوال خود پاسخ دهند؟,"['وزن و قد بسیاری از سگ\u200cها را ثبت کنند', 'سرعت\u200cها و طول موی بسیاری از سگ\u200cها را اندازه\u200cگیری کنند', 'تحقیقی انجام دهند تا نوع سگی که بلندترین موها را دارد پیدا کنند', 'یک سگ با موی بلند را در برابر یک سگ با موی کوتاه مسابقه دهند']",B,برای بررسی رابطه بین سرعت و طول مو، اندازه‌گیری این دو متغیر در نمونه‌های متعدد، داده‌های دقیق و قابل تحلیل ارائه می‌دهد.,D,0.8708203434944153,B,0.9227814078330994,False,True,True,True,[0.11739326 0.00963623 0.00215013 0.87082034],[5.8532365e-02 9.2278141e-01 8.3491940e-04 1.7851364e-02]
89,کدام عامل می‌تواند میزان دی‌اکسید گوگرد در هوا را افزایش دهد؟,"['استفاده بیش از حد از کودها در مزارع کشاورزی', 'عملکرد نیروگاه\u200cهای تولید برق با سوخت زغال\u200cسنگ', 'یک روز گرم تابستانی', 'باران بیش از حد']",B,سوختن زغال‌سنگ در نیروگاه‌ها گوگرد را به این گاز تبدیل کرده و مستقیماً در هوا منتشر می‌کند.,A,0.9820358157157898,B,0.9959469437599182,False,True,True,True,[0.9820358  0.01230179 0.00213773 0.00352452],[3.1947424e-03 9.9594694e-01 3.3672337e-04 5.2152737e-04]
90,کدام بیانیه اثر مضر clearing جنگل‌های بارانی برای زمین‌های کشاورزی را توصیف می‌کند؟,"['زمینی بیشتری برای کشاورزان محلی در دسترس می\u200cگذارد', 'زیستگاه ارزشمندی برای گونه\u200cهای محلی را حذف می\u200cکند', 'سطوح آب\u200cهای زیرزمینی محلی را افزایش می\u200cدهد', 'درآمدی برای ساکنان محلی تأمین می\u200cکند']",B,این عمل زیستگاه‌های طبیعی را نابود کرده و تنوع زیستی را کاهش می‌دهد که اثر منفی محسوب می‌شود.,B,0.9744763374328613,B,0.9966233968734741,True,True,True,True,[0.02008683 0.97447634 0.00271846 0.00271846],[2.8102661e-03 9.9662340e-01 2.3068070e-04 3.3563844e-04]
91,یک جوی آب در حال حرکت دارای دمای ۱۸ درجه سانتی‌گراد است. قوطی‌های نوشیدنی گازدار در دمای ۲۸ درجه سانتی‌گرادی به داخل جوی آب پایین می‌آیند. کدام یک از موارد زیر به احتمال زیاد اتفاق خواهد افتاد؟,"['قوطی\u200cهای نوشیدنی گازدار انرژی سرد را از آب جوی آب جذب خواهند کرد.', 'قوطی\u200cها خنک می\u200cشوند تا دمای آن\u200cها با دمای جوی آب یکسان شود.', 'دمای نوشیدنی\u200cهای گازدار تغییر نخواهد کرد زیرا قوطی\u200cها مهر و موم شده\u200cاند.', 'دمای قوطی\u200cها به صفر درجه می\u200cرسد به شرطی که جوی آب در حال حرکت باشد.']",B,گرما از جسم گرم‌تر به سردتر منتقل شده و دماها تا رسیدن به تعادل یکسان می‌شوند.,A,0.8557589650154114,B,0.6633971333503723,False,True,True,True,[0.85575897 0.04827861 0.00576606 0.09019633],[0.31336662 0.66339713 0.00569484 0.01754136]
92,در یک هرم غذایی، کدام یک بهترین توضیح را برای کاهش تعداد ارگانیسم‌ها از یک سطح تروفیک به سطح بعدی می‌دهد؟,"['مصرف\u200cکنندگان در سطح پایین به انرژی بیشتری نسبت به مصرف\u200cکنندگان در سطح بالا نیاز دارند.', 'مصرف\u200cکنندگان در سطح بالا به انرژی بیشتری نسبت به مصرف\u200cکنندگان در سطح پایین نیاز دارند.', 'مصرف\u200cکنندگان روی ارگانیسم\u200cهای بزرگتر که انرژی کمتری دارند تغذیه می\u200cکنند.', 'مصرف\u200cکنندگان روی ارگانیسم\u200cهای کوچکتر که انرژی کمتری دارند تغذیه می\u200cکنند.']",B,انرژی در هر سطح کاهش می‌یابد و بخشی تلف می‌شود، بنابراین برای حفظ جمعیت بزرگ‌تر در سطوح پایین، انرژی بیشتری لازم است.,A,0.546420693397522,C,0.5491529107093811,False,False,False,False,[0.5464207  0.02720468 0.3314209  0.09495368],[0.37742692 0.00783325 0.5491529  0.06558696]
93,سوال: دانش‌آموزانی که در حال مطالعه غشاها بودند، آزمایشی را با استفاده از لیوان‌های کاغذی حاوی غلظت‌های مختلف رنگ خوراکی قرمز انجام دادند. پس از آزمایش، لیوان‌ها خالی و لکه‌دار شدند. باید با لیوان‌های استفاده شده چه کرد؟,"['لیوان\u200cها را دوباره استفاده کنید', 'لیوان\u200cها را دور بریزید', 'لیوان\u200cها را بازیافت کنید', 'لیوان\u200cها را دوباره برچسب\u200cگذاری کنید']",C,به دلیل آلودگی و عدم امکان استفاده مجدد، باید دور انداخته شوند.,C,0.6498876214027405,B,0.8688039779663086,True,False,False,False,[0.2390803  0.10044517 0.6498876  0.01058684],[0.03832199 0.868804   0.09192967 0.0009445 ]
94,سؤال: بسیاری از ابزارهای دستی رایج با استفاده از اصول پایه‌ای که در ماشین‌های ساده یافت می‌شود، یک مزیت مکانیکی ایجاد می‌کنند. به عنوان مثال، یک پیچ‌گوشتی از اصول چرخ و محور استفاده می‌کند. برای افزایش نیروی چنگ زنی، انبر از اصلی که در آن نشان داده شده است استفاده می‌کند.,"['الف) قرقره.', 'ب) اهرم.', 'ج) تَجَند.', 'د) پیچ.']",B,انبر با اعمال نیرو در یک نقطه و افزایش آن در نقطه دیگر، بر اساس اصل اهرم عمل می‌کند.,B,0.956599771976471,B,0.9763612747192383,True,True,True,True,[0.02267352 0.9565998  0.00306853 0.01765815],[0.0156586  0.9763613  0.00289655 0.0050836 ]
95,تنفس سلولی منجر به تولید مولکول‌های آدنوزین تری‌فسفات (ATP) برای تأمین انرژی می‌شود. کارآمدترین فرم تنفس سلولی منجر به تولید ATP به همراه کدام مواد خواهد شد؟,"['اکسیژن و انرژی', 'گلوکز و گلیکوژن', 'اسید لاکتیک و الکل', 'گاز کربن دی\u200cاکسید و آب']",D,کارآمدترین نوع تنفس، با اکسیژن انجام شده و این دو ماده را تولید می‌کند.,A,0.9368176460266113,A,0.5106589794158936,False,False,False,False,[0.93681765 0.02840016 0.00260067 0.0321816 ],[0.510659   0.39770162 0.00220425 0.08943521]
96,سوال: عبارات ریاضی زیر نمایانگر چهار غلظت مختلف از یک محلول شیمیایی هستند که در یک آزمایش علمی استفاده می شوند. کدام یک از نظر مقدار با ۱/۱۰۰۰ برابر است؟,"['۱٫۰ x ۱۰^۳', '۱٫۰ x ۱۰^۴', '۱٫۰ x ۱۰^-۳', '۱٫۰ x ۱۰^-۴']",C,عدد ۱/۱۰۰۰ برابر با ۰.۰۰۱ است که به صورت نماد علمی ۱۰ به توان منفی سه نوشته می‌شود.,D,0.7462340593338013,D,0.8574908971786499,False,False,False,False,[0.12917048 0.01060296 0.11399255 0.74623406],[0.07038714 0.00173479 0.07038714 0.8574909 ]
97,داده‌ها در جدول‌ها ممکن است به صورت نمودار نیز ارائه شوند. کدام نوع داده به بهترین شکل در یک نمودار دایره‌ای نمایش داده می‌شود؟,"['فاصله سیارات از خورشید', 'عمق\u200cهای اقیانوس\u200cهای بزرگ در زمین', 'مقدار بارش باران هر روز به مدت یک ماه', 'درصد مواد مختلف در زباله\u200cهای جامد']",D,این نمودار برای نمایش سهم بخش‌های مختلف از یک کل، مانند درصدها، مناسب است.,D,0.6125264167785645,D,0.919784426689148,True,True,True,True,[0.37006766 0.00978522 0.00762074 0.6125264 ],[0.0755005  0.00326583 0.0014492  0.9197844 ]
98,سوالی که در آن یک گیاه با گل‌های قرمز با همان نوع گیاه که گل‌های سفید می‌رویند، تلاقی شده است. فرزندان آن‌ها گل‌های صورتی را تولید کردند. کدام مورد به بهترین نحو توضیح می‌دهد که چرا فرزندان گل‌های صورتی رشد کردند؟,"['فرزندان دچار جهش ژنتیکی شدند.', 'فرزندان حاصل از تولید مثل غیرجنسی بودند.', 'ژن\u200cهای رنگ گل نشان\u200cدهندهٔ تسلط ناکامل بودند.', 'یک ژن برای گل\u200cهای رنگ صورتی در یکی از والدین مغلوب بود.']",C,هیچ‌یک از الل‌ها غالب کامل نیستند و در نتیجه رنگ میانی در نسل اول ظاهر می‌شود.,D,0.8022413849830627,D,0.6473530530929565,False,False,False,False,[0.10814828 0.08422597 0.00538439 0.8022414 ],[0.09927481 0.01522429 0.23814788 0.64735305]
99,چرا در برخی از خودروها از سوخت های جایگزین استفاده می شود؟,"['الف) سوخت های جایگزین در هر پمپ بنزینی موجود است.', 'ب) بنزین از منبع محدودی تأمین می شود.', 'ج) سوخت های جایگزین موجب آلودگی می شوند.', 'د) تولید موتورهای بنزینی هزینه زیادی دارد.']",B,منابع سوخت‌های فسیلی محدود و تجدیدناپذیر هستند.,B,0.8331213593482971,B,0.6393401622772217,True,True,True,False,[0.0998916  0.83312136 0.05346812 0.01351886],[0.20594808 0.63934016 0.14154592 0.01316582]
100,بسیاری از ایالت‌ها نیاز دارند که وسایل نقلیه مورد بررسی قرار گیرند و با استانداردهای ایمنی و آلودگی مطابقت داشته باشند. بازرسی‌های وسایل نقلیه چه تأثیری ممکن است بر محیط زیست داشته باشد؟,"['محیط زیست آلودگی نخواهد داشت.', 'محیط زیست بیشتر آلوده خواهد شد.', 'آلاینده\u200cهای کمتری توسط وسایل نقلیه منتشر خواهد شد.', 'آلاینده\u200cهای کمتری توسط وسایل نقلیه قدیمی\u200cتر تولید خواهد شد.']",C,بازرسی منظم انتشار آلودگی را با اطمینان از رعایت استانداردها کاهش می‌دهد.,C,0.7641206979751587,C,0.9289346933364868,True,True,True,True,[0.19395614 0.02624911 0.7641207  0.01567406],[6.7555174e-02 3.3112299e-03 9.2893469e-01 1.9885482e-04]
101,کدام مخلوط حاوی موادی است که به سادگی قابل تفکیک هستند؟,"['نان', 'سالاد میوه', 'آب اقیانوس', 'آب سودا']",B,اجزای این مخلوط به صورت فیزیکی و با چشم قابل تشخیص و جداسازی هستند.,C,0.5111264586448669,A,0.5642982721328735,False,False,False,False,[0.34992218 0.02534828 0.51112646 0.11360309],[0.5642983  0.09729722 0.3020471  0.03635732]
102,کدام یک از این موارد بیشترین کاهش را در نیروی گرانشی بین دو جسم به وجود می‌آورد؟,"['نصف کردن فاصله بین آن\u200cها', 'دو برابر کردن فاصله بین آن\u200cها', 'نصف کردن فاصله بین آن\u200cها و دو برابر کردن جرم آن\u200cها', 'دو برابر کردن فاصله بین آن\u200cها و نصف کردن جرم آن\u200cها']",D,افزایش فاصله نیرو را به شدت کاهش می‌دهد و کاهش جرم نیز این اثر را تشدید می‌کند، بنابراین بیشترین افت رخ می‌دهد.,C,0.3963567912578583,D,0.7071205377578735,False,True,True,True,[0.34978363 0.01345704 0.3963568  0.24040255],[0.08478405 0.00470903 0.20338635 0.70712054]
103,بمباران سنگین دیرهنگام دوره‌ای از برخوردهای وسیع دنباله‌دارها با زمین در حدود ۳.۸ میلیارد سال پیش بود. دانشمندان بر این عقیده هستند که این دوره بخش زیادی از ماده‌ای که اکنون در کدام قسمت از سیستم زمین یافت می‌شود را فراهم کرده است؟,"['هسته', 'گوشته', 'جو', 'هیدروسفر']",D,دنباله‌دارها حاوی مواد فرار و یخ بودند که پس از برخورد، [MASK] اولیه زمین را تشکیل دادند.,D,0.552155613899231,B,0.3841761350631714,True,False,False,False,[0.29439536 0.108302   0.04514699 0.5521556 ],[0.18005973 0.38417614 0.05158798 0.38417614]
104,یک گونه در ناحیه‌ای زندگی می‌کند که به مرور زمان از معتدل به گرمسیری تغییر می‌کند. بقا این گونه در صورتی که بتواند کدامیک از موارد زیر را انجام دهد، احتمال بیشتری دارد؟,"['نیازهای انرژی را کاهش دهد', 'به\u200cسرعت به منابع تغییر یافته سازگار شود', 'با موجودات مشابه گرمسیری جفت\u200cگیری کند', 'قبل از کامل شدن تغییر مهاجرت کند']",B,توانایی سازگاری سریع با شرایط جدید محیطی، شانس زنده‌ماندن را افزایش می‌دهد.,B,0.8751407861709595,B,0.9959428906440735,True,True,True,True,[0.07169576 0.8751408  0.02327621 0.02988724],[2.4783579e-03 9.9594289e-01 6.6704093e-04 9.1173692e-04]
105,یک دانش آموز در حال تحقیق در مورد لامپی است که صرفه‌جویی در انرژی می‌کند و می‌تواند تا ۱۰ برابر بیشتر از لامپ‌های دیگر عمر کند. علاوه بر صرفه‌جویی در انرژی، یکی دیگر از مزایای استفاده از این لامپ‌ها چیست؟,"['آب آشامیدنی تمیز باقی می\u200cماند.', 'زباله کمتری به محل\u200cهای دفن زباله منتقل می\u200cشود.', 'مواد مغذی بیشتری به خاک اضافه می\u200cشود.', 'مواد شیمیایی کمتری وارد زنجیره غذایی می\u200cشود.']",B,عمر طولانی‌تر باعث کاهش تولید زباله و کاهش انتقال آن به محل دفن می‌شود.,B,0.9734415411949158,B,0.9978943467140198,True,True,True,True,[0.01796904 0.97344154 0.00275564 0.00583369],[1.7539974e-03 9.9789435e-01 2.5268728e-04 9.8953758e-05]
106,کدام یک از موارد زیر بیشترین تأثیر را بر سرعت حرکت صدا در یک گاز دارد؟,"['توانایی الکترون\u200cها برای حرکت در یک محیط', 'فرکانس موج', 'دامنه موج', 'نزدیکی مولکول\u200cهای محیط']",D,سرعت صوت در گاز به فاصله مولکول‌ها وابسته است، زیرا انتقال موج از برخورد آن‌ها ناشی می‌شود.,A,0.47711092233657837,A,0.550713062286377,False,False,False,False,[0.47711092 0.04472629 0.00105186 0.47711092],[0.55071306 0.01884436 0.00154684 0.42889577]
107,زمین شناسان به طور مکرر از طیف‌سنج‌های جرمی برای تعیین سن نسبی سنگ‌ها استفاده می‌کنند. یک طیف‌سنج می‌تواند نسبت‌های ایزوتوپ‌ها در نمونه‌های سنگ را تفکیک کرده و تجزیه و تحلیل پرتوزایی را مربوط به کدام دو ایزوتوپ محاسبه کند؟,"['اورانیوم - سرب', 'روبیدیوم - استرونسیوم', 'پتاسیم - آرگون', 'اورانیوم - استرونسیوم']",A,روش اورانیوم-سرب دقیق‌ترین و پرکاربردترین روش تاریخ‌گذاری مطلق در زمین‌شناسی است.,B,0.6602240204811096,A,0.780811607837677,False,True,True,True,[0.02569986 0.660224   0.3106519  0.00342417],[0.7808116  0.19665042 0.01126897 0.01126897]
108,سوزاندن سوخت‌های فسیلی باعث افزایش محتوای دی‌اکسید کربن در جو شده است. یک اثر ممکن که افزایش مقدار دی‌اکسید کربن احتمالاً بر سیاره ما خواهد داشت چیست؟,"['اقلیم گرم\u200cتر', 'اقلیم خنک\u200cتر', 'رطوبت نسبی پایین\u200cتر', 'اوزون بیشتر در جو']",A,افزایش دی‌اکسید کربن اثر گلخانه‌ای را تقویت کرده و دمای زمین را بالا می‌برد.,A,0.9983721375465393,A,0.9997702240943909,True,True,True,True,[9.9837214e-01 7.0024497e-04 2.2733625e-04 7.0024497e-04],[9.9977022e-01 1.6345385e-04 3.2185973e-05 3.4261793e-05]
109,کشاورزان در ناحیه‌ای که زمانی چمنی بوده، درختان میوه می‌کارند. احتمالاً چه چیزی برای خرگوش‌هایی که در این چمن زندگی می‌کنند، اتفاق خواهد افتاد؟,"['آنها یاد خواهند گرفت که میوه بخورند.', 'آنها یاد خواهند گرفت که درختان را بالا بروند.', 'تعداد نوجوانان آنها افزایش خواهد یافت.', 'اندازه جمعیت آنها کاهش خواهد یافت.']",D,با تخریب زیستگاه و کاهش منابع غذایی، جمعیت خرگوش‌ها کم می‌شود.,A,0.888701319694519,D,0.9228986501693726,False,True,True,True,[0.8887013  0.03419053 0.05637065 0.02073761],[7.6052636e-02 8.3176995e-04 2.1698016e-04 9.2289865e-01]
110,فلزات بیشتر احتمال دارد که با کدام روش یون تشکیل دهند؟,"['از دست دادن الکترون\u200cها.', 'از دست دادن پروتون\u200cها.', 'کسب الکترون\u200cها.', 'کسب پروتون\u200cها.']",A,فلزات با از دست دادن الکترون به پیکربندی پایدار می‌رسند و یون مثبت تشکیل می‌دهند.,A,0.9170458316802979,A,0.9820910096168518,True,True,True,True,[0.91704583 0.07476288 0.00333658 0.0048547 ],[9.8209101e-01 1.6731097e-03 1.5874023e-02 3.6183535e-04]
111,کدام عبارت توصیف کننده تولید مثل غیرجنسی در موجودات نیست؟,"['به دو والد نیاز دارد', 'تنوع کم در نسل\u200cها', 'تنها یک نوع سلول دخیل است', 'ماده ژنتیکی خود را تکثیر می\u200cکند']",A,تولید مثل غیرجنسی فقط با یک والد انجام می‌شود و نیازی به دو والد ندارد.,B,0.8622562289237976,A,0.638862669467926,False,True,True,True,[0.06197555 0.8622562  0.04259513 0.03317313],[0.63886267 0.34195855 0.00427112 0.01490769]
112,یک دانش‌آموز در حال تحقیق در مورد تغییرات حالات ماده است. این دانش‌آموز یک استوانه مدرج را با 50 میلی‌لیتر برف فشرده پر می‌کند. استوانه مدرج وقتی خالی است 50 گرم و وقتی پر از برف است 95 گرم وزن دارد. زمانی که برف در یک اتاق گرم قرار می‌گیرد، برف فشرده به آب مایع تبدیل می‌شود. کدام یک از بیانیه‌ها این فرایند را بهترین شرح می‌دهد؟,"['سرد کردن باعث آب شدن برف می\u200cشود.', 'سرد کردن باعث یخ زدن برف می\u200cشود.', 'گرم کردن باعث یخ زدن برف می\u200cشود.', 'گرم کردن باعث آب شدن برف می\u200cشود.']",D,افزایش دما باعث تغییر حالت جامد به مایع می‌شود که فرآیند ذوب است.,B,0.5860069990158081,D,0.6844461560249329,False,True,True,True,[4.02756333e-01 5.86006999e-01 4.19431191e-04 1.08172735e-02],[0.17305508 0.13477544 0.00772325 0.68444616]
113,گیاهان دارای سلول‌ها، بافت‌ها، اندام‌ها و سیستم‌هایی هستند که به آن‌ها اجازه می‌دهد به عنوان موجودات کامل عمل کنند. کدام بخش‌های گیاه به عنوان اندام عمل می‌کنند؟,"['برگ\u200cها', 'گامت\u200cها', 'موهای ریشه', 'مولکول\u200cهای کلروفیل']",A,[MASK] اندام تخصص‌یافته برای فتوسنتز هستند، در حالی که سایر موارد در سطوح سلولی یا مولکولی عمل می‌کنند.,C,0.5856991410255432,A,0.9536910057067871,False,True,True,True,[0.40254474 0.00660899 0.58569914 0.00514709],[0.953691   0.00499475 0.03690646 0.00440785]
114,ماهی تن یک ماهی اقیانوسی است که به خوبی برای شکار طعمه‌های کوچک و سریع‌الحرکت تطبیق یافته است. کدام یک از این تطبیق‌ها بیشتر به ماهی تن کمک می‌کند تا سریع شنا کند و طعمه‌اش را شکار کند؟,"['پره\u200cهای بزرگ', 'دندان\u200cهای تیز', 'آبشش\u200cهای کوچک', 'پوسته\u200cهای سخت']",A,باله‌های بزرگ نیروی رانش قوی ایجاد می‌کنند که برای تعقیب سریع طعمه ضروری است.,A,0.4387117326259613,A,0.9270890951156616,True,True,True,True,[0.43871173 0.38716173 0.09788982 0.07623667],[0.9270891  0.06742096 0.00257366 0.00291634]
115,زمانی که انگشت بریده می‌شود و خونریزی می‌کند، پلاکت‌ها و پروتئین‌های پلاسما به سمت بریدگی حرکت می‌کنند تا خونریزی را متوقف کنند. در حین حرکت این‌ها به سمت بریدگی، این امر باعث تحریک بیشتر پلاکت‌ها و پروتئین‌ها برای حرکت به سمت بریدگی می‌شود تا خونریزی را متوقف کنند. چه نوع مکانیزمی در اینجا نشان داده شده است؟,"['بازخورد منفی', 'بازخورد مثبت', 'بازخورد تنظیمی', 'بازخورد تحریک']",B,تقویت مداوم پاسخ اولیه با تحریک بیشتر عوامل مشابه، ویژگی اصلی این مکانیسم است.,A,0.5560581088066101,B,0.7667406797409058,False,True,True,True,[0.5560581  0.2317995  0.18052563 0.0316167 ],[0.21881844 0.7667407  0.01106589 0.00337491]
116,آب به داخل سلول وارد می‌شود و مواد زائد از سلول خارج می‌شوند از طریق غشاء سلولی. بر اساس این اطلاعات، غشاء سلولی,"['نیمه\u200cنفوذپذیر است.', 'شفاف است.', 'سخت است.', 'نفوذناپذیر است.']",A,غشا تنها به برخی مواد اجازه عبور می‌دهد که ویژگی نیمه‌نفوذپذیری است.,A,0.9988221526145935,A,0.999789297580719,True,True,True,True,[9.9882215e-01 7.1734900e-04 2.5325518e-05 4.3509417e-04],[9.9978930e-01 1.6289925e-04 1.9455540e-05 2.8307642e-05]
117,بهترین توضیح برای اینکه بقایای یک خزنده کوچک که میلیون‌ها سال پیش زندگی می‌کرد تنها در برزیل و آفریقای جنوبی پیدا شده چیست؟,"['فروکش کردن', 'تکتونیک صفحه\u200cها', 'انقراض جمعی', 'مرزهای همگرا']",B,این توزیع فسیلی با نظریه حرکت قاره‌ها سازگار است که نشان می‌دهد این مناطق زمانی به هم متصل بوده‌اند.,B,0.37551620602607727,D,0.7483277916908264,True,False,False,False,[0.2924523  0.3755162  0.03957912 0.2924523 ],[0.07949178 0.16828409 0.0038963  0.7483278 ]
118,کدام جمله بهترین توصیف از آنچه در چرخه سنگ رخ می‌دهد، است؟,"['سنگ\u200cها در کوه\u200cهای قدیمی به تدریج فرسایش می\u200cیابند در حالی که ساخت کوه و آتش\u200cفشانی کوه\u200cهای جدیدی را تشکیل می\u200cدهند.', 'پس از اینکه سنگ\u200cها تشکیل شدند، در جای خود باقی می\u200cمانند تا سنگ\u200cهای بالای آن\u200cها فرسایش یابند و به سطح برسند.', 'همانطور که سنگ\u200cهای رسوبی در عمق زیر سایر سنگ\u200cها دفن می\u200cشوند، تحت تأثیر گرما و فشار تغییر می\u200cکنند، در نهایت به سطح بازمی\u200cگردند و دوباره فرسایش می\u200cیابند.', 'سنگ\u200cهای رسوبی جوان همیشه بر روی سنگ\u200cهای دگرگونی یا آذرین قدیمی\u200cتر ته\u200cنشین می\u200cشوند.']",C,فرآیند پیوسته تغییر سنگ‌ها از جمله دگرگونی و بازگشت به سطح برای فرسایش مجدد را به درستی توصیف می‌کند.,C,0.4813017249107361,C,0.5556850433349609,True,True,True,True,[0.37483817 0.13789526 0.48130172 0.00596476],[0.38341114 0.05834044 0.55568504 0.0025633 ]
119,کدام ویژگی برای یک گیاه مهم ترین است تا بتواند به عنوان یک گیاه پیشگام در یک ساحل در حال بهبودی شناخته شود؟,"['توانایی رشد بسیار بزرگ', 'ریشه های بلند برای یافتن آب', 'مقاومت در برابر اختلالات', 'برگ های بزرگ برای جذب نور خورشید']",C,گیاهان پیشگام باید در برابر عوامل استرس‌زا مانند باد و نمک مقاوم باشند تا در محیط‌های ناپایدار مستقر شوند و شرایط را برای گونه‌های دیگر فراهم کنند.,B,0.7861413955688477,C,0.9997220635414124,False,True,True,True,[0.05705923 0.7861414  0.15510306 0.00169633],[2.5118008e-04 9.7393086e-06 9.9972206e-01 1.7093020e-05]
120,اعضای یک تیم برنامه‌ریزی مدلی از یک جوی نزدیک می‌سازند و سپس جوی را مسدود می‌کنند تا نشان دهند چگونه می‌تواند یک دریاچه تشکیل دهد. کدام یک از محدودیت‌های مدل است؟,"['نشان دادن اینکه چگونه یک شهر نزدیک از طوفان جلوگیری خواهد کرد', 'توضیح اینکه چگونه دریاچه برای تفریح استفاده خواهد شد', 'توضیح اینکه چگونه برخی از آب\u200cها می\u200cتوانند برای کشاورزی استفاده شوند', 'نشان دادن اینکه چگونه سد بر گیاهان و حیوانات در منطقه تأثیر خواهد گذاشت']",D,مدل فقط تشکیل دریاچه را نشان می‌دهد، نه مسائل انسانی. تأثیر فیزیکی سد بر محیط زیست منطقی و مرتبط با مدل است.,A,0.5807917714118958,D,0.8035907745361328,False,True,True,True,[0.5807918  0.18929346 0.01541723 0.21449758],[0.17930534 0.01495006 0.00215376 0.8035908 ]
121,نحوه ایجاد خطوط بر روی پوست ببر چگونه است؟,"['از محیط زیست آن', 'از غذاهایش', 'از فرزندانش', 'از والدینش']",D,الگوی خطوط از طریق ژنتیک و وراثت از والدین منتقل می‌شود و تحت تأثیر محیط یا تغذیه نیست.,A,0.7487686276435852,D,0.7726262807846069,False,True,True,True,[0.7487686  0.24404101 0.00145112 0.00573929],[0.13321747 0.09155894 0.00259733 0.7726263 ]
122,کوهی که دارای یخچال ذوب‌شونده است، جریانی با یک آبشار دارد. آبشار دریاچه‌ای در پایه کوه را پر می‌کند. کجا آب سردتر است؟,"['یخچال', 'جریان', 'آبشار', 'دریاچه']",A,[MASK] در ارتفاع بالاتر و از یخ تشکیل شده، سردترین است. آب با [MASK] و تبادل گرمایی به تدریج گرم‌تر می‌شود.,A,0.8774664998054504,A,0.7917594909667969,True,True,True,False,[0.8774665  0.07174603 0.02087929 0.0299082 ],[0.7917595  0.15712948 0.01138242 0.03972855]
123,فرکانس امواج اقیانوس که سرعت آنها ۱۸ متر بر ثانیه و طول موج آنها ۵۰ متر است چقدر است؟,"['۰.۱۸ هرتز', '۰.۳۶ هرتز', '۲.۸ هرتز', '۹.۰ هرتز']",B,با تقسیم سرعت بر طول موج، فرکانس برابر [MASK] محاسبه می‌شود.,B,0.7743351459503174,B,0.9536539316177368,True,True,True,True,[0.03375715 0.77433515 0.02047475 0.17143296],[0.01181861 0.95365393 0.0024011  0.03212633]
124,کدام یک از موارد زیر صورت حساب برقی خانه را کاهش می‌دهد؟,"['استفاده از دستمال\u200cهای پارچه\u200cای به جای حوله\u200cهای کاغذی', 'خشک کردن لباس\u200cها بر روی بند لباس در روزهای آفتابی', 'اتصالی نگه داشتن وسایل برقی زمانی که استفاده نمی\u200cشوند', 'استفاده از لامپ\u200cهای رشته\u200cای در لامپ\u200cها']",B,خشک کردن لباس با نور خورشید نیاز به دستگاه پر مصرف را حذف کرده و مصرف انرژی را مستقیماً کاهش می‌دهد.,C,0.5881620049476624,B,0.987466037273407,False,True,True,True,[0.3567383  0.02905498 0.588162   0.02604472],[0.00842725 0.98746604 0.00310021 0.00100649]
125,یک دانش آموز مقداری شن را به یک ظرف آب اضافه کرد و مخلوط را برای چندین ساعت به حال خود گذاشت تا شن در ته ظرف قرار گیرد. کدام عبارت بهترین توضیح را دربارهٔ این می‌دهد که چرا شن از آب جدا شد؟,"['ذرات شن سنگین\u200cتر از آب هستند.', 'آب مایع است و شن جامد است.', 'شن به طور کافی هم زده نشد.', 'مقدار شن بیشتر از آب بود.']",A,ذرات شن به دلیل چگالی بیشتر در آب ته‌نشین می‌شوند و جدا می‌گردند.,A,0.9658995866775513,A,0.998795747756958,True,True,True,True,[9.6589959e-01 3.3277977e-02 1.4252623e-04 6.7995465e-04],[9.9879575e-01 1.0340710e-03 9.0356116e-05 7.9738988e-05]
126,کدامیک از طریق‌های زیر فتوسنتز و Respiration سلولی مشابه هستند؟,"['هر دو فرایند گلوکز تولید می\u200cکنند.', 'هر دو فرایند دی\u200cاکسید کربن مصرف می\u200cکنند.', 'هر دو فرایند در کلروپلاست\u200cها انجام می\u200cشوند.', 'هر دو فرایند شامل تبدیلات انرژی هستند.']",D,هر دو فرآیند انرژی را از شکلی به شکل دیگر تبدیل می‌کنند که وجه مشترک اصلی آن‌ها است.,D,0.6388301849365234,D,0.9638921618461609,True,True,True,True,[0.301762   0.03155797 0.02784981 0.6388302 ],[0.02888051 0.00449872 0.00272861 0.96389216]
127,یک معلم مقدار کمی نمک را در یک لیوان آب گرم مخلوط می‌کند و از دانش‌آموزان می‌خواهد که تغییرات فیزیکی که هنگام حل شدن نمک رخ می‌دهد را مشاهده کنند. کدام تغییر فیزیکی را آنها احتمالا مشاهده خواهند کرد؟,"['محلول شفاف خواهد شد.', 'نمک حباب تشکیل خواهد داد.', 'محلول در دما افزایش پیدا خواهد کرد.', 'آب تبخیر خواهد شد.']",A,نمک در آب حل شده و محلولی شفاف ایجاد می‌کند، بدون تغییر شیمیایی یا اثرات دیگر مانند حباب یا تبخیر.,A,0.9948467016220093,A,0.9997095465660095,True,True,True,True,[9.9484670e-01 1.9242605e-03 4.2936057e-04 2.7997827e-03],[9.9970955e-01 1.5981375e-04 5.5230157e-05 7.5490680e-05]
128,چندین بوته گوجه‌فرنگی در داخل خانه در کنار یک پنجره آفتابی کشت می‌شوند. این گیاهان آب و کود دریافت می‌کنند و بر روی لبه پنجره قرار دارند. احتمالاً چه اتفاقی خواهد افتاد؟,"['بیشتر برگ\u200cهای سمت پنجره ذبل شده و خواهند مرد.', 'ریشه\u200cهای گیاهان از خاک به سمت بالا رشد خواهند کرد.', 'قطرات آب بر روی برگ\u200cهای دور از پنجره جمع می\u200cشوند.', 'ساقه به سمت پنجره خم خواهد شد.']",D,گیاهان به سمت نور خم می‌شوند تا فتوسنتز را بهبود بخشند، زیرا پنجره تنها منبع نور است.,A,0.7080395221710205,D,0.7208751440048218,False,True,True,True,[0.7080395  0.05777987 0.03092734 0.2032533 ],[0.26416126 0.00480063 0.01016293 0.72087514]
129,کدام یک بهترین توصیف دو سامانه ارگان که به منظور حفظ هموستاز با هم کار می‌کنند، است؟,"['اعضای تولید مثل سلول\u200cهای جنسی تولید می\u200cکنند.', 'عصاب\u200cها سیگنال\u200cها را از چشم به مغز منتقل می\u200cکنند.', 'استخوان\u200cها و عضلات دست به\u200cطور مشترک برای گرفتن یک مداد کار می\u200cکنند.', 'عضلات قفسه سینه منقبض می\u200cشوند تا دی\u200cاکسید کربن را از ریه\u200cها خارج کنند.']",D,همکاری سیستم تنفسی و عضلانی برای دفع دی‌اکسید کربن و حفظ تعادل داخلی بدن.,C,0.8571031093597412,D,0.52540123462677,False,True,True,True,[0.11531862 0.00961499 0.8571031  0.01796317],[0.31867197 0.02308452 0.13284224 0.52540123]
130,یک زمین‌شناس تحقیقی را برای تعیین سن مطلق یک فسیل انجام می‌دهد. او سپس این روند را سه بار تکرار می‌کند. کدام یک بهتر توضیح می‌دهد که چرا او این روند را چندین بار تکرار کرده است؟,"['این به او کمک می\u200cکند تا رویه\u200cهای بهتری توسعه دهد.', 'این دقت نتایج را بهبود می\u200cبخشد.', 'او می\u200cخواهد همه نتایج متفاوت باشند.', 'او بیش از یک فرضیه برای اثبات دارد.']",B,تکرار آزمایش خطاهای تصادفی را کاهش داده و میانگین دقیق‌تری ارائه می‌دهد، که دقت نتایج را افزایش می‌دهد.,A,0.7948725819587708,B,0.9706438779830933,False,True,True,True,[7.9487258e-01 2.0176186e-01 1.5492922e-04 3.2106168e-03],[2.9139664e-02 9.7064388e-01 4.5912187e-05 1.7058446e-04]
131,کدام سوال را می‌توان به احتمال زیاد از طریق یک تحقیق علمی تعیین کرد؟,"['برنده قرعه\u200cکشی بعدی کی خواهد بود؟', 'کدام تیم فوتبال بازی بعدی را می\u200cبرد؟', 'مقدار نور مورد نیاز برای رشد گوجه\u200cفرنگی چقدر است؟', 'کدام چهار نوع پر پرندگان زیباترین رنگ\u200cها را دارند؟']",C,این سوال قابل آزمایش و اندازه‌گیری است، در حالی که سایر موارد مبتنی بر پیش‌بینی یا قضاوت ذهنی هستند.,C,0.9929552674293518,C,0.9770081043243408,True,True,True,False,[5.8784378e-03 5.4677989e-04 9.9295527e-01 6.1958277e-04],[2.0596476e-02 1.6906615e-03 9.7700810e-01 7.0477260e-04]
132,کدام یک بهترین عامل تعیین کننده سلامت یک دریاچه است که به عنوان منبع آب شیرین استفاده می شود؟,"['عمق و عرض آن', 'دمای آن و pH آن', 'مکان و عمق آن', 'دمای آن و عمق آن']",B,اسیدیته و دمای آب بر کیفیت آب، حیات موجودات و ایمنی مصرف تأثیر مستقیم دارند و سلامت دریاچه را مشخص می‌کنند.,B,0.811139702796936,B,0.998513400554657,True,True,True,True,[8.0616008e-03 8.1113970e-01 1.6216551e-04 1.8063658e-01],[8.9991838e-04 9.9851340e-01 4.0794777e-05 5.4582808e-04]
133,سوال: سوختن سوخت‌های فسیلی چگونه بیشتر باعث کاهش کیفیت هوایی که مردم تنفس می‌کنند شده است؟,"['الف) با اضافه کردن آلودگی ذره\u200cای', 'ب) با ایجاد یک سوراخ در لایه اوزون', 'ج) با ایجاد بارش اسیدی', 'د) با افزایش سطح دی\u200cاکسید کربن']",A,سوخت‌های فسیلی با آزاد کردن ذرات ریز و آلاینده‌ها مستقیماً هوا را آلوده می‌کنند و برای سلامت تنفسی مضر هستند.,D,0.8615686297416687,D,0.7120534181594849,False,False,False,False,[0.11614605 0.01387167 0.00841359 0.8615686 ],[0.2599113  0.01661558 0.01141971 0.7120534 ]
134,محصولی از گیاهان ذرت به روش ژنتیکی اصلاح شده است به طوری که این گیاهان یک آفت‌کش طبیعی تولید می‌کنند. مردم نگران هستند که این گیاهان ذرت ممکن است ماده ژنتیکی اصلاح شده را به گیاهان دیگر منتقل کنند. بهترین راه برای اصلاح بیشتر این گیاهان به منظور جلوگیری از انتقال مواد ژنتیکی آنها به گیاهان دیگر کدام است؟,"['تغییر گیاهان به گونه\u200cای که گرده تولید نکنند', 'تغییر گیاهان به گونه\u200cای که به حشرات آسیبی نرسانند', 'تغییر گیاهان به گونه\u200cای که نتوانند مواد مغذی تولید کنند', 'تغییر گیاهان به گونه\u200cای که به راحتی شناسایی نشوند']",A,انتقال ژنتیک عمدتاً از طریق گرده‌افشانی صورت می‌گیرد، بنابراین جلوگیری از تولید گرده، انتقال را به طور مؤثر متوقف می‌کند.,A,0.989945113658905,A,0.9993188381195068,True,True,True,True,[9.8994511e-01 1.3269770e-03 7.4862925e-05 8.6529776e-03],[9.9931884e-01 3.7654594e-04 1.1370703e-05 2.9325430e-04]
135,کدام یک از نمونه‌های آب که در زیر توصیف شده‌اند بیشترین انرژی جنبشی متوسط به ازای مولکول را دارد؟,"['۱ لیتر یخ در دمای -۵۰ درجه سانتی\u200cگراد', '۱۰ لیتر یخ در دمای -۷۵ درجه سانتی\u200cگراد', '۱ لیتر آب در دمای ۷۵ درجه سانتی\u200cگراد', '۱۰ لیتر آب در دمای ۵۰ درجه سانتی\u200cگراد']",C,انرژی جنبشی متوسط تنها به دما وابسته است و بالاترین دما در این مورد است.,A,0.6286401748657227,A,0.3447858989238739,False,False,False,False,[0.6286402  0.12378659 0.12378659 0.12378659],[0.3447859  0.20912322 0.23696765 0.20912322]
136,هنگامی که یک اتم خنثی یک الکترون می‌گیرد، چه چیزی شکل می‌گیرد؟,"['یک مخلوط', 'یک آهن', 'یک مولکول', 'یک فلز']",B,اتم خنثی با گرفتن الکترون به یون تبدیل می‌شود، نه مولکول، اما این تغییر ساختاری نزدیک‌ترین مفهوم در گزینه‌هاست.,A,0.3783873915672302,C,0.9801746606826782,False,False,False,False,[0.3783874  0.3339257  0.02762527 0.2600616 ],[0.01219483 0.00576043 0.98017466 0.00187014]
137,سوال: کدام ماده باید بر روی رمپ دوچرخه استفاده شود تا اصطکاک را افزایش دهد؟,"['الف) فلز براق', 'ب) کاغذ زبر', 'ج) چوب صاف', 'د) پلاستیک مرطوب']",B,سطح ناهموار و زبر باعث افزایش اصطکاک و جلوگیری از لیز خوردن چرخ‌ها می‌شود.,D,0.3854416310787201,B,0.7235302329063416,False,True,True,True,[0.23378217 0.34015104 0.04062525 0.38544163],[0.04698213 0.72353023 0.02219279 0.20729488]
138,دانشجویی از او خواسته شده است که با استفاده از مواد زیر خاکی بسازد: آب، کانی، هوموس، بلور، سنگ فرسایش یافته و سنگ دگرگونی. کدام ترکیب از این مواد باید توسط دانشجو انتخاب شود؟,"['هوموس، بلور و کانی', 'آب، سنگ فرسایش یافته و هوموس', 'آب، سنگ دگرگونی و بلور', 'سنگ دگرگونی، کانی و سنگ فرسایش یافته']",B,خاک از آب، مواد معدنی حاصل از فرسایش و مواد آلی تشکیل می‌شود، نه از سنگ‌های دگرگونی یا بلور.,B,0.34182414412498474,B,0.6815067529678345,True,True,True,True,[0.2662129  0.34182414 0.12575008 0.2662129 ],[0.13524915 0.68150675 0.06388718 0.11935695]
139,کدام فعالیت به‌طور مستقیم توسط نورون‌ها تنظیم می‌شود؟,"['تولید سلول\u200cهای جنسی', 'ضربان قلب', 'نرخ و شکل رشد استخوان', 'سطوح قند در خون']",B,نورون‌ها پیام‌های عصبی را انتقال می‌دهند که مستقیماً بر انقباض قلب تأثیر می‌گذارند و آن را کنترل می‌کنند.,D,0.42877084016799927,B,0.9992054104804993,False,True,True,True,[0.08442999 0.37838894 0.10841025 0.42877084],[4.2705087e-04 9.9920541e-01 1.7802129e-04 1.8950267e-04]
140,رنگ‌های قابل مشاهده که از کوتاه‌ترین به بلندترین طول موج فهرست شده‌اند، شامل بنفش، آبی، سبز، زرد، نارنجی و قرمز هستند. کدام یک از گزینه‌های زیر به درستی فرکانس این رنگ‌ها را با استفاده از این اطلاعات مقایسه می‌کند؟,"['آبی فرکانس بالاتری نسبت به بنفش دارد.', 'آبی فرکانس بالاتری نسبت به سبز دارد.', 'نارنجی فرکانس پایین\u200cتری نسبت به قرمز دارد.', 'بنفش فرکانس پایین\u200cتری نسبت به زرد دارد.']",B,طول موج کوتاه‌تر فرکانس بالاتری دارد، پس بنفش با کوتاه‌ترین طول موج فرکانس بیشتری از زرد دارد.,A,0.5751965045928955,C,0.40717747807502747,False,False,False,False,[0.5751965  0.01550915 0.39378515 0.01550915],[0.35933286 0.01554321 0.40717748 0.21794641]
141,لاس‌ وگاس به منابع تجدیدپذیر برای تولید برق دسترسی دارد، که شامل انرژی هیدرولیکی می‌شود. کدام یک از این منابع انرژی تجدیدپذیر است و می‌تواند بدون آسیب به محیط زیست در لاس‌ وگاس برق تولید کند؟,"['نفت', 'ژئوترمال', 'هسته\u200cای', 'خورشیدی']",D,انرژی [MASK] تجدیدپذیر و پاک است و با آب‌وهوای آفتابی لاس‌وگاس سازگاری دارد.,D,0.7703768610954285,D,0.9515150189399719,True,True,True,True,[3.3716038e-02 1.9554412e-01 3.6302759e-04 7.7037686e-01],[2.5555894e-02 2.2552999e-02 3.7610685e-04 9.5151502e-01]
142,شواهد یک واکنش شیمیایی کدام است؟,"['نور تولید شده توسط منیزیم هنگام سوختن', 'تبخیر آب از یک محلول', 'حباب زدن یک نوشیدنی گازدار', 'حرارت ناشی از یک لامپ']",A,حباب‌ها نشان‌دهنده تولید گاز جدید هستند که از شواهد تغییر شیمیایی است، برخلاف تغییرات فیزیکی دیگر.,A,0.7338041663169861,C,0.9374129772186279,True,False,False,False,[0.73380417 0.11297295 0.12801513 0.02520767],[5.9926804e-02 2.3602061e-03 9.3741298e-01 3.0006655e-04]
143,نیروهای سازنده یک رشته کوه جدید ایجاد می‌کنند. تغییرات جوی و فرسایش چگونه ویژگی‌های رشته کوه را در طول زمان تغییر خواهند داد؟,"['چیدمان سنگ\u200cها', 'بلورین شدن سنگ\u200cها', 'چروک شدن لایه\u200cهای سنگ\u200cها', 'گرد کردن اشکال سنگ\u200cها']",D,فرآیندهای فرسایش و هوازدگی به مرور زمان لبه‌های تیز را حذف کرده و شکل‌های گرد ایجاد می‌کنند.,A,0.839708149433136,D,0.3652624189853668,False,True,True,True,[0.83970815 0.0421345  0.02895859 0.08919874],[0.28669778 0.02316873 0.32487112 0.36526242]
144,دانشمندان می‌دانند که زمین به طور مداوم در حال تغییر است. آن‌ها با فرآیندهایی که به طور روزانه، ماهانه و سالانه تکرار می‌شوند آشنا هستند. کدام یک از این‌ها یک رویداد طبیعی است که می‌توان پیش‌بینی کرد ماهانه اتفاق خواهد افتاد؟,"['انفجارهای آتشفشانی', 'فعالیت\u200cهای زلزله', 'مراحل ماه', 'مقدار بارش']",C,چرخه‌ی طبیعی ماه به دلیل گردش منظم آن دور زمین، هر ماه تکرار و به آسانی قابل پیش‌بینی است.,C,0.9803199768066406,C,0.9871838688850403,True,True,True,True,[1.5985277e-02 5.4698606e-04 9.8031998e-01 3.1476875e-03],[6.7037619e-03 1.9620777e-04 9.8718387e-01 5.9160488e-03]
145,زمانی که وزغ آبی به جوانه تبدیل می‌شود، خون‌سازهای آن به ریه تبدیل می‌شوند. اکنون برای زنده ماندن به چه چیزی نیاز دارد؟,"['هوا', 'آب', 'خاک', 'پره\u200cها']",A,پس از تبدیل [MASK]شش‌ها به ریه، تنفس از طریق [MASK] انجام می‌شود و برای دریافت اکسیژن ضروری است.,A,0.8138766288757324,A,0.9641465544700623,True,True,True,True,[8.1387663e-01 1.8124609e-01 5.8139098e-04 4.2959307e-03],[9.6414655e-01 3.2862660e-02 2.9334292e-04 2.6975314e-03]
146,در یک برنامه بازیافت، کدام مواد می‌توانند بارها و بارها مورد استفاده مجدد قرار گیرند؟,"['قوطی\u200cهای فولادی', 'بطری\u200cهای شیشه\u200cای', 'ظروف کاغذی', 'ظروف پلاستیکی']",B,شیشه را می‌توان بی‌نهایت بار بازیافت کرد بدون آن‌که کیفیت آن کاهش یابد.,A,0.6663175821304321,B,0.8374053835868835,False,True,True,True,[0.6663176  0.03343419 0.05512366 0.24512455],[0.04724318 0.8374054  0.01533762 0.10001381]
147,منبع انرژی زلزله از کجا ناشی می‌شود؟,"['از افزایش ناگهانی تابش خورشید که به زمین برخورد می\u200cکند', 'از کشش جاذبه ماه در هنگام نزدیک\u200cترین مدار', 'از سنگ\u200cهای تحت فشار که در اعماق زمین جابجا می\u200cشوند', 'از وزن رسوبات که بر روی سنگ بستر فشار می\u200cآورد']",C,انرژی زلزله از آزاد شدن ناگهانی فشار ذخیره‌شده در سنگ‌های عمق زمین حاصل می‌شود.,C,0.9838548302650452,C,0.9656846523284912,True,True,True,False,[1.24576855e-02 3.56918667e-03 9.83854830e-01 1.18373275e-04],[2.8934216e-02 5.0280127e-03 9.6568465e-01 3.5302193e-04]
148,یک پله‌برقی در یک مرکز خرید 10 متر طول دارد و با سرعت ثابت 0.5 متر بر ثانیه حرکت می‌کند. اگر خوزه در حالی که پله‌برقی در حال حرکت است، از پایین بر روی آن پا بگذارد، چقدر طول می‌کشد تا 10 متر را طی کند؟,"['5 ثانیه', '10 ثانیه', '15 ثانیه', '20 ثانیه']",D,سرعت فرد و پله‌برقی برابر است، بنابراین زمان طی مسیر همان زمان حرکت پله‌برقی به تنهایی است که ۲۰ ثانیه محاسبه می‌شود.,A,0.7000143527984619,D,0.9829010367393494,False,True,True,True,[0.70001435 0.09473664 0.12164426 0.08360479],[1.6137302e-02 8.0342893e-04 1.5820454e-04 9.8290104e-01]
149,شخصی به نام جوآن در حال آزمایش خاک‌ها است تا ببیند کدام نوع برای رشد گل‌ها مناسب‌تر است. او باید کدام یک از کارهای زیر را انجام دهد؟,"['گل\u200cها را در یک نوع خاک بکارید، اما به برخی از گیاهان بیشتر از سایرین آب بدهید.', 'گل\u200cها را در یک نوع خاک بکارید، تربچه\u200cها را در نوع دیگری و بابونه\u200cها را در نوع سومی بکارید.', 'گل\u200cها را در سه نوع خاک بکارید و به هر کدام مقدار متفاوتی نور خورشید بدهید.', 'گل\u200cها را در سه نوع خاک بکارید و به همه آنها مقدار یکسانی آب و نور خورشید بدهید.']",D,برای سنجش تأثیر خاک، باید سایر عوامل مانند آب و نور ثابت باشند تا تنها تفاوت در نوع خاک باشد و نتایج معتبری حاصل شود.,A,0.37817877531051636,D,0.9888500571250916,False,True,True,True,[0.37817878 0.12182122 0.12182122 0.37817878],[9.8470086e-03 1.1048038e-03 1.9808039e-04 9.8885006e-01]
150,وزن یک جسم می‌تواند تغییر کند حتی زمانی که جرم همانطور که هست باقی بماند. کدام جمله به درستی رابطه‌ای بین جرم و وزن را شناسایی می‌کند؟,"['وزن یک جسم به جرم و حجم آن بستگی دارد.', 'جاذبه بر وزن یک جسم تأثیر می\u200cگذارد اما بر جرم آن نه.', 'جرم یک جسم به وزن و اندازه آن بستگی دارد.', 'میدان\u200cهای مغناطیسی می\u200cتوانند بر جرم تأثیر بگذارند اما بر وزن نه.']",B,وزن تحت تأثیر گرانش تغییر می‌کند، اما جرم ثابت است و به مقدار ماده بستگی دارد.,A,0.809581458568573,B,0.9937067627906799,False,True,True,True,[0.80958146 0.18064204 0.0060854  0.00369098],[5.9087966e-03 9.9370676e-01 2.2205996e-04 1.6246253e-04]
151,یک شباهت بین یک نمونه کوچک و جامد از آلومینیوم و یک نمونه بزرگ و مایع از آلومینیوم این است که هر دو نمونه دارای,"['شکل معین.', 'حجم معین.', 'همان تعداد اتم\u200cها هستند.', 'همان مقدار انرژی دارند.']",B,حجم ذاتی ماده است و به حالت فیزیکی آن بستگی ندارد، بنابراین هر دو نمونه حجم معینی دارند.,C,0.5279221534729004,B,0.9964410662651062,False,True,True,True,[0.46588966 0.00403074 0.52792215 0.0021575 ],[3.1776535e-03 9.9644107e-01 1.1218490e-04 2.6911759e-04]
152,کدام قسمت از اتم دور مرکز اتم می‌چرخد؟,"['پروتون', 'هسته', 'نوترون', 'الکترون']",D,بر اساس مدل بوهر، تنها ذره‌ای که در مدار به دور مرکز گردش می‌کند، [MASK] است.,D,0.8471898436546326,D,0.9058259725570679,True,True,True,True,[0.06173087 0.08981789 0.00126132 0.84718984],[0.06587464 0.0270349  0.00126444 0.905826  ]
153,کدامیک از این موارد در تمامی موجودات یافت می‌شود؟,"['یک سلول', 'یک بافت', 'یک اندام', 'یک سیستم اندامی']",A,همه موجودات زنده از سلول تشکیل شده‌اند، حتی ساده‌ترین آن‌ها.,B,0.4317352771759033,A,0.9955369234085083,False,True,True,True,[0.12369423 0.43173528 0.01283515 0.43173528],[9.9553692e-01 3.2059259e-03 7.7789482e-05 1.1793942e-03]
154,چرخه‌های حیات گیاهان و حیوانات به چه دلیل مشابه هستند؟,"['به عنوان تخم آغاز می\u200cشوند.', 'نیاز به همان مقدار زمان دارند.', 'دارای مراحل آغازین، رشد و بلوغ هستند.', 'از مراحل ابتدایی به والدین خود شباهت دارند.']",C,هر دو شامل مراحل شروع، توسعه و رسیدن به بلوغ می‌شوند که الگوی مشترک اساسی است.,C,0.9341597557067871,C,0.9503628611564636,True,True,True,True,[0.05983559 0.00337569 0.93415976 0.00262899],[4.7500968e-02 1.6001945e-03 9.5036286e-01 5.3599803e-04]
155,دختری به مدت 30 دقیقه راه رفت. او متوجه شد که در 15 دقیقه اول راه رفتن خود، مسافت بیشتری نسبت به 15 دقیقه دوم پیموده است. او چه نتیجه‌ای می‌تواند دربارهٔ راه رفتن خود بگیرد؟,"['او از روی تپه\u200cهای زیادی عبور کرد.', 'سرعت متوسط او در نیمه اول راه رفتن سریع\u200cتر بود.', 'او به دو جهت مختلف راه رفت.', 'او با سرعت ثابت راه می\u200cرفت.']",B,مسافت بیشتر در زمان مساوی نشان‌دهنده سرعت متوسط بالاتر در نیمه اول است.,B,0.9422872066497803,B,0.9844678044319153,True,True,True,True,[0.04691372 0.9422872  0.00264669 0.00815238],[1.3906211e-02 9.8446780e-01 8.8899431e-04 7.3700218e-04]
156,تکرار آزمایش‌ها احتمال بدست آوردن نتایج دقیق را بهبود می‌بخشد زیرا نتایج کلی,"['کمتر احتمال دارد فرضیه را صحیح ثابت کند.', 'بیشتر احتمال دارد فرضیه را صحیح ثابت کند.', 'کمتر احتمال دارد که صحیح باشد زیرا اشتباهات کمتری انجام می\u200cشود.', 'بیشتر احتمال دارد که صحیح باشد زیرا اشتباهات کمتری انجام می\u200cشود.']",D,تکرار آزمایش خطاهای تصادفی را کاهش داده و دقت نتایج را افزایش می‌دهد، بنابراین صحت آن‌ها بیشتر می‌شود.,B,0.6655253171920776,B,0.7765982151031494,False,False,False,False,[0.07979676 0.6655253  0.01079932 0.24387857],[0.05625659 0.7765982  0.01422389 0.15292126]
157,سوال: زنگ در یک الکترومغناطیس ساده دارد. کدام تغییر به احتمال زیاد قدرت یک الکترومغناطیس را افزایش می‌دهد؟,"['A) سیم\u200cهای بلندتر', 'B) حلقه\u200cهای سیم کمتر', 'C) هسته آلومینیومی', 'D) منبع انرژی بزرگتر']",D,افزایش جریان الکتریکی با منبع قوی‌تر، میدان مغناطیسی را تقویت می‌کند، در حالی که سایر تغییرات مقاومت را زیاد یا تعداد دور را کم می‌کنند.,C,0.45961132645606995,D,0.6373751759529114,False,True,True,True,[0.17040768 0.09121266 0.45961133 0.27876836],[0.12452992 0.096984   0.14111088 0.6373752 ]
158,ده گرم شکر در ۱۰۰ گرم آب حل شده است. مقدار کل محلول شکر و آب چند گرم است؟,"['۹۰ گرم', '۱۰۰ گرم', '۱۱۰ گرم', '۱۰۰۰ گرم']",C,جرم کل برابر مجموع جرم شکر و آب است، زیرا هیچ ماده‌ای حذف نمی‌شود.,C,0.5123811364173889,C,0.9258741736412048,True,True,True,True,[0.02591168 0.45217475 0.51238114 0.00953237],[0.00695954 0.06603027 0.9258742  0.00113611]
159,یک ژن در نوعی باکتری جهش می‌یابد. زمانی که این باکتری‌ها به‌صورت غیرجنسی تولیدمثل می‌کنند، این جهش تنها می‌تواند توسط,"['انواع مختلف باکتری\u200cها.', 'سلول\u200cهای باکتری که غیر تولیدمثل هستند.', 'سلول\u200cهای باکتری که ژن را ندارند.', 'نوادگان مستقیم باکتری\u200cها.']",D,در تولیدمثل غیرجنسی، جهش‌ها تنها از طریق تقسیم سلولی مستقیماً به نسل بعد منتقل می‌شوند.,B,0.9332627654075623,B,0.984457790851593,False,False,False,False,[0.03171694 0.93326277 0.01322159 0.02179871],[8.385181e-03 9.844578e-01 6.267021e-04 6.530386e-03]
160,انتقال حرارت بخشی از زندگی روزمره است. کدام یک از این مثال‌ها که شامل انتقال حرارت است، عمدتاً از طریق هدایت (انتقال حرارت) اتفاق می‌افتد؟,"['خورشید زمین را گرم می\u200cکند.', 'یک فر داغ یک آشپزخانه سرد را گرم می\u200cکند.', 'یک آتش\u200cبس دست\u200cهای یک فرد را گرم می\u200cکند.', 'سوپ داغ دسته یک قاشق فلزی را گرم می\u200cکند.']",D,انتقال گرما از طریق تماس مستقیم بین دو جسم جامد صورت می‌گیرد و این نمونه‌ای کلاسیک از این روش است.,A,0.47285225987434387,D,0.4239770770072937,False,True,True,True,[0.47285226 0.17531696 0.15471667 0.19711414],[0.17812613 0.13872477 0.259172   0.42397708]
161,کدام اصطلاح برای توصیف یک ویژگی فیزیکی معدنی استفاده می‌شود؟,"['الف) ارگانیک', 'ب) جامد', 'ج) گازی', 'د) فسیل\u200cدار']",B,مواد معدنی عموماً در حالت جامد یافت می‌شوند و این ویژگی اصلی آن‌هاست.,B,0.49002668261528015,B,0.9942452311515808,True,True,True,True,[0.10933974 0.49002668 0.0190004  0.38163316],[8.2549994e-04 9.9424523e-01 6.0394860e-04 4.3253102e-03]
162,اگر ۱۰۰ گرم سرکه و ۵ گرم جوش شیرین در یک ظرف ریخته شود، مقدار کمی گاز تولید خواهد شد. اگر گاز در ظرف محبوس شود، جرم نهایی محصولات چه مقدار خواهد بود؟,"['۱۰۰ گرم', '۱۰۴ گرم', '۱۰۵ گرم', '۱۱۰ گرم']",C,بر اساس قانون پایستگی جرم، مجموع جرم مواد اولیه برابر با جرم محصولات است.,B,0.9099708199501038,A,0.6949791312217712,False,False,False,False,[0.06540509 0.9099708  0.0100302  0.01459385],[0.69497913 0.29198262 0.00304711 0.0099911 ]
163,گیاهان بلند بر گیاهان کوتاه غالب هستند. نتیجه چه خواهد بود اگر دو گیاه کوتاه به هم جفت شوند؟,"['همه گیاهان بلند', 'همه گیاهان کوتاه', 'نصف گیاهان بلند، نصف گیاهان کوتاه', '۱/۴ گیاهان بلند، ۱/۳ گیاهان کوتاه']",B,هر دو والد صفت مغلوب دارند، بنابراین همه فرزندان کوتاه خواهند بود.,B,0.5936473608016968,B,0.9900887608528137,True,True,True,True,[0.36006534 0.59364736 0.00833664 0.03795061],[6.5934444e-03 9.9008876e-01 8.9232560e-04 2.4255926e-03]
164,در مقایسه با خورشید، یک ستارهٔ قرمز احتمالاً دارای چه چیزی بیشتری است؟,"['حجم.', 'ش velocidade چرخش.', 'دمای سطح.', 'تعداد سیارات در حال گردش.']",A,ستاره‌های قرمز در مرحله انبساط قرار دارند که حجم آن‌ها را افزایش می‌دهد، برخلاف خورشید که کوچک‌تر است.,C,0.6881014108657837,A,0.7653477191925049,False,True,True,True,[0.15293759 0.15293759 0.6881014  0.00602342],[0.7653477  0.03840328 0.1935102  0.00273879]
165,بدن ماهی به وسیله‌ی پوشش فلس‌ها پوشیده شده است به منظور,"['جوانب دکوری.', 'حفاظت.', 'رنگ\u200cآمیزی.', 'تولید مثل.']",B,پوشش سخت بدن ماهی را در برابر آسیب‌ها و عفونت محافظت می‌کند و از دست دادن آب را کاهش می‌دهد.,B,0.9666528701782227,B,0.9956412315368652,True,True,True,True,[0.02926174 0.96665287 0.00100128 0.00308416],[3.1596376e-03 9.9564123e-01 2.9389205e-04 9.0525131e-04]
166,کدام یک احتمالاً در توصیف تغییر موقعیت یک جسم مورد نیاز است؟,"['سرعت اولیه', 'تغییر جهت', 'نقطه مرجع', 'نرخ ثابت']",C,برای تعیین تغییر مکان، نیاز به یک مکان ثابت به عنوان مبنا داریم تا موقعیت اولیه و نهایی را نسبت به آن بسنجیم.,C,0.969106137752533,C,0.9979835748672485,True,True,True,True,[0.01572545 0.01387766 0.96910614 0.00129082],[1.7001847e-03 1.5814179e-04 9.9798357e-01 1.5814179e-04]
167,اِلِسا در حال دسته‌بندی انواع انرژی به‌عنوان انرژی‌های پتانسیل یا جنبشی بود. کدام یک از این‌ها نوعی از انرژی پتانسیل است؟,"['انرژی صوتی', 'انرژی تابشی', 'انرژی حرارتی', 'انرژی شیمیایی']",D,انرژی ذخیره‌شده در پیوندهای اتمی، نوعی انرژی پتانسیل است، برخلاف سایر موارد که جنبشی هستند.,A,0.39299386739730835,D,0.8586622476577759,False,True,True,True,[0.39299387 0.02182746 0.23836283 0.34681585],[0.11530297 0.00835252 0.01768228 0.85866225]
168,کدام ویژگی برخی از پرندگان جوان به آنها کمک می‌کند تا قبل از یادگیری پرواز از شکار شدن جلوگیری کنند؟,"['به\u200cصورت بلند جیک\u200cجیک کردن به تقلید از والدین خود', 'از تخم\u200cمرغی که والدین گذاشته\u200cاند، بیرون آمده\u200cاند', 'رنگ قهوه\u200cای خال\u200cدار که شبیه برگ\u200cها است', 'پره\u200cهای کوچک برای خوردن دانه\u200cها']",C,رنگ‌آمیزی استتاری به پرندگان جوان کمک می‌کند تا در محیط طبیعی پنهان شده و از شکارچیان در امان بمانند.,C,0.3737841546535492,C,0.944724440574646,True,True,True,True,[0.2911034  0.32986337 0.37378415 0.00524908],[5.3506307e-02 1.5907006e-03 9.4472444e-01 1.7847166e-04]
169,در یک تحقیق، کدام‌یک از این رویه‌ها برای رسیدن به یک نتیجه مهم‌ترین است؟,"['طبقه\u200cبندی و ترتیب\u200cدهی روش\u200cها', 'ارزیابی و تفسیر داده\u200cها', 'توسعه چندین فرضیه', 'پیش\u200cبینی محتمل\u200cترین نتیجه']",B,هدف تحقیق دستیابی به یافته‌های معتبر است که تنها با تحلیل دقیق اطلاعات امکان‌پذیر می‌شود.,B,0.7444079518318176,B,0.908153772354126,True,True,True,True,[0.18784855 0.74440795 0.05424162 0.01350181],[0.08480207 0.9081538  0.00478421 0.0022599 ]
170,غشای سلولی به عنوان انتخابی عبوری توصیف می‌شود. چهار دانشجو از آنها خواسته شد که توضیح دهند این به چه معناست و پاسخ‌های زیر را ارائه دادند. دانشجوی ۱: غشای سلولی از ورود تمام مواد به سلول جلوگیری می‌کند. دانشجوی ۲: غشای سلولی تنها حمایت ساختاری برای سلول فراهم می‌کند. دانشجوی ۳: غشای سلولی تنظیم می‌کند که کدام مواد می‌توانند به داخل و خارج از سلول وارد شوند. دانشجوی ۴: غشای سلولی اجازه می‌دهد که آب و مواد محلول در آب وارد سلول شوند. کدام دانشجو به درستی عملکرد غشای انتخابی عبوری را شناسایی کرده است؟,"['دانشجو ۱', 'دانشجو ۲', 'دانشجو ۳', 'دانشجو ۴']",C,غشای سلولی ورود و خروج مواد را به صورت انتخابی تنظیم می‌کند و تعادل داخلی سلول را حفظ می‌نماید.,A,0.8435295820236206,C,0.9382544159889221,False,True,True,True,[0.8435296  0.00239255 0.00835083 0.14572708],[0.05293269 0.00164917 0.9382544  0.00716366]
171,سوج متوجه شد که نهنگ‌ها از صدا برای ناوبری و ارتباط با دیگر نهنگ‌ها استفاده می‌کنند. برخی از دانشمندان معتقدند که آلودگی صوتی در زیستگاه‌های نهنگ ممکن است به جمعیت نهنگ‌ها آسیب برساند. اثر محتمل آلودگی صوتی بر نهنگ‌ها چیست؟,"['تغییر در ماده ژنتیکی نهنگ\u200cها', 'جریان معکوس انرژی در زیستگاه\u200cهای نهنگ', 'کاهش جمعیت موجودات غذایی در زیستگاه\u200cهای نهنگ', 'فصلت خانواده\u200cهای نهنگ']",D,آلودگی صوتی توانایی نهنگ‌ها در ناوبری و ارتباط را مختل می‌کند، که منجر به جدایی آن‌ها از خانواده‌هایشان می‌شود.,C,0.6433908939361572,B,0.6806201934814453,False,False,False,False,[0.14300022 0.2080641  0.6433909  0.00554472],[0.17208773 0.6806202  0.01326998 0.13402206]
172,کدام یک از این موارد تعیین می‌کند که آیا یک تخم بارور شده به یک وزغ، یک مار یا یک سوسمار تبدیل می‌شود؟,"['جنس تخم', 'سن تخم', 'اندازه تخم', 'ژن\u200cهای تخم']",D,ویژگی‌های ارثی درون تخم، مسیر رشد و نوع جاندار را مشخص می‌کنند.,A,0.6309426426887512,D,0.7087056040763855,False,True,True,True,[0.63094264 0.2040385  0.00611348 0.15890534],[0.26276305 0.02769502 0.00083632 0.7087056 ]
173,سؤالی: یک شخص یک ماهی بزرگ به نام هالیبوت را صید و اندازه‌گیری می‌کند. او فکر می‌کند که این هالیبوت از نظر اندازه بالاتر از میانگین است. برای کمک به حمایت از تفکر او، اندازه‌گیری چه چیزی بیشتر مفید خواهد بود؟,"['الف) انواع مختلف ماهی\u200cها.', 'ب) بسیاری از ماهی\u200cهای همان نوع.', 'ج) ماهی\u200cهای از همان محل.', 'د) ماهی\u200cها در فصل\u200cهای مختلف.']",B,برای مقایسه صحیح، نیاز به داده‌های فراوان از همان گونه است تا میانگین معتبری حاصل شود.,B,0.8776739239692688,B,0.9912830591201782,True,True,True,True,[0.01418628 0.8776739  0.02650346 0.0816364 ],[0.00242852 0.99128306 0.00114715 0.00514117]
174,در یک سلسله از واکنش‌های شیمیایی، X→Y→Z→A، X به Y تبدیل می‌شود، Y به Z تبدیل می‌شود و Z به A تبدیل می‌شود. کدام واژه فرآیند را توصیف می‌کند اگر تولید A با تبدیل X به Y تداخل داشته باشد؟,"['یک پاسخ مکمل', 'یک سیستم کنترل', 'بازخورد منفی', 'بازخورد مثبت']",C,محصول نهایی تولید مرحله اول را مهار می‌کند که مشخصه تنظیم تعادل از طریق کاهش فعالیت است.,A,0.8090483546257019,B,0.4746915102005005,False,False,False,False,[0.80904835 0.0278468  0.02168711 0.14141771],[0.12096214 0.4746915  0.36969012 0.03465623]
175,بسته‌های آلومینیومی می‌توانند ذوب شوند و به محصولات جدید تبدیل شوند. بازچرخانی آلومینیوم چگونه احتمالاً به نفع جوامع خواهد بود؟,"['افراد انرژی کمتری مصرف خواهند کرد.', 'افراد نوشیدنی بیشتری خواهند نوشید.', 'افراد زباله کمتری به محل\u200cهای دفن زباله اضافه خواهند کرد.', 'افراد چیزهای بیشتری در قوطی خریداری خواهند کرد.']",C,بازیافت آلومینیوم با کاهش زباله‌های ارسالی به محل دفن، فضای کمتری اشغال کرده و آلودگی محیطی را کم می‌کند.,A,0.7380515336990356,C,0.8483311533927917,False,True,True,True,[0.73805153 0.06864949 0.16468157 0.02861736],[0.14741784 0.00310774 0.84833115 0.00114327]
176,تئوری بیگ بنگ بیان می‌کند که جهان,"['در حال انقباض است.', 'آغاز ندارد.', 'به عنوان یک جرم واحد آغاز شده است.', 'به طور مداوم در حال شکل\u200cگیری هیدروژن است.']",C,جهان از یک نقطه بسیار داغ و چگال شروع شده و سپس گسترش یافته است.,B,0.5664430260658264,A,0.8898301720619202,False,False,False,False,[0.23612858 0.566443   0.18389712 0.01353125],[0.8898302  0.02362072 0.08244442 0.00410467]
177,عینک‌ها دارای دو بازو به نام «تمپل» هستند که با مفاصل بسیار کوچک به لنزهای چشم متصل می‌شوند. کدامیک از گزینه‌های زیر مانند مفاصل عینک عمل می‌کند؟,"['زانو', 'انگشتان', 'ستون فقرات گردن', 'پایه\u200cی انگشت شست']",A,این مفصل به بخشی متصل است و امکان حرکت آزادانه آن را فراهم می‌کند، مشابه عملکرد مفصل در عینک.,C,0.9429630637168884,C,0.860020637512207,False,False,False,False,[0.05304271 0.00236723 0.94296306 0.00162697],[0.13188843 0.0040454  0.86002064 0.0040454 ]
178,منبع اصلی انرژی که باعث تبخیر آب از سطح آب‌های موجود می‌شود چیست؟,"['تابش خورشیدی', 'تعریق گیاهان', 'حرارت از توده\u200cهای زمینی نزدیک', 'جریان\u200cهای همرفتی در آب']",A,انرژی خورشید با گرم کردن آب، مولکول‌ها را برای تبدیل به بخار آماده می‌کند.,A,0.9602280855178833,A,0.9984925985336304,True,True,True,True,[0.9602281  0.00439923 0.03301803 0.00235474],[9.9849260e-01 7.0221274e-04 5.4688385e-04 2.5832962e-04]
179,اکثر سیم‌های الکتریکی با پلاستیک یا لاستیک پوشانده شده‌اند. سیم‌ها با پلاستیک یا لاستیک پوشانده شده‌اند زیرا این مواد,"['رسانای برق هستند', 'مدارهای الکتریکی کامل می\u200cسازند', 'رسانای برق نیستند', 'الکتریسیته را سریع حرکت می\u200cدهند']",C,این مواد عایق هستند و از برق‌گرفتگی جلوگیری می‌کنند.,C,0.4204864203929901,C,0.9423484802246094,True,True,True,True,[0.19862372 0.00981194 0.42048642 0.37107795],[0.05337174 0.00296435 0.9423485  0.00131542]
180,کدام یک از این رویدادها تقریباً هر سه ماه یک بار رخ می‌دهد؟,"['جزر و مد بالا', 'ماه نو', 'فصل نو', 'کسوف']",C,تغییر فصل‌ها هر سه ماه یک‌بار در تقویم خورشیدی رخ می‌دهد.,A,0.9165226221084595,A,0.4411983788013458,False,False,False,False,[0.9165226  0.05195976 0.0037056  0.02781205],[0.44119838 0.14435956 0.3893562  0.02508593]
181,مقایسه‌ی اسکلت‌های کدام‌یک از ماهی‌های زیر بهترین نمایش‌دهنده‌ی تکامل یک گونه‌ی ماهی خواهد بود؟,"['یک ماهی نر و یک ماهی ماده که می\u200cتوانند نسل\u200cآوری کنند', 'همان ماهی، درست قبل از اینکه یک برش بخورد و بعد از اینکه بهبود یافت', 'یک ماهی که اخیراً زندگی کرده و یک ماهی که مدت\u200cها پیش زندگی کرده است', 'همان ماهی، بلافاصله بعد از اینکه تخم\u200cگذاری کرد و زمانی که به سن کامل رسید']",C,مقایسه نمونه‌های قدیمی و جدید، تغییرات تکاملی درازمدت را در ساختار استخوانی نشان می‌دهد.,B,0.5969856977462769,B,0.6216533780097961,False,False,False,False,[0.1515324  0.5969857  0.08110945 0.17037244],[0.08413164 0.6216534  0.25914368 0.03507128]
182,سوالی: یک دانش‌آموز در حال سازماندهی یک اتاق است. او یک جعبه را از زمین به روی یک قفسه منتقل می‌کند. او می‌خواهد مقدار انرژی پتانسیل جعبه را روی قفسه تخمین بزند. این دانش‌آموز به چه اطلاعاتی نیاز دارد؟,"['الف) حجم و جرم جعبه', 'ب) جرم قفسه و جرم جعبه', 'ج) جرم جعبه و ارتفاع قفسه', 'د) حجم جعبه و ارتفاع قفسه']",C,انرژی پتانسیل به جرم و ارتفاع بستگی دارد، نه حجم یا جرم قفسه، زیرا شتاب گرانش ثابت است.,C,0.9529887437820435,C,0.9543603658676147,True,True,True,True,[0.02866557 0.00639615 0.95298874 0.01194959],[0.02279785 0.00508689 0.95436037 0.01775499]
183,کدام یک از عناصر زیر کمترین قابلیت هدایت الکتریکی را دارد؟,"['سدیم', 'تنگستن', 'زینک', 'آرگون']",D,گاز نجیب است و الکترون آزاد ندارد، برخلاف فلزات که رسانا هستند.,D,0.49242132902145386,D,0.6664265394210815,True,True,True,True,[0.26357415 0.23260336 0.0114011  0.49242133],[0.11490634 0.21467331 0.0039938  0.66642654]
184,کدامیک از این گزینه‌ها بهترین توصیف را از نحوه شکل‌گیری سطح یک ساحل ارائه می‌دهد؟,"['فرسایش مکانیکی', 'فرسایش شیمیایی', 'حرکت توده\u200cای', 'فوران آتشفشانی']",A,سواحل عمدتاً توسط امواج دریا و فرسایش فیزیکی شکل می‌گیرند.,A,0.7223596572875977,A,0.9877798557281494,True,True,True,True,[0.72235966 0.03186249 0.23543371 0.01034424],[0.98777986 0.0039898  0.005123   0.00310726]
185,علاوه بر اکسیژن، گیاهان در طول فتوسنتز چه چیزی تولید می‌کنند؟,"['A) کلروفیل', 'B) قند', 'C) دی\u200cاکسید کربن', 'D) انرژی نوری']",B,گیاهان در فتوسنتز علاوه بر اکسیژن، گلوکز تولید می‌کنند که برای انرژی و رشد استفاده می‌شود.,C,0.8015420436859131,C,0.6311124563217163,False,False,False,False,[0.0509415  0.10784318 0.80154204 0.03967328],[0.06651876 0.29811642 0.63111246 0.0042524 ]
186,چهار توپ جامد، که هر کدام دارای جرم متفاوتی هستند، با همان سرعت در حال حرکت هستند. کدام توپ برای متوقف کردن حرکت خود به بیشترین نیرو نیاز دارد؟,"['توپ با جرم ۵ کیلوگرم', 'توپ با جرم ۱۰ کیلوگرم', 'توپ با جرم ۱۵ کیلوگرم', 'توپ با جرم ۲۰ کیلوگرم']",D,نیروی توقف متناسب با جرم است، پس جسم سنگین‌تر به نیروی بیشتری نیاز دارد.,D,0.36451348662376404,D,0.5725874900817871,True,True,True,True,[0.2838834  0.321682   0.02992109 0.3645135 ],[0.0247677  0.39353326 0.00911153 0.5725875 ]
187,درون سلول‌ها، مولکول‌های ویژه‌ای پیام‌ها را از غشاء به هسته منتقل می‌کنند. کدام سیستم بدن از فرآیند مشابهی استفاده می‌کند؟,"['سیستم غدد درون\u200cریز', 'سیستم لنفاوی', 'سیستم دفعی', 'سیستم پوششی']",A,این سیستم با ارسال پیام‌های شیمیایی از راه دور، واکنش‌های خاصی را در سلول‌های هدف ایجاد می‌کند.,B,0.9438804388046265,B,0.9939047694206238,False,False,False,False,[5.3510737e-02 9.4388044e-01 2.9427439e-04 2.3146472e-03],[5.2359463e-03 9.9390477e-01 3.2442453e-04 5.3488562e-04]
188,کدام یک از موارد زیر کمترین نقش را در تجزیه و فساد گیاهان و حیوانات مرده دارد؟,"['ال worms', 'قارچ ها', 'ریشه های گیاه', 'میکروارگانیسم ها']",C,ریشه‌ها در جذب مواد مغذی نقش دارند و مستقیماً در تجزیه مواد آلی مرده مشارکت نمی‌کنند.,C,0.8904982805252075,C,0.7582134008407593,True,True,True,False,[0.05731814 0.03939414 0.8904983  0.0127894 ],[0.11673088 0.11673088 0.7582134  0.00832486]
189,کدام یک از این حیوانات دندان‌هایی دارد که بیشتر شبیه دندان‌های انسان است؟,"['گوزن', 'شیر', 'میمون', 'سگ']",C,نزدیک‌ترین خویشاوند انسان است و دندان‌هایش به دلیل رژیم و تکامل مشترک، شباهت زیادی دارد.,A,0.5634350180625916,C,0.4674394130706787,False,True,True,True,[0.563435   0.09867824 0.30158505 0.0363017 ],[0.41251382 0.10429984 0.4674394  0.01574692]
190,در ارگانیسم‌های چندسلولی، ساختارهای مختلف عملکردهای متفاوتی دارند. کدام عملکرد در برگ‌های یک گیاه انجام می‌شود؟,"['جذب غذا', 'تولید گل ها', 'جذب نور', 'تولید دانه ها']",C,برگ‌ها نور خورشید را برای فتوسنتز جذب می‌کنند، در حالی که سایر عملکردها توسط قسمت‌های دیگر گیاه انجام می‌شوند.,C,0.874075710773468,C,0.9989014863967896,True,True,True,True,[0.09266829 0.03008499 0.8740757  0.00317093],[1.0281386e-03 3.6297730e-05 9.9890149e-01 3.4098561e-05]
191,هنگامی که مردم ورزش می کنند، اغلب احساس تشنگی می کنند و شروع به عرق کردن می شوند. مهم است که مردم هنگام ورزش احساس تشنگی کنند زیرا به آنها یادآوری می کند که باید,"['استراحت کنند', 'مایعات بنوشند', 'تنفس خود را slow کنند', 'متوقف شوند و چیزی بخورند']",B,این احساس نشان‌دهنده نیاز بدن به جبران مایعات از دست رفته در اثر فعالیت است.,A,0.9333365559577942,B,0.9906152486801147,False,True,True,True,[0.93333656 0.04655894 0.01712808 0.00297641],[8.7054670e-03 9.9061525e-01 4.8628339e-05 6.3062191e-04]
192,یک بز انرژی را از علفی که می‌خورد دریافت می‌کند. علف از کجا انرژی می‌گیرد؟,"['خاک', 'نور خورشید', 'آب', 'هوا']",B,گیاهان از طریق فتوسنتز انرژی را از [MASK] دریافت می‌کنند.,B,0.9383994340896606,B,0.9957677125930786,True,True,True,True,[6.0107153e-02 9.3839943e-01 3.9253832e-04 1.1009009e-03],[4.0694750e-03 9.9576771e-01 4.3816886e-05 1.1910665e-04]
193,ستاره‌ها مقادیر زیادی انرژی تولید می‌کنند وقتی که هسته‌هایی با جرم کم در حین همجوشی به هسته‌هایی با جرم بیشتر تبدیل می‌شوند. کدام‌یک از چهار نیروی اساسی جهان مسئول انرژی آزاد شده در حین همجوشی است؟,"['نیروی ضعیف', 'نیروی قوی', 'نیروی جاذبه', 'نیروی الکترومغناطیسی']",B,همجوشی هسته‌ای با نیرویی که ذرات هسته را به هم متصل می‌کند، انجام می‌شود و انرژی حاصل از تفاوت جرم آزاد می‌شود.,A,0.8079735636711121,A,0.6772844195365906,False,False,False,False,[0.80797356 0.18063572 0.00253668 0.00885389],[0.6772844  0.3199265  0.00130747 0.00148155]
194,ذرت می‌تواند برای تولید اتانول استفاده شود که سوختی برای برخی ماشین‌ها است. چه مشکلی می‌تواند با افزایش استفاده از اتانول ایجاد شود؟,"['افزایش تولید سوخت\u200cهای فسیلی', 'کاهش تولید ذرت', 'افزایش وضعیت آب و هوایی شدید', 'کاهش مواد مغذی در خاک']",D,کشت بیش‌ازحد ذرت برای اتانول، مواد مغذی خاک را کاهش می‌دهد و حاصلخیزی آن را کم می‌کند.,C,0.5142269730567932,D,0.97237229347229,False,True,True,True,[0.45380372 0.02001678 0.514227   0.01195257],[2.6065122e-02 1.2775869e-03 2.8506818e-04 9.7237229e-01]
195,چرا بخار می‌تواند برای پخت غذا استفاده شود؟,"['الف) بخار بر روی اشیاء کار می\u200cکند.', 'ب) بخار شکلی از آب است.', 'ج) بخار می\u200cتواند گرما را به اشیاء سردتر منتقل کند.', 'د) بخار قادر است از فضاهای کوچک عبور کند.']",C,بخار انرژی گرمایی را به مواد غذایی سردتر منتقل می‌کند و آن را می‌پزد.,C,0.7080464959144592,C,0.9000527858734131,True,True,True,True,[0.07462755 0.20285872 0.7080465  0.01446721],[0.07330589 0.02379894 0.9000528  0.00284238]
196,یک دانش‌آموز سرعت‌هایی را که یک ماربل بزرگ و یک ماربل کوچک در حال پایین آمدن از یک شیب هستند مقایسه کرد. به منظور قابل‌اعتمادتر کردن یافته‌ها، دانش‌آموز باید,"['ماربل\u200cها را از ارتفاعات مختلف رها کند.', 'تجربه را چندین بار تکرار کند.', 'صفحه را با زوایای مختلف کج کند.', 'از دو ماربل هم اندازه استفاده کند.']",B,تکرار آزمایش خطاهای تصادفی را کاهش داده و قابلیت اطمینان نتایج را افزایش می‌دهد.,B,0.8281117677688599,B,0.9617376923561096,True,True,True,True,[0.14474991 0.82811177 0.01525653 0.0118818 ],[3.7290618e-02 9.6173769e-01 4.4792332e-04 5.2367541e-04]
197,کدام دیاگرام بهترین نشان دهنده جریان انرژی در یک زنجیره غذایی ساده است؟,"['برگ\u200cها -> کرم -> پرنده', 'درخت -> پرنده -> کرم', 'برگ\u200cها -> درخت -> کرم', 'کرم -> برگ\u200cها -> پرنده']",A,انرژی ابتدا از تولیدکننده به مصرف‌کننده اولیه و سپس ثانویه منتقل می‌شود.,C,0.957653284072876,C,0.9397487640380859,False,False,False,False,[0.03695138 0.00303315 0.9576533  0.00236222],[5.3224500e-02 6.3567604e-03 9.3974876e-01 6.6999753e-04]
198,کلاس خانم گورڈون در مورد درختان افرا مطالعه می‌کند. کدام ویژگی را می‌توان با یک متر اندازه‌گیری کرد؟,"['جرم یک برگ', 'حجم شیره آن', 'طول یک شاخه', 'دمای پوست آن']",C,متر برای اندازه‌گیری طول استفاده می‌شود و تنها این ویژگی با آن قابل سنجش است.,C,0.9464485049247742,C,0.9964876174926758,True,True,True,True,[0.04721302 0.00297143 0.9464485  0.00336708],[3.1224305e-03 2.1922903e-04 9.9648762e-01 1.7073573e-04]
199,کدام قسمت از اتم بیشترین حجم را اشغال می‌کند؟,"['هسته', 'پروتون\u200cها', 'نوترون\u200cها', 'الکترون\u200cها']",D,حجم اصلی اتم توسط ابر الکترونی اشغال می‌شود، نه [MASK] فشرده.,D,0.6425820589065552,D,0.9813010692596436,True,True,True,True,[0.3439494  0.01167771 0.00179083 0.64258206],[1.7729102e-02 7.7896239e-04 1.9089293e-04 9.8130107e-01]
200,یک نمودار خطی بهترین استفاده را برای چه چیزی دارد؟,"['مقایسه بسیاری از متغیرها.', 'نمایش داده\u200cها به عنوان بخشی از یک کل.', 'پیگیری رابطه بین دو متغیر در طول زمان.', 'سازماندهی داده\u200cها با استفاده از تصاویر اشیاء.']",C,بهترین ابزار برای نمایش تغییرات و روابط بین داده‌ها در طول زمان است.,A,0.5463057160377502,C,0.9884595274925232,False,True,True,True,[0.5463057  0.07451431 0.37547007 0.00370985],[1.0980793e-02 3.8766942e-04 9.8845953e-01 1.7202727e-04]
201,کدام فرآیند در گیاهان بیشترین شباهت را به تولید مثل جنسی در مهره‌داران دارد؟,"['تقسیم سلول', 'تلقیح خودی', 'تلقیح متقاطع', 'توسعه دانه']",C,در هر دو مورد، مواد ژنتیکی از دو والد مجزا ترکیب می‌شود و تنوع ایجاد می‌کند، که مشابه تولیدمثل جنسی در مهره‌داران است.,D,0.42284688353538513,C,0.8043115735054016,False,True,True,True,[0.22633363 0.0943499  0.2564696  0.42284688],[0.08510561 0.0354773  0.8043116  0.07510544]
202,افزایش سطح فسفات در یک دریاچه، جمعیت جلبک‌ها در آن دریاچه را افزایش می‌دهد. افزایش جلبک‌ها، نور خورشید را به دریاچه مسدود کرده و منجر به کاهش اکسیژن حل شده در آب دریاچه می‌شود. چه چیزی را می‌توان به عنوان نتیجه انتظار داشت؟,"['جمعیت گیاهان در دریاچه افزایش می\u200cیابد.', 'پرندگان شکارچی بیشتری بر روی حیوانات دریاچه تغذیه می\u200cکنند.', 'سطح فسفات در دریاچه کاهش می\u200cیابد.', 'جمعیت ماهی\u200cها در دریاچه کاهش می\u200cیابد.']",D,کاهش اکسیژن و نور به دلیل رشد جلبک‌ها، شرایط نامناسبی برای ماهی‌ها ایجاد می‌کند.,D,0.8356484770774841,D,0.9719041585922241,True,True,True,True,[0.14521393 0.013507   0.00563056 0.8356485 ],[2.5698809e-02 1.9816796e-03 4.1538259e-04 9.7190416e-01]
203,کدام یک از موارد زیر بهترین عایق در برابر جریان برق است؟,"['سیم مسی', 'لوله فولادی', 'چسب پلاستیکی', 'فویل آلومینیومی']",C,پلاستیک به دلیل مقاومت بالا در برابر هدایت الکتریسیته، از انتقال جریان جلوگیری می‌کند.,C,0.8684196472167969,C,0.7842077612876892,True,True,True,False,[0.0632778  0.01246014 0.86841965 0.05584246],[0.08265489 0.01287515 0.78420776 0.12026216]
204,ترکیب حلقه‌های زحل چیست؟,"['هیدروژن و هلیوم', 'آمونیاک و متان', 'خوشه\u200cهای زباله\u200cهای فضایی', 'تکه\u200cهای یخ و سنگ']",D,عمدتاً از ذرات یخی و سنگی تشکیل شده که تحت گرانش در مدار قرار گرفته‌اند.,A,0.7898715734481812,D,0.5564343929290771,False,True,True,True,[0.7898716  0.03917207 0.05029794 0.12065849],[0.05819135 0.38243142 0.0029428  0.5564344 ]
205,جان در حال استفاده از پخش‌کننده mp3 خود بود که ناگهان متوقف شد. اولین کاری که جان باید برای حل این مشکل انجام دهد چیست؟,"['شارژ کردن باتری', 'باز کردن پخش\u200cکننده', 'تعویض پخش\u200cکننده با یک مدل جدید', 'تغییر به یک آهنگ دیگر']",A,ابتدا باید باتری را بررسی کرد زیرا کمبود شارژ رایج‌ترین دلیل توقف ناگهانی دستگاه‌های قابل حمل است.,A,0.8930390477180481,A,0.9995642304420471,True,True,True,True,[8.9303905e-01 1.0593168e-01 2.0771660e-04 8.2153507e-04],[9.9956423e-01 4.0328561e-04 8.3699260e-06 2.4219182e-05]
206,به‌منظور تولید نور، اتم‌های داخل یک لامپ روشنایی انرژی الکتریکی را به چه چیزی تبدیل می‌کنند؟,"['انرژی جنبشی.', 'تابش الکترومغناطیسی.', 'انرژی شیمیایی.', 'انرژی حرارتی.']",B,انرژی الکتریکی باعث برانگیختگی الکترون‌ها و آزادسازی فوتون‌ها هنگام بازگشت به حالت پایه می‌شود.,B,0.9756032824516296,B,0.9872374534606934,True,True,True,True,[2.3033790e-02 9.7560328e-01 3.6653446e-04 9.9634402e-04],[1.2500516e-02 9.8723745e-01 1.1878026e-04 1.4327634e-04]
207,بسیاری از خودروها به یک کاتالیزور مجهز هستند، دستگاهی که به حذف هیدروکربن‌ها و اکسیدها از گازهای خروجی خودرو کمک می‌کند. نتیجه این دستگاه کمک به چه چیزی است؟,"['افزایش تولید اوزون.', 'کاهش تولید دوده.', 'افزایش انتشار نیتروژن.', 'کاهش انتشار دی\u200cاکسید کربن.']",B,این دستگاه با تبدیل آلاینده‌ها به مواد کمتر مضر، از تشکیل ذرات سیاه جلوگیری می‌کند.,B,0.9850608706474304,B,0.9945573806762695,True,True,True,True,[1.3928183e-02 9.8506087e-01 2.2512811e-04 7.8577438e-04],[5.2189580e-03 9.9455738e-01 1.0831602e-04 1.1530180e-04]
208,کدام دو سیستم در هنگام حذف زباله و آب از خون در حال عبور از کلیه‌ها درگیر هستند؟,"['سیستم تنفسی و گردش خون', 'سیستم گوارش و تنفسی', 'سیستم گوارش و ادراری', 'سیستم ادراری و گردش خون']",D,کلیه‌ها مواد زائد را دفع می‌کنند و خون از طریق گردش خون به آن‌ها می‌رسد.,D,0.6093827486038208,D,0.5780338644981384,True,True,True,False,[0.06397807 0.00173181 0.32490742 0.60938275],[0.02258859 0.00210107 0.3972765  0.57803386]
209,سوال: یک مگس میوه نر برای رنگ بدنهٔ خاکستری (G) هموزیگوس غالب است و با یک مگس میوهٔ ماده که هموزیگوس مغلوب برای رنگ بدنهٔ ابریشمی (g) است، جفت‌گیری می‌شود. فنوتیپ‌های احتمالی نسل‌های بعدی چیست؟,"['الف) ۲۵٪ خاکستری، ۷۵٪ ابریشمی', 'ب) ۵۰٪ خاکستری، ۵۰٪ ابریشمی', 'ج) ۱۰۰٪ ابریشمی', 'د) ۱۰۰٪ خاکستری']",D,والد نر غالب خالص و والد ماده مغلوب خالص است. تمام فرزندان نسل اول ناهمگون‌زاد خواهند بود و به دلیل غالب بودن صفت، ظاهر خاکستری نشان می‌دهند. بنابراین همه خاکستری هستند، اما گزینه صحیح در لیست موجود نیست و نزدیک‌ترین گزینه انتخاب می‌شود.,A,0.543195903301239,A,0.443869024515152,False,False,False,False,[0.5431959  0.25658756 0.04458823 0.15562823],[0.44386902 0.05219071 0.06007114 0.44386902]
210,ماه فاقد تغییرات آب و هوایی و جوی مانند زمین است. چه چیزی باعث عدم وجود آب و هوا در ماه می‌شود؟,"['کمبود آب', 'وجود سنگ\u200cهای آذرین', 'جو بسیار نازک', 'کمبود قطب\u200cهای مغناطیسی']",C,جو بسیار رقیق ماه قادر به حفظ پدیده‌های جوی مانند باد و باران نیست.,C,0.8708973526954651,C,0.9922444224357605,True,True,True,True,[0.05556597 0.07134812 0.87089735 0.00218846],[5.94637590e-03 1.70366524e-03 9.92244422e-01 1.05560815e-04]
211,چگونه می‌توانید آب مایع را به حالت جامد تبدیل کنید؟,"['آب را در یک مکان بسیار سرد قرار دهید.', 'آب را روی اجاق حرارت دهید.', 'ظرف آب را خیلی سریع تکان دهید.', 'مقدار زیادی نمک به آب اضافه کنید.']",A,برای انجماد آب، باید دمای آن را تا زیر صفر کاهش داد که با قرار دادن در محیط سرد امکان‌پذیر است.,A,0.7665084600448608,A,0.9975301623344421,True,True,True,True,[0.76650846 0.09083396 0.02602437 0.11663312],[9.9753016e-01 1.4953386e-03 2.6809945e-04 7.0634793e-04]
212,تعدادی اسب در یک منطقه محصور در برابر یک خانه چرا کردند. در روزهای بارانی، خاک از یک شیب شسته می‌شد و به سمت خانه می‌رفت. پس از اینکه اسب‌ها چند سال بعد جابجا شدند، در هنگام بارش باران دیگر خاک شسته نمی‌شد. چه چیزی می‌تواند دلیل این تغییر باشد؟,"['علف رشد کرده و خاک را دست نخورده حفظ کرد.', 'پار بررسی خاک را محدود کرد.', 'خاک به طور کامل ناپدید شده بود.', 'مقدار باران کاهش یافت.']",A,با رفتن اسب‌ها، علف رشد کرد و ریشه‌هایش خاک را محکم نگه داشت تا از شسته شدن جلوگیری کند.,A,0.9992259740829468,A,0.9998679161071777,True,True,True,True,[9.9922597e-01 2.1265223e-04 3.8506344e-04 1.7629488e-04],[9.9986792e-01 9.8859411e-05 9.7884076e-06 2.3481169e-05]
213,کدام واحد برای ثبت فاصله بین ستاره‌ها استفاده می‌شود؟,"['مایل', 'کیلومتر', 'سال نوری', 'واحدهای نجومی']",C,برای فواصل نجومی بسیار بزرگ، واحد استاندارد بر اساس مسافت طی شده توسط نور در یک سال استفاده می‌شود.,C,0.9718552827835083,C,0.9465233683586121,True,True,True,False,[2.6013130e-02 2.4717749e-04 9.7185528e-01 1.8843848e-03],[5.3191010e-02 1.1635486e-04 9.4652337e-01 1.6929532e-04]
214,سؤالی: یک موش هموزیگوت برای خز سیاه (BB) است. والد دیگر هتروزگیوت برای خز سیاه با یک صفت مغلوب برای خز قهوه‌ای (Bb) است. اگر سیاه صفت غالب باشد، چه درصدی از نسل‌ها قهوه‌ای خواهند بود؟,"['100%', '50%', '25%', '0%']",D,والد غالب خالص و دیگری ناخالص است، بنابراین همه فرزندان سیاه خواهند بود و هیچ قهوه‌ای تولید نمی‌شود.,A,0.7079511880874634,A,0.6589913368225098,False,False,False,False,[0.7079512  0.20283142 0.05811217 0.03110521],[0.65899134 0.02555187 0.00417123 0.31128547]
215,کدام ویژگی از آستنوفر به توضیح شواهد حرکت صفحات قشری کمک می‌کند؟,"['خصوصیات مغناطیسی', 'وضعیت فیزیکی نیمه\u200cمایع', 'توانایی انحراف بادهای خورشیدی', 'توانایی جذب انرژی حرارتی']",B,به دلیل حالت نیمه‌مایع، امکان حرکت صفحات از طریق جریان‌های همرفتی فراهم می‌شود.,B,0.7921737432479858,B,0.9976391792297363,True,True,True,True,[0.15568389 0.79217374 0.03936305 0.01277931],[1.7229941e-03 9.9763918e-01 3.0891580e-04 3.2883917e-04]
216,کدام یک زمانی اتفاق می‌افتد که انرژی جنبشی مولکول‌های آب افزایش می‌یابد؟,"['بخار آب به یخ تبدیل می\u200cشود.', 'آب مایع به یخ تبدیل می\u200cشود.', 'بخار آب به آب مایع تبدیل می\u200cشود.', 'آب مایع به بخار آب تبدیل می\u200cشود.']",D,افزایش انرژی جنبشی مولکول‌ها باعث جدایی آن‌ها و تبدیل مایع به گاز می‌شود.,C,0.5251621603965759,D,0.7768983840942383,False,True,True,True,[0.24806903 0.03357249 0.52516216 0.19319637],[0.1059664  0.01116878 0.1059664  0.7768984 ]
217,یک دانش‌آموز از گل برای ساخت مدل‌های یک صفحه اقیانوسی و یک صفحه قاره‌ای استفاده می‌کند. کدام ویژگی نمی‌تواند به طور دقیق توسط مدل‌ها نمایش داده شود؟,"['شکل\u200cهای صفحات', 'اندازه\u200cهای نسبی صفحات', 'چگالی\u200cهای نسبی صفحات', 'چیدمان صفحات نسبت به یکدیگر']",C,چگالی ذاتی صفحات با گل قابل شبیه‌سازی دقیق نیست، زیرا مواد تفاوت چگالی واقعی را نشان نمی‌دهند.,C,0.7550958395004272,A,0.6710658073425293,True,False,False,False,[0.19241552 0.02950788 0.75509584 0.02298076],[0.6710658  0.0334104  0.27974185 0.01578196]
218,کدام یک از موارد زیر بهترین شواهد است که یک ناحیه از زمین زمانی توسط یک یخچال طبیعی پوشیده شده بود؟,"['غارهای سنگ\u200cکر کربناتی', 'فسیل\u200cهای دریایی', 'سایش سنگ\u200cهای سطحی', 'لایه\u200cهای پوسته\u200cپوسته سنگ']",C,یخچال‌های طبیعی با حرکت خود سطح سنگ‌ها را صاف و صیقلی می‌کنند که نشانه‌ای از حضور قبلی آن‌هاست.,D,0.41008704900741577,D,0.652466893196106,False,False,False,False,[0.28184843 0.28184843 0.02621599 0.41008705],[0.24096859 0.02833341 0.07823105 0.6524669 ]
219,کدام یک بیشترین تأثیر را بر رنگ چشم‌های یک ‌جوجه‌‌عقاب دارد؟,"['والدین', 'آشیانه', 'رژیم غذایی', 'رفتار']",A,رنگ چشم عمدتاً توسط ژن‌های منتقل‌شده از [MASK] تعیین می‌شود و عوامل محیطی تأثیر کمی دارند.,A,0.7590653300285339,A,0.9728215336799622,True,True,True,True,[0.75906533 0.21705152 0.00353583 0.02034728],[9.7282153e-01 2.6230410e-02 2.9139352e-04 6.5666542e-04]
220,کدامیک از این مواد بهترین هدایت کننده الکتریسیته است؟,"['چوب', 'آجر', 'مس', 'پلاستیک']",C,فلزات به دلیل الکترون‌های آزاد رسانای خوبی هستند، در حالی که مواد دیگر عایق محسوب می‌شوند.,C,0.9915617108345032,C,0.9972391128540039,True,True,True,True,[0.00594228 0.0013259  0.9915617  0.00117011],[2.1729469e-03 3.6598399e-04 9.9723911e-01 2.2198052e-04]
221,دانشمندان برای پاسخ به سوالات تحقیقات انجام می‌دهند. قبل از اینکه نتیجه‌ای معتبر بگیرند، دانشمندان باید,"['شواهد مربوطه را جمع\u200cآوری کنند', 'به مردم درباره داده\u200cها بگویند', 'نتایج تحقیقات را منتشر کنند', 'تحقیقات را با دانشمندان دیگر بحث کنند']",A,برای نتیجه‌گیری معتبر، جمع‌آوری مستندات ضروری است.,A,0.9910882711410522,A,0.9978824257850647,True,True,True,True,[9.9108827e-01 5.9452504e-03 4.8801588e-04 2.4783493e-03],[9.9788243e-01 1.4885805e-03 2.7535972e-04 3.5356884e-04]
222,زمانی که نوری آبی روی یک موز زرد تابیده می‌شود، موز به چه رنگی دیده می‌شود؟,"['آبی', 'زرد', 'سبز', 'سیاه']",D,موز فقط نور [MASK] را بازتاب می‌دهد و نور [MASK] را جذب می‌کند، پس هیچ نوری بازتاب نمی‌شود.,A,0.8020052909851074,A,0.3359113335609436,False,False,False,False,[0.8020053  0.13828304 0.05087149 0.00884014],[0.33591133 0.33591133 0.03173665 0.29644072]
223,کدام یک از موارد زیر بهترین نمایندگی برای ذرات در یک ماده جامد خواهد بود؟,"['بازیکنان فوتبال که در زمین بازی می\u200cکنند.', 'هواپیماها که بر فراز استادیوم فوتبال پرواز می\u200cکنند.', 'تماشاچیانی که در جایگاه\u200cهای خود در استادیوم فوتبال نشسته\u200cاند.', 'تماشاچیانی که به استادیوم فوتبال می\u200cرسند و به سمت جایگاه\u200cهای خود حرکت می\u200cکنند.']",C,ذرات جامد در جای خود ثابت و منظم هستند و تنها ارتعاش جزئی دارند، مشابه تماشاگران نشسته.,B,0.3939911723136902,C,0.5567495822906494,False,True,True,True,[0.21088828 0.39399117 0.0474246  0.34769598],[0.15951143 0.12422763 0.5567496  0.15951143]
224,شرح آزمایش زیر را بخوانید تا به سؤال پاسخ دهید. صد دانه نخود در ظرف‌های پتری قرار داده شد و با حوله‌های کاغذی مرطوب پوشانده شد. سپس ظرف‌های پتری درون کیسه‌های پلاستیکی سیاه گذاشته شدند. نیمی از آن‌ها در یک انکوباتور با دمای 10 درجه سانتی‌گراد قرار گرفتند. نیمی دیگر در انکوباتوری با دمای 30 درجه سانتی‌گراد قرار داده شدند. این آزمایش احتمالاً برای مطالعه تأثیر کدام متغیر بر جوانه‌زنی دانه‌های نخود طراحی شده بود؟,"['دما', 'آب', 'نور', 'نوع دانه']",A,تنها تفاوت بین دو گروه [MASK] بود، زیرا سایر شرایط یکسان نگه داشته شدند.,A,0.9968991279602051,A,0.9965496063232422,True,True,True,False,[9.9689913e-01 1.9132248e-03 4.8373902e-04 7.0383609e-04],[9.9654961e-01 1.9332098e-03 8.0588175e-04 7.1118813e-04]
225,دانشمندان نرخ رشد حوضه اقیانوس اطلس را حدود ۲ تا ۳ سانتی‌متر در سال اندازه‌گیری کرده‌اند. این نوع فعالیت با تشکیل برجستگی‌هایی در کف اقیانوس همزمان است. محتمل‌ترین علت این فعالیت چیست؟,"['فرسایش ناشی از عمل جزر و مدی', 'تجمع رسوب', 'جریان بازالت قاره\u200cای', 'حرکت صفحات تکتونیکی']",D,گسترش کف اقیانوس ناشی از حرکت صفحات زمین‌ساختی است که باعث تشکیل پوسته جدید و برجستگی‌ها می‌شود.,A,0.7315565943717957,D,0.7857032418251038,False,True,True,True,[0.7315566  0.01500609 0.01500609 0.2384312 ],[0.1739498  0.01643465 0.02391227 0.78570324]
226,پیش‌بینی‌های آب و هوایی امروز به خاطر چه چیزی دقیق‌تر از گذشته است؟,"['گرمایش جهانی', 'کنترل کیفیت هوا', 'تکتونیک صفحه\u200cای', 'استفاده از تصاویر فضایی']",D,داده‌های دقیق از فضا امکان تحلیل بهتر جو و بهبود پیش‌بینی‌ها را فراهم کرده است.,A,0.46760815382003784,D,0.9583777785301208,False,True,True,True,[0.46760815 0.05628585 0.00849789 0.46760815],[0.03687116 0.00267094 0.00208013 0.9583778 ]
227,میلیون‌ها نفر در سرتاسر جهان به سرطان مبتلا هستند. آیا سرطان یک بیماری همه‌گیر است؟,"['خیر، زیرا سرطان مسری نیست.', 'خیر، زیرا سرطان همیشه کشنده نیست.', 'بله، زیرا میلیون\u200cها نفر به سرطان مبتلا هستند.', 'بله، زیرا مردم در سرتاسر جهان به سرطان مبتلا هستند.']",A,سرطان مسری نیست و تنها شیوع گسترده آن را همه‌گیر نمی‌کند.,A,0.899599015712738,A,0.9970110654830933,True,True,True,True,[0.899599   0.01894609 0.05070236 0.03075254],[9.9701107e-01 7.0322800e-04 1.4887338e-03 7.9686177e-04]
228,کدامیک از موارد زیر بهترین توضیح را درباره چگونگی انتقال آب توسط ساقه‌ها به سایر بخش‌های گیاه ارائه می‌دهد؟,"['از طریق یک ماده شیمیایی به نام کلروفیل', 'با استفاده از فتوسنتز', 'از طریق یک سیستم لوله\u200cها', 'با تبدیل آب به غذا']",C,آب از طریق لوله‌های ویژه در ساقه به بخش‌های دیگر گیاه منتقل می‌شود.,B,0.8205555081367493,C,0.9920763969421387,False,True,True,True,[0.08631717 0.8205555  0.04077334 0.052354  ],[6.7369859e-03 6.6705194e-04 9.9207640e-01 5.1950052e-04]
229,یک شرکت دارویی نتایج یک آزمایش محدود در مورد ارزش حفاظتی یک ترکیب شیمیایی در برابر دوزهای بالا از پرتوهای UV بر روی سلول‌های پوست را منتشر کرده است. بعداً مشخص شد که نتایج قابل بازتولید نیستند. چه اقداماتی می‌توانستند محققان شرکت انجام دهند تا از انتشار نتایج اشتباه جلوگیری کنند؟,"['عده\u200cای آزمایش\u200cهای متعدد انجام دهند.', 'فقط از سطوح پایین تابش استفاده کنند.', 'از طول موج\u200cهای مختلف تابش استفاده کنند.', 'قبل از تشکیل فرضیه، به نتایج آزمایش\u200cهای مشابه نگاهی بیندازند.']",A,تکرار آزمایش‌ها برای اطمینان از صحت نتایج ضروری است و از انتشار یافته‌های نادرست جلوگیری می‌کند.,A,0.5211475491523743,A,0.48876819014549255,True,True,True,False,[0.52114755 0.00829297 0.01064839 0.4599111 ],[0.4887682  0.01365032 0.00881331 0.4887682 ]
230,پرهای زرد پای طلایی نر هر بهار به رنگ‌های درخشانی تبدیل می‌شوند. کدام گزینه بهترین توصیف کننده دلیل تغییر رنگ پرها در هر سال است؟,"['جهش ژنتیکی', 'رفتار آموخته شده', 'adaption رفتاری', 'adaption فیزیکی']",D,این تغییر فصلی یک سازگاری طبیعی برای جذب جفت است و ناشی از فرآیندهای فیزیولوژیکی درونی می‌باشد.,C,0.7153294086456299,D,0.9368520379066467,False,True,True,True,[0.23223345 0.01682294 0.7153294  0.03561415],[0.05285357 0.00302875 0.0072656  0.93685204]
231,توالی کدام یک از تغییرات انرژی بعد از روشن شدن یک چراغ قوه با باتری رخ می‌دهد؟,"['برقی -> نوری -> شیمیایی', 'برقی -> شیمیایی -> نوری', 'شیمیایی -> نوری -> برقی', 'شیمیایی -> برقی -> نوری']",D,انرژی شیمیایی باتری ابتدا به انرژی الکتریکی و سپس به انرژی نوری تبدیل می‌شود.,A,0.5466046929359436,D,0.8274549245834351,False,True,True,True,[0.5466047  0.42569616 0.00368299 0.02401613],[0.03656948 0.09940615 0.03656948 0.8274549 ]
232,یک جنگل بارانی گرمسیری شامل درختان بلند زیادی است. گیاهان کوچکتر با برگ‌های بزرگ در پای درختان بلند رشد می‌کنند. برگ‌های بزرگ احتمالاً سازگاری این گیاه به دلیل کدام شرایط است؟,"['کمبود نور خورشید', 'کمبود اکسیژن', 'کمبود آب', 'کمبود غذا']",A,به دلیل سایه‌بان متراکم درختان بلند، نور کمی به گیاهان زیرین می‌رسد و برگ‌های بزرگ برای جذب بهتر نور تکامل یافته‌اند.,C,0.9272935390472412,A,0.9998652935028076,False,True,True,True,[0.06691103 0.00202054 0.92729354 0.00377486],[9.9986529e-01 1.0910699e-04 7.9036836e-06 1.7811228e-05]
233,کدام تغییر در سیم یک مدار الکتریکی که به درستی کار می‌کند رخ خواهد داد؟,"['الف) سیم گرم\u200cتر خواهد شد.', 'ب) سیم بخشی از جرم خود را از دست خواهد داد.', 'ج) سیم یک میدان الکتریکی تشکیل خواهد داد.', 'د) سیم یک ساختار بلوری جدید توسعه خواهد داد.']",A,عبور جریان الکتریکی از سیم به طور طبیعی باعث ایجاد میدان الکتریکی در اطراف آن می‌شود.,B,0.6411353349685669,C,0.8625127077102661,False,False,False,False,[0.14417863 0.64113533 0.1272372  0.08744877],[0.1167284  0.01230308 0.8625127  0.00845578]
234,یک میان‌وعده شامل بادام‌زمینی، دانه‌های آفتابگردان، کشمش، بادام و تکه‌های شکلات است. کدام بیان توجیه می‌کند که این یک مخلوط است؟,"['این از بیش از یک ماده تشکیل شده است.', 'فصل جدا سازی مواد غیرممکن است.', 'اجزاء خواص اصلی خود را حفظ می\u200cکنند.', 'اجزاء با یکدیگر ترکیب شیمیایی می\u200cشوند.']",C,هر ماده ویژگی‌های خود را نگه می‌دارد و بدون واکنش شیمیایی قابل جداسازی است.,A,0.9978112578392029,A,0.9781002402305603,False,False,False,False,[9.9781126e-01 1.1820886e-03 2.8968329e-04 7.1697298e-04],[9.7810024e-01 5.1728543e-03 1.5933514e-02 7.9328293e-04]
235,سوال: کدام عبارت توضیح می‌دهد که چگونه عضلات کار می‌کنند تا به یک فرد اجازه دهند از حالت جمع شده، بازوی خود را با راست کردن آرنج، به جلو بکشند؟,"['الف) هم بایسپس و هم تریسپس منقبض می\u200cشوند.', 'ب) هم بایسپس و هم تریسپس شل می\u200cشوند.', 'پ) تریسپس منقبض می\u200cشود و بایسپس شل می\u200cشود.', 'ت) بایسپس منقبض می\u200cشود و تریسپس شل می\u200cشود.']",C,برای باز کردن آرنج، عضله سه‌سر منقبض و عضله دو سر شل می‌شود تا حرکت ممکن گردد.,C,0.6712300777435303,C,0.8267723917961121,True,True,True,True,[0.2798103  0.01554108 0.6712301  0.03341858],[0.08714116 0.00918461 0.8267724  0.07690182]
236,کدام ویژگی می‌تواند توسط یک فرزند انسانی به ارث برسد؟,"['زخم صورت', 'چشمان آبی', 'موهای بلند', 'پا شکسته']",B,ویژگی‌های ژنتیکی از والدین به فرزند منتقل می‌شوند و رنگ چشم یکی از این صفات ارثی است.,B,0.9235552549362183,B,0.9971724152565002,True,True,True,True,[0.05921414 0.92355525 0.01300762 0.00422296],[2.43342249e-03 9.97172415e-01 2.73022422e-04 1.21152974e-04]
237,متداول‌ترین عنصر در ستاره‌ای مانند خورشید چیست؟,"['هلیوم', 'اکسیژن', 'نیتروژن', 'هیدروژن']",D,خورشید عمدتاً از [MASK] تشکیل شده که سوخت اصلی آن است و بیشترین جرم را دارد.,A,0.9455616474151611,A,0.9569050073623657,False,False,False,False,[9.4556165e-01 6.6433870e-04 1.6797114e-04 5.3606048e-02],[9.5690501e-01 6.4214796e-04 1.6236043e-04 4.2290542e-02]
238,در فصل تولید مثل پاییز، شکم یک ماهی قزل آلا نهر به رنگ نارنجی روشن در می‌آید. شکم نارنجی رنگ کمی استتار می‌کند و به جذب ماده‌ها کمک می‌کند. این ویژگی در ماهی قزل آلا نهر تکامل یافته است زیرا، نسبت به ماهی‌های نر با شکم‌های کمرنگ، ماهی‌های نر با شکم‌های نارنجی روشن بیشتر احتمال دارد که,"['در زیستگاه\u200cهای خوب زندگی کنند.', 'توسط شکارچیان خورده شوند.', 'با گونه\u200cهای دیگر ماهی جفت\u200cگیری کنند.', 'تخم\u200cها را بارور کرده و نسل جدیدی تولید کنند.']",D,این رنگ نشان‌دهنده سلامت است و شانس جذب جفت و تولیدمثل موفق را افزایش می‌دهد.,A,0.7761438488960266,D,0.8070434331893921,False,True,True,True,[0.77614385 0.01109274 0.01613984 0.19662355],[0.17867437 0.01008012 0.00420202 0.80704343]
239,مرس‌ها (موش‌ها) چگونه از رفتار آموخته‌شده برای محافظت از خود استفاده می‌کنند؟,"['آنها موهای توخالی دارند تا در زمستان گرم بمانند.', 'آنها در برکه\u200cای از آب گل\u200cآلود غلت می\u200cزنند تا از نیش مگس\u200cها جلوگیری کنند.', 'آنها شنوایی تیزی دارند تا خطر را در جنگل احساس کنند.', 'آنها از سم\u200cهای پهن خود برای جلوگیری از فرو رفتن در برف عمیق استفاده می\u200cکنند.']",B,آنها با غلتیدن در گل، لایه‌ای محافظتی در برابر حشرات ایجاد می‌کنند که رفتاری آموخته‌شده است.,B,0.7380838990211487,B,0.9800664186477661,True,True,True,True,[0.14647724 0.7380839  0.03703524 0.07840361],[0.01568735 0.9800664  0.00212305 0.00212305]
240,بسیاری از عوامل بر سلامت انسان تأثیر می‌گذارند. کدام عبارت بهترین توصیف‌کننده رژیم غذایی و ورزش برای اکثر بزرگسالان است؟,"['انتخاب سبک زندگی', 'عامل محیطی', 'گرایش ژنتیکی', 'رفتار تجویز شده پزشکی']",A,این موارد به انتخاب شخصی بستگی دارند و بخشی از شیوه زندگی هستند که قابل کنترل است.,A,0.39406195282936096,A,0.9063844680786133,True,True,True,True,[0.39406195 0.11290064 0.18614168 0.30689576],[0.90638447 0.0164076  0.00251619 0.07469176]
241,در تابستان، پوست روباه Arctic خاکستری تیره یا قهوه‌ای است. در زمستان، پوست آن سفید است. تغییر در رنگ به روباه این امکان را می‌دهد که,"['در زمستان خشک بماند.', 'در هر زمان غذا پیدا کند.', 'در تابستان گرم بماند.', 'با محیط اطراف خود ادغام شود.']",D,تغییر رنگ پوست با محیط‌های فصلی هماهنگ می‌شود تا استتار بهتر برای شکار و فرار از خطر فراهم شود.,D,0.9557602405548096,D,0.9677849411964417,True,True,True,True,[0.0420342  0.00110281 0.00110281 0.95576024],[2.9053837e-02 2.4224406e-03 7.3880260e-04 9.6778494e-01]
242,باکتری‌ها چگونه می‌توانند برای بدن انسان مفید باشند؟,"['A) باکتری\u200cها به بدن کمک می\u200cکنند تا استخوان\u200cهای قوی داشته باشد.', 'B) باکتری\u200cها به حفظ دمای بدن کمک می\u200cکنند.', 'C) باکتری\u200cها به رساندن اکسیژن به سلول\u200cها کمک می\u200cکنند.', 'D) باکتری\u200cها به هضم غذا کمک می\u200cکنند.']",D,باکتری‌های روده با تجزیه مواد غذایی و تولید آنزیم‌ها به فرآیند گوارش و جذب بهتر مواد مغذی کمک می‌کنند.,A,0.5088486671447754,D,0.8193749785423279,False,True,True,True,[0.50884867 0.08911816 0.12966616 0.2723671 ],[0.14238602 0.02149707 0.01674194 0.819375  ]
243,روز قبل از اینکه کلاس آزمایشگاه انجام دهد، معلم‌شان به آنها یادآوری می‌کند که روز بعد به مدرسه کفش‌های باز نپوشند. کدام توجیه بهترین توضیح برای درخواست معلمشان است؟,"['برای جلوگیری از ریختن مواد شیمیایی', 'برای جلوگیری از صدمه به انگشتان پا یا پاها', 'برای اینکه پاهایشان خسته نشود', 'برای نگه\u200cداشتن آنها در صورت شوک']",B,کفش‌های بسته از پا در برابر آسیب‌های احتمالی مانند بریدگی یا سوختگی در آزمایشگاه محافظت می‌کنند.,B,0.6744346618652344,B,0.9231230020523071,True,True,True,True,[3.1858036e-01 6.7443466e-01 3.7301925e-04 6.6119246e-03],[7.5774550e-02 9.2312300e-01 2.0628686e-04 8.9606934e-04]
244,سوال: بسیاری از خانه‌ها در دامنه‌های تپه‌ها ساخته می‌شوند. کدام یک از این اقدامات بهترین روش برای جلوگیری از سرنگونی خانه‌ها به سمت پایین تپه پس از بارش‌های شدید است؟,"['A) افزایش شیب تپه', 'B) پاشیدن علف\u200cکش\u200cها بر روی تپه', 'C) اضافه کردن گیاهان به تپه', 'D) حذف چمن از تپه']",C,ریشه گیاهان خاک را محکم کرده و از حرکت آن در شیب جلوگیری می‌کند.,A,0.9207337498664856,B,0.521151065826416,False,False,False,False,[0.92073375 0.04597513 0.00540582 0.02788533],[0.19022878 0.52115107 0.24617432 0.04244578]
245,سؤال: شما نیاز دارید محصولات را از بوستون به اروپا منتقل کنید. گزینه‌های شما چیست؟,"['الف) کشتی یا هواپیما', 'ب) کامیون یا کشتی', 'ج) کامیون یا هواپیما', 'د) تونل یا کشتی']",A,انتقال بین‌قاره‌ای نیازمند روش‌های دریایی یا هوایی است که از اقیانوس عبور کنند.,C,0.8042662739753723,A,0.9762320518493652,False,True,True,True,[1.5961154e-01 3.5614144e-02 8.0426627e-01 5.0800852e-04],[9.7623205e-01 2.3320325e-02 3.3264657e-04 1.1495958e-04]
246,زمانی که باران می‌بارد، برخی از حیوانات ___ .,"['برای فصل به خواب زمستانی می\u200cروند', 'به مناطق گرم\u200cتر مهاجرت می\u200cکنند', 'پوشش بدنی خود را تغییر می\u200cدهند', 'برای یافتن پناهگاه حرکت می\u200cکنند']",D,باران رویداد کوتاه‌مدتی است که حیوانات را به جستجوی پناهگاه موقت برای محافظت از خیس شدن و سرما وادار می‌کند.,C,0.3942759931087494,D,0.9396840929985046,False,True,True,True,[0.18624279 0.02520522 0.394276   0.394276  ],[0.05301335 0.00633154 0.00097097 0.9396841 ]
247,دو گیاه یکسان ۳ متر فاصله از یکدیگر کاشته شده‌اند. یک گیاه در حال گل‌دهی است، اما دیگری این‌گونه نیست. یک دانش‌آموز نتیجه‌گیری می‌کند که گیاهان در حال دریافت مقدار نابرابری از آب هستند. توضیح ممکن دیگر اینکه گیاه دیگر در حال گل‌دهی نیست این است که گیاهان,"['بیش از حد به یکدیگر نزدیک هستند.', 'مقدار متفاوتی از نور خورشید دریافت می\u200cکنند.', 'در خاک با محتوای بالای هوموس قرار دارند.', 'مقدار متفاوتی از دی\u200cاکسید کربن دریافت می\u200cکنند.']",B,نور خورشید بر گل‌دهی تأثیر مستقیم دارد و در فاصله ۳ متری، سایه‌اندازی می‌تواند باعث تفاوت شود، در حالی که عوامل دیگر معمولاً یکسان هستند.,B,0.957726240158081,B,0.9918509125709534,True,True,True,True,[0.02894908 0.95772624 0.00829405 0.0050306 ],[7.5139422e-03 9.9185091e-01 3.8597232e-04 2.4920245e-04]
248,باران اسیدی چگونه احتمالاً بر جنگل‌ها تأثیر می‌گذارد؟,"['لایهٔ سطحی خاک تمام مواد مغذی خود را از دست می\u200cدهد.', 'گیاهان شروع به رشد ریشه\u200cهای عمیق\u200cتری می\u200cکنند.', 'حیوانات منابع غذای بیشتری دارند.', 'درختان با گذشت زمان کمتر سالم می\u200cشوند.']",D,باران اسیدی خاک را اسیدی کرده و مواد مغذی را شسته و سموم آزاد می‌کند، که به تدریج سلامت درختان را کاهش می‌دهد.,A,0.5843119025230408,D,0.9305412769317627,False,True,True,True,[0.5843119  0.40002564 0.00348804 0.01217447],[5.9487510e-02 9.1227051e-03 8.4854383e-04 9.3054128e-01]
249,دو لایه سنگ رسوبی در کنار یک تپه نمایان است. تنها یکی از لایه‌ها دارای فسیل است. عدم وجود فسیل در یکی از لایه‌های سنگ رسوبی احتمالاً به دلیل چیست؟,"['تغییر محیط\u200cها.', 'فعالیت\u200cهای آتشفشانی.', 'تغییر نرخ فرسایش.', 'تبخیر آب دریا.']",A,شرایط نامناسب محیطی در زمان تشکیل لایه، امکان حفظ آثار زیستی را از بین می‌برد.,A,0.7126262784004211,A,0.7744210958480835,True,True,True,True,[0.7126263  0.261649   0.00691845 0.01880629],[0.7744211  0.22144245 0.00132707 0.00280941]
250,کدام جفت عنصر دارای مشابه‌ترین خواص است؟,"['لیتیوم و برم', 'ید و کلسیم', 'پتاسیم و هلیوم', 'نیتروژن و فسفر']",D,هر دو در یک گروه جدول تناوبی قرار دارند و آرایش الکترونی مشابهی در لایه ظرفیت دارند.,A,0.7588633298873901,A,0.6378964185714722,False,False,False,False,[0.75886333 0.02309542 0.02617054 0.1918707 ],[0.6378964  0.11128363 0.0170659  0.23375408]
251,کدام یک بهترین تعیین کننده تعداد گرگ‌هایی است که می‌توانند در یک منطقه زندگی کنند؟,"['میزان برف در آن منطقه در هر سال', 'تعداد پرندگانی که در آن منطقه زندگی می\u200cکنند', 'تعداد درختان در آن منطقه', 'میزان غذاهای موجود در آن منطقه']",D,تعداد گرگ‌ها به دلیل وابستگی مستقیم به منابع غذایی توسط ظرفیت برد محیط محدود می‌شود.,A,0.31919583678245544,D,0.8537419438362122,False,True,True,True,[0.31919584 0.28168935 0.28168935 0.11742559],[0.02876053 0.0474181  0.07007941 0.85374194]
252,یک بلوک یخ بر روی یک پیاده‌رو داغ قرار می‌گیرد. یخ ذوب می‌شود زیرا,"['انرژی از یخ به پیاده\u200cرو منتقل می\u200cشود.', 'انرژی از پیاده\u200cرو به یخ منتقل می\u200cشود.', 'جریان\u200cهای همرفت بین یخ و پیاده\u200cرو وجود دارد.', 'تابش بین یخ و پیاده\u200cرو وجود دارد.']",B,گرما از سطح گرم‌تر به جسم سردتر منتقل شده و باعث ذوب آن می‌شود.,B,0.7669192552566528,B,0.3744480013847351,True,True,True,False,[0.10419746 0.76691926 0.01081207 0.11807119],[0.3304492  0.374448   0.20042758 0.09467528]
253,کدام عامل بیشترین تغییر را در یک زمین پوشیده از چمن در طول زمان ایجاد می‌کند؟,"['زمان روز', 'مقدار بارش\u200cهای سالانه', 'تعداد پرندگانی که در آنجا ج nesting می\u200cکنند', 'مهاجرت فصلی حیوانات']",B,میزان بارندگی تأثیر مستقیم و پایدار بر رشد و سلامت پوشش گیاهی دارد و تغییرات آن اکوسیستم را بیشتر دگرگون می‌کند.,B,0.7957130074501038,B,0.9982574582099915,True,True,True,True,[0.13881537 0.795713   0.0144042  0.05106732],[8.5180724e-04 9.9825746e-01 3.2330956e-04 5.6742597e-04]
254,دانش‌آموزان باید از اطلاعات موجود در جدول چه نتیجه‌گیری کنند؟,"['چیزهای شبیه گیاه بیشتر هستند.', 'چیزهای شبیه حیوان بیشتر هستند.', 'چیزهای شبیه گیاه نمی\u200cتوانند به تنهایی حرکت کنند.', 'چیزهای شبیه حیوان، چیزهای شبیه گیاه را می\u200cخورند.']",A,گیاهان برخلاف حیوانات قادر به حرکت ارادی نیستند و این ویژگی در جدول نشان داده شده است.,A,0.6685104966163635,C,0.9187524914741516,True,False,False,False,[0.6685105  0.21534461 0.05444764 0.06169726],[0.0754158  0.00482117 0.9187525  0.00101057]
255,کدام یک از این فعالیت‌ها برای صرفه‌جویی در آب استفاده می‌شود؟,"['کاشت محصولاتی که در خشکسالی زنده می\u200cمانند', 'روشن نگه\u200cداشتن آب در حین مسواک زدن', 'شستن وسایل نقلیه به\u200cطور مکرر', 'آبیاری علف\u200cها پس از بارش باران']",A,این روش نیاز آبی کمتری دارد و از هدررفت آب جلوگیری می‌کند، برخلاف سایر فعالیت‌های پرمصرف.,B,0.6402204632759094,A,0.95453941822052,False,True,True,True,[0.34268534 0.64022046 0.00203768 0.01505654],[0.9545394  0.03693929 0.00113304 0.00738832]
256,سؤال: چه نوع تبدیل انرژی هنگام لرزیدن یک شخص اتفاق می‌افتد و انرژی منتقل شده باعث حرکت عضلات و مفاصل می‌شود؟,"['الف) انرژی جنبشی به انرژی پتانسیل', 'ب) انرژی حرارتی به انرژی جنبشی', 'ج) انرژی پتانسیل به انرژی شیمیایی', 'د) انرژی شیمیایی به انرژی مکانیکی']",D,انرژی ذخیره‌شده در مولکول‌های بدن به انرژی حرکتی عضلات تبدیل می‌شود.,A,0.7917184233665466,A,0.539897084236145,False,False,False,False,[0.7917184  0.03069825 0.00092701 0.17665626],[0.5398971  0.03850367 0.00112694 0.42047226]
257,سوال: یخ، یک سنگ و یک تکه آلومینیوم چه ویژگی مشترکی دارند؟,"['الف) همه آن\u200cها جامد هستند.', 'ب) همه آن\u200cها مایع هستند.', 'ج) همه آن\u200cها مواد معدنی هستند.', 'د) همه آن\u200cها عناصر هستند.']",A,همه در دمای معمولی شکل و حجم ثابت دارند و جاری نمی‌شوند.,A,0.9901699423789978,A,0.9815836548805237,True,True,True,False,[0.99016994 0.0011481  0.00353641 0.00514544],[0.98158365 0.00242362 0.0108619  0.0051308 ]
258,ستاره‌های دریایی مصرف‌کنندگانی هستند که در اکوسیستم برکه‌های جزر و مدی زندگی می‌کنند که به‌طور متناوب زیر آب و در معرض آب قرار می‌گیرند. این نوع اکوسیستم حاوی آنمون‌های سمی و بسیاری از گونه‌های صدف‌ماهیان است. مزیت ستاره دریایی در این اکوسیستم این است که می‌تواند:,"['صدف\u200cها را باز کند.', 'یک نور کوچک تولید کند.', 'به سرعت در بستر دریا حرکت کند.', 'در جو فشرده آب\u200cهای عمیق زنده بماند.']",A,توانایی باز کردن پوسته‌ی صدف‌ها با فشار مداوم، مزیت تغذیه‌ای در این محیط غنی از صدف‌ماهیان است.,A,0.626559853553772,A,0.9921958446502686,True,True,True,True,[0.62655985 0.12289595 0.0191435  0.23140062],[0.99219584 0.00452354 0.00114373 0.00213677]
259,اسکایر در حال انتخاب نوع کاغذی است که می‌خواهد برای درست کردن یک کارت تبریک استفاده کند. او می‌خواهد کاغذی انتخاب کند که به راحتی پاره نشود. کدام یک از ویژگی‌های کاغذ برای اسکایر مهم‌ترین است؟,"['رنگ', 'اندازه', 'نرمی', 'ضخامت']",D,کاغذ ضخیم‌تر به دلیل ساختار محکم‌تر، مقاومت بیشتری در برابر پارگی دارد.,D,0.9460147619247437,D,0.9983404874801636,True,True,True,True,[0.01047853 0.00206335 0.04144339 0.94601476],[1.5485893e-03 8.7365428e-05 2.3514087e-05 9.9834049e-01]
260,شخصی درخت بلوط زنده‌ای را قطع می‌کند. آن شخص چوب درخت بلوط را می‌سوزاند تا آب را بجوشاند. کدام ترتیب به درستی تحولات انرژی که از درخت زنده تا آب جوشیده رخ داده است را مرتب می‌کند؟,"['انرژی نوری → انرژی شیمیایی → انرژی حرارتی', 'انرژی حرارتی → انرژی شیمیایی → انرژی نوری', 'انرژی شیمیایی → انرژی مکانیکی → انرژی الکتریکی', 'انرژی الکتریکی → انرژی مکانیکی → انرژی شیمیایی']",A,درخت نور را به انرژی شیمیایی تبدیل می‌کند که با سوزاندن به گرما تبدیل شده و برای جوشاندن آب استفاده می‌شود.,A,0.9405416250228882,A,0.9963886737823486,True,True,True,True,[0.9405416  0.0467811  0.00441984 0.00825736],[0.9963887  0.00104527 0.00152086 0.00104527]
261,دانش‌آموزان سنگ‌های مختلفی را در شن انداختند تا تأثیرات شهابی را شبیه‌سازی کنند. هدف آن‌ها تعیین این بود که کدام سنگ عمیق‌ترین حفره را ایجاد می‌کند. کدام متغیر را باید دانش‌آموزان کنترل کنند تا نتایج دقیقتری به دست آورند؟,"['ارتفاعی که سنگ\u200cها از آن رها می\u200cشوند', 'زمان متوسطی که سنگ\u200cها برای سقوط نیاز دارند', 'چگالی سنگ\u200cها', 'جرم سنگ\u200cها']",A,ارتفاع رهاسازی متغیر کلیدی است که انرژی برخورد را تعیین می‌کند و با کنترل آن، تأثیر سایر عوامل به‌طور دقیق سنجیده می‌شود.,C,0.6027483344078064,A,0.9972323775291443,False,True,True,True,[0.36416006 0.02346256 0.60274833 0.00962902],[9.9723238e-01 2.1686926e-03 1.1493649e-04 4.8390072e-04]
262,کدام یک از گزینه‌های زیر بهترین توصیف را از هدف کروموزوم‌ها در هسته سلول ارائه می‌دهد؟,"['ذخیره دستورالعمل\u200cهای ژنتیکی مورد نیاز برای مشخص کردن ویژگی\u200cها', 'آزادسازی انرژی با تجزیه مولکول\u200cهای غذایی', 'انتقال مواد مغذی به داخل و خارج از سلول', 'محافظت از سلول\u200cها در برابر میکروارگانیسم\u200cها']",A,آنها حاوی DNA هستند که دستورالعمل‌های ژنتیکی برای تعیین صفات را نگه می‌دارند.,A,0.9813180565834045,A,0.9987971782684326,True,True,True,True,[0.98131806 0.0122808  0.00188332 0.00451785],[9.98797178e-01 8.08488461e-04 1.06050604e-04 2.88275449e-04]
263,سوال: یک لاک‌پشت که کرم‌ها می‌خورد نمونه‌ای از,"['الف) تنفس', 'ب) تولید مثل', 'ج) دفع زباله', 'د) جذب مواد مغذی']",D,خوردن غذا برای کسب انرژی و مواد مورد نیاز بدن، بخشی از فرآیند تغذیه است که به جذب مواد مغذی مربوط می‌شود.,B,0.4723110496997833,D,0.9626464247703552,False,True,True,True,[0.12035555 0.47231105 0.08271907 0.32461432],[0.02861873 0.00234917 0.0063857  0.9626464 ]
264,سوال: جمعیت‌هایی که در یک مکان زندگی می‌کنند تشکیل می‌دهند,"['الف) جامعه', 'ب) سیستم', 'ج) زیستگاه', 'د) گونه']",A,گروه‌هایی که در یک منطقه زندگی و با هم تعامل دارند، واحد بزرگتری را می‌سازند که با این مفهوم مطابقت دارد.,A,0.9011216163635254,A,0.6751400828361511,True,True,True,False,[0.9011216  0.0101088  0.06489567 0.02387378],[0.6751401  0.02989624 0.24643733 0.04852639]
265,آمیلاز بزاقی یک آنزیم در بدن انسان است که کربوهیدرات‌ها را از غذای مصرفی هضم می‌کند. زمانی که غذا مختلط با بزاق وارد معده می‌شود، عمل آمیلاز بزاقی به طور چشمگیری کند می‌شود. چه چیزی باعث می‌شود آمیلاز بزاقی از هضم غذا متوقف شود؟,"['A) pH معده پایین\u200cتر از دهان است.', 'B) غلظت غذا در معده کاهش می\u200cیابد.', 'C) دمای غذا در معده افزایش می\u200cیابد.', 'D) غذا در دهان بیشتر از معده مخلوط می\u200cشود.']",A,محیط اسیدی معده ساختار آنزیم را تغییر داده و عملکرد آن را متوقف می‌کند.,A,0.46560433506965637,A,0.7373054623603821,True,True,True,True,[0.46560434 0.32000488 0.19409277 0.02029803],[0.73730546 0.20959766 0.04127223 0.01182469]
266,یک دانش‌آموز در تلاش است تا معدنی را شناسایی کند که درخشندگی غیرفلزی دارد و سیاه است. همچنین می‌توان با ناخن آن را خراشید. طبق برگه مرجع مواد معدنی، این مینرال ناشناس احتمالاً,"['میکا.', 'مگنتیت.', 'هورنبلند.', 'کوارتز.']",A,این ماده معدنی با سختی کم، رنگ تیره و درخشش غیرفلزی مشخص می‌شود که تنها با یکی از گزینه‌ها مطابقت دارد.,C,0.6327065825462341,C,0.7827653288841248,False,False,False,False,[0.10994792 0.20540975 0.6327066  0.05193572],[0.07309348 0.13655661 0.7827653  0.00758456]
267,درونی زمین از چندین لایه فیزیکی مختلف تشکیل شده است. لایه جامد زمین که بر روی یک لایه ویسکوز حرکت می‌کند، به نام کدام شناخته می‌شود؟,"['هسته', 'قشر', 'آستنوسفر', 'جو']",B,این لایه نیمه‌مذاب در گوشته، امکان حرکت صفحات زمین را فراهم می‌کند.,B,0.9693231582641602,B,0.9775685667991638,True,True,True,True,[2.5844203e-02 9.6932316e-01 4.4214218e-03 4.1125630e-04],[6.5483237e-03 9.7756857e-01 1.5708612e-02 1.7450690e-04]
268,یک نجار یک تکه چوب را با یک ورق نازک کاغذ پوشاند. او تکه چوب پوشیده شده را با چکش ضربه زد. ضربه باعث ایجاد یک سوراخ کوچک در کاغذ شد که بوی دود می‌داد. این رویداد احتمالاً چه نوع انتقال انرژی را نشان می‌دهد؟,"['A) شیمیایی به حرارتی', 'B) مکانیکی به حرارتی', 'C) مکانیکی به شیمیایی', 'D) شیمیایی به مکانیکی']",B,ضربه چکش گرما تولید می‌کند که کاغذ را می‌سوزاند و دود ایجاد می‌کند.,A,0.6270864009857178,B,0.5530703067779541,False,True,True,True,[0.6270864  0.26243162 0.0957919  0.01469016],[0.4307316  0.5530703  0.01473882 0.00145934]
269,نماد شیمیایی نیوبیم Nb است. بر اساس نماد آن، چه نتیجه‌ای می‌توان از نیوبیم گرفت؟,"['الف) نیوبیم یک ترکیب است.', 'ب) نیوبیم یک عنصر است.', 'ج) نیوبیم یک فلز است.', 'د) نیوبیم یک مخلوط است.']",B,نمادهای شیمیایی منحصربه‌فرد، فقط برای عناصر استفاده می‌شوند.,B,0.9169761538505554,B,0.942177951335907,True,True,True,True,[0.05839178 0.91697615 0.01672953 0.00790247],[0.02481567 0.94217795 0.02811984 0.0048865 ]
270,دانشمندان چگونه به نظریه تکتونیک صفحات رسیدند؟,"['با تعیین سن گدازه\u200cهای بالا آمده در مرزهای اقیانوس', 'با تعیین ترکیب رسوبات سنگ آهک', 'با تعیین نرخ فرسایش رشته\u200cکوه\u200cها', 'با تعیین نوع سنگ رسوبی تشکیل شده در خشکی']",A,دانشمندان با بررسی سن گدازه‌های بازالتی در مرز اقیانوس‌ها، الگوی جوان‌تر شدن سنگ‌ها به سمت پشته‌های میانی را کشف کردند که شاهد گسترش بستر دریا و اساس این نظریه است.,A,0.9342116713523865,A,0.9950571060180664,True,True,True,True,[0.9342117  0.04076676 0.01699411 0.00802745],[9.9505711e-01 4.0824870e-03 4.3029097e-04 4.3029097e-04]
271,کدام سیستم بدنی وظیفه اصلی‌اش ادامه نسل است؟,"['گوارش', 'عصبی', 'ادراری', 'تولیدی']",D,این سیستم مسئول تولید مثل و تداوم نسل در موجودات زنده است.,A,0.8802451491355896,D,0.9433709383010864,False,True,True,True,[0.88024515 0.10513029 0.00469184 0.00993263],[3.6293808e-02 1.9426676e-02 9.0859761e-04 9.4337094e-01]
272,پرستوهای آبی ترجیح می‌دهند در نزدیکی مکان‌های باز و علفی زندگی کنند. کجا بیشتر احتمال دارد که یک پرستو آبی پیدا کنید؟,"['سد', 'ساحل', 'زمین بازی', 'پارکینگ']",C,این پرندگان محیط‌های باز و سبز را برای زندگی ترجیح می‌دهند و چنین مکان‌هایی شرایط مناسب برایشان فراهم می‌کند.,C,0.5889759659767151,B,0.8941680192947388,True,False,False,False,[0.1912125  0.21667215 0.58897597 0.00313933],[0.03059675 0.894168   0.07339778 0.00183748]
273,چرا رقابت بین نرها در فصل جفت‌گیری در برخی از گونه‌های حیوانی مهم است؟,"['این اطمینان می\u200cدهد که ژن\u200cهای بهترین حیوانات منتقل می\u200cشود.', 'این به ماده\u200cها اجازه می\u200cدهد که بین نرهای بالغ و جوان تمایز قائل شوند.', 'این به گونه\u200cها راه\u200cهای جدیدی برای ارتباط فراهم می\u200cکند.', 'این سرعت فرآیند تولید مثل را افزایش می\u200cدهد.']",A,رقابت نرها تضمین می‌کند که ژن‌های برتر به نسل بعد منتقل شوند و سازگاری گونه بهبود یابد.,A,0.857846200466156,A,0.9875512719154358,True,True,True,True,[0.8578462  0.13065875 0.00400769 0.00748734],[9.8755127e-01 1.0949298e-02 1.0184433e-03 4.8107855e-04]
274,زمانی که از دستکش‌های فر برای خارج کردن قابلمه‌های داغ از فر استفاده می‌شود، این دستکش‌ها در حال خدمت به عنوان,"['رساناها.', 'عایق\u200cها.', 'بازتاب\u200cدهنده\u200cها.', 'انتقال\u200cدهنده\u200cها.']",B,این دستکش‌ها با جلوگیری از انتقال حرارت، از دست‌ها در برابر دما محافظت می‌کنند.,B,0.8417088985443115,B,0.8073622584342957,True,True,True,False,[0.07852083 0.8417089  0.00124949 0.07852083],[1.8085194e-01 8.0736226e-01 1.3355273e-04 1.1652156e-02]
275,کدام ویژگی بهترین کمک را به یک حیوان در دفاع از خود در برابر شکارچیان می‌کند؟,"['دم بلند یک گربه', 'پشم ضخیم یک سگ', 'دم مسطح یک بیور', 'بوی قوی یک پوست کلفت']",D,این ویژگی با ایجاد صدا و امواج قوی در آب، شکارچیان را می‌ترساند و فرار را ممکن می‌سازد، همچنین به عنوان هشدار برای دیگران عمل می‌کند.,A,0.6521759629249573,A,0.8516579866409302,False,False,False,False,[0.65217596 0.07819617 0.02876676 0.24086115],[0.851658   0.015721   0.07860006 0.05402098]
276,کدام عامل پاسخ مبارزه یا فرار یک حیوان را تحریک خواهد کرد؟,"['اندازه جمعیت', 'رقابت برای غذا', 'دماهای فصلی', 'حفاظت از محیط زیست']",B,دسترسی به منابع حیاتی مانند خوراک، مستقیماً غریزه بقا را فعال کرده و واکنش فوری تدافعی یا گریز را برمی‌انگیزد.,B,0.9290708899497986,B,0.9960877895355225,True,True,True,True,[0.04102033 0.9290709  0.00795215 0.0219566 ],[2.781460e-03 9.960878e-01 5.477020e-04 5.830257e-04]
277,برخی از متخصصان بهداشتی توصیه می‌کنند که کودکان قبل از بیرون رفتن از اسپری‌های دافع حشرات استفاده کنند. استفاده از اسپری دافع حشرات راه خوبی است برای جلوگیری از,"['تکثیر.', 'تخم\u200cگذاری.', 'گسترش بیماری.', 'مردن.']",C,این اسپری‌ها با دور کردن حشرات ناقل، از انتقال بیماری‌ها از طریق گزش جلوگیری می‌کنند.,A,0.5510239005088806,C,0.5716199278831482,False,True,True,True,[0.5510239  0.42913786 0.00326373 0.01657461],[0.16441284 0.18630415 0.5716199  0.07766312]
278,تلسکوپ برای همه موارد زیر استفاده می‌شود به جز,"['برای اندازه\u200cگیری چگالی جو زمین.', 'برای یادگیری بیشتر درباره ستاره\u200cها و سیارات.', 'برای مشاهده سطح ماه.', 'برای درک بهتر زمین.']",A,تلسکوپ برای مشاهده اجرام دور آسمانی است، نه سنجش ویژگی‌های جو زمین که با ابزارهای دیگر انجام می‌شود.,A,0.4647045135498047,A,0.8511975407600403,True,True,True,True,[0.4647045  0.21951087 0.28185755 0.03392711],[0.85119754 0.02901283 0.11474795 0.00504167]
279,از اطلاعات زیر برای پاسخ به سوال استفاده کنید. هر موجودی در زمین بخشی از یک رابطه پیچیده با سایر موجودات است. این رابطه به نام شبکه غذایی شناخته می‌شود. موجودات زیر بخشی از یک شبکه غذایی هستند که معمولاً در اطراف یک مخزن قرار دارند: جلبک، ماهی، خرگوش، عقاب، درخت کاج، چمن، موش میدانی. کدام یک از اعضای شبکه غذایی گوشتخوار است؟,"['موش میدانی', 'عقاب', 'خرگوش', 'جلبک']",B,پرنده شکارچی است که از حیوانات دیگر تغذیه می‌کند.,D,0.3689463436603546,C,0.59492027759552,False,False,False,False,[0.22377726 0.08168241 0.325594   0.36894634],[0.28102043 0.10338164 0.5949203  0.02067763]
280,کدام اندام در قورباغه دارای عملکردی مشابه با عملکرد ریه‌ها در پرندگان است؟,"['کلیه', 'پوست', 'کبد', 'قلب']",B,[MASK] قورباغه مستقیماً تبادل گاز انجام می‌دهد، همانند نقش تنفسی ریه در پرندگان.,A,0.8890508413314819,A,0.9037241339683533,False,False,False,False,[0.88905084 0.0236924  0.03042165 0.05683512],[0.90372413 0.03986228 0.01124367 0.04516988]
281,هنگامی که کلید در یک مدار ساده سری بسته می‌شود، چه اتفاقی برای لامپی می‌افتد که جریان برق به آن می‌رسد؟,"['لامپ ترک می\u200cخورد', 'لامپ خاموش می\u200cشود', 'لامپ سوخته می\u200cشود', 'لامپ روشن می\u200cشود']",D,با بسته شدن کلید، مدار کامل شده و جریان باعث روشنایی لامپ می‌شود.,B,0.6136348247528076,D,0.6508300304412842,False,True,True,True,[0.2887305  0.6136348  0.01426318 0.08337148],[0.1276564  0.21212055 0.00939302 0.65083003]
282,یک قورباغه سبز در یک جنگل زندگی می‌کند. رنگ سبز قورباغه چگونه به بقا آن کمک می‌کند؟,"['با کمک به قورباغه در یافتن قورباغه\u200cهای دیگر', 'با خنک نگه داشتن قورباغه', 'با سخت کردن دیدن قورباغه وقتی بر روی برگ\u200cها نشسته است', 'با اجازه دادن به قورباغه برای تهیه غذای خود']",C,با هماهنگی با محیط، تشخیص آن را برای شکارچیان دشوار می‌کند و بقا را افزایش می‌دهد.,C,0.5594077110290527,C,0.9859064817428589,True,True,True,True,[0.266318   0.09797291 0.5594077  0.07630139],[1.1038332e-02 2.9709269e-03 9.8590648e-01 8.4278712e-05]
283,کشیدگی جاذبه در زمین نتیجه مستقیم کدام یک از عوامل زیر است؟,"['جرم زمین.', 'میدان مغناطیسی زمین.', 'چرخش زمین حول محور خود.', 'وزن جو زمین.']",A,کشیدگی گرانشی مستقیماً ناشی از جرم است، نه عوامل دیگر.,C,0.7561115622520447,A,0.9805921316146851,False,True,True,True,[0.13242301 0.10313115 0.75611156 0.00833427],[9.8059213e-01 3.1332250e-03 1.5911831e-02 3.6269714e-04]
284,دو ماده شیمیایی در یک چرک‌ در حال نشستن در حمام آب یخ مخلوط می‌شوند. یخ در آب در حین واکنش مواد شیمیایی به مدت یک دقیقه ذوب می‌شود. چه نوع واکنشی در حال انجام است؟,"['A).endothermic، که در آن انرژی جذب می\u200cشود', 'B)endothermic، که در آن انرژی آزاد می\u200cشود', 'C)exothermic، که در آن انرژی جذب می\u200cشود', 'D)exothermic، که در آن انرژی آزاد می\u200cشود']",D,ذوب یخ نشان‌دهنده جذب انرژی است که مشخصه واکنش‌های اندوترمیک می‌باشد.,A,0.9560917019844055,A,0.9971542358398438,False,False,False,False,[0.9560917  0.00568235 0.00936862 0.02885737],[9.9715424e-01 7.9309416e-04 1.1539452e-03 8.9869346e-04]
285,تمام عناصر موجود در سمت چپ جدول تناوبی عناصر چه ویژگی‌های مشترکی دارند؟,"['آنها در دمای اتاق جامد هستند.', 'آنها برق را هدایت نمی\u200cکنند.', 'آنها شکننده و کدر هستند.', 'آنها رادیواکتیو هستند.']",A,فلزات قلیایی و خاکی در این ناحیه معمولاً ناپایدار بوده و به دلیل ساختار اتمی خاص، رادیواکتیویته دارند.,B,0.7048388719558716,D,0.9404020309448242,False,False,False,False,[0.17890868 0.7048389  0.10851359 0.00773883],[0.04663732 0.01197746 0.00098317 0.94040203]
286,در تاریخ ۲۱ فوریه، یک دانش‌آموز مشاهده می‌کند که ماه در آسمان شب صاف قابل مشاهده نیست. در چه تاریخی این دانش‌آموز دوباره نمی‌تواند ماه را در آسمان شب صاف ببیند؟,"['۲۸ فوریه', '۷ مارس', '۱۴ مارس', '۲۱ مارس']",D,ماه در حالت نو دیده نمی‌شود و این چرخه هر ۲۹.۵ روز تکرار می‌شود. از ۲۱ فوریه تا [MASK] حدود ۱۴ روز می‌گذرد که نیمی از این دوره است. در این زمان، ماه در وضعیت بدر قرار دارد و کاملاً قابل مشاهده است، بنابراین دانش‌آموز می‌تواند آن را ببیند. برای عدم رویت مجدد، باید کل چرخه سپری شود که حدود ۲۲ مارس رخ می‌دهد، اما گزینه نزدیک به آن تاریخ متفاوت است.,D,0.5305875539779663,C,0.6504812836647034,True,False,False,False,[0.28400308 0.15201588 0.03339346 0.53058755],[0.07648446 0.186366   0.6504813  0.08666825]
287,کدام یک از جملات بهترین توصیف از نظریه انتخاب طبیعی است؟,"['این نظریه بقای یک گونه را تضمین می\u200cکند.', 'این نظریه اندازه جمعیت را افزایش می\u200cدهد.', 'این نظریه نیازمند آن است که افراد یکسان باشند.', 'این نظریه در طول زمان طولانی رخ می\u200cدهد.']",D,این نظریه بر اساس تغییرات تدریجی در طول زمان طولانی عمل می‌کند، نه تضمین بقا یا افزایش جمعیت.,A,0.8406674861907959,A,0.7589184045791626,False,False,False,False,[0.8406675  0.12841792 0.01353515 0.01737948],[0.7589184  0.21658607 0.00130815 0.02318749]
288,کدام یک از موارد زیر نقش مرکزی کربن در شیمی موجودات زنده است؟,"['کربن تنها می\u200cتواند با سایر اتم\u200cهای کربن پیوند برقرار کند.', 'کربن یک حلال است که پیوندهای شیمیایی را قطع می\u200cکند.', 'کربن به راحتی پیوندهای یونی تشکیل می\u200cدهد که به راحتی جدا می\u200cشوند.', 'کربن می\u200cتواند انواع مختلفی از مولکول\u200cها را با پیوندهای کووالانسی تشکیل دهد.']",D,کربن با چهار الکترون ظرفیتی، پیوندهای کووالانسی پایدار و متنوعی با عناصر دیگر تشکیل می‌دهد و امکان ساخت مولکول‌های آلی پیچیده و ضروری برای حیات را فراهم می‌کند.,D,0.7795183062553406,D,0.9644243121147156,True,True,True,True,[0.19786449 0.02069247 0.0019247  0.7795183 ],[3.2872129e-02 2.3812489e-03 3.2226701e-04 9.6442431e-01]
289,یک جغد به شکار موش‌هایی می‌رود که در مزارع یک کشاورز زندگی می‌کنند. پس از این که کشاورز محصولات را جمع‌آوری می‌کند، موش‌ها مکان‌های کمتری برای پنهان شدن دارند. پس از جمع‌آوری محصولات، کدام یک از موارد زیر بیشتر محتمل است؟,"['جغد موش\u200cهای بیشتری را شکار خواهد کرد.', 'جغد در یک مزرعه دیگر شکار خواهد کرد.', 'جغد مواد جدیدی برای ساخت لانه\u200cاش خواهد داشت.', 'جغد برای تغذیه جوجه\u200cهایش با مشکل مواجه خواهد شد.']",A,با کاهش پناهگاه موش‌ها، شکار برای جغد آسان‌تر می‌شود و تعداد شکار افزایش می‌یابد.,A,0.9588761329650879,A,0.9991612434387207,True,True,True,True,[0.95887613 0.02557815 0.00206703 0.01347874],[9.9916124e-01 5.4405292e-04 9.4542214e-05 2.0014586e-04]
290,در یک سیم مسی، افزایش دما نتیجه کدام یک از موارد زیر است؟,"['افزایش اندازه ذرات مس', 'کاهش جرم ذرات مس', 'افزایش حرکت ذرات مس', 'کاهش فاصله بین ذرات مس']",C,افزایش دما انرژی جنبشی ذرات را زیاد می‌کند و حرکت آن‌ها بیشتر می‌شود.,C,0.900049090385437,C,0.9841288328170776,True,True,True,True,[0.09449463 0.00255785 0.9000491  0.00289843],[1.4037844e-02 1.3057229e-03 9.8412883e-01 5.2755972e-04]
291,میشل یک تحقیق انجام داد اما نتایج با فرضیه‌اش مطابقت نداشت. میشل باید چه کار بعدی انجام دهد؟,"['تحقیق را به شیوه\u200cای متفاوت انجام دهد', 'فرضیه را تغییر دهد تا با نتایج مطابقت پیدا کند', 'تحقیق دیگری انتخاب کند', 'تحقیق را تکرار کند']",D,در روش علمی، تکرار آزمایش برای تأیید نتایج و حذف خطا ضروری است، نه تغییر فرضیه یا موضوع.,B,0.8307163715362549,A,0.542106032371521,False,False,False,False,[1.6389756e-01 8.3071637e-01 5.1356253e-04 4.8725461e-03],[0.54210603 0.08248769 0.00282257 0.3725837 ]
292,بزرگترین جسم در منظومه شمسی ما چیست؟,"['زمین.', 'خورشید.', 'سیاره مشتری.', 'ماه.']",B,ستاره مرکزی منظومه که بیش از ۹۹ درصد جرم کل را دارد و سیارات به دور آن می‌گردند.,B,0.9989551305770874,B,0.9986035227775574,True,True,True,False,[9.1628230e-04 9.9895513e-01 6.4333115e-05 6.4333115e-05],[1.0399476e-03 9.9860352e-01 1.4520921e-04 2.1127817e-04]
293,اسکار در حال بررسی این است که چند روز طول می‌کشد تا جوجه‌ای از تخم بیرون بیاید. کدام تعداد تخم می‌تواند به اسکار نتایج قابل اطمینان‌تری بدهد؟,"['۱', '۳', '۵', '۷']",D,نمونه‌های بیشتر میانگین دقیق‌تری فراهم کرده و خطاهای تصادفی را کاهش می‌دهند.,D,0.7975864410400391,B,0.43437260389328003,True,False,False,False,[0.03909385 0.13645095 0.02686878 0.79758644],[0.00680497 0.4343726  0.12444984 0.4343726 ]
294,کدامیک بهترین نمایانگر استفاده از انرژی مکانیکی است؟,"['A) یک لامپ که حرارت تولید می\u200cکند', 'B) یک شمع که نور تولید می\u200cکند', 'C) یک میخ که کوبیده می\u200cشود', 'D) یک قوطی که زنگ می\u200cزند']",C,کوبیدن میخ مستلزم حرکت و نیرو است که انرژی مکانیکی را برای انجام کار مستقیم به کار می‌برد.,A,0.6901668310165405,C,0.9237360954284668,False,True,True,True,[0.69016683 0.15399703 0.10584052 0.04999552],[0.06691522 0.00716388 0.9237361  0.00218486]
295,زمانی که یک موج فشاری از میان یک محیط عبور می‌کند، این محیط در چه جهتی جابجا می‌شود؟,"['به سمت بالا', 'به سمت پایین', 'در همان جهت', 'در جهت مخالف']",C,ذرات در موج طولی در راستای انتشار موج نوسان می‌کنند.,C,0.41098394989967346,C,0.7928228974342346,True,True,True,True,[0.15119255 0.11774888 0.41098395 0.32007462],[0.03098219 0.02129372 0.7928229  0.15490119]
296,کدام یک از این ستاره‌ها بیشتر با خورشید مشابه است؟,"['ستاره غول قرمز آرکتوروس', 'ستاره کوتوله سفید سیریوس ب', 'ستاره اصلی زنجیره آلفا منسای', 'ستاره فوق\u200cغول آبی ریگل']",C,این ستاره از نظر نوع طیفی، دما و مرحله تکاملی کاملاً مشابه خورشید است.,A,0.5158240795135498,B,0.6801518797874451,False,False,False,False,[0.5158241  0.35452038 0.01545532 0.11420023],[0.17196932 0.6801519  0.05583027 0.09204855]
297,نکتار مایعی شیرین است که برخی از گیاهان گلدار تولید می‌کنند. یک مرغ مگس‌خوار نکتار را از یک گل می‌نوشد. وقتی یک مرغ مگس‌خوار نکتار می‌نوشد، گرده از گل به منقار مرغ مگس‌خوار می‌چسبد. تصویر یک مرغ مگس‌خوار را نشان می‌دهد که در حال نوشیدن نکتار از یک گل است. کدام جمله نقش یک مرغ مگس‌خوار را در چرخه زندگی یک گیاه گلدار توضیح می‌دهد؟,"['الف) یک مرغ مگس\u200cخوار غذا را به گیاه می\u200cآورد.', 'ب) یک مرغ مگس\u200cخوار به گیاه در تولید مثل کمک می\u200cکند.', 'ج) یک مرغ مگس\u200cخوار از گیاه در برابر شکارچیان محافظت می\u200cکند.', 'د) یک مرغ مگس\u200cخوار باعث می\u200cشود گل\u200cها نکتار تولید کنند.']",B,مرغ مگس‌خوار با انتقال گرده بین گل‌ها، فرآیند تولیدمثل گیاهان را تسهیل می‌کند.,D,0.7951335906982422,B,0.9250119924545288,False,True,True,True,[0.17776515 0.0210658  0.00603545 0.7951336 ],[0.02465073 0.925012   0.00428366 0.04605363]
298,یک دانش آموز یک ماشین اسباب بازی قرمز را بر روی یک کف چوبی هل می‌دهد. سپس دانش آموز همان ماشین اسباب بازی قرمز را بر روی یک کف سیمانی هل می‌دهد. این دانش آموز احتمالاً در حال بررسی کدام سوال است؟,"['چقدر یک ماشین اسباب بازی معمولاً سریع می\u200cچرخد؟', 'بهترین راه برای به حرکت درآوردن یک ماشین اسباب بازی چیست؟', 'کدام سطح اجازه می\u200cدهد ماشین اسباب بازی مسافت بیشتری را طی کند؟', 'آیا رنگ تأثیری بر مسافتی که یک ماشین اسباب بازی طی می\u200cکند دارد؟']",C,دانش‌آموز تأثیر نوع کف بر مسافت حرکت را با تغییر سطح و مقایسه مسافت آزمایش می‌کند.,D,0.8933945894241333,C,0.9945899248123169,False,True,True,True,[0.03917643 0.00283793 0.06459101 0.8933946 ],[4.6419892e-03 2.7877311e-04 9.9458992e-01 4.8926205e-04]
299,دستگاه سونار امواجی را به اعماق دریا ارسال کرده و اندازه‌گیری می‌کند,"['تاخیر زمانی امواج بازتابیده شده.', 'شکست امواج منتقل شده.', 'جهت امواج منتقل شده.', 'تداخل امواج منتقل شده و بازتابیده شده.']",A,سونار با محاسبه زمان بازگشت امواج صوتی، عمق را تعیین می‌کند زیرا سرعت صوت در آب ثابت است.,A,0.9963020086288452,A,0.9952912330627441,True,True,True,False,[9.9630201e-01 3.2083897e-03 1.0640733e-04 3.8318752e-04],[9.9529123e-01 3.5965983e-03 2.0290620e-04 9.0936245e-04]
300,کری یک چراغ قوه ساده ساخت. او موارد زیر را در دفترچه آزمایشگاه خود ثبت کرد. کدام یک از این موارد استنتاج است؟,"['سیم ۳۵ سانتی\u200cمتر طول داشت.', 'چراغ قوه دارای یک باتری بود.', 'کلید پلاستیکی بهتر از کلید فلزی بود.', 'لامپ به مدت ۲۰ دقیقه قبل از سوختن روشن بود.']",C,این گزینه بر اساس مقایسه و قضاوت شخصی است، نه مشاهده مستقیم، که آن را به نتیجه‌گیری تبدیل می‌کند.,B,0.5088019967079163,D,0.45295417308807373,False,False,False,False,[0.16518383 0.508802   0.01741025 0.308604  ],[0.2156385  0.27688533 0.05452196 0.45295417]
301,یک توپ از ارتفاع‌های مختلف رها می‌شود. هنگامی که توپ از بالاترین ارتفاع رها می‌شود، هنگام برخورد به زمین بیشترین سر و صدا یا لرزش را ایجاد می‌کند. بهترین توضیح برای اینکه توپ بیشترین صدا را ایجاد می‌کند چیست؟,"['هوای بیشتری به پایین فشار می\u200cآورد و توپ سریع\u200cتر می\u200cرود.', 'جاذبه به مدت طولانی\u200cتری کشش دارد و توپ سریع\u200cتر می\u200cرود.', 'توپ در حال افزایش وزن است و سریع\u200cتر می\u200cرود.', 'توپ در حال گرم شدن است و سریع\u200cتر می\u200cرود.']",B,سقوط طولانی‌تر به جاذبه زمان بیشتری برای افزایش سرعت می‌دهد، که برخورد پرانرژی‌تر و پرصداتر ایجاد می‌کند.,A,0.9184097647666931,B,0.9437020421028137,False,True,True,True,[0.91840976 0.05876934 0.00120081 0.02162003],[5.3240027e-02 9.4370204e-01 8.6054485e-04 2.1974782e-03]
302,یک گیاه‌شناس کود جدیدی توسعه داد که بر روی انواع مختلف گیاهان تحت شرایط مختلف آزمایش شد. نتایج نشان داد که این کود رشد گیاه را افزایش می‌دهد. بهترین راه برای تأیید نتایج چیست؟,"['اجازه دادن به یک آزمایشگاه دیگر تا آزمایش\u200cها را تکرار کند', 'نتایج را چندین بار بررسی کند', 'یک فرضیه جدید توسعه دهد تا آزمایش کند', 'روش را تغییر دهد']",A,تکرار آزمایش توسط گروهی مستقل، اعتبار نتایج را بدون سوگیری تأیید می‌کند.,A,0.9392221570014954,A,0.9521681666374207,True,True,True,True,[9.3922216e-01 5.9575208e-02 1.1146881e-04 1.0911580e-03],[9.52168167e-01 4.76842411e-02 3.13191995e-05 1.16364936e-04]
303,کوچکترین ذره منفی بار در یک اتم کجا یافت می‌شود؟,"['هسته', 'مدارها در هسته', 'مدارها در اطراف هسته', 'بین پروتون و نوترون']",C,ذرات منفی در مدارهای بیرونی اتم قرار دارند، نه در [MASK].,A,0.5739134550094604,C,0.4977676272392273,False,True,True,True,[0.57391346 0.14454232 0.00938579 0.27215856],[0.11193807 0.3876618  0.49776763 0.00263253]
304,یک دانشمند در سفر میدانی خود یک ارگانیزم جدید کشف کرد. او سلول‌های آن را زیر میکروسکوپ بررسی کرد و چندین ساختار مختلف، از جمله هسته، دیواره سلولی و برخی کلروپلاست‌ها را مشاهده کرد. این ارگانیزم به کدام یک از پادشاهی‌های زیر به درستی طبقه بندی می‌شود؟,"['الف) حیوانات', 'ب) مونیرا', 'ج) گیاهان', 'د) قارچ\u200cها']",C,دارای کلروپلاست و دیواره سلولی است که ویژگی‌های اصلی این گروه را نشان می‌دهد.,C,0.8100864291191101,C,0.9823693633079529,True,True,True,True,[0.02793704 0.0959981  0.8100864  0.06597847],[0.00251235 0.00849916 0.98236936 0.00661915]
305,سؤالی: یک دانش‌آموز با استفاده از کم‌نورترین حالت میکروسکوپ نوری یک اوگلنا و یک آمیبا را مشاهده کرد. این دانش‌آموز نور باریکی را در بالای لایه پوششی تاباند. او مشاهده کرد که اوگلنا به سمت نور شنا کرد اما آمیبا این کار را نکرد. او می‌دانست که آمیبا زنده است زیرا در حالی که او تماشا می‌کرد به آرامی شکلش تغییر کرد. دانش‌آموز باید از مشاهداتش چه نتیجه‌گیری کند؟,"['الف) یک آمیبا تنها می\u200cتواند به سمت چپ و راست حرکت کند.', 'ب) یک آمیبا نمی\u200cتواند به نور پاسخ دهد.', 'ج) یک آمیبا demasiado کند است تا بتواند دیده شود.', 'د) یک آمیبا فقط زمانی حرکت می\u200cکند که گرسنه است.']",B,آمیبا با وجود زنده بودن و تغییر شکل، به نور واکنش نشان نداد، در حالی که اوگلنا به سمت نور حرکت کرد. این نشان می‌دهد آمیبا قادر به پاسخ به نور نیست.,D,0.849229097366333,B,0.9639538526535034,False,True,True,True,[0.08915913 0.04772344 0.01388831 0.8492291 ],[0.02302702 0.96395385 0.00214185 0.0108772 ]
306,اگر یک آزمایش منجر به داده‌هایی شود که از فرضیه حمایت نمی‌کند، مرحله بعدی که احتمالاً باید انجام شود چیست؟,"['داده\u200cها را تغییر دهید تا از فرضیه حمایت کند.', 'آزمایش را بدون استفاده از گروه\u200cهای کنترل انجام دهید.', 'مشاهداتی انجام دهید و فرضیه قابل آزمایش دیگری تشکیل دهید.', 'آزمایش را با استفاده از تعداد بیشتری از متغیرها انجام دهید.']",C,در روش علمی، محقق باید با مشاهده‌های تازه، فرضیه‌ای جدید و قابل آزمایش بسازد تا دانش پیشرفت کند.,C,0.7798704504966736,C,0.9637531042098999,True,True,True,True,[0.19718213 0.01428383 0.77987045 0.00866358],[3.3236466e-02 2.1247361e-03 9.6375310e-01 8.8572182e-04]
307,انواع مختلفی از حرکت در سامانه خورشیدی ما وجود دارد. کدام نوع حرکت یک سال زمین را توصیف می‌کند؟,"['چرخش خورشید به دور زمین', 'چرخش زمین به دور خورشید', 'چرخش خورشید به دور زمین', 'چرخش زمین به دور خورشید']",B,یک سال بر اساس گردش کامل سیاره ما به دور ستاره مرکزی تعریف می‌شود که حدود ۳۶۵ روز طول می‌کشد.,B,0.9245228171348572,B,0.9536070823669434,True,True,True,True,[0.05898744 0.9245228  0.00332784 0.01316188],[3.9585456e-03 9.5360708e-01 5.3573091e-04 4.1898571e-02]
308,کدام یک از این موارد بهترین تعریف بیماری‌های واگیردار است؟,"['آنها قابل درمان هستند.', 'آنها توسط باکتری\u200cها ایجاد می\u200cشوند.', 'آنها به دیگران منتقل می\u200cشوند.', 'آنها فقط در زمستان منتشر می\u200cشوند.']",C,این بیماری‌ها از فردی به فرد دیگر سرایت می‌کنند.,B,0.8850762844085693,C,0.9964632391929626,False,True,True,True,[0.09328635 0.8850763  0.00881363 0.01282375],[2.7770791e-03 5.8210746e-04 9.9646324e-01 1.7753274e-04]
309,کدامیک از شرایط زیر بهترین توضیح را می‌دهد که چرا در استوا گرم‌تر از قطب شمال است؟,"['الف) استوا مساحت بیشتری نسبت به قطب شمال دارد.', 'ب) استوا به خورشید نزدیک\u200cتر از قطب شمال است.', 'ج) استوا نور مستقیم خورشید بیشتری نسبت به قطب شمال دریافت می\u200cکند.', 'د) استوا در سال ساعات بیشتری از روز را نسبت به قطب شمال دارد.']",C,نور خورشید در استوا مستقیم‌تر و متمرکزتر می‌تابد، در حالی که در قطب با زاویه باز پخش می‌شود و انرژی کم‌تری می‌رسد.,B,0.4389623701572418,C,0.9618086218833923,False,True,True,True,[0.16022854 0.43896237 0.34186423 0.05894479],[0.01747905 0.01747905 0.9618086  0.0032333 ]
310,کدام بیان بهترین توصیف را از یک نمونه مایع ارائه می‌دهد؟,"['اگر به یک ظرف بزرگتر منتقل شود، حجم آن حفظ می\u200cشود.', 'هنگام منتقل شدن به یک ظرف بزرگتر، شکل آن حفظ می\u200cشود.', 'حجم آن می\u200cتواند با اعمال فشار به شدت کاهش یابد.', 'شکل آن می\u200cتواند با افزایش دما تغییر کند.']",A,مایعات حجم ثابت دارند و با تغییر ظرف، شکلشان عوض می‌شود ولی حجمشان حفظ می‌گردد.,A,0.5236883163452148,A,0.964607298374176,True,True,True,True,[0.5236883  0.19265416 0.19265416 0.09100338],[0.9646073  0.02912862 0.00120228 0.00506179]
311,کدام عبارت بهترین توصیف را از جرم یک جسم ارائه می‌دهد؟,"['وزن جسم', 'حجم جسم', 'مقدار ماده در جسم', 'مقدار کشش گرانشی بر روی جسم']",C,جرم نشان‌دهنده میزان ماده درون جسم است و ویژگی ذاتی آن محسوب می‌شود، برخلاف وزن که وابسته به گرانش است.,D,0.5853555202484131,C,0.9959710240364075,False,True,True,True,[0.18929623 0.01084754 0.21450073 0.5853555 ],[3.5640791e-03 8.9224974e-05 9.9597102e-01 3.7565117e-04]
312,سؤالی: یک دانش‌آموز مشاهده می‌کند که روی در یک بررسی آزمایشگاهی از حالت جامد به مایع تبدیل می‌شود. کدام عبارت تغییرات روی اتم‌ها را در حین ذوب توصیف می‌کند؟,"['الف) جرم اتم\u200cهای روی کاهش یافت.', 'ب) اتم\u200cهای روی موقعیت ثابت نسبی خود را از دست دادند.', 'ج) اتم\u200cهای روی به اتم\u200cهای عنصر دیگری تبدیل شدند.', 'د) اندازه اتم\u200cهای روی کاهش یافت.']",B,در ذوب، پیوندها ضعیف‌تر می‌شوند و اتم‌ها آزادانه‌تر حرکت می‌کنند، اما جرم و هویت آن‌ها ثابت می‌ماند.,B,0.6503100991249084,B,0.9159982800483704,True,True,True,True,[0.18559058 0.6503101  0.03654495 0.12755442],[0.04596255 0.9159983  0.00693931 0.03109982]
313,کدام‌یک از موارد زیر به عنوان مثال‌هایی از نحوهٔ تعامل زمین و ماه نیست؟,"['فازهای ماه.', 'جزر و مدها در زمین.', 'فصل\u200cها در زمین.', 'گرفتگی\u200cهای ماه.']",C,فصل‌ها به دلیل انحراف محور زمین به دور خورشید ایجاد می‌شوند و ارتباطی با ماه ندارند.,A,0.3879740536212921,C,0.6862061023712158,False,True,True,True,[0.38797405 0.38797405 0.12595673 0.0980952 ],[0.13618177 0.15431416 0.6862061  0.02329795]
314,در یک اکوسیستم مرتع، اگر جمعیت عقاب‌ها به طور ناگهانی کاهش یابد، تأثیر آن بر روی بقیه اکوسیستم چه خواهد بود؟,"['اکوسیستم با مارها بیش از حد جمعیت پیدا خواهد کرد.', 'جمعیت مارها در اکوسیستم کاهش خواهد یافت.', 'مواد مغذی خاک در اکوسیستم کاهش خواهد یافت.', 'انواع بیشتری از گیاهان در اکوسیستم شروع به رشد می\u200cکنند.']",A,کاهش شکارچیان مارها منجر به افزایش جمعیت آن‌ها می‌شود، نه کاهش.,C,0.5144751071929932,C,0.4398977756500244,False,False,False,False,[0.18852694 0.27430508 0.5144751  0.02269293],[0.38820842 0.08594692 0.43989778 0.08594692]
315,"بطلمیوس یک منجمد باستانی بود که فکر می کرد زمین مرکز جهان است. وقتی که او مشاهداتی انجام داد که با این نظریه ناسازگار بودند، پدیده ای به نام ""اپی‌سیکل‌ها"" را برای توضیح این مشاهدات پیشنهاد داد. چگونه فرآیند بطلمیوس به فرآیند علمی مدرن شبیه بود؟","['الف) بطلمیوس مدل خود را جزئی بر اساس یک سیستم باور بود.', 'ب) مشاهدات بطلمیوس را ترغیب کرد که توضیحات خود را تعدیل کند.', 'ج) بطلمیوس سعی کرد جهان را توصیف کند به جای اینکه آن را توضیح دهد.', 'د) آزمایش\u200cها اساس مدل بطلمیوس از جهان بودند.']",B,او با مشاهده ناسازگاری‌ها، نظریه را تعدیل کرد که مشابه تطبیق مدل با شواهد در علم مدرن است.,A,0.7408284544944763,A,0.9447013735771179,False,False,False,False,[0.74082845 0.24051179 0.00340402 0.01525575],[0.9447014  0.04134546 0.00568362 0.00826961]
316,"شواهد جدید نشان می‌دهد که ""نقاط داغ"" ممکن است در پاسخ به تنش‌های ""چرخشی"" بر روی صفحات تشکیل شوند. فرض بر این است که این تنش‌ها ممکن است در نهایت منجر به جدایی صفحه تکتونیکی در ناحیه نقطه داغ شوند. کدام یک از ویژگی‌های جغرافیایی بیشتر تحت تأثیر جدایی یک صفحه تکتونیکی قرار خواهد گرفت؟","['هیمالیا', 'جزایر هاوایی', 'گسل سن آندreas', 'رشته کوه میانه اقیانوس اطلس']",B,جدایی صفحه در مرزهای واگرا رخ می‌دهد که با تشکیل پشته‌های اقیانوسی مرتبط است.,C,0.6291631460189819,B,0.5300265550613403,False,True,True,True,[0.13983797 0.17955549 0.62916315 0.05144351],[0.04968682 0.53002656 0.41278508 0.00750159]
317,همه اینها روش هایی برای ایمن ماندن در اطراف برق هستند به جز,"['دور ماندن از خطوط برق.', 'استفاده از کابل های در وضعیت خوب.', 'اتصال چندین دستگاه به یک پریز.', 'نگه داشتن برق دور از آب.']",C,این کار خطر اضافه‌بار و حادثه ایجاد می‌کند، برخلاف سایر روش‌های ایمن.,A,0.6692801117897034,A,0.5748414397239685,False,False,False,False,[0.6692801  0.1692205  0.0121629  0.14933658],[0.57484144 0.14421162 0.04131732 0.23962955]
318,چه چیزی به گالیله در قرن هفدهم امکان مشاهده قمرهای مشتری را داد؟,"['مشتری در طول زندگی او به زمین نزدیک شد.', 'او متوجه شد که تمام سیارات دور خورشید می\u200cچرخند.', 'او ابزارهای پیشرفته\u200cای برای مشاهده آسمان اختراع کرد.', 'دانشمندان قبلی علاقه\u200cای به آسمان نشان ندادند.']",C,اختراع ابزار دقیق رصدی امکان مشاهده اجرام دور را فراهم کرد.,B,0.5764684081077576,C,0.774983823299408,False,True,True,True,[0.21042053 0.5764684  0.21042053 0.00269052],[0.17427851 0.04915751 0.7749838  0.00158017]
319,یک دانش آموز از یک متر pH برای اندازه‌گیری اسیدیته یک نمونه آب از دریاچه استفاده می‌کند. احتمالاً دانش آموز با چه هدفی آب را آزمایش می‌کند؟,"['برای یادگیری اینکه چه موجوداتی می\u200cتوانند در دریاچه زنده بمانند', 'برای تعیین سن دریاچه', 'برای درک چگونگی استفاده مردم از دریاچه', 'برای پیدا کردن عمق دریاچه']",A,اندازه‌گیری pH نشان‌دهنده شرایط محیطی مناسب برای حیات موجودات آبزی است.,A,0.909792423248291,A,0.9967005848884583,True,True,True,True,[0.9097924  0.05132698 0.00774921 0.03113138],[9.9670058e-01 2.1590856e-03 4.8175710e-04 6.5848388e-04]
320,در قرن هفدهم، گالیله فرضیه‌ای را برای توضیح نحوه کار پمپ‌های مکشی ارائه داد. فرضیه گالیله رد شد، اما بعداً به تورریچلی در توسعه ابزاری برای اندازه‌گیری فشار جوی کمک کرد. فرضیه گالیله احتمالاً چگونه به توسعه این فناوری جدید کمک کرد؟,"['با هدایت گالیله به طراحی فناوری متفاوتی', 'با اجازه دادن به یک دانشمند دیگر برای نقد فرضیه گالیله', 'با ارائه شواهدی از تأثیرات فشار جوی', 'با الهام بخشیدن به یک دانشمند دیگر برای آزمایش یک فرضیه جایگزین']",D,فرضیه گالیله با مطرح کردن ایده خلأ، زمینه را برای آزمایش فرضیه جایگزین درباره فشار هوا فراهم کرد که منجر به ساخت فشارسنج شد.,D,0.5693270564079285,D,0.9850286245346069,True,True,True,True,[0.20944372 0.03639586 0.18483344 0.56932706],[0.01246037 0.00148818 0.00102281 0.9850286 ]
321,رابطه بین یک جامعه و یک جمعیت چیست؟,"['یک جمعیت کوچکتر از یک جامعه است.', 'یک جمعیت بزرگتر از یک جامعه است.', 'یک جمعیت شامل جوامع موجوداتی است که با یکدیگر در تعامل هستند.', 'یک جامعه شامل جمعیت\u200cهای موجوداتی است که با یکدیگر در تعامل هستند.']",D,جامعه در سطح بالاتری قرار دارد و شامل گروه‌های مختلف گونه‌ها است که با هم تعامل دارند.,C,0.7808389067649841,C,0.655398428440094,False,False,False,False,[0.03857315 0.00771512 0.7808389  0.17287286],[0.06096155 0.01042929 0.6553984  0.2732107 ]
322,بیشتر آتش‌فشان‌ها به دلیل تعاملات بین دو صفحه تکتونیکی توسعه می‌یابند. کدام یک از تعاملات صفحه‌های تکتونیکی کمتر احتمال دارد که فعالیت آتش‌نشانی تولید کند؟,"['دو صفحه اقیانوسی واگرا', 'دو صفحه اقیانوسی همگرا', 'دو صفحه قاره\u200cای واگرا', 'دو صفحه قاره\u200cای همگرا']",D,صفحات قاره‌ای واگرا به دلیل ضخامت و ترکیب سنگ‌ها، کمتر منجر به فعالیت آتشفشانی می‌شوند.,A,0.6621690392494202,B,0.4233342111110687,False,False,False,False,[0.66216904 0.14774989 0.04233105 0.14774989],[0.37359113 0.4233342  0.09519948 0.10787514]
323,کدام یک از ویژگی‌های انسانی اکتسابی است؟,"['رنگ چشم', 'رنگ مو', 'قد', 'لهجه کلامی']",D,این ویژگی از طریق یادگیری و محیط اجتماعی به دست می‌آید، نه از طریق وراثت.,D,0.8818545341491699,D,0.9784532189369202,True,True,True,True,[0.09276543 0.02345477 0.00192528 0.88185453],[1.7851129e-02 3.5150957e-03 1.8056160e-04 9.7845322e-01]
324,زنبورها فقط طول‌موج‌های نور زرد، آبی و ماوراء بنفش را می‌توانند مشاهده کنند. بسیاری از گل‌های گیاهان شامل علامت‌گذاری‌های زرد، آبی و ماوراء بنفش هستند که در نزدیکی مرکز گل قرار دارند. کدام جمله توضیح می‌دهد که کدام موجودات از این موقعیت بهره‌مند می‌شوند و چرا؟,"['فقط گیاهان بهره\u200cمند می\u200cشوند، زیرا زنبورها نمی\u200cتوانند به منبع غذایی در گیاه دسترسی داشته باشند.', 'فقط زنبورها بهره\u200cمند می\u200cشوند، زیرا گل\u200cها توسط زنبورها آسیب می\u200cبینند.', 'نه زنبورها و نه گیاهان بهره\u200cمند می\u200cشوند، زیرا این موضوع به تولید مثل هیچ یک کمک نمی\u200cکند.', 'هم زنبورها و هم گیاهان بهره\u200cمند می\u200cشوند، زیرا زنبورها غذا پیدا می\u200cکنند و گیاهان در تولید مثل یاری می\u200cشوند.']",D,این نشانه‌ها به زنبورها کمک می‌کند تا غذا پیدا کنند و گیاهان را در گرده‌افشانی یاری می‌دهند، که برای هر دو مفید است.,D,0.7847609519958496,D,0.9331639409065247,True,True,True,True,[1.7578918e-01 3.9223865e-02 2.2605777e-04 7.8476095e-01],[5.9655175e-02 7.1247946e-03 5.6125271e-05 9.3316394e-01]
325,کدام یک از این موارد وظیفه‌ای است که تمامی سلول‌ها دارند؟,"['جذب مواد مغذی و گازها از خون', 'استخراج انرژی از غذا برای ادامه حیات', 'تولید غذا با استفاده از آب و دی\u200cاکسید کربن', 'دادن شکل و حمایت سازه\u200cای به یک موجود زنده']",B,همه سلول‌ها برای زنده ماندن باید انرژی از غذا بگیرند، برخلاف کارهای تخصصی برخی سلول‌ها.,A,0.4865584969520569,A,0.5598365068435669,False,False,False,False,[0.4865585  0.42938635 0.01871911 0.06533609],[0.5598365  0.43600112 0.00122464 0.00293775]
326,تایرون دو سنگ را در یک بطری پلاستیکی حاوی آب قرار داد و آن را تکان داد. پس از اینکه تکان دادن بطری را متوقف کرد، مشاهده کرد که قطعات کوچک سنگ‌ها در آب شناور هستند. بهترین پیش‌بینی که او می‌تواند بر اساس این مشاهده انجام دهد چیست؟ اگر تکان دادن بطری باعث می‌شود که قطعات سنگ‌ها جدا شوند،,"['آنگاه استفاده از آب سرد باعث جدا شدن قطعات بیشتری خواهد شد.', 'آنگاه استفاده از آب داغ باعث تغییر رنگ سنگ\u200cها خواهد شد.', 'آنگاه تکان دادن برای مدت طولانی\u200cتر باعث جدا شدن قطعات بیشتری خواهد شد.', 'آنگاه تکان دادن برای مدت کوتاه\u200cتر باعث تغییر رنگ سنگ\u200cها خواهد شد.']",C,تکان طولانی‌تر انرژی بیشتری وارد می‌کند و فرآیند جداسازی را افزایش می‌دهد، در حالی که دما یا رنگ تأثیری ندارد.,C,0.7025222778320312,C,0.9014967083930969,True,True,True,True,[0.29171312 0.00288228 0.7025223  0.00288228],[9.5762283e-02 2.1156643e-03 9.0149671e-01 6.2538916e-04]
327,نیروی جاذبه بر روی یک جسم اساساً به چه چیزی بستگی دارد؟,"['چگالی.', 'جرم.', 'زخامت.', 'حجم.']",B,نیروی گرانش مستقیماً به جرم جسم وابسته است و به ویژگی‌های دیگر مربوط نمی‌شود.,B,0.991757333278656,B,0.9961448907852173,True,True,True,True,[7.4985740e-03 9.9175733e-01 2.6473205e-04 4.7936777e-04],[3.58564942e-03 9.96144891e-01 1.67703052e-04 1.01717036e-04]
328,دکتر تاناکا یک ویروس جدید کشف کرده است. این ویروس دارای یک رشته از یک اسید نوکلئیک است، اما او نمی‌داند که آیا این DNA است یا RNA. پس از انجام آزمایش‌ها، او نتیجه‌گیری می‌کند که این DNA است. کدام یک از موارد زیر او را به این نتیجه‌گیری می‌رساند؟,"['این ویروس حاوی اوراسیل است.', 'این ویروس حاوی آدنین است.', 'این ویروس حاوی تیمین است.', 'این ویروس حاوی سیتوزین است.']",C,ویروس‌های DNA تیمین دارند، در حالی که ویروس‌های RNA اوراسیل دارند.,A,0.6723915338516235,A,0.9762998223304749,False,False,False,False,[0.67239153 0.28139153 0.00843116 0.03778585],[0.9762998  0.01581127 0.00659112 0.00129787]
329,کدام یک از گزینه‌های زیر مثال تغییر شیمیایی است؟,"['تشکیل ابرها', 'حل شدن شکر', 'منجمد شدن آب', 'سوختن شمع']",D,[MASK]، ماده جدیدی تولید می‌کند و برگشت‌ناپذیر است، برخلاف تغییرات فیزیکی که فقط حالت ماده را عوض می‌کنند.,D,0.6900166273117065,B,0.48857876658439636,True,False,False,False,[2.0593941e-02 2.8876752e-01 6.2188314e-04 6.9001663e-01],[0.0212996  0.48857877 0.00154294 0.48857877]
330,یک دانش‌آموز به درختی با نیروی 10 نیوتن (N) فشار می‌آورد. درخت حرکت نمی‌کند. مقدار نیرویی که درخت به دانش‌آموز وارد می‌کند چقدر است؟,"['0 N', '5 N', '10 N', '20 N']",C,بر اساس قانون سوم نیوتن، نیروی عکس‌العمل همیشه با نیروی وارد شده برابر و در جهت مخالف است.,A,0.6997082829475403,C,0.3568633198738098,False,True,True,True,[0.6997083  0.01261692 0.2574083  0.03026641],[0.27792543 0.21644855 0.35686332 0.14876276]
331,از زمین، ما خورشید را در آسمان روز و سایر ستاره‌ها را در آسمان شب می‌بینیم. ستاره‌های شب به‌عنوان نقاط کوچک نوری به نظر می‌رسند. کدام یک از بیانیه‌ها توضیح می‌دهد که چرا ستاره‌های شب به‌مراتب کوچک‌تر از خورشید به نظر می‌رسند؟,"['الف) ستاره\u200cها بسیار کوچکتر هستند.', 'ب) آسمان در شب بسیار تاریک\u200cتر است.', 'ج) ستاره\u200cها بسیار دورتر هستند.', 'د) ماه بیشتر نور ستاره\u200cها را می\u200cپوشاند.']",C,فاصله بسیار زیاد ستاره‌ها نسبت به خورشید باعث کوچک دیده شدن آن‌ها می‌شود.,C,0.8687894940376282,C,0.9507790803909302,True,True,True,True,[0.11780774 0.00244502 0.8687895  0.01095783],[4.7707766e-02 9.7479241e-04 9.5077908e-01 5.3833151e-04]
332,سؤال: بسیاری از گیاهان در یک روز گرم و آفتابی تمایل به پژمرده شدن دارند. محتمل‌ترین دلیل این پژمردگی چیست؟,"['الف) جاذبه\u200cجغرافیایی.', 'ب) فتوسنتز.', 'ج) از دست دادن آب.', 'د) شکوفه\u200cزنی.']",C,گیاهان در هوای گرم با تعرق آب زیادی از دست می‌دهند و اگر جذب آب کافی نباشد، دچار کم‌آبی و پژمردگی موقت می‌شوند.,C,0.7036189436912537,C,0.9797213077545166,True,True,True,True,[0.05077127 0.20080428 0.70361894 0.04480549],[0.00834484 0.00834484 0.9797213  0.00358907]
333,یک پژوهشگر در حال انجام تحقیقی است تا بررسی کند که آیا دمای آب بر نرخ رشد نوع خاصی از ماهی در یک دریاچه تأثیر می‌گذارد. کدام واحد را پژوهشگر در تعیین جرم ماهی استفاده خواهد کرد؟,"['سانتی\u200cمتر', 'کیلومتر', 'گرم', 'لیتر']",C,برای اندازه‌گیری جرم، واحد استاندارد مناسب است و سایر واحدها برای طول یا حجم هستند.,C,0.9949079155921936,C,0.9986792206764221,True,True,True,True,[3.6447041e-03 2.6402148e-04 9.9490792e-01 1.1832621e-03],[1.1693331e-03 4.2592957e-05 9.9867922e-01 1.0876492e-04]
334,انتشار دی‌اکسید کربن به دلیل تعداد بالای وسایل نقلیه و افزایش صنعتی شدن افزایش یافته است. کدام یک از موارد زیر بیشتر تحت تأثیر افزایش سطح دی‌اکسید کربن قرار گرفته است؟,"['توانایی کشاورزان در کشت محصولات', 'توانایی دانشمندان در مطالعه سایر سیارات', 'توانایی زمین در ادامه بازیافت سنگ\u200cها', 'توانایی زمین در حفظ دماهای پایین']",D,افزایش این گاز با به دام انداختن گرما، تعادل دمایی زمین را مختل می‌کند.,A,0.538025975227356,D,0.8817621469497681,False,True,True,True,[0.538026   0.05648644 0.37122676 0.03426076],[0.09257472 0.0209815  0.00468161 0.88176215]
335,کدام عمل منجر به تولید محصولی با خواص شیمیایی جدید خواهد شد؟,"['تکه\u200cتکه کردن یک روزنامه', 'شکستن یک آینه', 'برش چوب', 'پف کردن ذرت']",D,حرارت باعث تغییر مولکولی و تشکیل ترکیبات جدید می‌شود، در حالی که سایر موارد فقط تغییر فیزیکی هستند.,A,0.8096612691879272,A,0.6308891773223877,False,False,False,False,[0.80966127 0.05216587 0.08600698 0.05216587],[0.6308892  0.05219271 0.20642614 0.11049195]
336,هر سال ، لاک پشت های دریایی سبز تقریبا ۲۰۰۰ کیلومتر مهاجرت می کنند تا تولید مثل کنند. این مهاجرت نمونهای از,"['الف) یک رفتار آموخته شده است.', 'ب) یک رفتار غریزی است.', 'ج) پاسخی به شلوغی است.', 'د) فراری از درندگان است.']",B,این مهاجرت ذاتی و بدون یادگیری است و توسط غرایز طبیعی کنترل می‌شود.,A,0.7722314596176147,B,0.9844672679901123,False,True,True,True,[7.7223146e-01 2.2168055e-01 2.7201787e-04 5.8159982e-03],[1.42638115e-02 9.84467268e-01 3.57087498e-04 9.11854964e-04]
337,اورانوس یکی از سیارات خارجی سیستم خورشیدی است. فاصله متوسط اورانوس از خورشید ۲.۸۷ میلیارد کیلومتر است. کدام مورد بهتر توضیح می‌دهد که چرا اورانوس در مدار خود می‌چرخد و به فضای خارج حرکت نمی‌کند؟,"['مدار نپتون اورانوس را محدود می\u200cکند.', 'جاذبه اورانوس را به سمت خورشید می\u200cکشد.', 'انرژی الکترومغناطیسی بر اورانوس تأثیر می\u200cگذارد.', 'سایر سیارات همان جرم اورانوس را دارند.']",B,جاذبه خورشید سیاره را به سمت خود می‌کشد و با حرکت مداری در تعادل است، از فرار آن جلوگیری می‌کند.,B,0.582932710647583,B,0.8797985315322876,True,True,True,True,[0.4022115  0.5829327  0.00271008 0.01214573],[1.1814119e-01 8.7979853e-01 1.3124300e-03 7.4780011e-04]
338,دو قطعه از یک فلز مشابه بر روی میزی قرار داده شده‌اند. این قطعات فلزی دارای چگالی، جرم و بافت یکسان هستند. تنها تفاوت بین این دو نمونه چه ویژگی‌ای باید باشد؟,"['انها ابعاد متفاوتی دارند.', 'انها نقاط جوش متفاوتی دارند.', 'انها از نوع متفاوتی از ماده ساخته شده\u200cاند.', 'انها مقدار متفاوتی از ماده به ازای واحد حجم دارند.']",A,با جرم و چگالی یکسان، حجم برابر است، اما شکل هندسی می‌تواند متفاوت باشد و سایر ویژگی‌ها ثابت می‌ماند.,A,0.722196102142334,A,0.9600135684013367,True,True,True,True,[0.7221961  0.18259977 0.00895016 0.08625402],[0.96001357 0.00837089 0.0023983  0.02921727]
339,تمام حیوانات برای زنده ماندن به غذا نیاز دارند. بلافاصله بعد از اینکه یک حیوان غذا می‌خورد، غذا,"['برای استفاده\u200cی بعدی ذخیره می\u200cشود', 'به زباله تبدیل می\u200cشود', 'توسط جریان خون منتقل می\u200cشود', 'به مواد ساده\u200cتر هضم می\u200cشود']",D,پس از خوردن، غذا طی هضم به مولکول‌های کوچک‌تر تجزیه می‌شود تا جذب بدن شود.,A,0.3921954035758972,B,0.30078330636024475,False,False,False,False,[0.3921954  0.12832585 0.2695517  0.20992708],[0.09765004 0.3007833  0.3007833  0.3007833 ]
340,کدام یک در مورد تولیدمثل برای هر دو آمیب و پارامسیوم صحیح است؟,"['هر دو می\u200cتوانند همجنس\u200cگرا شوند.', 'هیچ کدام نمی\u200cتوانند همجنس\u200cگرا شوند.', 'آمیب می\u200cتواند همجنس\u200cگرا شود، اما پارامسیوم نمی\u200cتواند.', 'پارامسیوم می\u200cتواند همجنس\u200cگرا شود، اما آمیب نمی\u200cتواند.']",D,پارامسیوم از طریق همیوغی تولیدمثل جنسی دارد، اما آمیب فقط به روش غیرجنسی تقسیم می‌شود.,A,0.5132537484169006,C,0.7032473087310791,False,False,False,False,[0.51325375 0.01756258 0.39972243 0.06946134],[0.06592523 0.00251657 0.7032473  0.22831097]
341,در قرن ۱۵۰۰، نیکلاوس کپرنیک نظریه جدیدی درباره ساختار هلیوسنتریک منظومه شمسی پیشنهاد کرد. کدام یک از این بیانیه‌ها بهترین توصیف را از این نظریه جدید ارائه می‌دهد؟,"['زمین در مرکز منظومه شمسی قرار دارد.', 'هشت سیاره در منظومه شمسی وجود دارد.', 'خورشید در مرکز منظومه شمسی قرار دارد.', 'ماه\u200cها در منظومه شمسی مدارهای دایره\u200cای دارند.']",C,نظریه کپرنیک خورشید را مرکز منظومه شمسی معرفی کرد و سیارات را در حال گردش به دور آن دانست.,C,0.9767850041389465,C,0.9901474118232727,True,True,True,True,[2.0193491e-02 6.0979062e-04 9.7678500e-01 2.4117685e-03],[8.566454e-03 7.031773e-04 9.901474e-01 5.829545e-04]
342,دانش‌آموزان ساختار بدن انسان را مطالعه می‌کنند تا یاد بگیرند که بدن چگونه کار می‌کند. کدام مدل در اندازه واقعی بهترین نمایانگر اندازه، شکل و موقعیت اعضای داخلی انسان است؟,"['نمودار دو بعدی بالاتنه با برچسبهای مغناطیسی اعضا', 'بالاتنه پلاستیکی سه بعدی با بخش\u200cهای قابل جداشدن', 'پوستر دیواری دو بعدی با جزئیات', 'بدن کاغذی سه بعدی']",B,مدل سه‌بعدی با قابلیت جداسازی، اندازه و موقعیت واقعی اعضا را به‌طور ملموس نشان می‌دهد و درک بهتری از ساختار داخلی فراهم می‌کند.,B,0.9079020023345947,B,0.9829520583152771,True,True,True,True,[0.06589678 0.907902   0.00195906 0.02424207],[1.2277248e-02 9.8295206e-01 7.8485825e-04 3.9858390e-03]
343,کدام ترکیب غیرگازی می‌تواند از دو عنصری که در دمای اتاق گاز هستند، ساخته شود؟,"['آب', 'نمک سفره', 'اکسید آهن', 'دی\u200cاکسید کربن']",A,[MASK] از دو عنصر گازی تشکیل شده که در دمای اتاق به حالت مایع یا جامد است و غیرگازی محسوب می‌شود.,A,0.4524114727973938,A,0.9359052777290344,True,True,True,True,[0.45241147 0.18859315 0.31093755 0.04805781],[0.9359053  0.04096049 0.0080656  0.01506852]
344,نوعی پرنده در آفریقا حشرات خون‌خوار را از روی پستانداران بزرگ می‌خورد. کدام واژه بهترین توصیفگر رابطه بین این پرنده و پستانداران است؟,"['همزیستی متقابل', 'کرم\u200cخواری', 'خنثی\u200cگرایی', 'همزیستی منفعتی']",A,هر دو موجود از این رابطه سود می‌برند، زیرا پرنده غذا می‌گیرد و پستاندار از آفات پاک می‌شود.,A,0.5605465173721313,A,0.49006491899490356,True,True,True,False,[0.5605465  0.05193568 0.00376221 0.38375562],[0.49006492 0.0189278  0.00094236 0.49006492]
345,گاوین دو سنگ دارد. هر دو سنگ کاملاً از یک نوع معدنی ساخته شده‌اند. چه خواص دیگری از این دو سنگ او احتمالاً مشابه هستند؟,"['اندازه', 'شکل', 'رنگ', 'وزن']",C,هر دو سنگ از یک ماده معدنی هستند، بنابراین [MASK]شان که به ترکیب شیمیایی وابسته است، احتمالاً مشابه است.,A,0.7470841407775879,A,0.5527829527854919,False,False,False,False,[0.74708414 0.14653607 0.08887861 0.01750124],[0.55278295 0.10884942 0.33527982 0.00308782]
346,جوجه‌پرنده‌های جوان همان نوع لانه‌هایی را می‌سازند که والدینشان می‌سازند، حتی اگر این جوجه‌پرنده‌ها هرگز والدین خود را در حال ساخت لانه ندیده باشند. این مثال چیست؟,"['الف) یک رفتار آموخته شده.', 'ب) یک رفتار ارثی.', 'ج) یک ویژگی فیزیکی.', 'د) ویژگی اکتسابی.']",B,این رفتار بدون یادگیری و به صورت ذاتی انجام می‌شود که نشان از نقش وراثت دارد.,A,0.6742333173751831,B,0.981916606426239,False,True,True,True,[6.7423332e-01 3.1848526e-01 6.1964331e-04 6.6617937e-03],[1.5995683e-02 9.8191661e-01 2.9297118e-04 1.7946659e-03]
347,کدام یک از این موارد، ویژگی آبی است که به آن اجازه می‌دهد مواد را در سیستم زمین جابجا کند؟,"['به محض منجمد شدن منبسط می\u200cشود.', 'شفاف است.', 'بسیاری از مواد را حل می\u200cکند.', 'یک ترکیب است.']",C,توانایی حل کردن مواد مختلف، آب را قادر می‌سازد تا نقش انتقال‌دهنده را در چرخه‌های طبیعی زمین ایفا کند.,C,0.9927697777748108,C,0.9960164427757263,True,True,True,True,[6.6696615e-03 4.2637720e-04 9.9276978e-01 1.3416553e-04],[3.5642416e-03 3.2132611e-04 9.9601644e-01 9.7998927e-05]
348,کدامیک از الگوهای آب و هوایی فصلی مکان‌هایی که در عرض جغرافیایی یکسانی هستند، صحیح است؟,"['آنها الگوهای باد یکسانی دارند.', 'آنها میزان بارش یکسانی دارند.', 'آنها شدت مشابهی از نور خورشید دارند.', 'آنها انواع مشابهی از آب و هوای شدید دارند.']",C,مکان‌های هم‌عرض، زاویه و مدت تابش خورشید مشابهی دارند.,A,0.46906885504722595,C,0.9821628928184509,False,True,True,True,[0.46906886 0.22157243 0.1354445  0.17391421],[1.5937319e-02 1.1544954e-03 9.8216289e-01 7.4539828e-04]
349,یک دانش آموز نمونه ای از آب را در سه حالت ماده مشاهده کرد. دانش آموز باید آب مایع را به عنوان حالتی از ماده که دارای است وصف کند,"['انرژی جنبشی بیشتری نسبت به حالت جامد دارد.', 'جرم بیشتری نسبت به حالت جامد دارد.', 'انرژی جنبشی کمتری نسبت به حالت جامد دارد.', 'حجم کمتری نسبت به حالت جامد دارد.']",A,مولکول‌های آب مایع آزادانه‌تر حرکت می‌کنند و انرژی جنبشی بیشتری نسبت به حالت جامد دارند.,A,0.7158299088478088,A,0.9961167573928833,True,True,True,True,[0.7158299  0.06684315 0.2058914  0.01143552],[9.9611676e-01 9.1367884e-04 1.0353337e-03 1.9342582e-03]
350,کدام فرضیه به راحتی قابل آزمایش است؟,"['ماه باعث جزر و مدهای بالا می\u200cشود.', 'در کدام فصل جزر و مدها بیشترین ارتفاع را دارند؟', 'فاز ماه چه زمانی است که جزر و مدها در بالاترین حالت خود هستند؟', 'زمانی که ماه کامل است، جزر و مدها در بالاترین حالت خود خواهند بود.']",D,این فرضیه رابطه علّی ساده‌ای دارد که با مشاهده و داده‌های تجربی به راحتی قابل بررسی است.,C,0.45162391662597656,B,0.5670027136802673,False,False,False,False,[0.27392375 0.24173687 0.45162392 0.03271553],[0.3034947  0.5670027  0.09776352 0.03173917]
351,کدام عنصر بیشترین بخش از هوایی که تنفس می‌کنیم را تشکیل می‌دهد؟,"['کربن', 'نیتروژن', 'اکسیژن', 'آرگون']",B,[MASK] با حدود ۷۸ درصد حجم هوا، بیشترین سهم را در ترکیب هوای تنفسی دارد.,B,0.540692150592804,B,0.6554519534111023,True,True,True,True,[0.00771256 0.54069215 0.42109147 0.03050376],[0.0174672  0.65545195 0.3096136  0.0174672 ]
352,دانش‌آموزان دماهای اولیه و نهایی خاک‌های مختلف با رنگ‌های متنوع که به‌مدت سه ساعت در معرض نور مستقیم خورشید بودند را ثبت کردند. دانش‌آموزان می‌خواهند تغییرات کل دما را برای هر رنگ خاک مقایسه کنند. کدامیک از این فرمت‌ها برای نمایش نتایج این تحقیق مناسب‌تر است؟,"['نمودار میله\u200cای', 'نمودار خطی', 'نمودار دایره\u200cای', 'جدول داده\u200cها']",A,[MASK] روند تغییرات دما را در طول زمان به‌وضوح نشان می‌دهد و امکان مقایسه بصری بین نمونه‌های مختلف را فراهم می‌کند.,A,0.7559743523597717,A,0.9368796944618225,True,True,True,True,[0.75597435 0.04851697 0.00511365 0.19039506],[0.9368797  0.05244381 0.00141959 0.00925688]
353,یک دانشجو درصد انرژی به‌دست‌آمده از چندین منبع غذایی را برای جمعیت عقاب‌ها بررسی کرده است. بهترین فرمت برای نمایش این داده‌ها کدام است؟,"['جدول', 'نمودار دایره\u200cای', 'نمودار ستونی', 'نمودار خطی']",B,این نوع نمودار سهم نسبی هر بخش را از کل به‌صورت بصری و واضح نشان می‌دهد که برای داده‌های درصدی مناسب است.,B,0.8048481345176697,B,0.9969943761825562,True,True,True,True,[0.17818834 0.80484813 0.00795234 0.00901118],[2.8223156e-03 9.9699438e-01 4.7066565e-05 1.3619164e-04]
354,یک روش برای تغییر آب از حالت مایع به جامد چیست؟,"['کاهش دما', 'افزایش دما', 'کاهش جرم', 'افزایش جرم']",A,کاهش انرژی گرمایی باعث کاهش حرکت مولکول‌ها و تشکیل ساختار جامد می‌شود.,A,0.9516511559486389,A,0.9991248250007629,True,True,True,True,[9.5165116e-01 4.7658350e-02 1.6921807e-04 5.2122836e-04],[9.9912483e-01 7.9466146e-04 2.8054983e-05 5.2413609e-05]
355,دانش‌آموزان در خارج از ساختمان مدرسه مشاهدات آب و هوایی انجام می‌دهند و سپس مشاهدات خود را ثبت می‌کنند. کدام یک از مشاهدات باید به عنوان یک واقعیت ثبت شود؟,"['هوا بسیار سرد به نظر می\u200cرسد.', 'باد با سرعت ۵ متر بر ثانیه می\u200cوزد.', 'هوای امروز بهتر از روز قبل است.', 'به نظر می\u200cرسد که ممکن است بعداً گرم\u200cتر شود.']",B,این مشاهده قابل اندازه‌گیری و تأیید با ابزار است، برخلاف نظرات ذهنی که در علم معتبر نیستند.,A,0.7822677493095398,B,0.7778012156486511,False,True,True,True,[0.78226775 0.17591652 0.01124597 0.03056971],[0.19665894 0.7778012  0.01276997 0.01276997]
356,گربه‌ها بیشترین شباهت را به کدام یک از حیوانات زیر دارند؟,"['تمساح\u200cها', 'نهنگ\u200cها', 'قورباغه\u200cها', 'پنگوئن\u200cها']",B,هر دو پستاندار و از یک گروه تکاملی مشترک هستند، برخلاف سایر حیوانات که در رده‌های متفاوت قرار می‌گیرند.,B,0.7744216322898865,B,0.6760514974594116,True,True,True,False,[0.135101   0.77442163 0.05631848 0.03415889],[0.21948178 0.6760515  0.05549369 0.04897301]
357,کدام یک از اینها احتمالاً بزرگترین جرم را دارد؟,"['مرغ', 'گربه\u200cسگ', 'مارمولک', 'اسب']",D,[MASK] بزرگ‌ترین حیوان است و وزنش به مراتب بیشتر از سایر گزینه‌ها می‌رسد.,B,0.3984585404396057,C,0.7519674897193909,False,False,False,False,[0.2132795  0.39845854 0.24167733 0.1465847 ],[0.09122401 0.13067235 0.7519675  0.02613611]
358,نیروی گرانشی خورشید بر سیارات منظومه شمسی ما تأثیر می‌گذارد. کدام‌یک از این موارد بیشتر تحت تأثیر این نیرو قرار دارد؟,"['تمایل محوری', 'مسیر مداری', 'جرم سیارات', 'تعداد قمرها در هر سیاره']",B,نیروی گرانش خورشید مسیر حرکت سیارات را شکل داده و آن‌ها را در مدارهایشان نگه می‌دارد.,A,0.5219173431396484,B,0.9521805644035339,False,True,True,True,[0.52191734 0.40646964 0.06209112 0.00952198],[0.04151033 0.95218056 0.00503577 0.00127324]
359,هنگامی که موتور یک خودرو روشن می‌شود، بنزین با هوا مخلوط شده و سوخته می‌شود. حرارت، صدا و محصولات شیمیایی آزاد می‌شوند. در حین کارکرد موتور، کدام یک از موارد زیر ثابت می‌ماند؟,"['الف) جرم ترکیبات موجود در موتور', 'ب) مقدار حرارت در موتور', 'ج) کل جرم بنزین', 'د) کل مقدار انرژی']",D,بر اساس قانون پایستگی جرم، در یک سیستم بسته کل جرم ثابت می‌ماند و تنها شکل آن تغییر می‌کند.,A,0.3535817265510559,A,0.5613502860069275,False,False,False,False,[0.35358173 0.35358173 0.0174668  0.27536973],[0.5613503  0.10967623 0.23218456 0.09678893]
360,یک واحد ناوبری 72 وات بر روی یک هواپیمای تجاری دارای منبع تغذیه 24 ولت است و از 3 آمپر جریان الکتریکی استفاده می‌کند. مقاومت الکتریکی واحد ناوبری چقدر است؟,"['4 اهم', '8 اهم', '13 اهم', '22 اهم']",B,با استفاده از ولتاژ و جریان داده شده، مقاومت از تقسیم این دو مقدار محاسبه می‌شود که نتیجه برابر ۸ اهم است.,A,0.8228307366371155,B,0.9991538524627686,False,True,True,True,[0.82283074 0.1645765  0.00207171 0.01052102],[5.5261637e-04 9.9915385e-01 4.8287082e-05 2.4522204e-04]
361,کدامیک سوخت فسیلی نیست؟,"['الف) زغال سنگ', 'ب) نفت', 'ج) چوب', 'د) گاز طبیعی']",C,چوب از گیاهان امروزی به‌دست می‌آید و برخلاف سوخت‌های فسیلی، منشأ باستانی ندارد.,C,0.9433562755584717,C,0.6085789799690247,True,True,True,False,[0.02218561 0.00597118 0.9433563  0.02848689],[0.13579233 0.13579233 0.608579   0.11983631]
362,سوال: وقتی یک توپ فلزی سنگین از تپه پایین می‌رود، به سرعتش افزوده می‌شود. کدام یک از بیانات زیر صحیح است؟,"['الف) انرژی پتانسیل توپ در حال تبدیل به انرژی جنبشی است.', 'ب) توپ از تپه انرژی پتانسیل کسب می\u200cکند.', 'ج) توپ به سرعت انرژی جنبشی\u200cاش را در حین پایین رفتن از تپه از دست می\u200cدهد.', 'د) توپ تا زمانی که متوقف شود به کسب انرژی جنبشی ادامه خواهد داد.']",A,با کاهش ارتفاع، انرژی پتانسیل به جنبشی تبدیل شده و سرعت افزایش می‌یابد.,A,0.8436087369918823,A,0.9145730137825012,True,True,True,True,[0.84360874 0.0420008  0.08891571 0.02547478],[0.914573   0.01489864 0.05892526 0.01160307]
363,کدام رویداد بیشترین تغییر را در یک اکوسیستم در یک روز ایجاد می‌کند؟,"['خشکسالی', 'جانشینی', 'تجزیه', 'آتش\u200cسوزی']",D,[MASK] در زمان کوتاه تغییرات گسترده‌ای مانند نابودی گیاهان و جانوران ایجاد می‌کند، برخلاف فرآیندهای تدریجی دیگر.,D,0.48681899905204773,A,0.6912114024162292,True,False,False,False,[0.2964263  0.20373061 0.01302406 0.486819  ],[0.6912114  0.1350484  0.02071034 0.15302989]
364,سؤال: طوفان‌های سهمگین و گردبادها همیشه ___,"['الف) باعث سیلاب می\u200cشوند', 'ب) صدها مایل عرض دارند', 'ج) دارای بادهای شدید هستند', 'د) برف سبک تولید می\u200cکنند']",C,این پدیده‌ها به دلیل ماهیت خود همواره با بادهای بسیار شدید همراه هستند.,C,0.8241587281227112,C,0.975543737411499,True,True,True,True,[0.04649585 0.0766587  0.8241587  0.0526867 ],[0.00627215 0.01601651 0.97554374 0.0021676 ]
365,کدام یک از گزینه‌های زیر بهترین توصیف را از معدنی ارائه می‌دهد؟,"['ماده مغذی اصلی در تمام غذاها', 'نوعی دانه که در غلات یافت می\u200cشود', 'یک ماده طبیعی که سنگ\u200cها را تشکیل می\u200cدهد', 'مواد گیاهی تجزیه\u200cشده که در خاک یافت می\u200cشود']",C,مواد معدنی جامدهای طبیعی و غیرآلی با ساختار بلوری هستند که سنگ‌ها را می‌سازند و با تعریف علمی مطابقت دارند.,A,0.7809630036354065,C,0.9862710237503052,False,True,True,True,[0.780963   0.03444742 0.06435625 0.1202333 ],[1.0871218e-02 2.1406696e-03 9.8627102e-01 7.1703451e-04]
366,یک توده هوا در یک دره به سمت کوه حرکت می‌کند. چه چیزی سبب حرکت این هوا می‌شود؟,"['کششی جزر و مدی ناشی از جاذبه ماه', 'تبخیر آب از خاک در دره', 'گرمایش توسط انرژی خورشیدی که از زمین دوباره تابش می\u200cشود', 'اثر خنک\u200cکنندگی بلورهای یخ در هوا بر روی کوه']",C,گرمایش ناهموار زمین توسط خورشید باعث سبک شدن و صعود هوای دره و جایگزینی آن با هوای سردتر کوه می‌شود.,A,0.9412325620651245,C,0.9628919959068298,False,True,True,True,[0.94123256 0.04119365 0.01041538 0.00715838],[2.5660202e-02 1.0696764e-02 9.6289200e-01 7.5103069e-04]
367,نور مرئی از طریق شیشه عبور می‌کند. انواع دیگر تابش الکترومغناطیسی قادرند به گونه‌ای مشابه از مواد دیگر عبور کنند. کدام یک از گزینه‌های زیر در فناوری پزشکی استفاده می‌شوند زیرا می‌توانند از برخی قسمت‌های بدن انسان عبور کنند؟,"['اشعه ایکس', 'امواج فروسرخ', 'موج\u200cهای میکرو', 'اشعه ماوراء بنفش']",A,در تصویربرداری پزشکی، این تابش از بافت‌های نرم عبور کرده و توسط استخوان‌ها جذب می‌شود که امکان مشاهده ساختارهای داخلی را فراهم می‌کند.,A,0.9618253707885742,A,0.9924755692481995,True,True,True,True,[0.9618254  0.01544055 0.0072936  0.01544055],[9.9247557e-01 5.2694245e-03 3.1645354e-04 1.9385130e-03]
368,کدام یک از موارد زیر ارگانیسم‌های موجود در قلمرو قارچ‌ها را از سایر ارگانیسم‌های یوکاریوت متمایز می‌کند؟,"['الف) قارچ\u200cها تک\u200cسلولی هستند.', 'ب) قارچ\u200cها به\u200cصورت جنسی تولیدمثل می\u200cکنند.', 'ج) قارچ\u200cها مواد مغذی را از طریق جذب به\u200cدست می\u200cآورند.', 'د) قارچ\u200cها غذا را از طریق فتوسنتز تولید می\u200cکنند.']",C,قارچ‌ها با جذب مواد مغذی از محیط تغذیه می‌کنند، برخلاف گیاهان و جانوران که فتوسنتز یا بلع دارند.,A,0.8764491677284241,C,0.9208935499191284,False,True,True,True,[0.87644917 0.01826132 0.08184154 0.02344799],[0.06723251 0.00277502 0.92089355 0.00909893]
369,کدامیک از موارد زیر یک مخلوط است؟,"['آب نمک', 'شکر', 'بخار آب', 'نمک']",A,از دو ماده مختلف تشکیل شده و با روش‌های فیزیکی قابل جداسازی است.,A,0.7515758872032166,A,0.9633808732032776,True,True,True,True,[0.7515759  0.00166996 0.24400096 0.00275329],[0.9633809  0.00306623 0.02909158 0.00446134]
370,یک تخم مرغ طی کلاس علوم تشریح می‌شود. مایعی شفاف و غلیظ که درون تخم مرغ وجود دارد و به عنوان محافظت از جنین عمل می‌کند چیست؟,"['زرده', 'پوسته', 'کیسه زرده', 'سفیده']",D,مایع شفاف و غلیظ که از جنین محافظت می‌کند و مواد مغذی فراهم می‌نماید.,C,0.7752954959869385,C,0.9351547956466675,False,False,False,False,[0.09295825 0.11936075 0.7752955  0.01238549],[0.05931721 0.00429692 0.9351548  0.00123109]
371,چرا دانشمندان چندین بار یک آزمایش را انجام می‌دهند؟,"['برای گنجاندن متغیرهای اضافی در آزمایش', 'برای انجام مراحل آزمایش در زمان کمتر', 'برای پیدا کردن روش کم\u200cهزینه\u200cتری برای انجام آزمایش', 'برای افزایش احتمال نتایج دقیق آزمایش']",D,برای کاهش خطاهای تصادفی و افزایش دقت و اعتبار نتایج، آزمایش تکرار می‌شود.,D,0.9503965973854065,D,0.9908588528633118,True,True,True,True,[4.7041021e-02 2.3789161e-03 1.8344232e-04 9.5039660e-01],[8.4562032e-03 4.9220998e-04 1.9275221e-04 9.9085885e-01]
372,یک پژوهشگر یک موجود دریایی را که به اندازه یک دست انسان متوسط است مورد بررسی قرار می‌دهد. بدون اطلاعات بیشتر، کدام جمله درباره این موجود احتمالاً درست است؟,"['حرکت می\u200cکند.', 'دارای سیستم\u200cهای ارگان است.', 'از سلول\u200cهای زیادی تشکیل شده است.', 'غذای خود را تولید می\u200cکند.']",C,همه موجودات زنده از سلول‌های متعدد تشکیل شده‌اند، صرف نظر از اندازه‌شان.,A,0.5609263181686401,C,0.8976477384567261,False,True,True,True,[0.5609263  0.30141732 0.08568548 0.05197087],[0.03480558 0.06502539 0.89764774 0.00252131]
373,عمق دریاچه سوپریور را می‌توان با ارسال امواج صوتی به کف دریاچه و اندازه‌گیری زمان بازگشت امواج صوتی منعکس شده به سطح اندازه‌گیری کرد. کدام یک از موارد زیر نشانگر عمق کم خواهد بود؟,"['هنگامتیج سیگنالی بازنگشت.', 'سیگنال بازگشتی بسیار ضعیف است.', 'سیگنال بازگشتی تقریباً بلافاصله ظاهر می\u200cشود.', 'سیگنال بازگشتی با سرعت متفاوتی برگشت می\u200cکند.']",C,زمان بازگشت کوتاه نشان‌دهنده مسافت کم است که عمق کم را نتیجه می‌دهد.,B,0.5515866279602051,C,0.8206850290298462,False,True,True,True,[0.26055107 0.5515866  0.17768039 0.0101819 ],[0.14261368 0.03182141 0.820685   0.00487997]
374,کدام فعالیت بیشترین بهره را از اختراع لامپ برده است؟,"['شنا کردن', 'پیاده\u200cروی کردن', 'خواندن', 'گفتگو کردن']",C,اختراع لامپ روشنایی مصنوعی فراهم کرد که فعالیت‌های وابسته به بینایی را در تاریکی ممکن ساخت و [MASK] بیشترین سود را برد.,B,0.46726933121681213,C,0.8016421794891357,False,True,True,True,[0.24816486 0.46726933 0.09129476 0.193271  ],[0.09574251 0.03577636 0.8016422  0.06683904]
375,رولاندو می‌خواهد ببیند که مایعات مختلف در چه دمایی می‌جوشند. او آب لوله‌کشی را می‌جوشاند و دما را ثبت می‌کند. سپس آب لوله‌کشی را با اضافه کردن شیر و آب لوله‌کشی را با اضافه کردن شکر می‌جوشاند. هدف از جوشاندن آب لوله‌کشی ساده ابتدا چیست؟,"['برای گنجاندن یک عامل برای دستکاری', 'برای داشتن یک توضیح ممکن برای یک مشکل', 'برای تغییر یک متغیر و در عین حال مشاهده سایر متغیرها', 'برای فراهم کردن یک استاندارد که بتوان نتایج را با آن مقایسه کرد']",D,ایجاد یک معیار پایه برای مقایسه نتایج آزمایش‌های بعدی با آن.,C,0.9256023168563843,D,0.8491102457046509,False,True,True,True,[0.05917177 0.00181497 0.9256023  0.01341092],[0.14755324 0.00177236 0.00156411 0.84911025]
376,کدام یک از اقلام زیر از موادی که در طبیعت رشد می‌کنند، ساخته نشده است؟,"['A) یک پیراهن کتان', 'B) یک صندلی چوبی', 'C) یک قاشق پلاستیکی', 'D) یک سبد از جنس چمن']",C,این مورد از مواد مصنوعی ساخته شده و به طور طبیعی در طبیعت رشد نمی‌کند.,C,0.42276111245155334,A,0.34315475821495056,True,False,False,False,[0.25641757 0.12112309 0.4227611  0.19969821],[0.34315476 0.2672492  0.08676311 0.30283302]
377,کدام یک از این تغییرات خاک تنها ناشی از causas طبیعی است؟,"['از دست رفتن مواد معدنی به دلیل کشاورزی.', 'تشکیل بیابان\u200cها به دلیل قطع درختان.', 'سیلاب ناشی از ساخت سد.', 'شسته شدن مواد معدنی به دلیل باران\u200cهای سنگین.']",D,فقط باران‌های سنگین، بدون دخالت انسان، مواد معدنی خاک را می‌شویند و از بین می‌برند.,C,0.5228474736213684,D,0.9027075171470642,False,True,True,True,[0.09156986 0.35934746 0.5228475  0.02623521],[0.05092727 0.03500177 0.01136341 0.9027075 ]
378,یک دانشجوی کالج از طریق میکروسکوپ به سلول‌های خونی نگاه می‌کند و اظهار می‌دارد که گلبول‌های قرمز مهم‌تر از گلبول‌های سفید هستند. این بیانیه چیست؟,"['بیانیه\u200cای از حقیقت.', 'نتیجه\u200cگیری علمی.', 'فرضیه علمی.', 'بیانیه\u200cای از نظر.']",D,این بیانیه بر اساس ترجیح شخصی است و نه واقعیت علمی قابل اثبات.,C,0.6345784664154053,D,0.5560179352760315,False,True,True,True,[0.15919796 0.18180978 0.63457847 0.0244138 ],[0.38214517 0.04027781 0.02155915 0.55601794]
379,اگر 10 گرم آب به 5 گرم نمک اضافه شود، چه مقدار آب نمکی تولید خواهد شد؟,"['2 گرم', '5 گرم', '10 گرم', '15 گرم']",D,بر اساس قانون پایستگی جرم، مجموع جرم مواد اولیه برابر جرم محصول نهایی است.,A,0.7752141952514648,A,0.9066368937492371,False,False,False,False,[0.7752142  0.09115072 0.06264691 0.07098825],[0.9066369  0.05195443 0.02454154 0.01686713]
380,هنگام انجام یک آزمایش برای نمایشگاه علمی، اگر داده‌ها از فرضیه حمایت نکنند، چه باید کرد؟,"['برای بررسی خطاها و دوباره انجام دادن آزمایش.', 'فرضیه را تغییر دهید تا با نتیجه مطابقت داشته باشد.', 'متغیر را تغییر دهید تا داده\u200cها با فرضیه مطابقت داشته باشند.', 'داده\u200cها را نادیده بگیرید و به هر حال نمایشگاه علمی را آماده کنید.']",A,ابتدا باید آزمایش را تکرار و خطاها را بررسی کرد، نه فرضیه یا داده‌ها را تغییر داد تا صحت علمی حفظ شود.,A,0.6998001337051392,A,0.9917904138565063,True,True,True,True,[0.69980013 0.29229042 0.00322178 0.00468767],[9.9179041e-01 7.5465753e-03 3.3157336e-04 3.3157336e-04]
381,سوال: امواج صوت سریعترین سرعت را از کجا عبور می‌کنند؟,"['الف) سنگ.', 'ب) آب دریا.', 'ج) فضا.', 'د) جو.']",A,امواج صوتی در محیط‌های جامد سریع‌تر حرکت می‌کنند زیرا چگالی و پیوندهای مولکولی قوی‌تر دارند.,C,0.8950101733207703,A,0.5350266098976135,False,True,True,True,[0.05744002 0.00281543 0.8950102  0.04473434],[0.5350266  0.03845559 0.32198468 0.10453313]
382,کدام یک از این موارد یکی از شباهت‌های عناصر در گروه اول جدول تناوبی است؟,"['عناصر در این گروه دارای جرم اتمی مشابهی هستند.', 'عناصر در این گروه تعداد الکترون\u200cهای یکسانی دارند.', 'عناصر در این گروه فلزات بسیار غیرواکنشی هستند.', 'عناصر در این گروه به طور مشابهی با اکسیژن واکنش نشان می\u200cدهند.']",D,همه این عناصر یک الکترون ظرفیتی دارند، بنابراین واکنش مشابهی با اکسیژن نشان می‌دهند.,A,0.6285167932510376,D,0.6828911900520325,False,True,True,True,[0.6285168  0.2980523  0.02772318 0.0457078 ],[0.02617008 0.2857856  0.00515319 0.6828912 ]
383,یک دانش‌آموز یک اسلاید از سلول‌های یک گونه از تولید‌کننده در یک شبکه غذایی مشاهده می‌کند. دانش‌آموز متوجه می‌شود که سلول‌ها دارای کلروفلاست هستند. بهترین نتیجه‌گیری درباره شبکه غذایی که از این یافته‌ها حمایت می‌شود چیست؟,"['تولیدکنندگان انرژی را از نور خورشید جذب می\u200cکنند.', 'شبکه غذایی در یک اکوسیستم زمینی یافت می\u200cشود.', 'تولیدکنندگان در شبکه موجودات تک\u200cسلولی هستند.', 'شبکه غذایی شامل بسیاری از گیاه\u200cخواران و همه\u200cچیزخواری\u200cها است.']",A,کلروفلاست نشان‌دهنده توانایی فتوسنتز است که انرژی خورشید را جذب می‌کند.,A,0.7418115735054016,B,0.6194930076599121,True,False,False,False,[0.7418116  0.1868281  0.06065421 0.0107061 ],[0.3757415  0.619493   0.00282434 0.00194114]
384,هنگامی که بنزین در موتور یک خودرو سوخته می‌شود، تنها حدود 15 درصد از بنزین به انرژی مکانیکی تبدیل می‌شود. این به دلیل این است که بیشتر انرژی موجود در بنزین,"['به گرما تبدیل می\u200cشود.', 'برای استفاده در زمانlater ذخیره می\u200cشود.', 'به انرژی شیمیایی تغییر می\u200cکند.', 'برای حرکت خودرو استفاده می\u200cشود.']",A,بیشتر انرژی سوخت در فرآیند احتراق به گرما تبدیل شده و تلف می‌شود.,A,0.9983264803886414,A,0.9987866282463074,True,True,True,True,[9.9832648e-01 1.3297442e-03 1.1988008e-04 2.2396547e-04],[9.9878663e-01 1.0310365e-03 1.3108159e-04 5.1332281e-05]
385,ترتیب صحیح دگردیسی یک پروانه چیست؟,"['تخم، لارو، حشره بالغ، پیله', 'تخم، پیله، لارو، حشره بالغ', 'تخم، حشره بالغ، لارو، پیله', 'تخم، لارو، حشره بالغ، پیله']",A,فرآیند دگردیسی با تخم شروع می‌شود، سپس لارو و پس از آن پیله شکل می‌گیرد و در نهایت حشره بالغ ظاهر می‌شود.,A,0.7023688554763794,A,0.8461863398551941,True,True,True,True,[0.70236886 0.08421431 0.01139717 0.20201965],[8.4618634e-01 7.3783654e-03 5.3448696e-04 1.4590082e-01]
386,تجزیه‌کنندگان در جریان انرژی در یک اکوسیستم اهمیت دارند زیرا آنها,"['در بالاترین نقطه هر زنجیره غذایی قرار دارند.', 'چیزهایی را می\u200cخورند که سایر ارگانیزم\u200cها نمی\u200cخورند.', 'قسمت بزرگتری از لایه بالایی خاک را تشکیل می\u200cدهند.', 'مواد آلی را به قطعاتی تجزیه می\u200cکنند که می\u200cتوان دوباره استفاده کرد.']",D,آنها با تجزیه مواد آلی، مواد مغذی را بازیافت کرده و جریان انرژی را در اکوسیستم حفظ می‌کنند.,A,0.6541112661361694,D,0.6640487313270569,False,True,True,True,[0.65411127 0.21318997 0.00339247 0.12930626],[0.2768167  0.05536683 0.00376776 0.66404873]
387,درو می‌داند که زمین بر روی محور خود متمایل است. او همچنین می‌داند که این مایل بودن مسئول فصل‌هایی است که یک منطقه بر روی زمین تجربه خواهد کرد. زمانی که قطب جنوب به سمت خورشید متمایل است، فلوریدا در چه فصلی خواهد بود؟,"['پاییز', 'بهار', 'تابستان', 'زمستان']",D,وقتی نیمکره جنوبی [MASK] دارد، نیمکره شمالی [MASK] را تجربه می‌کند.,D,0.5760972499847412,A,0.5765727758407593,True,False,False,False,[0.34942064 0.01376187 0.0607202  0.57609725],[0.5765728  0.03685906 0.03685906 0.34970906]
388,انرژی‌های جنبشی ذرات در یک نمونه از ماده در حال افزایش است. این نمونه احتمالاً چیست؟,"['الف) مایعی که در حال گرم شدن است.', 'ب) گازی که در حال سرد شدن است.', 'ج) مایعی که در حال تبدیل شدن به جامد است.', 'د) گازی که در حال تبدیل شدن به مایع است.']",A,افزایش انرژی جنبشی نشان‌دهنده گرم‌شدن است، که در مایع رخ می‌دهد و با کاهش دما یا تغییر فاز مغایرت دارد.,A,0.9452787637710571,A,0.9937341809272766,True,True,True,True,[0.94527876 0.00443777 0.02514167 0.02514167],[0.9937342  0.0011681  0.00359799 0.00149987]
389,چه مواردی در طی فتوسنتز تولید می‌شوند؟,"['دی\u200cاکسید کربن و مواد معدنی', 'دی\u200cاکسید کربن و شکر', 'اکسیژن و مواد معدنی', 'اکسیژن و شکر']",D,گیاهان با استفاده از نور، آب و دی‌اکسید کربن، شکر تولید و اکسیژن آزاد می‌کنند.,B,0.5265100598335266,B,0.4877084195613861,False,False,False,False,[0.46464348 0.52651006 0.00360346 0.00524301],[0.02390512 0.48770842 0.00067814 0.48770842]
390,یک دانش‌آموز یک پاک‌کن صورتی روی میز خود دارد. کدام خصوصیت نشان می‌دهد که این پاک‌کن مایع است؟,"['رنگ آن زمانی که به دو نیم تقسیم می\u200cشود ثابت باقی می\u200cماند.', 'دمای آن زمانی که بر روی کاغذ مالیده می\u200cشود افزایش می\u200cیابد.', 'شکل آن زمانی که در محل جدیدی قرار می\u200cگیرد، مشخص است.', 'اندازه آن زمانی که برای پاک\u200cکردن نشانه\u200cهای مداد استفاده می\u200cشود تغییر می\u200cکند.']",C,پاک‌کن مایع با استفاده مداوم کوچک می‌شود زیرا مواد آن هنگام مالش از بین می‌روند.,B,0.5800496339797974,C,0.5461997389793396,False,True,True,True,[0.2125564  0.58004963 0.1655391  0.04185484],[0.12187364 0.25800648 0.54619974 0.07392009]
391,نقشه‌های خیابان نمونه‌هایی از مدل‌های دو بعدی هستند. کدام اطلاعات را نمی‌توان با استفاده از یک نقشهٔ پایه تعیین کرد؟,"['فاصله از مکان به مکان', 'جهت\u200cها مانند شمال و جنوب', 'نام بزرگراه\u200cها و خیابان\u200cها', 'ارتفاعات مانند فاصله از سطح دریا']",D,نقشه‌های دوبعدی فاقد بعد ارتفاع هستند، بنابراین اطلاعات ارتفاعی مانند فاصله از سطح دریا را نشان نمی‌دهند.,A,0.5964083671569824,A,0.557444155216217,False,False,False,False,[0.59640837 0.02620436 0.01564733 0.36173996],[0.55744416 0.00785888 0.00225161 0.4324454 ]
392,کدام اکوسیستم دریایی به نور خورشید وابسته نیست؟,"['رودخانهٔ مصب', 'سقوط نهنگ', 'دودکش سیاه', 'اقیانوس آزاد']",C,این اکوسیستم در اعماق اقیانوس قرار دارد و انرژی خود را از واکنش‌های شیمیایی به‌دست می‌آورد، نه از نور خورشید.,D,0.666349470615387,D,0.9242159128189087,False,False,False,False,[0.2171787  0.09053355 0.0259383  0.6663495 ],[0.03199771 0.03569603 0.00809029 0.9242159 ]
393,کدام عبارت بهترین توصیف را از رابطه بین میزان کل بخار آب که جو می‌تواند تحمل کند و دمای جو ارائه می‌دهد؟,"['میزان بخار آب به دمای جوی ارتباطی ندارد.', 'میزان بخار آب با افزایش دمای جوی افزایش می\u200cیابد.', 'میزان بخار آب با کاهش دمای جوی افزایش می\u200cیابد.', 'میزان بخار آب با افزایش دمای جوی کاهش می\u200cیابد.']",B,افزایش دما ظرفیت نگهداری رطوبت را بیشتر می‌کند زیرا انرژی مولکول‌ها زیاد می‌شود.,B,0.8911956548690796,B,0.9751946926116943,True,True,True,True,[0.05675012 0.89119565 0.00197246 0.0500818 ],[1.8036595e-02 9.7519469e-01 1.3347418e-04 6.6352924e-03]
394,توبیاس به مدت ۲ ساعت در جاده با دوچرخه‌اش رکاب زد. به‌طور میانگین، او در این مدت هر ۳ دقیقه یک علامت یک کیلومتری را پشت سر گذاشت. میانگین سرعت او در این ۲ ساعت چه مقدار بوده است؟,"['۱۰ کیلومتر در ساعت', '۱۵ کیلومتر در ساعت', '۲۰ کیلومتر در ساعت', '۲۵ کیلومتر در ساعت']",C,هر سه دقیقه یک کیلومتر طی می‌کند، پس در یک ساعت بیست کیلومتر می‌رود.,A,0.815019428730011,C,0.886865496635437,False,True,True,True,[0.8150194  0.05903981 0.06690087 0.05903981],[0.10592098 0.0052735  0.8868655  0.00194001]
395,کدام یک از موارد زیر می‌تواند دلیل احتمالی شکل‌گیری یک فرورفتگی زمین باشد؟,"['برداشت منابع زیرزمینی', 'تصادم بین دو صفحه تکتونیکی', 'تشکیل سنگ\u200cهای متراکم زیر سطح خاک', 'انباشت رسوبات در بستر اقیانوس']",A,خالی‌شدن زیرزمین به دلیل استخراج منابع باعث فروریختگی سطح می‌شود.,B,0.9659139513969421,A,0.9830711483955383,False,True,True,True,[3.3181120e-02 9.6591395e-01 3.6860895e-04 5.3632288e-04],[9.8307115e-01 1.6014490e-02 2.9331565e-04 6.2094920e-04]
396,دمای آب در یک لیوان از ۵ درجه سانتی‌گراد به -۱ درجه سانتی‌گراد تغییر می‌کند. احتمال تغییر آب چگونه خواهد بود؟,"['جوش می\u200cآید.', 'ذوب می\u200cشود.', 'یخ می\u200cزند.', 'چگالش می\u200cیابد.']",C,با کاهش دما به زیر صفر، آب از حالت مایع به جامد تبدیل می‌شود.,A,0.5385836362838745,C,0.8529596924781799,False,True,True,True,[0.53858364 0.22451505 0.08259448 0.1543068 ],[0.08990129 0.04313511 0.8529597  0.01400392]
397,ماه با سرعت تقریباً یک کیلومتر در ثانیه به دور زمین می‌چرخد. ماه به کمک کدام یک از موارد زیر در مدار خود حفظ می‌شود؟,"['جاذبه', 'فازهای ماه', 'مغناطیس', 'جزر و مدهای اقیانوس']",A,ماه به دلیل نیروی گرانش زمین در مدار خود می‌ماند و این نیرو حرکت دایره‌ای آن را حفظ می‌کند.,A,0.9515611529350281,A,0.9944524168968201,True,True,True,True,[0.95156115 0.03678809 0.0011109  0.01053997],[9.9445242e-01 4.0640999e-03 4.5597935e-04 1.0275653e-03]
398,کدام عمل بیشتر باعث تشکیل فروچاله‌ها در سطح زمین می‌شود؟,"['A) حذف آب\u200cهای زیرزمینی', 'B) برخورد شهاب\u200cسنگ\u200cها', 'C) برخورد صفحات', 'D) فرسایش مکانیکی']",A,برداشت آب زیرزمینی باعث ایجاد حفره‌های زیرسطحی و در نهایت ریزش زمین می‌شود.,A,0.4369799494743347,B,0.49222618341445923,True,False,False,False,[0.43697995 0.38563344 0.12519686 0.05218981],[0.38334614 0.49222618 0.06609716 0.05833054]
399,آتش زدن کبریت و پختن کیک دو عملی هستند که شامل تغییرات شیمیایی می‌شوند. چرا این اعمال به عنوان تغییرات شیمیایی محسوب می‌شوند؟,"['آن\u200cها حالت ماده را تغییر می\u200cدهند.', 'آن\u200cها مواد جدید ایجاد می\u200cکنند.', 'آن\u200cها حجم را تغییر می\u200cدهند.', 'آن\u200cها انرژی تولید می\u200cکنند.']",B,هر دو فرآیند با تغییر ساختار مولکولی، موادی با ویژگی‌های متفاوت تولید می‌کنند که نشانه تغییر شیمیایی است.,A,0.9749553203582764,A,0.5546647906303406,False,False,False,False,[9.7495532e-01 6.4990073e-03 8.7954500e-04 1.7666135e-02],[0.5546648  0.38121518 0.00611382 0.05800629]
400,کدام یک از داده‌های زیر برای توصیف اقلیم یک ناحیه خاص بیشتر مفید خواهد بود؟,"['میانگین سرعت باد هفتگی برای ۱ ماه', 'سطوح رطوبت نسبی روزانه برای ۱۸ ماه', 'مجموع بارش سالانه برای ۲ سال', 'میانگین دماهای بالای و پایینی ماهانه برای ۲۰ سال']",D,داده‌های بلندمدت دما با پوشش نوسانات طبیعی، تصویر دقیقی از الگوهای اقلیمی ارائه می‌دهند.,B,0.5576967000961304,B,0.7004996538162231,False,False,False,False,[0.15978278 0.5576967  0.01908333 0.26343727],[6.8140142e-03 7.0049965e-01 6.7467871e-04 2.9201171e-01]
401,استفاده از منابع غیرقابل تجدید برای تولید انرژی، محصولات زائدی تولید می‌کند که می‌تواند تأثیرات منفی بلندمدت بر روی زیرسیستم‌های زمین داشته باشد. کدام منبع انرژی، محصولات زائدی تولید می‌کند که می‌تواند این تأثیرات را برای طولانی‌ترین مدت زمان به همراه داشته باشد؟,"['گاز طبیعی', 'اورانیوم', 'نفت خام', 'زغال\u200cسنگ']",B,احتراق [MASK] آلاینده‌هایی تولید می‌کند که برای قرن‌ها در جو و محیط باقی می‌مانند و گرمایش و آلودگی پایدار ایجاد می‌کنند.,A,0.8993831872940063,A,0.9033092260360718,False,False,False,False,[0.8993832  0.00770557 0.05783352 0.0350778 ],[0.9033092  0.00603908 0.04532585 0.04532585]
402,بهترین معیار برای تعیین اثر انرژی خورشیدی بر جو زمین چیست؟,"['دمای هوا', 'دمای اقیانوس', 'چگالی ابرها در آسمان', 'مقدار بارش در یک روز بارانی']",A,انرژی خورشید مستقیماً جو را گرم می‌کند و [MASK] تغییرات آن را به‌وضوح نشان می‌دهد.,A,0.5670183897018433,A,0.968553364276886,True,True,True,True,[0.5670184  0.3035031  0.05274093 0.07673759],[0.96855336 0.02025934 0.00844535 0.0027418 ]
403,چسباندن رادیکال‌های متیل به ژن‌ها به تنظیم کدام ویژگی کمک می‌کند؟,"['اطلاعاتی که ژن\u200cها ذخیره می\u200cکنند', 'شیوه وراثت ژن', 'بیان ژن', 'سیستم کدگذاری ژن']",D,متیلاسیون DNA بدون تغییر توالی، بر فعالیت ژن‌ها تأثیر گذاشته و بیان آن‌ها را تنظیم می‌کند.,C,0.9779892563819885,C,0.9983521699905396,False,False,False,False,[0.01795628 0.00275369 0.97798926 0.00130075],[1.5186546e-03 9.1202302e-05 9.9835217e-01 3.8018774e-05]
404,کدام یک از اجزای خاک کمترین ظرفیت برای نگهداری آب را دارد؟,"['سیلت', 'رس', 'شن', 'هُموس']",C,ذرات درشت با فاصله‌های زیاد، آب را به سرعت از دست می‌دهند و قابلیت نگهداری کمی دارند.,C,0.703040599822998,C,0.6839464902877808,True,True,True,False,[0.09514619 0.1777565  0.7030406  0.02405673],[0.11931726 0.17360558 0.6839465  0.02313071]
405,کدامیک از لایه‌های زمین دارای بیشترین چگالی است؟,"['الف) پوشش', 'ب) گوشته', 'ج) هسته داخلی', 'د) هسته بیرونی']",C,فشار بسیار زیاد در مرکز زمین، اتم‌ها را فشرده کرده و باعث بیشترین تراکم در آن ناحیه می‌شود.,C,0.6989690065383911,C,0.8971377015113831,True,True,True,True,[0.05063315 0.07367079 0.698969   0.17672704],[0.03022243 0.0161769  0.8971377  0.05646293]
406,کدام یک بهترین توضیح را برای این که چرا برخی تابه‌ها دارای دستگیره‌های لاستیکی هستند، ارائه می‌دهد؟,"['لاستیک در دستگیره\u200cها به راحتی قابل نگهداری است.', 'لاستیک در دستگیره\u200cها عایق خوبی است.', 'لاستیک در دستگیره\u200cها غذا را در تابه گرم نگه می\u200cدارد.', 'لاستیک در دستگیره\u200cها فلز تابه را خنک نگه می\u200cدارد.']",B,لاستیک عایق حرارت است و از انتقال گرما به دست جلوگیری می‌کند.,B,0.8799219131469727,B,0.8606024384498596,True,True,True,False,[0.04983609 0.8799219  0.0439802  0.02626177],[0.01096109 0.86060244 0.01242054 0.1160158 ]
407,در یک واحد فرمول هیدروکسید منیزیم، Mg(OH)_{2}، چند اتم وجود دارد؟,"['6', '5', '4', '3']",B,یک اتم منیزیم، دو اتم اکسیژن و دو اتم هیدروژن در مجموع پنج اتم تشکیل می‌دهند.,A,0.43914979696273804,B,0.8741517066955566,False,True,True,True,[0.4391498  0.23505996 0.05943246 0.2663578 ],[0.08130877 0.8741517  0.01814244 0.02639709]
408,تفاوت بین میوز و میتوز چیست؟,"['الف) میتوز در تمام سلول\u200cهای حیوانات و گیاهان رخ می\u200cدهد، در حالی که میوز فقط در باکتری\u200cها رخ می\u200cدهد.', 'ب) در میتوز، محصولات مشابه سلول والد هستند، در حالی که در میوز محصولات با سلول والد متفاوت هستند.', 'ج) در میتوز، یک سلول به دو سلول تقسیم می\u200cشود، در حالی که در میوز دو سلول با هم ترکیب می\u200cشوند تا یک سلول تشکیل دهند.', 'د) میتوز شامل جداسازی کروموزوم\u200cها است، در حالی که میوز فقط شامل سیتوپلاسم سلول می\u200cشود.']",B,در میتوز سلول‌های حاصل مشابه والد هستند، اما در میوز با کاهش کروموزوم و تنوع ژنتیکی همراه است.,A,0.5616471171379089,B,0.9261438250541687,False,True,True,True,[0.5616471  0.11146229 0.14312041 0.18377022],[0.05224946 0.9261438  0.01012902 0.01147768]
409,یک کشاورز می‌خواهد بداند که آیا افزودن کود به زمینش باعث سالم‌تر شدن محصولاتش خواهد شد. کدام فعالیت را باید ابتدا انجام دهد؟,"['کشت محصولات مختلف در یک زمین نزدیک که کود داده شده است.', 'آبیاری محصولات در زمین قبل از افزودن کودها.', 'افزودن چندین نوع مختلف کود به زمین به\u200cطور هم\u200cزمان.', 'ثبت ظاهر محصولات قبل از کوددهی.']",D,برای مقایسه دقیق تغییرات پس از کوددهی، باید وضعیت اولیه محصولات ثبت شود.,A,0.9555293321609497,D,0.9732767343521118,False,True,True,True,[0.95552933 0.02529052 0.01353704 0.00564308],[2.6089367e-02 6.1356311e-04 2.0349029e-05 9.7327673e-01]
410,کدام نمودار بهترین گزینه برای ارائه داده‌های جمع‌آوری شده در مورد مصرف سالانه آب در ایالات متحده است؟,"['نمودار میله\u200cای', 'نمودار خطی', 'نمودار پراکنده', 'نمودار دایره\u200cای']",B,برای مقایسه مقادیر گسسته بین دسته‌های مختلف، [MASK] مناسب‌ترین است.,A,0.5641025900840759,A,0.9086825251579285,False,False,False,False,[0.5641026  0.08617067 0.00624218 0.34348464],[0.9086825  0.01480268 0.01017372 0.06634101]
411,چالش تکامل گوسفند. گونه‌ای از گوسفند در جزیره اسکاتلندی هیرتا زندگی می‌کند. هیرتا علف‌های زیادی برای خوردن گوسفندها دارد و هیچ شکارچی طبیعی گوسفندها در این جزیره زندگی نمی‌کند. برخی از گوسفندها پشم تیره دارند و برخی پشم روشن. گوسفندهای با پشم تیره معمولاً بزرگتر و قوی‌تر از گوسفندهای با پشم روشن هستند. با این حال، محققان یافته‌اند که در ۲۰ سال گذشته، تعداد گوسفندهای با پشم روشن افزایش یافته است. معمولاً، قدرت و اندازه به حیوانات کمک می‌کند تا زنده بمانند و تولید مثل کنند. در هیرتا، گوسفندهای با پشم روشن از گوسفندهای با پشم تیره بیشتر هستند زیرا گوسفندهای با پشم روشن:,"['پشم بیشتری تولید می\u200cکنند', 'رژیم غذایی محدودتری دارند', 'سالانه فرزندان کمتری تولید می\u200cکنند', 'شانس بهتری برای زنده ماندن و تولید مثل دارند']",D,با نبود شکارچی و غذای فراوان، گوسفندان روشن‌تر سازگاری بهتری با محیط دارند و احتمال بقا و تولیدمثل آن‌ها بیشتر است.,A,0.49622616171836853,D,0.9390614628791809,False,True,True,True,[0.49622616 0.00424318 0.00330459 0.49622616],[5.3185571e-02 7.1978848e-03 5.5504125e-04 9.3906146e-01]
412,تعداد کروموزوم‌ها در یک سلول اسپرم انسانی چقدر است؟,"['۱۲', '۲۳', '۴۶', '۵۸']",B,گامت‌های نر از تقسیم میوز حاصل می‌شوند که تعداد کروموزوم را نصف می‌کند.,B,0.9843001961708069,B,0.99443519115448,True,True,True,True,[0.00953732 0.9843002  0.00165734 0.00450511],[2.7931638e-03 9.9443519e-01 8.5186685e-04 1.9197116e-03]
413,حیوان خاصی دارای سلول‌های تخصصی است که می‌تواند به سرعت تغییر رنگ دهد. این تغییر رنگ احتمالاً به این حیوان کمک می‌کند,"['سریع دویدن.', 'غذا را به سرعت هضم کند.', 'از شکارچیان پنهان شود.', 'حرارت بدن را حفظ کند.']",C,تغییر رنگ برای استتار و پنهان شدن از خطرات محیطی استفاده می‌شود.,C,0.8501220941543579,C,0.9889482259750366,True,True,True,True,[1.4801788e-01 1.6443301e-03 8.5012209e-01 2.1568917e-04],[1.0900727e-02 1.3299809e-04 9.8894823e-01 1.7999335e-05]
414,کدام یک از گزینه‌های زیر بهترین توضیح را برای این که چرا بسیاری از گونه‌های پرندگان در نیو انگلند برای ماه‌های زمستان به سمت جنوب پرواز می‌کنند، ارائه می‌دهد؟,"['برای یافتن مکان مناسبی برای خواب زمستانی', 'برای دور شدن از نور آفتاب شدید', 'برای یافتن محیطی با غذا بیشتر', 'برای دور شدن از محیط\u200cهای شلوغ']",C,دسترسی به غذا در زمستان شمال کاهش می‌یابد، بنابراین پرندگان به مناطق گرم‌تر با منابع غذایی بیشتر مهاجرت می‌کنند.,A,0.7274252772331238,C,0.9649060964584351,False,True,True,True,[0.7274253  0.26865217 0.00096137 0.00296123],[3.3537216e-02 1.4735225e-03 9.6490610e-01 8.3130450e-05]
415,مربی یک فنجان قهوه را در جا فنجانی خودرو قرار می‌دهد. وقتی که خودرو ناگهان متوقف می‌شود، بخشی از قهوه از فنجان spilled می‌شود. کدام یک از بیانات زیر به بهترین شکل توضیح می‌دهد که چرا قهوه spilled می‌شود؟,"['قهوه به حرکت ادامه می\u200cدهد زیرا نیروی توقف فقط بر روی خودرو عمل می\u200cکند.', 'قهوه به حرکت ادامه می\u200cدهد زیرا نیرویی از جا فنجانی بر روی قهوه کشیده می\u200cشود.', 'نیروی توقف بر روی خودرو موجب واکنش برابر و متضاد از طرف قهوه می\u200cشود.', 'نیروی توقف موجب کاهش سرعت حرکت خودرو و افزایش سرعت حرکت قهوه می\u200cشود.']",A,قهوه به دلیل لختی، حرکت خود را حفظ می‌کند در حالی که خودرو متوقف می‌شود و باعث ریختن آن می‌گردد.,C,0.9374472498893738,C,0.9139430522918701,False,False,False,False,[0.05319795 0.00300122 0.93744725 0.00635359],[0.07531463 0.00537119 0.91394305 0.00537119]
416,مارگارت در حال دویدن دور یک پیست دایره‌ای است. او در ابتدا به سمت شمال ایستاده است. او بعد از اینکه نصف دور را تمام کرده باشد، به سمت کدام جهت خواهد بود؟,"['شمال', 'جنوب', 'شرق', 'غرب']",B,با دویدن نیم دور در مسیر دایره، جهت او ۱۸۰ درجه تغییر می‌کند و از [MASK] به [MASK] می‌رسد.,B,0.8017196655273438,B,0.9398074746131897,True,True,True,True,[0.0276485  0.80171967 0.01152561 0.15910614],[0.02543942 0.9398075  0.00208819 0.03266486]
417,یک تخم‌مرغ داغ و آب‌پز در یک لیوان آب سرد قرار داده می‌شود. چه اتفاقی برای دمای آب و تخم‌مرغ می‌افتد؟,"['آب سردتر می\u200cشود و تخم\u200cمرغ گرم\u200cتر می\u200cشود.', 'آب گرم\u200cتر می\u200cشود و تخم\u200cمرغ سردتر می\u200cشود.', 'دمای آب ثابت می\u200cماند و تخم\u200cمرغ سردتر می\u200cشود.', 'هم آب و هم تخم\u200cمرغ گرم\u200cتر می\u200cشوند.']",B,گرما از جسم گرم‌تر به سردتر منتقل می‌شود و دماها تغییر می‌کنند تا به تعادل برسند.,A,0.8952606320381165,A,0.9754712581634521,False,False,False,False,[0.89526063 0.07327249 0.00092236 0.03054452],[9.7547126e-01 2.3120813e-02 2.5684902e-04 1.1511175e-03]
418,قرمز بر سفید برای رنگ گل در یک گیاه خاص غالب است. اگر یک گیاه با گل‌های قرمز (RR) با یک گیاه با گل‌های سفید (rr) تلاقی کند، رنگ فرزندان چه خواهد بود؟,"['100% صورتی', '100% قرمز', '50% سفید، 50% قرمز', '100% سفید']",B,آلل غالب قرمز است و تمام فرزندان هتروزیگوت خواهند بود، پس همه گل‌ها قرمز می‌شوند.,C,0.4489172697067261,B,0.9503850936889648,False,True,True,True,[0.1457421  0.39616808 0.44891727 0.00917253],[4.7687996e-02 9.5038509e-01 8.7343616e-04 1.0535651e-03]
419,سوال: یک ستاره یک جسم آسمانی است که حرارت و نور خود را تولید می‌کند. کدام یک از این اجسام آسمانی نزدیک‌ترین ستاره به زمین است؟,"['الف) مریخ', 'ب) زهره', 'ج) خورشید', 'د) ماه']",C,تنها جسمی که حرارت و نور خود را تولید می‌کند و نزدیک‌ترین به زمین است، در این گزینه قرار دارد.,C,0.9688299298286438,C,0.977712869644165,True,True,True,True,[0.01403724 0.00122656 0.96882993 0.01590628],[1.0776885e-02 7.3337619e-04 9.7771287e-01 1.0776885e-02]
420,در گوزن‌های دم‌سفید، ماده‌ها به ندرت شاخ رشد می‌کنند. کدام یک بهتر توضیح می‌دهد که چرا گوزن‌های نر دم‌سفید شاخ رشد می‌کنند اما ماده‌ها به ندرت شاخ رشد می‌کنند؟,"['الف) گوزن\u200cهای ماده نیازی به شاخ ندارند.', 'ب) گوزن\u200cهای نر از گوزن\u200cهای ماده بزرگتر هستند.', 'ج) رشد شاخ تحت کنترل ژن\u200cهاست.', 'د) رشد شاخ به رفتار بستگی دارد.']",C,تفاوت در رشد شاخ ناشی از عوامل ژنتیکی و هورمونی ذاتی است.,C,0.8593599796295166,C,0.7480357885360718,True,True,True,False,[0.10303762 0.01997475 0.85936    0.01762766],[0.16821843 0.04187288 0.7480358  0.04187288]
421,زمانی که دو نیروی نامساوی در جهت مخالف بر روی یک جسم در حال حرکت عمل می‌کنند، جسم چه خواهد کرد؟,"['نیروها را جذب می\u200cکند.', 'بلافاصله متوقف می\u200cشود.', 'به حرکت در همان جهت ادامه می\u200cدهد.', 'در همان جهت نیروی بزرگتر حرکت می\u200cکند.']",D,نیروی خالص در جهت نیروی بزرگ‌تر است و جسم با شتاب در آن جهت حرکت می‌کند.,D,0.9008352160453796,D,0.9274441599845886,True,True,True,True,[0.0833012  0.00694546 0.00891815 0.9008352 ],[0.03624296 0.0043286  0.0319843  0.92744416]
422,دانش‌آموزان لیموناد را با استفاده از دستور زیر درست کردند: ۱۰۰ گرم آب‌لیمو، ۱۰۰ گرم شکر و ۱۰۰۰ گرم آب. دانش‌آموزان آب‌لیمو، شکر و آب را در یک ظرف ترکیب کردند. آن‌ها لیموناد را هم زدند تا تمام شکر حل شود. سپس لیموناد را در یک سینی پلاستیکی ریختند و سینی را در فریزر قرار دادند. روز بعد، دانش‌آموزان سینی را از فریزر خارج کردند و مشاهده کردند که لیموناد به صورت جامد درآمده است. جرم لیموناد جامد چند گرم است؟,"['۱۰۰ گرم', '۲۰۰ گرم', '۱۰۰۰ گرم', '۱۲۰۰ گرم']",D,جرم کل مواد اولیه حفظ می‌شود، زیرا حل شدن و انجماد هیچ جرمی اضافه یا کم نمی‌کنند.,A,0.6243142485618591,A,0.8518586158752441,False,False,False,False,[0.62431425 0.29490516 0.00621695 0.0745637 ],[0.8518586  0.11528653 0.00370588 0.029149  ]
423,شهری یک جاده را از میان جنگل ساخته است. گوزن‌ها در جنگل در هر دو طرف جاده زندگی می‌کنند. کدام یک در حفاظت از گوزن‌ها در برابر خودروهای جاده کمکی نمی‌کند؟,"['غذاسازهایی در کنار جاده', 'چراغ\u200cهایی در طول جاده', 'تابلوهایی که به رانندگان هشدار می\u200cدهند به گوزن\u200cها توجه کنند', 'پل\u200cهایی که به گوزن\u200cها اجازه می\u200cدهند از زیر جاده عبور کنند']",A,این گزینه گوزن‌ها را به جاده نزدیک می‌کند و خطر تصادف را افزایش می‌دهد، برخلاف سایر موارد که ایمنی را بهبود می‌بخشند.,D,0.40528222918510437,B,0.6866051554679871,False,False,False,False,[0.2458161  0.31563413 0.03326759 0.40528223],[0.22290805 0.68660516 0.02662257 0.06386423]
424,کدام مثال یک سازگاری رفتاری را توصیف می‌کند؟,"['یک پرنده در خاکستر نزدیک یک آتش\u200cفشان لانه\u200cاش را می\u200cسازد.', 'یک نهنگ توانایی نگه\u200cداشتن نفس خود به مدت 20 دقیقه را دارد.', 'موهای یک روباه در زمستان سفید و در تابستان قهوه\u200cای است.', 'یک میمون دارای دست\u200cهای بلندی است که به آن اجازه می\u200cدهد از یک شاخه به شاخه دیگر نوسان کند.']",A,تغییر رنگ موها در فصول مختلف یک رفتار تطبیقی فعال برای استتار و بقا است.,A,0.9543500542640686,C,0.96657794713974,True,False,False,False,[0.95435005 0.00572487 0.01763384 0.02229126],[3.32039297e-02 1.05680825e-04 9.66577947e-01 1.12496651e-04]
425,کدام خصوصیت ارگانیسم‌های تک‌سلولی و چندسلولی مشترک است؟,"['هر دوی آن\u200cها دارای سلول\u200cهایی با عملکردهای تخصصی برای هر فرآیند زندگی هستند.', 'هر دوی آن\u200cها تمام فرآیندهای زندگی را در یک سلول انجام می\u200cدهند.', 'هر دوی آن\u200cها دارای راهی برای خلاص شدن از مواد زاید هستند.', 'هر دوی آن\u200cها قادر به تهیه غذا از نور خورشید هستند.']",C,دفع مواد زائد برای حفظ تعادل داخلی در همه موجودات زنده ضروری است و ویژگی مشترک آن‌ها محسوب می‌شود.,C,0.5496821999549866,C,0.9883822798728943,True,True,True,True,[0.4297684  0.01858996 0.5496822  0.00195937],[1.1022910e-02 4.2740456e-04 9.8838228e-01 1.6737403e-04]
426,اسپیرژیرا جلبک‌های سبزی هستند که می‌توانند به‌صورت جنسی تولید مثل کنند. کدام‌یک از ویژگی‌های زیر تولید مثل در اسپیرژیرا را به عنوان تولید مثل جنسی شناسایی می‌کند؟,"['سلول\u200cهای جلبک والد دارای هسته هستند.', 'هر فرزند دارای کلروپلاست\u200cهاست.', 'چندین فرزند ممکن است به\u200cطور هم\u200cزمان تولید شوند.', 'جنس\u200cهای ژنتیکی توسط دو سلول والد ارائه می\u200cشوند.']",D,تولید مثل جنسی نیازمند ترکیب مواد ژنتیکی از دو والد است که در این گزینه ذکر شده.,A,0.6095960736274719,A,0.637950599193573,False,False,False,False,[0.6095961  0.03046879 0.22338356 0.13655163],[0.6379506  0.01163892 0.01027131 0.3401391 ]
427,یک توپ بولینگ با جرم 8.0 کیلوگرم با سرعت 2.0 متر بر ثانیه در طول میدان بولینگ سر می‌خورد. مومنتوم توپ بولینگ چه مقدار است؟,"['4.0 کیلوگرم × متر بر ثانیه', '6.0 کیلوگرم × متر بر ثانیه', '10.0 کیلوگرم × متر بر ثانیه', '16.0 کیلوگرم × متر بر ثانیه']",D,حاصل ضرب جرم و سرعت برابر با ۱۶ واحد استاندارد مومنتوم است.,A,0.7768892645835876,D,0.9833078384399414,False,True,True,True,[0.77688926 0.09206412 0.0389824  0.09206412],[1.6143980e-02 3.7967000e-04 1.6847755e-04 9.8330784e-01]
428,خاک‌ها هم از طریق فرایندهای طبیعی و هم به علت فعالیت‌های انسانی تغییر می‌کنند. کدام‌یک از تغییرات خاک تنها به علت علل طبیعی است؟,"['تخریب مواد مغذی به دلیل آفت\u200cکش\u200cها', 'تشکیل بیابان\u200cها به دلیل قطع درختان', 'سیل به دلیل ساخت سد', 'حذف مواد مغذی به دلیل بارش\u200cهای سنگین']",D,بارش سنگین پدیده طبیعی است که مواد مغذی خاک را می‌شوید، در حالی که سایر موارد ناشی از فعالیت انسان هستند.,B,0.7397199273109436,B,0.4609506130218506,False,False,False,False,[0.18630132 0.7397199  0.06048319 0.01349562],[0.15082246 0.4609506  0.02923827 0.3589887 ]
429,سلول‌های عضلانی توانایی ذخیره و آزادسازی مقادیر زیادی انرژی را دارند. کدام عملکرد بدن بهترین بهره را از این آزادسازی انرژی می‌برد؟,"['تعویض گازها', 'حرکت قسمت\u200cهای بدن', 'جذب مواد مغذی', 'ارسال سیگنال\u200cهای عصبی']",B,انقباض ماهیچه‌ها برای حرکت، نیازمند آزادسازی سریع انرژی است.,B,0.9488624334335327,B,0.984387993812561,True,True,True,True,[4.7194965e-02 9.4886243e-01 8.7801839e-04 3.0645852e-03],[1.4151669e-02 9.8438799e-01 6.6188246e-04 7.9838256e-04]
430,منبع اصلی گرما برای سطح زمین چیست؟,"['آتش', 'رعد و برق', 'خورشید', 'اقیانوس']",C,ستاره مرکزی منظومه شمسی انرژی گرمایی را از طریق تابش به زمین می‌رساند و منبع اصلی پایدار است.,C,0.9561915397644043,C,0.9841498732566833,True,True,True,True,[4.2012125e-02 1.4602144e-03 9.5619154e-01 3.3616045e-04],[1.4259213e-02 1.2855070e-03 9.8414987e-01 3.0533469e-04]
431,یک آفت‌کش به آب‌های اوِرگلیدز نفوذ می‌کند و بسیاری از جمعیت‌های ماهی، دوزیست و پرندگانی را که بر روی آن‌ها تمساح‌ها برای غذا حساب می‌کنند، از بین می‌برد. کدام تغییر احتمالاً در جمعیت تمساح‌ها رخ خواهد داد؟,"['افزایش در نرخ تولیدمثل', 'کاهش در تعداد مرگ\u200cهای تمساح', 'افزایش در خصومت بین افراد', 'کاهش در تعداد تمساح\u200cهایی که مهاجرت می\u200cکنند']",C,کاهش منابع غذایی باعث می‌شود تمساح‌ها انرژی کمتری برای جستجوی مناطق جدید داشته باشند و کمتر مهاجرت کنند.,A,0.8849183917045593,D,0.9220863580703735,False,False,False,False,[0.8849184  0.00879486 0.04982627 0.05646056],[7.5689457e-02 1.8948484e-03 3.2927530e-04 9.2208636e-01]
432,کدام ارتقاء به یک مدرسه به احتمال زیاد مصرف منابع غیرقابل تجدید مدرسه را کاهش می‌دهد؟,"['پنل\u200cهای جمع\u200cآوری انرژی خورشیدی', 'رایانه\u200cهای پرسرعت', 'اتصالات اینترنت بی\u200cسیم', 'فرش\u200cهای تجزیه\u200cپذیر']",A,این سیستم‌ها انرژی تجدیدپذیر تولید کرده و وابستگی به سوخت‌های فسیلی را کاهش می‌دهند، برخلاف سایر موارد که مصرف را افزایش می‌دهند.,A,0.811932384967804,B,0.43020135164260864,True,False,False,False,[0.8119324  0.05150117 0.01302154 0.12354489],[0.2609303  0.43020135 0.01319553 0.29567277]
433,کدام قسمت از چرخه آب زمانی رخ می‌دهد که آب از ابرها به زمین برمی‌گردد؟,"['تنفس گیاهی', 'تبخیر', 'چگالش', 'بارش']",D,بازگشت آب از جو به زمین از طریق ابرها صورت می‌گیرد که بخشی از چرخه آب است.,D,0.8814604878425598,D,0.9843248128890991,True,True,True,True,[1.0568748e-01 1.2426874e-02 4.2522428e-04 8.8146049e-01],[9.8019456e-03 5.2466034e-03 6.2661746e-04 9.8432481e-01]
434,مزیت عمده نکتون نسبت به پلانکتون در پیدا کردن غذا چیست؟,"['نکتون می\u200cتواند به طور فعال شنا کند.', 'نکتون می\u200cتواند در تاریکی ببیند.', 'نکتون غذای زیادی نمی\u200cخورد.', 'نکتون می\u200cتواند هرچیزی را در دریا بخورد.']",A,توانایی حرکت مستقل در آب به نکتون امکان جستجوی هدفمند غذا را می‌دهد، برخلاف موجودات شناور که وابسته به جریان هستند.,A,0.5467936396598816,D,0.5338470935821533,True,False,False,False,[0.54679364 0.33294514 0.01301094 0.10725028],[0.3669074  0.07224835 0.02699723 0.5338471 ]
435,یونانیان اولیه به داشتن بسیاری از مفاهیم معتبر در نجوم شناخته می‌شوند. برخی از نظریه‌های آن‌ها صحیح بود؛ برخی دیگر بعداً نادرست اثبات شدند. یکی از نظریه‌ها این بود که زمین مرکز جهان است و سیارات دیگر به دور زمین می‌چرخند. یونانیان معتقد بودند که زمین حرکت نمی‌کند زیرا حرکت آن از سطح سیاره قابل مشاهده نیست. یونانیان همچنین بر این باور بودند که یک کروی نامرئی که سیاره ما را احاطه کرده، حاوی ستاره‌هاست. این کره می‌چرخید و حرکت ظاهری صورت‌های فلکی را در طول زمان توضیح می‌داد. کدام حرکت آسمانی مسئول فازهای月 است؟,"['الف) ماه در حال چرخش به دور زمین', 'ب) زمین در حال چرخش به دور خورشید', 'ج) ماه در حال چرخش بر روی محور خود', 'د) زمین در حال چرخش بر روی محور خود']",A,تغییر زاویه بین ماه، زمین و خورشید در طول گردش ماه به دور زمین، بخش‌های مختلف سطح روشن آن را نمایان می‌کند.,D,0.5030285120010376,A,0.7923874855041504,False,True,True,True,[0.391759   0.05260622 0.05260622 0.5030285 ],[0.7923875  0.00600287 0.04435556 0.15725411]
436,کدام اختراع احتمالاً توسط فرهنگی که در بالای دایره قطبی زندگی می‌کند، توسعه می‌یابد؟,"['تولید یخ', 'تهویه مطبوع', 'لباس\u200cهای عایق\u200cدار', 'کانال\u200cهای آبیاری']",C,ساکنان مناطق قطبی برای مقابله با سرمای شدید نیازمند پوشش محافظتی مناسب هستند.,B,0.36154904961586,C,0.9185129404067993,False,True,True,True,[0.2815747  0.36154905 0.3190659  0.03781044],[0.05222538 0.02795423 0.91851294 0.00130744]
437,تقریباً ۵۹٪ از ماه از زمین قابل مشاهده است زیرا ماه در یک دوره مشابه می‌چرخد و حرکت می‌کند. دلیل این پدیده احتمالاً چیست؟,"['نیروی جاذبه خورشید', 'نیروی جاذبه زمین', 'ترکیب ماه', 'فازهای ماه']",B,به دلیل قفل گرانشی، ماه با سرعت یکسان به دور زمین و محورش می‌چرخد و در نتیجه تنها بخشی از سطح آن از زمین دیده می‌شود.,A,0.942337155342102,A,0.5241717100143433,False,False,False,False,[9.4233716e-01 1.5276150e-02 8.6182146e-04 4.1524883e-02],[0.5241717  0.2805689  0.0024274  0.19283201]
438,جیوه و طلا هر دو فلز هستند. برخلاف طلا، جیوه نمی‌تواند برای ساخت جواهرات استفاده شود زیرا در دمای اتاق مایع است. تفاوت در حالت ماده نمونه‌ای از کدام نوع خاصیت است؟,"['شیمیایی', 'الکتریکی', 'هسته\u200cای', 'فیزیکی']",D,تفاوت در حالت ماده بدون تغییر ترکیب [MASK]، نشان‌دهنده یک ویژگی [MASK] است.,D,0.7062541842460632,D,0.7473090291023254,True,True,True,True,[0.26032433 0.03084935 0.00257215 0.7062542 ],[0.24261571 0.00823725 0.00183798 0.747309  ]
439,هنگامی که یک سگ به دستور اقدام خاصی انجام می‌دهد، مانند نشستن، آن اقدام نمونه‌ای از است,"['رفتار وحشیانه', 'رفتار آموخته شده', 'رفتار غریزی', 'رفتار محیطی']",B,این عمل از طریق آموزش کسب شده و بخشی از غرایز طبیعی حیوان نیست.,B,0.9876449704170227,B,0.7793684005737305,True,True,True,False,[0.00854272 0.987645   0.00190614 0.00190614],[0.04414104 0.7793684  0.17458121 0.00190935]
440,کدام مدار اجازه نمی‌دهد جریان الکتریکی از آن عبور کند؟,"['مدار بسته', 'مدار باز', 'مدار موازی', 'مدار سری']",B,در این مدار مسیر جریان قطع است و الکترون‌ها نمی‌توانند حرکت کنند.,B,0.9697573781013489,B,0.9922589659690857,True,True,True,True,[0.01553751 0.9697574  0.00099328 0.0137118 ],[4.5771562e-03 9.9225897e-01 3.8764239e-04 2.7761855e-03]
441,موجودات جدید کشف‌شده اکنون بر اساس شواهد DNA طبقه‌بندی می‌شوند. کدام‌یک از موارد زیر برای یک پژوهشگر در طبقه‌بندی یک موجود جدید کشف‌شده بیشتر مفید است؟,"['سابقه فسیلی', 'برش ژنی', 'پرورش انتخابی', 'الکتروفورز ژل']",D,از آنجا که طبقه‌بندی بر اساس DNA است، روش‌های تحلیل مستقیم ژنتیک برای مقایسه دقیق توالی‌ها و تعیین روابط تکاملی ضروری می‌باشند.,A,0.7661827802658081,D,0.75034099817276,False,True,True,True,[7.6618278e-01 6.2769398e-02 4.2293686e-04 1.7062491e-01],[1.47750899e-01 1.01547614e-01 3.60559876e-04 7.50340998e-01]
442,یک دانش‌آموز از ویژگی‌های زیر برای توصیف یک گروه از اشیاء در فضا استفاده می‌کند. * ۲۰۰ میلیارد ستاره * ۳۰ میلیون سال نوری از زمین * ۵۰۰ سال نوری قطر کدام یک از گزینه‌های زیر احتمالاً توصیف می‌شود؟,"['یک کهکشان', 'جهان', 'یک صورت فلکی', 'سیستم خورشیدی']",A,ویژگی‌های ذکر شده با تعریف [MASK] مطابقت دارد و گزینه‌های دیگر با این ابعاد همخوانی ندارند.,A,0.9904394149780273,A,0.9794028401374817,True,True,True,False,[9.9043941e-01 1.2987859e-03 7.4739973e-03 7.8775350e-04],[9.7940284e-01 2.5442045e-03 1.7116930e-02 9.3596056e-04]
443,کدام یک از موارد زیر بر قدرت یک الکترومغناطیس تأثیر ندارد؟,"['تعداد دورهایی که سیم در اطراف هسته پیچیده می\u200cشود', 'اندازه شیء جذب\u200cشده توسط هسته', 'نوع ماده در هسته', 'مقدار ماده در هسته']",B,اندازه جسم جذب‌شده نتیجه قدرت آهنرباست، نه علت تأثیرگذار بر آن.,A,0.6952326893806458,A,0.9163892269134521,False,False,False,False,[0.6952327  0.225709   0.0346136  0.04444474],[0.9163892  0.03539374 0.03123487 0.0169821 ]
444,در چرخه سنگ، تجزیه و فرسایش فرآیند شکل‌گیری را آغاز می‌کند,"['رسوب\u200cها.', 'ماگما.', 'مینرال\u200cها.', 'بلور\u200cها.']",A,تجزیه و فرسایش، سنگ‌ها را به ذرات ریز تبدیل می‌کند که پس از انتقال و تهنشینی، سنگ‌های جدید را تشکیل می‌دهند.,B,0.9846345782279968,B,0.7900635004043579,False,False,False,False,[1.3928955e-02 9.8463458e-01 1.4088939e-04 1.2955947e-03],[0.12163436 0.7900635  0.01452715 0.07377497]
445,مزیت تنظیم بیان ژن چیست؟,"['حفاظت از اطلاعات ژنتیکی', 'حفاظت از منابع سلولی', 'سازگاری ویژگی\u200cها با تغییرات محیطی', 'ارث\u200cبردن ویژگی\u200cها در نسل\u200cهای آینده']",B,این فرآیند امکان تطبیق با شرایط متغیر محیط را فراهم می‌کند و برای بقا ضروری است.,A,0.686592698097229,C,0.9568578004837036,False,False,False,False,[0.6865927  0.02077384 0.28677398 0.00585953],[4.2205941e-02 7.6104410e-04 9.5685780e-01 1.7520231e-04]
446,برخی از افراد از حالتی به نام سندرم تونل کارپ که باعث درد در مچ دست می‌شود، رنج می‌برند. سندرم تونل کارپ می‌تواند ناشی از حرکات تکراری مچ دست‌ها و دست‌ها باشد، مانند تایپ کردن روی صفحه‌کلید کامپیوتر. این یک نمونه از استفاده از فناوری با وجود,"['کمک به جامعه.', 'تأثیر منفی.', 'پیشرفت\u200cهای پزشکی.', 'ویژگی\u200cهایConvenient.']",B,این وضعیت ناشی از فناوری، آسیب‌های ناخواسته و پیامدهای مضر برای کاربران به همراه دارد.,B,0.5062304735183716,B,0.9967597126960754,True,True,True,True,[0.39271563 0.5062305  0.00098108 0.10007284],[2.8161455e-03 9.9675971e-01 1.8574494e-04 2.3850120e-04]
447,کدام ماشین ساده مسافت طی شده بار را افزایش می‌دهد و نیروی مورد نیاز را کاهش می‌دهد؟,"['چرخ و محور', 'تیغه', 'کششی', 'سطح شیب\u200cدار']",D,با افزایش مسافت، نیروی لازم برای بلند کردن بار کاهش می‌یابد و بار به ارتفاع مورد نظر می‌رسد.,A,0.43669235706329346,A,0.5016940236091614,False,False,False,False,[0.43669236 0.0169324  0.34009635 0.20627886],[0.501694   0.00926092 0.04630166 0.44274342]
448,اگر موجود زنده جدیدی کشف شود، کدام یک از موارد زیر احتمالاً برای طبقه‌بندی آن به شاه‌سلطنت مناسب استفاده خواهد شد؟,"['رنگ موجود زنده', 'زیستگاه طبیعی موجود زنده', 'ساختار آناتومی موجود زنده', 'محل کشف موجود زنده']",C,ویژگی‌های ساختاری و تکاملی پایدارتر از عوامل محیطی برای طبقه‌بندی در سطح بالای زیستی هستند.,B,0.9111718535423279,C,0.9294278025627136,False,True,True,True,[0.07523307 0.91117185 0.00223662 0.01135849],[4.1317575e-02 2.8397124e-02 9.2942780e-01 8.5751887e-04]
449,برق کاربردهای زیادی دارد. کدام دستگاه برای تبدیل انرژی الکتریکی به انرژی گرمایی مفید طراحی شده است؟,"['یک رادیوی ساعت', 'یک اجاق برقی', 'یک موتور الکتریکی', 'یک شارژر باتری']",B,این دستگاه با استفاده از مقاومت الکتریکی، برق را مستقیماً به گرما تبدیل می‌کند.,B,0.9917258024215698,B,0.9961671233177185,True,True,True,True,[6.7149033e-03 9.9172580e-01 2.3706511e-04 1.3222429e-03],[2.7980283e-03 9.9616712e-01 3.9069229e-04 6.4414268e-04]
450,گیاهان از مواد مغذی موجود در خاک استفاده می‌کنند. کدام یک از این موارد می‌تواند در خاک تجزیه شود و تبدیل به مواد مغذی گردد؟,"['هوا', 'آب', 'برگ\u200cها', 'نور خورشید']",C,مواد آلی مانند [MASK] توسط تجزیه‌کنندگان به مواد مغذی تبدیل شده و در دسترس گیاهان قرار می‌گیرند.,B,0.5000719428062439,C,0.9845888018608093,False,True,True,True,[0.04137035 0.50007194 0.44131193 0.01724573],[0.01085267 0.00242156 0.9845888  0.00213702]
451,شیوه‌های ایمن در آزمایشگاه شامل همه این موارد به جز کدام است,"['جمع کردن موهای بلند', 'پوشیدن عینک ایمنی', 'انجام هر مرحله به سرعت', 'پاک کردن فوری ریختگی\u200cها']",C,سرعت عمل ممکن است باعث بی‌دقتی و خطر شود، اما سایر موارد احتیاط‌های ایمنی ضروری هستند.,B,0.36684274673461914,C,0.9472078084945679,False,True,True,True,[0.22250138 0.36684275 0.36684275 0.04381312],[0.03687098 0.01356408 0.9472078  0.00235708]
452,در یک رویداد ورزشی، داور از سوت برای هشدار به تیم‌ها جهت شروع و متوقف کردن بازی استفاده می‌کند. چه چیزی باعث می‌شود صدای سوت داور در تمام جهات حرکت کند؟,"['الف) لرزش\u200cهای زمین', 'ب) لرزش\u200cهای هوا', 'ج) امواج زلزله', 'د) امواج نوری']",B,صدای سوت با ارتعاش مولکول‌های هوا در همه جهت‌ها منتشر می‌شود.,B,0.832119882106781,B,0.9881783127784729,True,True,True,True,[0.14460075 0.8321199  0.00110404 0.02217524],[7.6636481e-03 9.8817831e-01 5.3807261e-04 3.6200513e-03]
453,آلن در حال استفاده از آب کلم برای تعیین pH نسبی محلول‌های مختلف خانگی است. کدامیک از این مراحل نتایج تحقیقات او را منتقل می‌کند؟,"['چندین آزمایش انجام دهید', 'یک روش را بنویسید', 'مواد را شناسایی کنید که باید آزمایش شوند', 'مشاهده\u200cها و داده\u200cها را در یک دفتر ثبت کنید']",D,ثبت دقیق یافته‌ها برای مستندسازی و انتقال نتایج آزمایش ضروری است تا تغییرات و داده‌ها قابل تحلیل باشند.,D,0.7536896467208862,D,0.9754490256309509,True,True,True,True,[0.2159357  0.02922372 0.00115097 0.75368965],[2.2673098e-02 1.4494427e-03 4.2845446e-04 9.7544903e-01]
454,در دسامبر، یک سمت زمین انرژی کمتری از خورشید دریافت خواهد کرد نسبت به سمت دیگر. کدام جمله بهترین توضیح را برای این واقعیت ارائه می‌دهد؟,"['الف) زمین حول محور خود می\u200cچرخد.', 'ب) زمین بر روی محور خود متمایل است.', 'ج) نور خورشید که به زمین می\u200cرسد از ماه بازتاب می\u200cیابد.', 'د) نور خورشید که به زمین می\u200cرسد توسط ماه مسدود می\u200cشود.']",B,انحراف محور زمین باعث می‌شود یک نیمکره در دسامبر انرژی خورشیدی کمتری دریافت کند.,A,0.5191726684570312,A,0.8030420541763306,False,False,False,False,[0.51917267 0.21727042 0.11539145 0.14816555],[0.80304205 0.08464    0.01640821 0.0959097 ]
455,فسیل‌های سرخس گلاسوپترس در قاره‌های آمریکای جنوبی، آفریقا، آسیا و قطب جنوب پیدا شده است. بذرهای این سرخس بسیار کوچک بودند و نمی‌توانستند توسط باد پراکنده شوند. چه چیزی بهترین اشاره به وجود فسیل‌های گلاسوپترس در این قاره‌ها است؟,"['گلاسوپترس به اندازه\u200cای منعطف بود که بتواند به تمام آب و هواها سازگار شود.', 'زمین\u200cها در زمان\u200cهای پیش از تاریخ به هم پیوسته بودند.', 'فسیل\u200cها در قاره\u200cهای جنوبی به مراتب بهتر حفظ شده\u200cاند.', 'منطقه\u200cهای آب و هوایی شمالی برای رشد گیاهان مناسب نبودند.']",B,وجود فسیل‌های یکسان در قاره‌های جدا شده نشان می‌دهد که در گذشته خشکی‌ها به هم متصل بوده‌اند.,B,0.9654170274734497,B,0.9855074882507324,True,True,True,True,[3.3164050e-02 9.6541703e-01 1.0014676e-03 4.1747376e-04],[1.4223215e-02 9.8550749e-01 2.0932347e-04 5.9972179e-05]
456,جانشینی ثانویه، فرآیندی است که زیستگاه قبلاً مستعمره شده، اما مختل یا آسیب دیده را دوباره برقرار می‌کند. کدامیک به احتمال زیاد منجر به استعمار توسط گیاه‌خواران بزرگ و شکارچیان خواهد شد؟,"['نهال\u200cها و درختان', 'علف\u200cها و بوته\u200cها', 'لکه\u200cها و خزه\u200cها', 'نهال\u200cها و درختچه\u200cها']",A,گونه‌های پیشگام سریع‌رشد، پوشش گیاهی پایدار و منابع لازم را برای جذب حیوانات بزرگ فراهم می‌کنند.,A,0.6641743183135986,A,0.4990933835506439,True,True,True,False,[0.6641743  0.08953579 0.16727486 0.07901505],[0.49909338 0.38869432 0.05260405 0.05960821]
457,کدام عمل بهترین مدل‌ سازی حرکات یک بازو در مفصل آرنج است؟,"['باز کردن یک کشو', 'برش یک سیب', 'بستن در یک اتومبیل', 'هل دادن یک چرخ\u200c دستی']",C,هل دادن چرخ‌دستی نیازمند خم و راست کردن آرنج است که دقیقاً عملکرد مفصل و عضلات بازو را شبیه‌سازی می‌کند، برخلاف سایر حرکات که بر مفاصل دیگر تمرکز دارند.,A,0.4114305377006531,D,0.9641035199165344,False,False,False,False,[0.41143054 0.24954523 0.11880134 0.2202229 ],[3.2989807e-02 2.3897737e-03 5.1682483e-04 9.6410352e-01]
458,معادله را بخوانید. 2Ca + O_{2} -> 2CaO محصول واکنش چیست؟,"['فلز', 'مخلوط', 'محلول', 'ترکیب']",D,محصول این واکنش ماده‌ای خالص با [MASK] ثابت است که از دو عنصر تشکیل شده، بنابراین در این دسته قرار می‌گیرد.,D,0.8164060711860657,D,0.5562217235565186,True,True,True,False,[0.1807472  0.00177198 0.00107476 0.8164061 ],[0.4331859  0.0079963  0.00259602 0.5562217 ]
459,افزایش دمای جهانی به چه نامیده می‌شود؟,"['اثر گلخانه\u200cای', 'گرمایش جهانی', 'کاهش اوزن', 'گرمایش خورشیدی']",B,این اصطلاح علمی به افزایش میانگین دمای زمین در طول زمان اشاره دارد.,A,0.9236699342727661,B,0.9796978235244751,False,True,True,True,[9.2366993e-01 7.5450137e-02 4.1730291e-05 8.3817530e-04],[2.0135382e-02 9.7969782e-01 1.7796179e-05 1.4900559e-04]
460,یک برش جاده‌ای لایه‌ای از شیل را بر روی لایه‌ای از سنگ آهک نشان می‌دهد. این نشان‌دهنده چیست؟,"['الف) لایه شیل از لایه سنگ آهک قدیمی\u200cتر است.', 'ب) در طول رسوب\u200cگذاری لایه\u200cها، یک شکستگی رخ داده است.', 'ج) محیط بین زمان\u200cهای رسوب\u200cگذاری تغییر کرده است.', 'د) فعالیت آتشفشانی زمانی که این لایه\u200cها رسوب کردند، رخ داده است.']",C,تغییر شرایط رسوبی از محیط کم‌عمق به عمیق‌تر در زمان‌های مختلف تشکیل لایه‌ها را نشان می‌دهد.,B,0.6307413578033447,B,0.5856566429138184,False,False,False,False,[0.20477174 0.63074136 0.09748597 0.06700105],[0.08050817 0.58565664 0.31347942 0.02035565]
461,یک گروه از دانش‌آموزان قصد دارد مدلی از زیستگاه برکه محلی بسازد. کدام مدل بهترین نمایندگی از محیطی مشابه برکه است؟,"['یک بطری پلاستیکی sealed حاوی حشره\u200cها و جلبک\u200cهای برکه', 'یک آکواریوم کلاس کلاس حاوی گیاهان و حیوانات خریداری شده از فروشگاه', 'یک آکواریوم کلاس کلاس حاوی آب شیرین، گیاهان غیر بومی و حیوانات غیر بومی', 'یک استخر کوچک پلاستیکی در فضای باز حاوی آب شیرین، گیاهان بومی و حیوانات بومی']",D,این مدل در فضای باز با گونه‌های محلی و آب شیرین، شرایط طبیعی برکه را بهتر شبیه‌سازی می‌کند.,D,0.5457545518875122,D,0.5594256520271301,True,True,True,True,[0.33101687 0.08369417 0.03953433 0.54575455],[0.2332033  0.11015745 0.0972136  0.55942565]
462,بهترین توضیح برای نحوه حرکت توده‌های هوایی در ایالات متحده چیست؟,"['بادهای غربی غالب توده\u200cهای هوایی را از غرب به شرق در سرتاسر ایالات متحده حرکت می\u200cدهند اما ممکن است توسط جت استریم منحرف شوند.', 'بادهای تجاری توده\u200cهای هوایی را از غرب به شرق در سرتاسر ایالات متحده حرکت می\u200cدهند.', 'جت استریم توده\u200cهای هوایی را از اقیانوس آرام به سرتاسر ایالات متحده حرکت می\u200cدهد.', 'هوای گرم جریان خلیج باعث می\u200cشود که توده\u200cهای هوایی از اقیانوس اطلس به اقیانوس آرام حرکت کنند.']",A,بادهای غالب در عرض‌های میانه، هوا را از غرب به شرق می‌برند و جریان‌های جوی در ارتفاع بالا این حرکت را تعدیل می‌کنند.,A,0.9892365336418152,A,0.9868855476379395,True,True,True,False,[9.8923653e-01 8.4795393e-03 6.1425578e-04 1.6697203e-03],[0.98688555 0.00975097 0.00131965 0.00204391]
463,برخی از گیاهان، مانند درختان چوب سرخ، ممکن است هزاران سال زندگی کنند. برخی دیگر از گیاهان، مانند گل وحشی سوزن سیاه، ممکن است تنها چند هفته زندگی کنند. این گیاهان به احتمال زیاد چه چیزی مشترک دارند تا زنده بمانند؟,"['استفاده از مخروط\u200cها برای پخش بذرها', 'روش موفقی برای تولید مثل', 'توانایی زندگی در بیابان', 'خارهایی برای دور کردن حیوانات']",B,همه گیاهان برای تداوم نسل خود نیازمند روش مؤثری در تولید مثل هستند، فارغ از طول عمرشان.,B,0.9988429546356201,B,0.9983841180801392,True,True,True,False,[1.0310946e-03 9.9884295e-01 8.7324079e-05 3.8749826e-05],[1.5010098e-03 9.9838412e-01 6.8043235e-05 4.6765392e-05]
464,دانشمندان چگونه می‌دانند که برخی از کوه‌ها زمانی در اعماق اقیانوس بوده‌اند؟,"['رودخانه\u200cهای آب شیرین به اقیانوس می\u200cریزند.', 'ماهی\u200cهای آب شور در برخی از جویبارهای کوهستانی یافت می\u200cشوند.', 'استخوان\u200cهای دایناسور در کوه\u200cها کشف شده است.', 'فسیل\u200cهای دریایی در قله\u200cهای برخی از کوه\u200cها یافت شده است.']",D,کشف فسیل‌های جانداران دریایی در ارتفاعات نشان می‌دهد که این مناطق قبلاً زیر آب بوده‌اند.,D,0.8878278136253357,D,0.9631993174552917,True,True,True,True,[0.04385836 0.03415693 0.03415693 0.8878278 ],[0.0200688  0.00836592 0.00836592 0.9631993 ]
465,چهار دانش‌آموز مختلف به نوبت یک توپ سنگین و بزرگ را در پارکینگ مدرسه به جلو می‌رانند. بهترین روش برای تعیین اینکه کدام دانش‌آموز بیشترین نیرو را برای هل دادن توپ استفاده کرده، چیست؟,"['اندازه\u200cهای دانش\u200cآموزان را مقایسه کنید', 'سن\u200cهای دانش\u200cآموزان را مقایسه کنید', 'فاصله\u200cهایی که توپ حرکت کرده را مقایسه کنید', 'تعداد دفعاتی که توپ هل داده شده است را مقایسه کنید']",C,کار انجام‌شده با نیرو و جابجایی مرتبط است. با مقایسه مسافت طی‌شده، نیروی بیشتر مشخص می‌شود.,A,0.45421329140663147,C,0.9684215784072876,False,True,True,True,[0.4542133  0.00270085 0.35374168 0.18934427],[2.9473159e-02 8.1036543e-04 9.6842158e-01 1.2949602e-03]
466,هنگامی که یک توده هوای سرد با یک توده هوای گرم و مرطوب تماس پیدا می‌کند، احتمالاً چه اتفاقی می‌افتد؟,"['آسمان صاف می\u200cشود.', 'باران یا برف شروع به باریدن می\u200cکند.', 'هوای سرد به ارتفاعات بالا رانده می\u200cشود.', 'هوای گرم به سطح زمین رانده می\u200cشود.']",B,برخورد هوای سرد با هوای گرم باعث صعود هوای گرم می‌شود. این صعود، سرد شدن و تراکم رطوبت را در پی دارد که منجر به تشکیل ابر و بارش می‌گردد.,B,0.9558092355728149,B,0.9739331603050232,True,True,True,True,[0.03716948 0.95580924 0.0026508  0.00437044],[0.02037187 0.97393316 0.00454558 0.0011493 ]
467,هنگامی که حیوانات ماقبل تاریخ مردند و بخش‌های نرم آن‌ها تجزیه شد، چه محصولی تشکیل شد؟,"['نفت', 'ماسه', 'زغال\u200cسنگ', 'شیل']",A,[MASK] از جانوران دریایی تشکیل می‌شود، اما در گزینه‌ها موجود نیست و [MASK] نزدیک‌ترین گزینه است.,D,0.7696252465248108,D,0.5440904498100281,False,False,False,False,[0.19535334 0.0264382  0.00858323 0.76962525],[0.29123065 0.15588453 0.0087944  0.54409045]
468,کدام یک از این موارد یک عنصر است؟,"['KBr', 'O_{2}', '2KCl', 'FeO_{2}']",B,تنها گزینه‌ای که از یک نوع اتم تشکیل شده و قابل تجزیه به مواد ساده‌تر نیست.,D,0.3948476314544678,B,0.8855709433555603,False,True,True,True,[0.34845182 0.2394872  0.01721339 0.39484763],[0.03921444 0.88557094 0.00195237 0.07326222]
469,موجودات زنده را می‌توان بر اساس ویژگی‌های اساسی‌ترین آنها به وسیع‌ترین گروه‌ها تقسیم‌بندی کرد که به آنها گفته می‌شود,"['مملکت\u200cها.', 'حوزه\u200cها.', 'شاخه\u200cها.', 'سلسله\u200cها.']",B,بالاترین سطح طبقه‌بندی موجودات زنده بر اساس ویژگی‌های اساسی است.,B,0.7599053382873535,C,0.4196767807006836,True,False,False,False,[0.13205175 0.75990534 0.00520083 0.102842  ],[0.19824126 0.28843936 0.41967678 0.09364255]
470,کدام ساختار در هر دو ویروس و سلول یافت می‌شود؟,"['زنجیره اسید نوکلیک', 'آبشار گلژی', 'شبکه اندوپلاسمی', 'غشای هسته']",A,هر دو دارای ماده ژنتیکی هستند، در حالی که سایر ساختارها فقط در سلول‌های یوکاریوتی وجود دارند.,A,0.8939917683601379,A,0.9980825185775757,True,True,True,True,[0.89399177 0.03059071 0.05715098 0.01826655],[9.9808252e-01 1.3333198e-03 9.3613737e-05 4.9050094e-04]
471,یک دانش‌آموز سه بلوک با اندازه‌های یکسان دریافت می‌کند. هر بلوک از ماده‌ای متفاوت ساخته شده است. چه ویژگی از بلوک‌ها باید بررسی شود تا معلوم گردد کدام بلوک از فلز ساخته شده است؟,"['رنگ', 'وزن', 'بافت', 'رسانایی']",D,فلزات برق را به خوبی عبور می‌دهند، در حالی که مواد دیگر این ویژگی را ندارند و این مشخصه متمایزکننده است.,B,0.8001058101654053,D,0.9915662407875061,False,True,True,True,[0.05807278 0.8001058  0.00251198 0.13930936],[7.4533289e-03 8.1051188e-04 1.6989252e-04 9.9156624e-01]
472,سدیم، Na، در یک گروه مشابه با کدام یک از موارد زیر است؟,"['نئون.', 'منیزیم.', 'کلسیم.', 'پتاسیم.']",D,هر دو در یک گروه از جدول تناوبی قرار دارند و به دلیل داشتن تعداد الکترون ظرفیت یکسان، خواص مشابهی نشان می‌دهند.,D,0.48659664392471313,D,0.9023639559745789,True,True,True,True,[0.33443266 0.08389978 0.09507091 0.48659664],[0.05110714 0.03512539 0.01140354 0.90236396]
473,بیشتر کوه‌ها در زمین در رشته‌کوه‌های عظیمی به طول هزاران مایل قرار دارند. کدامیک از رویدادها بیشتر احتمال دارد باعث تشکیل این رشته‌کوه‌ها شود؟,"['فرسایش سنگ\u200cها', 'زمین\u200cلرزه\u200cهای شدید', 'فوران آتش\u200cفشان', 'حرکت صفحات']",D,تشکیل رشته‌کوه‌های بزرگ ناشی از برخورد و [MASK] زمین‌ساختی است.,D,0.8898946642875671,D,0.9784395098686218,True,True,True,True,[0.10649054 0.0019202  0.00169457 0.88989466],[0.01771196 0.00113229 0.00271622 0.9784395 ]
474,چند واحد پایه اطلاعات در یک مولکول DNA برای رمزگزاری یک آمینواسید لازم است؟,"['1', '2', '3', '4']",C,هر آمینواسید توسط سه نوکلئوتید در DNA رمزگذاری می‌شود.,C,0.7913857102394104,C,0.996489942073822,True,True,True,True,[0.03068535 0.08341144 0.7913857  0.09451754],[1.7652663e-03 3.7001993e-04 9.9648994e-01 1.3747907e-03]
475,دانشمندان برای آزمایش فرضیه‌ها آزمایش‌هایی را انجام می‌دهند. دانشمندان چگونه سعی می‌کنند در طول آزمایش‌ها بی‌طرف باقی بمانند؟,"['الف) دانشمندان تمام نتایج را تحلیل می\u200cکنند.', 'ب) دانشمندان از احتیاط\u200cهای ایمنی استفاده می\u200cکنند.', 'ج) دانشمندان یک بار آزمایش را انجام می\u200cدهند.', 'د) دانشمندان حداقل دو متغیر را تغییر می\u200cدهند.']",A,دانشمندان تمام داده‌ها را بی‌طرفانه بررسی می‌کنند تا نتیجه‌گیری بر اساس شواهد باشد.,A,0.8444072604179382,A,0.9832678437232971,True,True,True,True,[0.84440726 0.11450151 0.00391803 0.0371732 ],[9.8326784e-01 1.2425959e-02 7.4623688e-04 3.5600970e-03]
476,پس از یک بازی فوتبال، بریتنی به دلیل گرما زیر یک پنکه نشسته بود. تحت پنکه، او احساس خنکی بیشتری نسبت به قبل کرد. کدام یک توضیح می‌دهد که چرا بریتنی تحت پنکه احساس خنکی کرد؟,"['هوای در حال حرکت زیر پنکه سردتر از هوای ساکن است.', 'تبخیر عرق از پوست گرما را جذب می\u200cکند.', 'بخار آب ناشی از پنکه بر روی پوست متراکم می\u200cشود.', 'پنکه جریان\u200cهای همرفت در هوا را افزایش می\u200cدهد.']",B,جریان هوا تبخیر عرق را تسریع می‌کند که گرما از بدن جذب کرده و خنک‌کننده است.,A,0.9573872685432434,B,0.6914556622505188,False,True,True,True,[0.95738727 0.01545962 0.01985054 0.00730261],[0.25338063 0.69145566 0.04403095 0.01113277]
477,کدام اقلام برای ایجاد یک مدار ساده لازم است؟,"['سیم و کلید', 'سیم و باتری', 'لامپ و کلید', 'لامپ و باتری']",B,برای تشکیل مدار پایه، تنها یک منبع انرژی و یک مسیر هدایت جریان کافی است و اجزای دیگر الزامی نیستند.,A,0.7329005599021912,A,0.7609288096427917,False,False,False,False,[0.73290056 0.21080136 0.04703614 0.00926196],[0.7609288  0.19164285 0.03773671 0.00969159]
478,سوال: یک سیم هادی که در پلاستیک پیچیده شده است، کاربر را محافظت می‌کند زیرا پلاستیک,"['الف) سیم را خنک نگه می\u200cدارد.', 'ب) اجازه می\u200cدهد حرارت به طور آزاد حرکت کند.', 'ج) یک عایق الکتریکی خوب است.', 'د) خواص مغناطیسی دارد.']",C,پلاستیک جریان برق را عبور نمی‌دهد و از برق‌گرفتگی جلوگیری می‌کند.,C,0.8792583346366882,C,0.8431403040885925,True,True,True,False,[0.08210386 0.01239583 0.87925833 0.02624197],[0.06012997 0.01952134 0.8431403  0.07720841]
479,کدام یک می‌تواند به بهترین شکل به یک حیوان جنگلی کمک کند تا از خوردن توسط بازها یا جغدها جلوگیری کند؟,"['اندازه کوچک', 'چنگال\u200cهای تیز', 'رنگ روشن', 'خانه زیرزمینی']",D,پنهان شدن در زیر زمین از دید شکارچیان هوایی محافظت می‌کند.,B,0.673242449760437,B,0.7268661856651306,False,False,False,False,[0.04303895 0.67324245 0.0030694  0.28064921],[0.03590691 0.7268662  0.00124802 0.2359789 ]
480,کدام یک از موارد زیر نشان دهنده واکنش مواد برای تشکیل مواد جدید نیست؟,"['H_{2}O(l) -> H_{2}O(g)', '2H_{2} + O_{2} -> 2H_{2}O', '2Na + Cl_{2} -> 2NaCl', '6CO_{2} + 6H_{2}O -> C_{6}H_{12}O_{6} + 6O_{2}']",A,این مورد تنها تغییر حالت فیزیکی است و ماده جدیدی تولید نمی‌کند.,A,0.8890396952629089,A,0.45491597056388855,True,True,True,False,[0.8890397  0.05705685 0.02695175 0.02695175],[0.45491597 0.24349898 0.27592048 0.0256646 ]
481,کدام اظهار نظر بهترین توصیف را از حرکت مولکول‌های آب هنگام تغییر حالت آب از بخار به مایع ارائه می‌دهد؟,"['مولکول\u200cها سریع\u200cتر حرکت می\u200cکنند و فضای بیشتری را اشغال می\u200cکنند.', 'مولکول\u200cها کندتر حرکت می\u200cکنند و فضای بیشتری را اشغال می\u200cکنند.', 'مولکول\u200cها سریع\u200cتر حرکت می\u200cکنند و فضای کمتری را اشغال می\u200cکنند.', 'مولکول\u200cها کندتر حرکت می\u200cکنند و فضای کمتری را اشغال می\u200cکنند.']",D,با کاهش انرژی جنبشی، حرکت کندتر و فاصله مولکولی کمتر می‌شود.,A,0.650533139705658,D,0.9474169611930847,False,True,True,True,[0.65053314 0.02522391 0.11304571 0.21119718],[0.02877764 0.01338284 0.01042257 0.94741696]
482,پوست انسان در سیستم‌های مختلف ارگان‌ها نقش مهمی دارد. کدام سیستم ارگانی کمتر احتمال دارد که تعامل مستقیمی با پوست داشته باشد؟,"['گوارش', 'ادراری', 'ایمنی', 'عصبی']",A,این سیستم مسئول تصفیه خون و دفع ضایعات است که عملکردهایش ارتباط مستقیمی با پوست ندارد، برخلاف سایر سیستم‌ها که تعامل مستقیم یا غیرمستقیم دارند.,B,0.6906850337982178,B,0.9317551851272583,False,False,False,False,[0.2242326  0.69068503 0.03465688 0.05042547],[0.05277177 0.9317552  0.00630269 0.00917036]
483,چه چیزی انرژی خورشیدی را از اکثر دیگر انرژی‌هایی که مردم استفاده می‌کنند متمایز می‌کند؟,"['انرژی خورشیدی شامل خطرناک\u200cترین تجهیزات است.', 'انرژی خورشیدی به پیچیده\u200cترین فناوری نیاز دارد.', 'منبع انرژی خورشیدی برای میلیاردها سال تغییر نخواهد کرد.', 'منبع انرژی خورشیدی باعث می\u200cشود که ارزان\u200cترین نوع انرژی باشد.']",C,منبع آن برای میلیاردها سال پایدار است، برخلاف منابع محدود دیگر که پایان‌پذیر هستند.,C,0.9936060905456543,C,0.9870582222938538,True,True,True,False,[4.5477026e-03 1.3029384e-03 9.9360609e-01 5.4314552e-04],[1.1051227e-02 1.4050059e-03 9.8705822e-01 4.8555704e-04]
484,یک دانش‌آموز می‌خواهد از یک جدول جریانی استفاده کند تا تأثیر اسیدیته آب بر نرخ فرسایش یک جویبار را آزمایش کند. کدام متغیر باید در این تجربه ثابت باشد؟,"['زاویه شیب جدول', 'اسیدیته آب', 'مقدار رسوب فرسایش یافته', 'نرخ فرسایش رسوب']",A,برای بررسی تأثیر اسیدیته، سایر عوامل مؤثر مانند شیب باید ثابت بمانند تا نتایج دقیق باشند.,B,0.5879993438720703,A,0.8748416304588318,False,True,True,True,[4.0412566e-01 5.8799934e-01 4.7318247e-04 7.4018193e-03],[0.87484163 0.11862841 0.00131784 0.00521217]
485,یک دانش‌آموز بر روی یک اسکیت بورد که حرکت نمی‌کند، ایستاده است. جرم کل دانش‌آموز و اسکیت بورد ۵۰ کیلوگرم است. دانش‌آموز یک توپ به جرم ۲ کیلوگرم را به جلو با سرعت ۵ متر بر ثانیه پرتاب می‌کند. با فرض اینکه چرخ‌های اسکیت بورد بدون اصطکاک هستند، چگونه دانش‌آموز و اسکیت بورد حرکت خواهند کرد؟,"['به جلو با سرعت ۰.۴ متر بر ثانیه', 'به جلو با سرعت ۵ متر بر ثانیه', 'به سمت عقب با سرعت ۰.۲ متر بر ثانیه', 'به سمت عقب با سرعت ۵ متر بر ثانیه']",D,تکانه کل صفر است و پس از پرتاب، حرکت توپ به جلو باعث حرکت معکوس مجموعه با سرعتی متناسب با جرم آن می‌شود.,A,0.8004501461982727,A,0.9290975332260132,False,False,False,False,[0.80045015 0.01483357 0.15700348 0.02771276],[0.92909753 0.00543896 0.0524161  0.0130474 ]
486,کدام گاز توسط گیاهان آزاد می‌شود؟,"['هیدروژن', 'نیتروژن', 'اکسیژن', 'هلیم']",C,گیاهان در فرآیند فتوسنتز گازی حیاتی برای تنفس تولید می‌کنند.,C,0.9918444752693176,C,0.9993651509284973,True,True,True,True,[7.4627046e-03 4.2101700e-04 9.9184448e-01 2.7182899e-04],[4.8022295e-04 4.7548510e-05 9.9936515e-01 1.0715223e-04]
487,نوع تغییر انرژی که هنگام کار کردن یک باتری در یک اسباب بازی کنترل از راه دور اتفاق می‌افتد چیست؟,"['انرژی حرارتی به انرژی نوری تبدیل می\u200cشود.', 'انرژی نوری به انرژی حرارتی تبدیل می\u200cشود.', 'انرژی پتانسیل به انرژی جنبشی تبدیل می\u200cشود.', 'انرژی جنبشی به انرژی شیمیایی تبدیل می\u200cشود.']",C,باتری انرژی ذخیره‌شده را ابتدا به الکتریکی و سپس به حرکتی تبدیل می‌کند تا اسباب‌بازی کار کند.,A,0.5421473383903503,C,0.9850194454193115,False,True,True,True,[0.54214734 0.29019058 0.13707632 0.03058586],[1.2207327e-02 1.9927914e-03 9.8501945e-01 7.8038836e-04]
488,یرمیا متوجه شد که یک گیاه بسیاری از برگ‌هایش را از دست داده و در سایر برگ‌ها نیز حفره‌های بزرگی وجود دارد. چرا از دست دادن برگ‌ها برای گیاه مضر است؟,"['گیاه غذای کمتری تولید می\u200cکند.', 'گیاه آب کمتری دریافت می\u200cکند.', 'گیاه حشرات کمتری را جذب می\u200cکند.', 'گیاه از حمایت برخوردار نیست.']",A,برگ‌ها برای فتوسنتز ضروری هستند و کاهش آن‌ها تولید غذا و انرژی گیاه را محدود می‌کند.,A,0.5701930522918701,A,0.9961243271827698,True,True,True,True,[0.57019305 0.30639687 0.08710103 0.03630911],[9.9612433e-01 2.7870000e-03 9.0480648e-04 1.8382259e-04]
489,جیمز مقداری آب در یک تابه ریخت. او تابه را روی اجاق گذاشت و اجاق را روی کم روشن کرد. چه اتفاقی برای آب خواهد افتاد؟,"['آب ذوب خواهد شد.', 'آب بخار خواهد شد.', 'آب به یک جامد تبدیل خواهد شد.', 'آب به قطرات ریز متراکم خواهد شد.']",B,با گرم شدن آب، به بخار تبدیل می‌شود نه جامد یا مایع دیگر.,B,0.5316548943519592,B,0.9811447262763977,True,True,True,True,[0.28457436 0.5316549  0.00981397 0.17395681],[1.3886366e-02 9.8114473e-01 4.6054603e-04 4.5082429e-03]
490,سیستم تنفسی نمی‌تواند اکسیژن را به سلول‌های بدن منتقل کند و نیز نمی‌تواند دی‌اکسید کربن را حذف کند، بدون کدام دو سیستم بدن؟,"['سیستم عضلانی و عصبی', 'سیستم گوارش و عضلانی', 'سیستم قلبی-عروقی و عصبی', 'سیستم قلبی-عروقی و عضلانی']",D,انتقال گازها نیازمند گردش خون و عضلات تنفسی است تا اکسیژن و دی‌اکسید کربن جابه‌جا شوند.,C,0.8411495685577393,C,0.46272507309913635,False,False,False,False,[0.04216563 0.00206676 0.84114957 0.11461806],[0.07096119 0.00358859 0.46272507 0.46272507]
491,کدام یک به عنوان یک منبع غیرقابل تجدید در نظر گرفته می‌شود؟,"['الف) نفت', 'ب) خاک', 'ج) غذا', 'د) آب']",A,نفت طی میلیون‌ها سال تشکیل می‌شود و در مقیاس انسانی قابل جایگزینی نیست، برخلاف منابع طبیعی دیگر.,A,0.9332326650619507,A,0.9968810081481934,True,True,True,True,[0.93323267 0.03180897 0.00314951 0.03180897],[9.9688101e-01 2.1552627e-03 4.5176764e-04 5.1191979e-04]
492,سوال: درخت ایالت اوهایو، درخت باکای (Buckeye) است. کدامیک از این موارد ویژگی‌ای است که درخت باکای در فرآیند تولید مثل به ارث می‌برد؟,"['الف) تعداد برگ\u200cهایی که در زمستان می\u200cریزد', 'ب) تغییر رنگ برگ در فصل پاییز', 'ج) نوع معدنی که از خاک جذب می\u200cشود', 'د) مقدار آبی که برای رشد در دسترس است']",B,ویژگی‌های موروثی از طریق ژنتیک منتقل می‌شوند و تحت تأثیر محیط نیستند، مانند زمان تغییر رنگ برگ‌ها.,A,0.4611097276210785,B,0.8240691423416138,False,True,True,True,[0.46110973 0.46110973 0.02313736 0.05464313],[0.11152563 0.82406914 0.03620707 0.0281981 ]
493,در کدام fase تغییر، انرژی حرارتی توسط یک ماده جذب می‌شود؟,"['از مایع به گاز', 'از گاز به جامد', 'از مایع به جامد', 'از گاز به مایع']",A,در فرآیندی که ماده از حالت مایع به گازی تبدیل می‌شود، انرژی گرمایی جذب می‌کند تا پیوندهای بین مولکولی ضعیف شوند.,A,0.8498530387878418,A,0.9991328120231628,True,True,True,True,[0.84985304 0.08992443 0.03748608 0.02273646],[9.99132812e-01 5.59118693e-04 1.20917895e-04 1.87281301e-04]
494,کدام یک از گزینه‌های زیر، دورترین جسم از زمین است؟,"['کوه هالی', ' کهکشان آندرومدا', 'نپتون', 'خورشید']",B,کهکشان آندرومدا خارج از منظومه شمسی و در فاصله میلیون‌ها سال نوری قرار دارد، در حالی که سایر اجرام نزدیک‌تر هستند.,B,0.8891645073890686,B,0.9901070594787598,True,True,True,True,[0.06485268 0.8891645  0.03471314 0.01126971],[7.5153960e-03 9.9010706e-01 8.9758605e-04 1.4798692e-03]
495,"فاصله متوسط بین زمین و خورشید ۱۴۹,۶۰۰,۰۰۰ کیلومتر است. کدام یک از موارد زیر نوتاسیون علمی صحیح برای این فاصله است؟","['۱.۴۹۶ × ۱۰^۳ کیلومتر', '۱۴۹۶ × ۱۰^۵', '۱۴۹.۶ × ۱۰^۶ کیلومتر', '۱.۴۹۶ × ۱۰^۸ کیلومتر']",D,عدد داده‌شده با جابجایی ممیز به چپ به اندازه هشت رقم، به صورت صحیح نوشته می‌شود.,A,0.5600875616073608,A,0.383479505777359,False,False,False,False,[0.56008756 0.01916514 0.38494217 0.0358052 ],[0.3834795  0.02777916 0.2052618  0.3834795 ]
496,عملکرد اصلی سیستم گردش خون چیست؟,"['آنزیم ها را ترشح کند', 'پروتئین ها را هضم کند', 'هورمون ها را تولید کند', 'مواد را حمل کند']",D,این سیستم مسئولیت اصلی جابجایی مواد ضروری و زائد را در سراسر بدن از طریق جریان خون بر عهده دارد.,D,0.973115086555481,D,0.9910059571266174,True,True,True,True,[2.6059572e-02 6.0336088e-04 2.2196406e-04 9.7311509e-01],[8.6242659e-03 2.9510618e-04 7.4614531e-05 9.9100596e-01]
497,رایج ترین عنصری که در ترکیبات تشکیل دهنده آب اقیانوس یافت می‌شود، چیست؟,"['نیتروژن', 'اکسیژن', 'کربن', 'سیلیکون']",B,آب دریا عمدتاً از مولکول‌های آب تشکیل شده که [MASK] بخش اصلی آن است.,B,0.994754433631897,B,0.9870917797088623,True,True,True,False,[4.1212966e-03 9.9475443e-01 4.9221865e-04 6.3202129e-04],[1.0816699e-02 9.8709178e-01 1.6587945e-03 4.3272242e-04]
498,یک شرکت داروسازی یک آنتی بیوتیک جدید برای درمان ذات الریه توسعه می‌دهد. پس از آزمایش‌های محدود، محققان نتیجه‌گیری می‌کنند که این آنتی بیوتیک به نظر موثر است. چگونه می‌توانند نتیجه‌گیری‌های خود را تقویت کنند؟,"['آزمایش آنتی\u200cبیوتیک بر روی داوطلبان انسانی.', 'نتایج خود را در یک نشریه پزشکی منتشر کنند.', 'از یک آزمایشگاه مستقل بخواهند تا آنتی\u200cبیوتیک را دوباره آزمایش کند.', 'کارایی آنتی\u200cبیوتیک را در کشتن دیگر باکتری\u200cها آزمایش کنند.']",C,تأیید نتایج توسط آزمایشگاه بی‌طرف، اعتبار و عینیت تحقیق را افزایش می‌دهد.,A,0.6483676433563232,C,0.5422015190124512,False,True,True,True,[0.64836764 0.07743648 0.27027985 0.00391605],[0.1994648  0.25611785 0.5422015  0.00221585]
499,کدام یک درباره خورشید و زمین درست است؟,"['زمین نور و انرژی حرارتی به خورشید می\u200cدهد.', 'زمین تنها انرژی حرارتی به خورشید می\u200cدهد.', 'خورشید نور و انرژی حرارتی به زمین می\u200cدهد.', 'خورشید تنها انرژی نوری به زمین می\u200cدهد.']",C,خورشید منبع اصلی نور و گرما برای زمین است و انرژی خود را از طریق تابش به سیاره ما می‌فرستد.,C,0.8595194220542908,C,0.9905794262886047,True,True,True,True,[0.13206927 0.00571276 0.8595194  0.00269851],[7.5927684e-03 6.6344871e-04 9.9057943e-01 1.1643887e-03]
500,در طول تولید مثل جنسی، یک سلول اسپرم یک سلول تخمک را بارور می‌کند تا یک تخمک بارور شده شکل بگیرد. سپس تخمک بارور شده به یک موجود جدید تبدیل می‌شود. کدامیک از بیانات، مزیت اصلی تولید مثل جنسی را نسبت به تولید مثل غیرجنسی توصیف می‌کند؟,"['الف) تولید مثل جنسی فرزندان یکسانی تولید می\u200cکند.', 'ب) تولید مثل جنسی فرزندان کمتری سازگار تولید می\u200cکند.', 'ج) تولید مثل جنسی تعداد زیادی فرزند تولید می\u200cکند.', 'د) تولید مثل جنسی باعث تنوع ژنتیکی در فرزندان می\u200cشود.']",D,ترکیب مواد ژنتیکی دو والد، تنوع ایجاد می‌کند که سازگاری بهتر با محیط و مقاومت در برابر بیماری‌ها را فراهم می‌آورد.,D,0.6844456791877747,D,0.949787974357605,True,True,True,True,[0.09226852 0.00194513 0.22134067 0.6844457 ],[0.01986683 0.00143915 0.02890606 0.949788  ]
501,یک دانش‌آموز نمک و شکر را مخلوط کرد. کدام جمله خواص فیزیکی نمک و شکر را پس از مخلوط شدن توصیف می‌کند؟,"['شکر نمک را حل کرد.', 'نمک و شکر رنگشان تغییر کرد.', 'شکر و نمک تغییری نکردند.', 'نمک و شکر یک ماده جدید تشکیل دادند.']",C,در مخلوط فیزیکی، مواد ترکیب جدیدی تشکیل نمی‌دهند و خواص اولیه خود را حفظ می‌کنند.,C,0.8070542812347412,C,0.9607719779014587,True,True,True,True,[0.15891841 0.01701365 0.8070543  0.01701365],[0.03681916 0.00142763 0.960772   0.0009812 ]
502,چرا در فصول مختلف ستاره‌های مختلفی دیده می‌شوند؟,"['برخی از ستاره\u200cها در فصول مختلف بیشتر می\u200cدرخشند.', 'خورشید در فصول مختلف بر ستاره\u200cهای مختلف می\u200cتابد.', 'زمین در فصول مختلف موقعیت خود را در مدار تغییر می\u200cدهد.', 'ماه در فصول مختلف موقعیت خود را در مدار تغییر می\u200cدهد.']",C,چرخش زمین به دور خورشید باعث تغییر دید ما از ستارگان در طول سال می‌شود.,C,0.4332740306854248,C,0.9241204261779785,True,True,True,True,[0.2977846  0.15939261 0.43327403 0.10954883],[0.06694306 0.00787125 0.9241204  0.00106526]
503,یک دانشمند شمارش‌های ماهانه جمعیت سه گونه حیوانی را در یک جنگل به مدت پنج سال جمع‌آوری کرده است. برای نمایش این داده‌ها، دانشمند باید از کدام یک از موارد زیر استفاده کند؟,"['یک جدول', 'یک نمودار دایره\u200cای', 'یک نمودار خطی', 'یک نمودار پراکندگی']",C,داده‌ها در طول زمان جمع‌آوری شده‌اند و نمودار خطی روند تغییرات را به‌خوبی نشان می‌دهد.,A,0.6156951189041138,C,0.9919318556785583,False,True,True,True,[0.6156951  0.22738807 0.0503423  0.10657465],[6.7623681e-03 4.4602653e-04 9.9193186e-01 8.5973868e-04]
504,دوقلوهای هم‌زاد ممکن است ویژگی‌های مشابهی داشته باشند یا نداشته باشند به دلیل,"['ترکیب مستقل.', 'وراثت چندژنی.', 'غلبه ناقص.', 'آلل\u200cهای متعدد.']",A,دوقلوهای هم‌زاد از دو زیگوت تشکیل شده و ترکیب مستقل کروموزوم‌ها در میوز باعث تفاوت ژنتیکی آنها می‌شود.,B,0.679154634475708,A,0.9746533036231995,False,True,True,True,[0.28422186 0.67915463 0.0160347  0.02058896],[9.7465330e-01 2.2810001e-02 8.8443962e-04 1.6523509e-03]
505,سوالی: یک شرکت در حال تولید تبلیغاتی برای گیتارهای سفارشی خود است. کدام یک از بیانیه‌های زیر باید در تبلیغ وجود داشته باشد تا بهترین تأکید بر فرایندهای تولید سفارشی شرکت داشته باشد؟,"['الف) گیتارهای ما با استفاده از ابزار دستی ساخته می\u200cشوند.', 'ب) ما گیتارهای خود را طبق مشخصات شما می\u200cسازیم.', 'ج) ما هر ساله هزاران گیتار تولید و به فروش می\u200cرسانیم.', 'د) گیتارهای ما بهترین کیفیتی هستند که پول شما می\u200cتواند بخرد.']",B,این بیانیه مستقیماً بر اساس خواست مشتری محصول را تولید می‌کند که هسته اصلی سفارشی‌سازی است و بر انعطاف‌پذیری فرآیند تأکید دارد.,B,0.5519434809684753,B,0.8507402539253235,True,True,True,True,[0.429854   0.5519435  0.00349364 0.0147088 ],[0.13046525 0.85074025 0.00482703 0.01396748]
506,یک تولیدکننده لوازم خانگی طراحی جدیدی برای پنکه برقی خود انجام داده است. این تولیدکننده پنکه جدید را از نظر مصرف انرژی بهینه‌تر کرده است. این بدین معناست که پنکه جدید,"['بیشتر برق را به گرما تبدیل می\u200cکند.', 'با سرعت کمتری نسبت به پنکه اصلی می\u200cچرخد.', 'به برق بیشتری نسبت به پنکه اصلی نیاز دارد.', 'درصد گرمای از دست رفته به جو را کاهش می\u200cدهد.']",D,بهینه‌سازی انرژی یعنی کاهش اتلاف گرما که بازده را بهبود می‌بخشد.,D,0.5085722804069519,D,0.9657816886901855,True,True,True,True,[0.3960765  0.04767561 0.04767561 0.5085723 ],[0.02939282 0.00241271 0.00241271 0.9657817 ]
507,یک توپ بولینگ که بر روی یک میز در حالت سکون قرار دارد، نیرویی به سمت پایین بر روی میز وارد می‌کند. نیرویی که از سوی میز وارد می‌شود، باید,"['همانند نیروی توپ باشد.', 'به\u200cطور مداوم با توپ تغییر کند.', 'بیشتر از نیروی توپ باشد.', 'کمتر از نیروی توپ باشد.']",A,بر اساس قانون سوم نیوتن، نیروی عکس‌العمل هم‌اندازه و در جهت مخالف نیروی واردشده است.,D,0.5922830104827881,A,0.49077096581459045,False,True,True,True,[0.31702626 0.0199526  0.07073812 0.592283  ],[0.49077097 0.03112978 0.09588649 0.38221282]
508,کدام جسم نیروی گرانشی به قدری قدرتمند دارد که مرکز منظومه شمسی را تشکیل می‌دهد؟,"['زمین', 'پلوتو', 'ماه', 'خورشید']",D,جرم بسیار زیاد آن باعث گرانش قوی می‌شود که سایر اجرام را در مدار نگه می‌دارد و مرکزیت دارد.,D,0.9633971452713013,D,0.9883570075035095,True,True,True,True,[0.02562357 0.00745688 0.00352238 0.96339715],[0.00848442 0.0021452  0.00101332 0.988357  ]
509,گیاهان می‌توانند به جلوگیری از فرسایش کمک کنند یا به فرسایش کمک کنند. کدام یک از موارد زیر توصیف می‌کند که چگونه گیاهان می‌توانند به فرسایش کمک کنند؟,"['گیاهان جریان آب و خاک را کند می\u200cکنند.', 'ریشه\u200cهای گیاه در سنگ\u200cها رشد می\u200cکنند و سنگ\u200cها را می\u200cشکنند.', 'ریشه\u200cهای گیاه خاک را در مقابل باد نگه می\u200cدارند.', 'گیاهان ضربه\u200cی قطرات باران را قبل از برخورد آن\u200cها به خاک می\u200cشکنند.']",B,ریشه‌ها با رشد در سنگ‌ها فشار وارد کرده و آن‌ها را خرد می‌کنند که نوعی فرسایش مکانیکی است.,A,0.8143877983093262,B,0.9818323850631714,False,True,True,True,[0.8143878  0.18100604 0.00123882 0.00336745],[1.7704088e-02 9.8183239e-01 2.0291778e-04 2.6055158e-04]
510,زنجیره غذایی نشان داده شده است. نور خورشید -> علف -> خرگوش -> مار. عامل غیر زنده در این زنجیره غذایی چیست؟,"['نور خورشید', 'علف', 'خرگوش', 'مار']",A,تنها عاملی که موجود زنده نیست و در محیط به عنوان جزء غیرزنده شناخته می‌شود، نور است.,A,0.5181563496589661,A,0.9955863952636719,True,True,True,True,[0.51815635 0.2784346  0.0120439  0.19136512],[9.9558640e-01 3.5976649e-03 1.9066926e-04 6.2518037e-04]
511,کدام حیوان برای تغییرات فصلی در محیط آماده می‌شود؟,"['خفاشی که در شب پرواز می\u200cکند', 'گوزنی که آب می\u200cنوشد', 'بوفالی که موش می\u200cخورد', 'سنجابی که آجیل ذخیره می\u200cکند']",D,ذخیره‌سازی غذا برای زمستان، آمادگی مستقیم برای تغییر فصل است.,A,0.41872960329055786,D,0.7253077626228333,False,True,True,True,[0.4187296  0.10587142 0.10587142 0.36952758],[0.1819594  0.04060063 0.05213224 0.72530776]
512,کدام یک از این اشیاء دارای بزرگترین جرم است؟,"['آجر', 'توپ فوتبال', 'دفتر یادداشت', '25 سنت']",A,[MASK] به دلیل چگالی بالا و حجم بیشتر، سنگین‌ترین است.,A,0.7255557775497437,A,0.9194345474243164,True,True,True,True,[0.7255558  0.20787522 0.00793524 0.05863389],[0.91943455 0.05877748 0.010214   0.01157397]
513,کرگدن‌ها و اسب‌ها با یکدیگر نسبتی دارند. آنها سیستم‌های گوارشی بسیار مشابه و تعدادی انگشت ناهنجار در پاهای خود دارند. اسب‌ها یک انگشت دارند و کرگدن‌ها سه انگشت. این حقایق بهترین پشتیبانی را از کدام ادعا دارند؟,"['اسب\u200cها و کرگدن\u200cها یک جد مشترک دارند.', 'اسب\u200cها و کرگدن\u200cها از نظر ژنتیکی یکسان هستند.', 'اسب\u200cها اجداد کرگدن\u200cهای مدرن هستند.', 'اسب\u200cها از کرگدن\u200cهای مدرن descend کرده\u200cاند.']",A,شباهت‌های آناتومیکی و عملکردی نشان می‌دهد که این دو گونه از یک نیای مشترک تکامل یافته‌اند.,C,0.42540910840034485,A,0.9161112308502197,False,True,True,True,[0.25802368 0.29237914 0.4254091  0.02418817],[0.91611123 0.00147765 0.07578879 0.00662235]
514,هر یک از این معادلات شیمیایی را بررسی کنید تا ببینید کدام معادله به درستی متعادل شده است.,"['Mg(NO_{3})_{2} + K_{2}CO_{3} -> MgCO_{3} + KNO_{3}', 'Mg(NO_{3})_{2} + K_{2}CO_{3} -> MgCO_{3} + 2KNO_{3}', '2Mg(NO_{3})_{2} + K_{2}CO_{3} -> 2MgCO_{3} + KNO_{3}', 'Mg(NO_{3})_{2} + 2K_{2}CO_{3} -> MgCO_{3} + 2KNO_{3}']",B,در این معادله، تعداد اتم‌های هر عنصر در دو طرف برابر است: منیزیم، کربن، پتاسیم، نیتروژن و اکسیژن همگی به تعداد یکسان وجود دارند.,B,0.7676689624786377,B,0.6646567583084106,True,True,True,False,[0.22080167 0.76766896 0.00310074 0.00842868],[0.31396163 0.66465676 0.00575041 0.01563123]
515,قوطی‌های فولادی از قوطی‌های آلومینیومی در یک مرکز بازیافت جدا می‌شوند. کدام یک از گزینه‌های زیر بهترین روش برای جداسازی قوطی‌های فولادی از قوطی‌های آلومینیومی در مرکز بازیافت است؟,"['قوطی\u200cها را بر اساس اندازه مرتب کنید', 'قوطی\u200cها را در آب قرار دهید', 'قوطی\u200cها را به دمای پایین خنک کنید', 'قوطی\u200cها را زیر یک الکترومغناطیس قرار دهید']",D,فولاد به دلیل خاصیت مغناطیسی جذب آهنربا می‌شود، اما آلومینیوم این خاصیت را ندارد.,A,0.7803953289985657,D,0.8718253970146179,False,True,True,True,[0.7803953  0.09356973 0.00588897 0.1201459 ],[0.04918502 0.07156379 0.00742583 0.8718254 ]
516,کدام گزینه بهترین توصیف را از تولیدمثل جنسی در تمام حیوانات ارائه می‌دهد؟,"['تخم و اسپرم به هم می\u200cپیوندند.', 'گرده و بذر به هم می\u200cپیوندند.', 'نسل جدید تنها ویژگی\u200cهای یک والد را دارد.', 'نسل جدید کاملاً شبیه یک والد است.']",A,در تولیدمثل جنسی، سلول‌های نر و ماده ترکیب شده و موجودی با ویژگی‌های هر دو به وجود می‌آید.,A,0.6195429563522339,A,0.7179533839225769,True,True,True,True,[0.61954296 0.22791712 0.04487954 0.10766042],[0.7179534  0.18295078 0.06730383 0.03179208]
517,در کدام لایه از خورشید همجوشی هسته‌ای رخ می‌دهد؟,"['هسته', 'ناحیه تابشی', 'ناحیه همرفتی', 'کروموسفر']",A,این فرآیند تنها در مرکز خورشید ممکن است، چون دما و فشار کافی برای واکنش‌های اتمی وجود دارد.,B,0.9234088659286499,B,0.8857244849205017,False,False,False,False,[0.05189206 0.92340887 0.01312037 0.01157868],[0.10516668 0.8857245  0.0059331  0.00317576]
518,کدام یک بهترین توصیف‌کنندهٔ اهمیت هسته‌های یخ در مطالعهٔ تاریخ زمین‌شناسی است؟,"['آنها ناهماهنگی\u200cها را نشان می\u200cدهند که تغییرات در رسوب\u200cگذاری را علامت می\u200cزنند.', 'آنها فسیل\u200cهای شاخص را نگه\u200cداری می\u200cکنند که برای تاریخ\u200cگذاری هسته\u200cهای یخ مختلف استفاده می\u200cشوند.', 'آنها مدارکی را حاکی از تغییرات در ترکیب جوی در طول زمان در خود دارند.', 'آنها از قانون لایه\u200cگذاری پیروی می\u200cکنند که دلایلی برای انقراض گونه\u200cها ارائه می\u200cدهد.']",C,حباب‌های هوای باستانی در هسته‌های یخ، تغییرات ترکیب جو و دما در طول تاریخ زمین را مستند می‌کنند.,A,0.8781744837760925,C,0.9644967317581177,False,True,True,True,[0.8781745  0.11792311 0.00170857 0.00219385],[2.9353710e-02 5.7800882e-03 9.6449673e-01 3.6950866e-04]
519,دانشمندان از مدل‌هایی استفاده می‌کنند که ویژگی‌های یک اتم را نشان می‌دهند. یک دانشمند باید از مدلی استفاده کند که,"['اولین مدلی باشد که توسعه یافته است', 'به تازگی توسعه یافته است', 'چیدمان را به وضوح بیشتری نشان می\u200cدهد', 'جزئیات لازم برای یک هدف خاص را نشان می\u200cدهد']",D,دانشمندان مدل‌ها را بر اساس نیازهای تحقیق انتخاب می‌کنند تا جزئیات ضروری را به وضوح نشان دهند.,D,0.9619249701499939,D,0.9826545119285583,True,True,True,True,[0.02253411 0.01388286 0.00165807 0.96192497],[0.01100192 0.00203515 0.00430841 0.9826545 ]
520,یک دانش‌آموز در حال اندازه‌گیری نقطه جوش یک مخلوط نمک و آب است. او یک اندازه‌گیری دما به مقدار ۱۰۵ درجه سانتی‌گراد انجام می‌دهد. بهترین راه برای اطمینان از صحت نتایج چه چیزی است؟,"['تحقیقات را تکرار کند', 'حجم آب را تغییر دهد', 'نمک بیشتری به مخلوط اضافه کند', 'تحقیقات را بدون نمک انجام دهد']",A,تکرار آزمایش خطاها را شناسایی و دقت نتایج را تأیید می‌کند.,A,0.9988718628883362,A,0.9942998886108398,True,True,True,False,[9.9887186e-01 3.8549126e-04 1.0704706e-04 6.3556765e-04],[9.9429989e-01 4.5955377e-03 7.5020088e-04 3.5436978e-04]
521,هنگامی که یک سیم در گیتار کشیده می‌شود، صدایی شنیده می‌شود. اگر همان سیم با نیروی بیشتری کشیده شود، چه اتفاقی برای صدا خواهد افتاد؟,"['سطح صدا ثابت باقی می\u200cماند و نت بالاتر می\u200cرود.', 'نت ثابت باقی می\u200cماند و سطح صدا بالاتر می\u200cرود.', 'هم نت و هم سطح صدا بالاتر می\u200cرود.', 'هم نت و هم سطح صدا ثابت باقی می\u200cماند.']",B,افزایش کشش، فرکانس و دامنه ارتعاش را بالا می‌برد و در نتیجه زیروبمی و بلندی صدا بیشتر می‌شود.,B,0.5294620394706726,C,0.6899201273918152,True,False,False,False,[0.41395932 0.52946204 0.04905564 0.00752293],[0.15394199 0.15394199 0.6899201  0.00219586]
522,منوال می‌خواهد در حیاط فضایی برای شستن سگ داشته باشد بدون اینکه گل و لای ایجاد کند. او می‌خواهد چیزی روی زمین بگذارد که آب به راحتی از آن عبور کند. کدامیک از این مواد برای او بهتر است؟,"['خاک رس', 'پلاستیک', 'خاک', 'سنگریزه']",D,این ماده به دلیل فاصله بین ذراتش، آب را سریع عبور می‌دهد و از جمع شدن آب و گل‌آلود شدن جلوگیری می‌کند.,A,0.9665395021438599,A,0.6720327138900757,False,False,False,False,[0.9665395  0.01562266 0.00947562 0.0083622 ],[0.6720327  0.08026286 0.0551638  0.1925406 ]
523,اگر کتابی که روی یک میز صاف قرار دارد شروع به حرکت افقی کند، احتمالاً به دلیل چیست؟,"['نیروی متعادل در حال اعمال است.', 'نیروی اصطکاک در حال وارد شدن است.', 'نیروی نامتعادل در حال اعمال است.', 'نیروی گرانشی در حال وارد شدن است.']",C,حرکت با شتاب ناشی از نیروی خالص است، نه تعادل یا عوامل دیگر.,B,0.9599313735961914,C,0.9628159403800964,False,True,True,True,[0.03300782 0.9599314  0.00207741 0.00498344],[3.2945748e-02 3.9348085e-03 9.6281594e-01 3.0341986e-04]
524,یک دانش‌آموز بررسی می‌کند که سرعت چگونه در حینی که یک توپ از روی شیب پایین می‌رود تغییر می‌کند. اندازه‌گیری‌های صورت گرفته توسط کامپیوتر هر ثانیه در یک جدول داده ثبت می‌شود. کدام نمودار بهترین نمایش داده‌های این جدول خواهد بود؟,"['نمودار میله\u200cای', 'نمودار خطی', 'نمودار دایره\u200cای', 'نمودار تصویری']",B,داده‌های پیوسته سرعت در طول زمان، روند تغییرات را نشان می‌دهند که با نموداری مناسب برای نمایش رابطه دو متغیر کمی مطابقت دارد.,B,0.9445324540138245,B,0.9761113524436951,True,True,True,True,[4.6887934e-02 9.4453245e-01 4.3182293e-04 8.1479009e-03],[2.02585440e-02 9.76111352e-01 1.09681634e-04 3.52040725e-03]
525,هلن بررسی می‌کند که آنزیم‌ها چگونه برای فرآیندهای بدن اهمیت دارند. بهترین توضیح برای نقش آنزیم‌ها در فعالیت‌های بیوشیمیایی چیست؟,"['آنزیم\u200cها در تمام سطوح pH کار می\u200cکنند.', 'آنزیم\u200cها نرخ متابولیسم را کاهش می\u200cدهند.', 'آنزیم\u200cها امکان وقوع واکنش\u200cها را در دماهای پایین\u200cتر فراهم می\u200cکنند.', 'آنزیم\u200cها انرژی فعال\u200cسازی لازم برای یک واکنش را افزایش می\u200cدهند.']",C,آنزیم‌ها با کاهش انرژی مورد نیاز، واکنش‌های زیستی را در دمای پایین‌تر امکان‌پذیر می‌کنند که برای بدن مناسب است.,D,0.6622224450111389,C,0.9847134947776794,False,True,True,True,[0.11552741 0.00641656 0.2158336  0.66222245],[1.3991423e-02 1.0135353e-03 9.8471349e-01 2.8144856e-04]
526,بسیاری از کودها حاوی مواد آلی هستند که برای باغ میوه مفید می‌باشند، اما زمانی که باران باعث می‌شود این مواد به یک اکوسیستم آبی تازه سرریز شوند، تأثیر متفاوتی دارند. افزودن پسماندهای آلی از کودها معمولاً چه تأثیری بر اکوسیستم‌های آبی تازه می‌گذارد؟,"['افزایش تنوع زیستی', 'افزایش وضوح آب', 'کاهش شکوفه\u200cهای جلبک', 'کاهش سطح اکسیژن']",D,مواد آلی کودها با تحریک رشد جلبک و تجزیه توسط باکتری‌ها، مصرف اکسیژن آب را افزایش داده و سطح آن را کاهش می‌دهند.,A,0.7632819414138794,D,0.8330646753311157,False,True,True,True,[0.76328194 0.02050031 0.1929879  0.02322989],[0.01537778 0.00565717 0.14590034 0.8330647 ]
527,سوال: جهت‌ها اطلاعات مربوط به فرسایش بادی را مطالعه کرده و سپس به سوال پاسخ دهید. باد می‌تواند سبب فرسایش شود که سطح زمین را تغییر می‌دهد. فرسایش بادی می‌تواند بر محیط زیست اثرات منفی بگذارد، از جمله با از بین بردن خاک و آلوده کردن هوا در طول طوفان‌های گرد و غبار. یکی از روش‌های جلوگیری از فرسایش بادی چیست؟,"['الف) مردم می\u200cتوانند با موتورهای آفرود در بیابان\u200cها حرکت کنند.', 'ب) دامداران می\u200cتوانند اجازه دهند که گاوهایشان در مناطق با رشد گیاهی کم چرا کنند.', 'ج) کارگران ساختمانی می\u200cتوانند زمین را قبل از حرکت بر روی آن یا حفاری کردن مرطوب کنند.', 'د) کشاورزان می\u200cتوانند تمام مواد گیاهی را در خاک بین فصل\u200cهای کشت بردارند.']",C,مرطوب کردن خاک ذرات را به هم می‌چسباند و از پراکندگی توسط باد جلوگیری می‌کند، در حالی که سایر اقدامات فرسایش را تشدید می‌کنند.,C,0.5100973844528198,C,0.8456761837005615,True,True,True,True,[0.27303547 0.06957562 0.5100974  0.14729157],[0.06941733 0.0154891  0.8456762  0.06941733]
528,خانم تاکر به کلاس خود نمونه‌هایی از انواع مختلف خاک می‌دهد. کدام عمل بهترین کمک را به تانیشا می‌کند تا هر نوع خاک را شناسایی کند؟,"['بوییدن آن', 'لمس کردن آن', 'وزن کردن آن', 'اندازه\u200cگیری آن']",B,با لمس کردن، ویژگی‌های فیزیکی خاک مانند بافت و رطوبت مستقیماً قابل تشخیص است و تفاوت انواع خاک مشخص می‌شود.,B,0.7577990293502808,B,0.9909077882766724,True,True,True,True,[0.2162666  0.757799   0.00832031 0.01761409],[7.5067976e-03 9.9090779e-01 8.4223942e-04 7.4327359e-04]
529,سوال: پس از طوفان باد، نیکو با شرکت برق تماس گرفت تا گزارش کند که هیچ برقی ندارد. تماس تلفنی او نمونه‌ای از کدام یک از عناصری از مدل سیستم‌های جهانی است؟,"['A) طراحی یک فرآیند', 'B) تولید خروجی', 'C) ارائه بازخورد', 'D) تعیین هدف']",C,اطلاع‌رسانی درباره وضعیت سیستم به منظور اصلاح آن، نمونه‌ای از بازخورد در مدل سیستم‌های جهانی است.,C,0.9510790705680847,C,0.9648658037185669,True,True,True,True,[0.0287201  0.01197232 0.9510791  0.00822845],[0.02286944 0.0095334  0.9648658  0.00273137]
530,آیا مخلوط شدن آب سرد اقیانوس قطب شمال با جریانات گرم سطحی اقیانوس اطلس در سواحل شمال‌غربی اروپا چه تأثیری دارد؟,"['غرق شدن آب هنگامی که به سمت جنوب\u200cغربی در حال چرخش است', 'بازگشت جهت جریان به سمت سواحل اروپایی', 'افزایش شوری آب و بالا آمدن جریانات تحت تأثیر', 'تبخیر سریع و تسریع جریانات به سمت قطب']",A,برخورد آب سرد و گرم باعث افزایش چگالی، غرق‌شدن و تشکیل جریان‌های عمقی با شوری بیشتر می‌شود.,B,0.8329687714576721,B,0.8067595362663269,False,False,False,False,[0.12749065 0.8329688  0.03223468 0.0073058 ],[0.12372059 0.80675954 0.06622285 0.00329704]
531,کدام یک از این‌ها فقط در خارج از منظومه شمسی یافت می‌شود؟,"['سیارات', 'ماه\u200cها', 'ستاره\u200cزادها', 'دنباله\u200cدارها']",C,این اجرام از بیرون منظومه شمسی سرچشمه می‌گیرند و تنها گزینه با منشأ کاملاً خارجی هستند.,B,0.5969468355178833,B,0.7317764163017273,False,False,False,False,[0.1930447  0.59694684 0.17169751 0.03831089],[0.09981191 0.7317764  0.09981191 0.06859966]
532,کدامیک بهترین توضیح را درباره شباهت‌های عمده خاک‌ها ارائه می‌دهد؟,"['الف) بیشتر خاک\u200cها دارای سنگ\u200cهای زیادی هستند.', 'ب) بیشتر خاک\u200cها در لایه\u200cهای مختلفی یافت می\u200cشوند.', 'ج) بیشتر خاک\u200cها مقادیر یکسانی از آب را نگه می\u200cدارند.', 'د) بیشتر خاک\u200cها بافت یکسانی دارند.']",B,اکثر خاک‌ها دارای ساختار لایه‌ای مشترک هستند که شامل مواد آلی و معدنی می‌شود.,B,0.5666000247001648,B,0.8251093029975891,True,True,True,True,[0.1254417 0.5666    0.1254417 0.1825166],[0.03149695 0.8251093  0.01685911 0.12653461]
533,کدام یک از منابع زیر تجدیدپذیر است؟,"['زغال سنگ', 'مواد معدنی', 'نفت', 'نور خورشید']",D,این منبع به طور طبیعی و پیوسته تولید شده و تمام‌نشدنی است.,D,0.937386691570282,D,0.9386114478111267,True,True,True,True,[5.9808198e-02 2.3190153e-03 4.8609206e-04 9.3738669e-01],[0.05295283 0.00549466 0.00294108 0.93861145]
534,کدام یک از گزینه‌های زیر کمترین اندازه حرکت را دارد؟,"['ماسۀ ۰.۵ کیلوگرم با سرعت ۱۰۰۰ متر بر ثانیه', 'ماسۀ ۱ کیلوگرم با سرعت ۱۰۰ متر بر ثانیه', 'ماسۀ ۱۰ کیلوگرم با سرعت ۱۱ متر بر ثانیه', 'ماسۀ ۱۰۰ کیلوگرم با سرعت ۲ متر بر ثانیه']",B,حاصل ضرب جرم در سرعت این گزینه کمتر از بقیه است، بنابراین کمترین تکانه را دارد.,A,0.7070475220680237,B,0.360786110162735,False,True,True,True,[0.7070475  0.13922592 0.058038   0.09568848],[0.31839263 0.3607861  0.15039802 0.17042328]
535,در فلوریدا، هر دو پلنگ و گربه‌سانان به گوزن‌های دم‌سفید شکار می‌کنند. اگر جمعیت گوزن‌های دم‌سفید در فلوریدا به طور ناگهانی کاهش یابد، رقابت آن‌ها برای غذا چگونه تحت تأثیر قرار خواهد گرفت؟,"['رقابت بین گربه\u200cسانان و پلنگ\u200cها افزایش خواهد یافت.', 'رقابت بین گربه\u200cسانان و پلنگ\u200cها کاهش خواهد یافت.', 'رقابت بین گوزن\u200cهای دم\u200cسفید و گربه\u200cسانان افزایش خواهد یافت.', 'رقابت بین گوزن\u200cهای دم\u200cسفید و پلنگ\u200cها کاهش خواهد یافت.']",A,کاهش طعمه مشترک، رقابت شکارچیان را برای غذای کمتر افزایش می‌دهد.,C,0.7163496017456055,A,0.6285799741744995,False,True,True,True,[0.26250288 0.01492555 0.7163496  0.0062219 ],[0.62858    0.02751021 0.33777145 0.00613836]
536,هنگامی که هوای مرطوب در زمستان با یک سطح سرد تماس پیدا می‌کند، یکی از نتایج می‌تواند یخ زده شدن باشد. چه اتفاقی برای بخار آب در هوا افتاده است که باعث یخ زده شدن می‌شود؟,"['آب ذوب شده است.', 'آب رخنه کرده است.', 'آب بخار شده است.', 'آب متراکم شده است.']",B,بخار آب در اثر سرمای سطح، چگالیده و سپس در دمای زیر صفر منجمد می‌شود.,A,0.6040860414505005,B,0.506746232509613,False,True,True,True,[0.60408604 0.3663967  0.02083281 0.00868441],[0.44720197 0.50674623 0.04359251 0.00245932]
537,کدام یک بهترین مثال از وقوع یک تغییر شیمیایی است؟,"['تغییر حالت', 'آزاد شدن انرژی', 'تغییر دما', 'تشکیل یک ماده جدید']",D,تغییر شیمیایی با ایجاد ماده‌ای با ویژگی‌های متفاوت مشخص می‌شود، برخلاف تغییرات فیزیکی که ساختار را تغییر نمی‌دهند.,D,0.7381685376167297,D,0.9739208221435547,True,True,True,True,[0.14649403 0.11408967 0.00124777 0.73816854],[2.2726180e-02 3.0756539e-03 2.7727862e-04 9.7392082e-01]
538,ترکیب جوش شیرین و سرکه موجب کاهش دمای محلول و آزاد شدن دی‌اکسید کربن می‌شود. کدام نتیجه‌گیری درباره‌ی این تحقیق معتبر نیست؟,"['ترکیب مواد شیمیایی باعث شد که آن\u200cها گرما را جذب کنند.', 'یک واکنش شیمیایی رخ داده است.', 'عناصر جدیدی تشکیل شده\u200cاند.', 'این روش باعث تشکیل گاز شده است.']",C,در واکنش‌های شیمیایی معمولی، عناصر جدید تشکیل نمی‌شوند و تنها ترکیبات جدید به وجود می‌آیند.,C,0.9516279697418213,C,0.9561246037483215,True,True,True,True,[0.04201628 0.00141543 0.95162797 0.00494033],[4.1845407e-02 7.6642528e-04 9.5612460e-01 1.2636217e-03]
539,کدام گزینه بهترین توصیف کننده یک مدار موازی است؟,"['برق در یک مسیر جریان دارد.', 'جریان برق از یک منبع می\u200cباشد.', 'برق در بیش از یک مسیر جریان دارد.', 'جریان برق از بیش از یک منبع می\u200cباشد.']",C,در مدار موازی، جریان می‌تواند از مسیرهای مختلفی عبور کند و قطع شدن یک مسیر، بر عملکرد مسیرهای دیگر تأثیر نمی‌گذارد.,C,0.9819871783256531,C,0.9949222207069397,True,True,True,True,[1.5996832e-02 7.0285174e-04 9.8198718e-01 1.3131000e-03],[4.6435399e-03 2.7028646e-04 9.9492222e-01 1.6393702e-04]
540,در یک تحقیق آزمایشگاهی، دانش‌آموزان از باتری‌های برند X در یک چراغ قوه و از باتری‌های برند Y در یک رادیو استفاده می‌کنند. پس از دو ساعت، چراغ قوه کار نمی‌کند، اما رادیو به کار خود ادامه می‌دهد. در نتیجه، دانش‌آموزان به این نتیجه می‌رسند که باتری‌های برند Y طول عمر بیشتری دارند. کدام یک از بیانات درباره نتیجه‌گیری تحقیق دقیق‌تر است؟,"['این نتیجه\u200cگیری معتبر است زیرا آنها دو برند مختلف را آزمایش کردند.', 'این نتیجه\u200cگیری نامعتبر است زیرا آزمایش دارای چندین متغیر بود.', 'این نتیجه\u200cگیری معتبر است زیرا آنها تحقیق را در آزمایشگاه انجام دادند.', 'این نتیجه\u200cگیری نامعتبر است زیرا نام\u200cهای واقعی باتری\u200cها پنهان شده بود.']",B,این نتیجه‌گیری معتبر نیست چون تفاوت در عملکرد دستگاه‌ها ممکن است بر نتیجه تأثیر گذاشته باشد، نه فقط نوع باتری.,B,0.8256295919418335,B,0.9937969446182251,True,True,True,True,[0.16289395 0.8256296  0.00122443 0.01025202],[5.9673237e-03 9.9379694e-01 2.5161218e-05 2.1067230e-04]
541,کدام یک از جملات زیر درباره ترسیم داده‌ها صحیح است؟,"['همیشه بهتر است که داده\u200cها را در یک جدول نگه داشت تا اینکه آن\u200cها را ترسیم کرد.', 'نمودارهای میله\u200cای بهترین نوع نمودار برای داده\u200cهای علمی هستند.', 'برای هر مجموعه داده مشخص، تنها یک نمودار صحیح یا یک روش برای نمایش آن وجود دارد.', 'داده\u200cها می\u200cتوانند در انواع مختلفی از نمودارها نمایش داده شوند تا جنبه\u200cهای مختلف داده را نشان دهند.']",D,داده‌ها را می‌توان با نمودارهای مختلف نمایش داد تا ویژگی‌های گوناگون آن‌ها بهتر نشان داده شود.,D,0.9126812219619751,D,0.9804523587226868,True,True,True,True,[0.06611441 0.01894209 0.00226231 0.9126812 ],[1.8098455e-02 1.3110476e-03 1.3818340e-04 9.8045236e-01]
542,سوال: یک پسر می‌تواند ویژگی‌هایی را به ارث ببرد,"['الف) تنها از پدرش', 'ب) تنها از مادرش', 'ج) از هر دو، پدر و مادرش', 'د) از پدر یا مادرش، اما نه از هر دو']",C,ویژگی‌های ارثی از هر دو والد از طریق ژن‌ها منتقل می‌شوند.,C,0.8830015063285828,C,0.947784960269928,True,True,True,True,[0.07233975 0.00593801 0.8830015  0.03872068],[0.03217904 0.00281177 0.94778496 0.0172242 ]
543,ژن‌ها قادر به تعیین چه چیزی در یک فرد نیستند؟,"['رنگ چشم.', 'توانایی ورزشی.', 'تعداد دندان\u200cها.', 'شکل لاله\u200cهای گوش.']",B,تعداد دندان‌ها در انسان ثابت است و تحت تأثیر ژنتیک نیست، بلکه توسط الگوی تکاملی گونه تعیین می‌شود.,C,0.30601364374160767,C,0.9764243364334106,False,False,False,False,[0.2700561  0.18560666 0.30601364 0.23832366],[2.0265041e-02 2.4203141e-03 9.7642434e-01 8.9038373e-04]
544,کدام وضعیت به عنوان مشاهده و اندازه‌گیری در نظر گرفته می‌شود؟,"['جمع\u200cآوری منابع برای یک تحقیق درباره گیاه', 'ثبت میزان رشد روزانه یک گیاه به مدت یک هفته', 'پیش\u200cبینی میزان رشد یک گیاه در یک هفته', 'توضیح اینکه چرا یک گیاه تحت شرایط خاص به طور متفاوتی رشد کرد']",B,ثبت روزانه تغییرات یک پدیده طبیعی، داده‌های عینی و کمی برای تحلیل علمی فراهم می‌کند.,B,0.8876310586929321,B,0.9947313070297241,True,True,True,True,[0.07243552 0.88763106 0.01641707 0.02351637],[4.6155257e-03 9.9473131e-01 2.3708792e-04 4.1610230e-04]
545,کدام وضعیت مثالی از یک ویژگی ارثی است؟,"['شیرها در حال شکار گورخرها', 'میمون\u200cها از شاخه\u200cها برای تهیه غذا استفاده می\u200cکنند', 'پرندگان از الگوهای مهاجرتی پیروی می\u200cکنند', 'خرس\u200cها در حال باز کردن یخچال\u200cها در کمپ\u200cها هستند']",A,ویژگی‌های ارثی از والدین به فرزندان منتقل می‌شوند و رفتار مهاجرتی یک نمونه ذاتی و غریزی است که به ارث می‌رسد.,A,0.6046427488327026,C,0.9339704513549805,True,False,False,False,[0.60464275 0.0716523  0.0716523  0.2520526 ],[0.04649965 0.00795515 0.93397045 0.01157468]
546,"سوالی: یک باتری جدید ادعا می‌کند که ""دو برابر بیشتر از باتری‌های رقیب در شرایط بار یکسان دوام می‌آورد."" کدام مقایسه بین این باتری و باتری‌های رقیب این ادعا را تأیید می‌کند؟","['الف) دو برابر بزرگتر است.', 'ب) الکترون\u200cهای بیشتری دارد.', 'ج) انرژی شیمیایی بیشتری ذخیره می\u200cکند.', 'د) هنگام استفاده انرژی کمتری هدر می\u200cدهد.']",C,ذخیره انرژی بیشتر مستقیماً زمان کارکرد طولانی‌تر را در بار ثابت فراهم می‌کند.,C,0.5476903915405273,C,0.5469986200332642,True,True,True,False,[0.15691593 0.15691593 0.5476904  0.13847782],[0.15671773 0.20122956 0.5469986  0.0950541 ]
547,دلیل اصلی ارائه سوابق دقیق و کامل از تحقیقات علمی چیست؟,"['برای طولانی\u200cتر کردن گزارش\u200cها', 'تا نتایج منتشر شوند', 'برای نشان دادن حرفه\u200cای بودن', 'تا آزمایش\u200cها قابل تکرار باشند']",D,برای امکان بازسازی و تأیید نتایج توسط دیگران، که اعتبار علم را تضمین می‌کند.,D,0.9356998205184937,D,0.9937565326690674,True,True,True,True,[1.0303727e-02 5.3150669e-02 8.4578141e-04 9.3569982e-01],[4.5572831e-03 1.4795332e-03 2.0658913e-04 9.9375653e-01]
548,مدل تکتونیک صفحه‌ای به دلیل کدام ویژگی به عنوان یک نظریه علمی شناخته شده است؟,"['این مدل به\u200cطور تجربی اثبات شده است که درست است.', 'این مدل آزمایش\u200cهای مستقل و گسترده\u200cای را با پیش\u200cبینی\u200cهای خود پشت سر گذاشته است.', 'این مدل از سایر مدل\u200cها واضح\u200cتر، ساده\u200cتر و محتمل\u200cتر است.', 'این مدل راهنمایی\u200cهایی برای تحقیقات علوم زمین ارائه می\u200cدهد که از نظر علمی معتبر است.']",B,این مدل با پیش‌بینی‌های دقیق و تأییدشده توسط شواهد تجربی، اعتبار علمی خود را اثبات کرده است.,B,0.9083733558654785,B,0.642936646938324,True,True,True,False,[0.03515273 0.90837336 0.03515273 0.02132121],[0.26801586 0.64293665 0.036272   0.05277545]
549,کدام شکل از آب در دماهای زیر صفر بیشتر احتمال دارد که ظاهر شود؟,"['مه', 'باران', 'برف', 'ابرها']",C,در دمای زیر صفر، بخار آب مستقیماً به بلورهای یخ تبدیل شده و رسوب می‌کند.,C,0.844886302947998,C,0.9605906009674072,True,True,True,True,[0.08905036 0.05401177 0.8448863  0.01205165],[0.02590062 0.0084087  0.9605906  0.00510014]
550,آب مورد استفاده در یک کارخانه به دمای 75 درجه سلسیوس گرم می‌شود. این آب به یک رودخانه نزدیک که دمای معمول آن 20 درجه سلسیوس است، تخلیه می‌شود. کدامیک باید برای حداقل رساندن آسیب به رودخانه انجام شود؟,"['کاهش دمای آب کارخانه', 'افزایش دمای آب رودخانه', 'برداشتن پوشش گیاهی از رودخانه', 'اضافه کردن ماهی\u200cهای بیشتری به رودخانه']",A,گرمای آب تخلیه‌شده اکوسیستم رودخانه را مختل می‌کند، بنابراین کاهش دمای آن پیش از رهاسازی آسیب را به حداقل می‌رساند.,A,0.6306977868080139,A,0.8161407709121704,True,True,True,True,[0.6306978  0.23202075 0.12419176 0.01308971],[0.8161408  0.18139565 0.00156938 0.00089421]
551,زمانی که ماده شیمیایی X به یک مایع خاص اضافه می‌شود، این ماده به مواد Y و Z تقسیم می‌شود. امکان شکستن مواد Y و Z به ذرات ساده‌تر وجود ندارد. کدام بیان بهترین حمایت را از این شواهد دارد؟,"['ماده شیمیایی X یک عنصر است.', 'ماده شیمیایی X در آب حل می\u200cشود.', 'مواد Y و Z عناصر هستند.', 'مواد Y و Z ترکیب\u200cها هستند.']",C,مواد تجزیه‌ناپذیر به اجزای ساده‌تر، ویژگی عناصر شیمیایی را دارند.,B,0.5480741858482361,C,0.34015902876853943,False,True,True,True,[0.29336298 0.5480742  0.01890116 0.13966171],[0.3001893  0.01949267 0.34015903 0.34015903]
552,کدام یک از ویژگی‌های انسانی زیر کمتر احتمال دارد که به ارث برسد؟,"['قد', 'رنگ چشم', 'رنگ مو', 'اثر انگشت']",D,[MASK] تحت تأثیر عوامل محیطی و تصادفی در دوران جنینی شکل می‌گیرد، برخلاف سایر صفات که وراثتی هستند.,A,0.6291878819465637,D,0.53566575050354,False,True,True,True,[0.6291879  0.18097089 0.00887032 0.18097089],[0.3223693  0.13438353 0.0075814  0.53566575]
553,کهکشان راه شیری و دیگر کهکشان‌ها در جهان چه ویژگی مشترکی دارند؟,"['آنها از نظر شکل مشابهند.', 'آنها در همان جهت می\u200cچرخند.', 'آنها شامل همان تعداد ستاره\u200cاند.', 'آنها دارای عناصر مشابه هستند.']",D,همه کهکشان‌ها از عناصر پایه یکسانی تشکیل شده‌اند که در کل جهان مشترک است.,D,0.6143874526023865,D,0.982122540473938,True,True,True,True,[0.37119204 0.01120903 0.00321144 0.61438745],[1.6061656e-02 8.5123663e-04 9.6457743e-04 9.8212254e-01]
554,کدام یک از معایب ممکن استفاده از آب در حال جریان برای تولید برق است؟,"['آسیب به اکوسیستم و از دست رفتن زمین', 'کاهش انتشار دی\u200cاکسید کربن', 'فقط مناسب برای استفاده صنعتی', 'ایجاد مخازن']",A,احداث سد و تغییر مسیر رودخانه‌ها زیستگاه‌های طبیعی را تخریب کرده و زمین‌های کشاورزی را غرق می‌کند.,A,0.8655056357383728,A,0.9833148717880249,True,True,True,True,[0.86550564 0.02941421 0.00241447 0.10266569],[9.833149e-01 6.548334e-03 6.090899e-04 9.527770e-03]
555,معایب استفاده از آب در حال حرکت برای تولید برق چیست؟,"['برق به طرز ارزان\u200cقیمتی تولید می\u200cشود.', 'آلودگی هوا تولید می\u200cشود.', 'ریزش نفت ممکن است اتفاق بیفتد.', 'اکوسیستم محلی ممکن است مختل شود.']",D,تغییر مسیر رودخانه و کاهش جریان آب، زیستگاه‌ها را تخریب و مهاجرت گونه‌ها را مختل می‌کند.,B,0.45943400263786316,D,0.9482930898666382,False,True,True,True,[0.19152059 0.459434   0.03328129 0.31576407],[0.04721273 0.00183064 0.00266356 0.9482931 ]
556,کدام یک از این موارد صحیح است وقتی که یک قطعه چوب در آتش کاملاً سوخته می‌شود؟,"['تغییر در چوب قابل برگشت است.', 'انرژی موجود در چوب نابود شده است.', 'تغییر در چوب فیزیکی است.', 'انرژی موجود در چوب تبدیل شده است.']",D,سوختن چوب یک تغییر شیمیایی است که انرژی آن به گرما و نور تبدیل می‌شود، نه نابود.,B,0.5978437662124634,B,0.4917902648448944,False,False,False,False,[0.07112388 0.59784377 0.00977715 0.32125515],[0.01310577 0.49179026 0.00331366 0.49179026]
557,بسیاری از دانشمندان معتقدند که سوزاندن سوخت‌های فسیلی میزان دی‌اکسید کربن را در جو افزایش داده است. افزایش دی‌اکسید کربن احتمالاً چه تأثیری بر سیاره خواهد داشت؟,"['دمای خنک\u200cتر', 'دمای گرم\u200cتر', 'رطوبت نسبی پایین\u200cتر', 'ازن بیشتر در جو']",B,افزایش گاز دی‌اکسید کربن با به دام انداختن گرما، دمای زمین را بالا می‌برد.,B,0.9947086572647095,B,0.9993789196014404,True,True,True,True,[4.0197489e-03 9.9470866e-01 4.8009053e-04 7.9153548e-04],[3.0051998e-04 9.9937892e-01 2.4913982e-04 7.1379756e-05]
558,در گیاهان نخود، آلل برای نخودهای صاف غالب است (S). اگر یک گیاه نخود صاف ناهموزیگوت (Ss) با یک گیاه نخود صاف هموزیگوت (SS) تلاقی کند، چه ژنوتیپ‌هایی ممکن است در فرزندان وجود داشته باشد؟,"['تنها SS', 'تنها Ss', 'Ss یا SS', 'ss یا SS']",C,یکی از والدین همیشه گامت غالب تولید می‌کند و دیگری هر دو نوع، بنابراین فرزندان یا خالص غالب یا ناخالص خواهند بود.,C,0.9303424954414368,C,0.970312774181366,True,True,True,True,[0.01957444 0.00385444 0.9303425  0.04622865],[6.4997198e-03 5.0120457e-04 9.7031277e-01 2.2686252e-02]
559,آجرهای سرخ‌گل دارای چگالی تقریباً ۲۰۰۰ کیلوگرم بر متر مکعب هستند. هوا دارای چگالی ۱ کیلوگرم بر متر مکعب است. کدام یک از موارد زیر کمترین جرم را دارد؟,"['۲ متر مکعب آجر', '۴ متر مکعب آجر', '۶۰۰۰ متر مکعب هوا', '۱۰،۰۰۰ متر مکعب هوا']",A,جرم هوا در حجم داده‌شده کمتر از جرم آجر در حجم‌های مشابه است و از گزینه‌های دیگر نیز کمتر محاسبه می‌شود.,C,0.4924091696739197,C,0.8801770210266113,False,False,False,False,[0.34108186 0.02432483 0.49240917 0.14218406],[0.09276997 0.00359708 0.880177   0.02345592]
560,ساختارهای موجود در یک سلول زنده را می‌توان به اجزای یک کارخانه که خودرو تولید می‌کند تشبیه کرد. کدام قسمت از کارخانه به هسته یک سلول زنده شبیه‌تر است؟,"['نوار نقاله\u200cای که مواد را حمل می\u200cکند', 'بخش ذخیره\u200cسازی که قطعات مورد نیاز برای مونتاژ یک خودرو را نگه می\u200cدارد', 'اتاق کامپیوتری که فرآیند مونتاژ را کنترل می\u200cکند', 'ژنراتوری که انرژی مورد نیاز کارخانه را تامین می\u200cکند']",C,مرکز کنترل که اطلاعات را ذخیره کرده و فعالیت‌ها را هدایت می‌کند، مشابه هسته عمل می‌نماید.,C,0.8206174373626709,C,0.9660367369651794,True,True,True,True,[0.08615524 0.08615524 0.82061744 0.00707205],[1.9815871e-02 1.3619234e-02 9.6603674e-01 5.2807503e-04]
561,کدام یک منجر به تغییر شیمیایی می‌شود؟,"['یک دانش\u200cآموز بوی یک گل را استشمام می\u200cکند.', 'یک معلم شمعی را روشن می\u200cکند.', 'یک دانش\u200cآموز کاغذی را آبی رنگ می\u200cکند.', 'یک معلم پارچه\u200cای زبر را لمس می\u200cکند.']",B,سوختن شمع یک واکنش شیمیایی برگشت‌ناپذیر است که مواد جدید تولید می‌کند، برخلاف تغییرات فیزیکی دیگر.,C,0.6726560592651367,C,0.6237401366233826,False,False,False,False,[0.28040475 0.04300146 0.67265606 0.00393775],[0.29694483 0.07507941 0.62374014 0.00423569]
562,اگر مقدار کافی گرما از یک ظرف آب برداشته شود، چه اتفاقی برای آب می‌افتد؟,"['شروع به جوشیدن می\u200cکند.', 'به حالت جامد تبدیل می\u200cشود.', 'به گاز تبدیل می\u200cشود.', 'وزن آن افزایش می\u200cیابد.']",B,برداشتن گرما دمای آب را کاهش می‌دهد و در نهایت باعث انجماد آن می‌شود.,A,0.989247739315033,B,0.9131473302841187,False,True,True,True,[0.98924774 0.00523181 0.00192468 0.00359577],[0.08493593 0.91314733 0.00095841 0.00095841]
563,ترکیب چه ماده‌ای وقتی که فلز نرم و خمیری مانند سدیم (Na) با گاز سمی رنگ سبز کلر (Cl₂) واکنش می‌دهد، تشکیل می‌شود؟,"['شکر', 'نمک طعام', 'اسید سولفوریک', 'هیدروکسید سدیم']",B,واکنش سدیم با کلر، یک ترکیب یونی پایدار تولید می‌کند که به طور معمول در زندگی روزمره استفاده می‌شود.,B,0.9065501689910889,B,0.9972168207168579,True,True,True,True,[0.03487722 0.90655017 0.00106979 0.05750281],[1.7804091e-03 9.9721682e-01 2.1263956e-04 7.9005182e-04]
564,"یک بنزین بعنوان ""انتشار آلاینده‌های کمتر"" در استفاده از خودروها تبلیغ می‌شود. برای اینکه این ادعا درست باشد، احتمالاً چه اتفاقی برای بنزین افتاده است؟","['اسیدیته آن افزایش یافته است.', 'اکسیژن بیشتری در آن حل شده است.', 'ناخالصی\u200cها حذف شده\u200cاند.', 'مولکول\u200cهای آن دارای انرژی شیمیایی بالاتری هستند.']",C,حذف مواد مضر از سوخت باعث احتراق پاک‌تر می‌شود و در نتیجه آلاینده‌های کمتری تولید می‌گردد که با ادعای تبلیغاتی مطابقت دارد.,A,0.5627215504646301,C,0.5728259682655334,False,True,True,True,[0.56272155 0.34130788 0.06773462 0.02823599],[0.23878938 0.18596937 0.57282597 0.00241532]
565,به اعتقاد می‌رسد که فوران‌های آتشفشانی در دوران اولیه تاریخ زمین مسئول بخش بزرگی از موادی هستند که هم‌اکنون در کدام ساختار زمینی یافت می‌شود؟,"['مناطق', 'آستینوسفر', 'هیدروسفر', 'لایه اوزون']",C,فوران‌های قدیمی بخار آب آزاد کردند که بعداً به اقیانوس‌ها تبدیل شد.,B,0.9808024168014526,B,0.6648684144020081,False,False,False,False,[1.5868684e-02 9.8080242e-01 2.4335415e-03 8.9524989e-04],[0.02023475 0.6648684  0.31406158 0.00083519]
566,کدام اندازه‌گیری حرکت یک توپ لاستیکی را توصیف می‌کند؟,"['۵ سانتی\u200cمتر', '۱۰ متر بر ثانیه', '۱۵ نیوتن', '۵۰ گرم']",B,حرکت با سرعت سنجیده می‌شود که واحد آن متر بر ثانیه است، نه طول، نیرو یا جرم.,B,0.9959121942520142,B,0.9993808269500732,True,True,True,True,[2.7973123e-03 9.9591219e-01 3.2381242e-04 9.6672529e-04],[4.0439461e-04 9.9938083e-01 6.6015607e-05 1.4876846e-04]
567,برخی از انواع داروها می‌توانند برای درمان افراد در زمان بیماری مورد استفاده قرار گیرند. با این حال، برخی از داروها ممکن است باعث واکنش‌های منفی در افرادی که آن‌ها را مصرف می‌کنند شوند. این تفاوت نمونه‌ای از,"['استفاده از فناوری برای کمک به درمان افراد.', 'روش\u200cهای پزشکی که برای آسیب رساندن به افراد استفاده می\u200cشوند.', 'داروهای گران\u200cقیمت که برای اهداف مختلف استفاده می\u200cشوند.', 'حل یک مشکل که باعث بروز مشکل دیگری می\u200cشود.']",D,درمان بیماری یک مشکل را حل می‌کند، اما ممکن است عوارضی ایجاد کند که مشکل جدیدی باشد.,D,0.9178341627120972,D,0.961124837398529,True,True,True,True,[6.6293180e-02 1.5024949e-02 8.4764959e-04 9.1783416e-01],[3.3145826e-02 5.0830767e-03 6.4624078e-04 9.6112484e-01]
568,کاهش دما از ۶۰ درجه فارنهایت به ۳۵ درجه فارنهایت بیشتر احتمالاً باعث می‌شود فردی,"['لرزش کند', 'عرق بریزد', 'چشم\u200cهایش را بزند', 'احساس خواب\u200cآلودگی کند']",A,بدن برای مقابله با سرمای شدید، با تولید گرما از طریق انقباض ماهیچه‌ها واکنش نشان می‌دهد.,B,0.5633824467658997,B,0.97967529296875,False,False,False,False,[0.26612303 0.56338245 0.02804916 0.14244539],[1.7943379e-02 9.7967529e-01 1.5678749e-03 8.1340282e-04]
569,به عنوان بخشی از یک مطالعه، یک دانشمند تغییرات مولکولی مختلفی را در ماده مشاهده کرد. کدام یک از مشاهدات زیر شواهدی از یک تغییر فیزیکی را ارائه می‌دهد؟,"['استفاده از حرارت برای سوزاندن یک چوب در شومینه', 'استفاده از نور برای تولید قند در گیاهان', 'یک کیک که از مواد مختلف پخته شده است', 'یک بطری که به تکه\u200cهای کوچک شکسته شده است']",D,شکستن بطری تنها شکل ظاهری را تغییر می‌دهد و ساختار مولکولی ماده دست‌نخورده باقی می‌ماند، برخلاف سایر موارد که ترکیبات جدید ایجاد می‌کنند.,C,0.8075802326202393,C,0.48766621947288513,False,False,False,False,[0.1816088  0.00704174 0.80758023 0.00376917],[0.2957845  0.01484174 0.48766622 0.20170751]
570,در گیاهان، کدام یک تولید مثل جنسی را توصیف می‌کند اما تولید مثل غیرجنسی را نه؟,"['پنج شاخه بر روی یک درخت پیوند زده می\u200cشوند.', 'گیاهان جدید از قطعات دیگر گیاهان رشد می\u200cکنند.', 'یک تخمک بارور شده تقسیم می\u200cشود تا یک جنین تولید کند.', 'نسل\u200cهای جدیدی تولید می\u200cشوند که همان اطلاعات ژنتیکی والد را دارند.']",C,تشکیل جنین از تخمک بارور شده نیازمند ترکیب مواد ژنتیکی دو والد است که ویژگی تولید مثل جنسی است.,A,0.6336041688919067,C,0.360786110162735,False,True,True,True,[0.63360417 0.23400222 0.03560614 0.09678753],[0.31839263 0.17042328 0.3607861  0.15039802]
571,برخی از گیاهان غیر بومی می‌توانند سریع‌تر از برخی گیاهان یا محصولات بومی به محیط‌های خود سازگار شوند. کدام یک از این سازگاری‌ها کمتر احتمال دارد که به یک گیاه غیر بومی در بقا در یک محیط جدید کمک کند؟,"['داشتن تعداد زیادی دانه', 'داشتن مقاومت در برابر علف\u200cکش\u200cها', 'داشتن ریشه\u200cهایی که به سرعت توسعه می\u200cیابند', 'داشتن برگ\u200cهایی که به آرامی شکل می\u200cگیرند']",D,رشد کند برگ‌ها سرعت سازگاری را کاهش می‌دهد و گیاه را در رقابت برای منابع ضعیف می‌کند.,A,0.7965709567070007,A,0.777734637260437,False,False,False,False,[0.79657096 0.03479441 0.01147398 0.15716077],[0.77773464 0.1056669  0.03430502 0.08229346]
572,یک مهندس باید انرژی پتانسیل یک واگن ترن هوایی را در بالای یک شیب محاسبه کند. کدام اطلاعات بهترین کمک را به مهندس برای تعیین انرژی پتانسیل واگن می‌کند؟,"['مسافتی که واگن ترن هوایی باید طی کند', 'جرم واگن ترن هوایی در حد توان کامل', 'وزن متوسط یک واگن ترن هوایی خالی', 'سمتی که واگن ترن هوایی در آن حرکت می\u200cکند']",B,انرژی پتانسیل به جرم و ارتفاع بستگی دارد، و جرم عامل کلیدی در محاسبه آن است.,A,0.5045394897460938,B,0.7403332591056824,False,True,True,True,[0.5045395  0.44525453 0.01365726 0.03654872],[0.03714811 0.74033326 0.21045838 0.01206023]
573,یک تفاوت بین گیاهان و حیوانات چیست؟,"['الف) گیاهان به مواد معدنی نیاز ندارند، اما حیوانات به آن نیاز دارند.', 'ب) گیاهان غذای خود را تولید می\u200cکنند، اما حیوانات این کار را نمی\u200cکنند.', 'ج) گیاهان اکسیژن تولید نمی\u200cکنند، اما حیوانات این کار را انجام می\u200cدهند.', 'د) گیاهان به نور خورشید نیاز دارند، اما حیوانات به آن نیاز ندارند.']",B,گیاهان قادر به ساخت غذای خود هستند، در حالی که حیوانات باید غذا را از منابع دیگر دریافت کنند.,B,0.4261874258518219,B,0.8935509324073792,True,True,True,True,[0.12306242 0.42618743 0.3761091  0.07464113],[0.03105713 0.89355093 0.02418732 0.05120455]
574,یک شخص ۶ فوت قد دارد. کدامیک از اندازه‌گیری‌های متریک زیر به ۶ فوت نزدیک‌تر است؟,"['۶ متر', '۳ متر', '۲ متر', '۱ متر']",C,هر فوت حدود ۰.[MASK] است، پس ۶ فوت تقریباً ۱.۸ متر می‌شود که نزدیک به [MASK] است.,A,0.5786024928092957,C,0.7065842747688293,False,True,True,True,[0.5786025  0.11216721 0.24119739 0.06803285],[0.15766026 0.10835821 0.7065843  0.02739725]
575,کدام یک از موارد زیر نمونه‌ای از استراتژی فرار است که برای جلوگیری از کشته شدن و خورده شدن توسط شکارچیان استفاده می‌شود؟,"['گوزن\u200cها در پاییز شاخ\u200cهای خود را می\u200cریزند.', 'قورباغه\u200cها در شرایط تهدید دم\u200cهای خود را رها می\u200cکنند.', 'ماهی\u200cهای ماهی\u200cگیر برای جذب دیگر ماهی\u200cها نور تولید می\u200cکنند.', 'سخرج\u200cها برای پوشش خز خود روغن تولید می\u200cکنند و آن را ضد آب می\u200cکنند.']",B,رها کردن بخشی از بدن برای فریب شکارچی و فرار، نمونه‌ای از این استراتژی دفاعی است.,A,0.4150521755218506,B,0.951566755771637,False,True,True,True,[0.41505218 0.28526092 0.01442596 0.28526092],[0.04213684 0.95156676 0.0023772  0.00391934]
576,آنت در حال استفاده از ابزارهای زیادی برای ساخت یک خانه سگ است. آنت به احتمال زیاد از نوار اندازه‌گیری برای کدام یک از موارد زیر در هنگام ساخت خانه سگ استفاده می‌کند؟,"['تصمیم\u200cگیری درباره نوع چوبی که باید استفاده شود', 'برداشتن میخ\u200cهای اضافی از چوب', 'متصل کردن قطعات مختلف چوب به هم', 'تعیین محل برش چوب به قطعات']",D,برای تعیین اندازه‌های دقیق و محل برش چوب جهت اطمینان از تناسب قطعات استفاده می‌شود.,C,0.3351875841617584,D,0.9066134691238403,False,True,True,True,[0.23037083 0.13863961 0.33518758 0.295802  ],[0.0352908  0.04531429 0.01278148 0.90661347]
577,کدامیک از گزینه‌های زیر بهترین نمایش‌دهنده‌ی تبدیل انرژی سه مرحله‌ای اساسی برای یک رادیو با باتری است؟,"['آکوستیک -> مکانیکی -> الکتریکی', 'مکانیکی -> آکوستیک -> شیمیایی', 'شیمیایی -> الکتریکی -> آکوستیک', 'الکتریکی -> آکوستیک -> شیمیایی']",C,انرژی باتری ابتدا به الکتریکی و سپس به صوتی تبدیل می‌شود.,C,0.5987740755081177,C,0.985207200050354,True,True,True,True,[0.28284085 0.08040464 0.5987741  0.03798046],[0.01240193 0.00130715 0.9852072  0.00108367]
578,همه موارد زیر بخشی از چرخه حیات یک حیوان هستند، به جز,"['رشد.', 'تخصیص.', 'دو نیم شدن.', 'توسعه گامت.']",C,این مفهوم مربوط به زیست‌شناسی نیست و در فرآیندهای حیاتی جانداران نقشی ندارد.,B,0.624663233757019,C,0.5175034403800964,False,True,True,True,[0.01301521 0.62466323 0.2962249  0.06609671],[0.07003647 0.16800876 0.51750344 0.24445131]
579,کدام فرآیند به طور مستقیم تر با ساخت زمین جدید مرتبط است؟,"['فرسایش', 'آلودگی', 'رسوب گذاری', 'هوازدگی']",C,این فرآیند شامل انباشته شدن تدریجی مواد است که لایه‌های سنگی تشکیل می‌دهد و مستقیماً به شکل‌گیری زمین جدید منجر می‌شود، برخلاف فرآیندهای تخریبی دیگر.,A,0.9819027185440063,A,0.9939036965370178,False,False,False,False,[0.9819027  0.00315893 0.0052082  0.0097302 ],[0.9939037  0.00148554 0.00216145 0.00244925]
580,دانشمندان سلول‌های یک حیوان را مورد تحلیل قرار دادند تا علت یک عفونت را تعیین کنند. دانشمندان در مورد نتایج تحلیل به توافق نرسیدند. این عدم توافق در مورد چه چیزی در ذات علم نشان می‌دهد؟,"['الف) دانشمندان می\u200cتوانند داده\u200cها را به فرم\u200cهای مختلف ارائه دهند.', 'ب) نتایج علمی می\u200cتوانند به روش\u200cهای مختلف تفسیر شوند.', 'ج) دانشمندان قادر به بیان ادعاهای غیرمعتبر هستند.', 'د) نتایج علمی اغلب با نتایج مورد انتظار متفاوت هستند.']",B,تفسیر داده‌های علمی می‌تواند متفاوت باشد و این بخشی از ماهیت علم است.,B,0.9527960419654846,B,0.9414083957672119,True,True,True,False,[0.02536637 0.95279604 0.0020822  0.01975535],[0.05321446 0.9414084  0.00158202 0.00379508]
581,یک بچه اسب تمامی این ویژگی‌ها را از والدین خود به ارث خواهد برد، مگر اینکه,"['قد.', 'وزن.', 'رنگ پوست.', 'غذای مورد علاقه.']",D,غذای مورد علاقه یک ویژگی اکتسابی است و از طریق ژنتیک منتقل نمی‌شود.,D,0.38495463132858276,D,0.9059704542160034,True,True,True,True,[0.26457518 0.08589499 0.26457518 0.38495463],[0.07436658 0.01659343 0.00306948 0.90597045]
582,یک ارگانیسم تک‌سلولی می‌تواند همه کارهایی را که یک سلول از یک ارگانیسم چندسلولی انجام می‌دهد، انجام دهد به جز,"['تخصصی شدن.', 'تکثیر.', 'استفاده از انرژی.', 'ساخت پروتئین.']",A,سلول‌های تک‌سلولی همه عملکردهای پایه را دارند اما نمی‌توانند برای نقش‌های خاص در بافت‌ها تمایز یابند.,A,0.5422312617301941,A,0.8347442746162415,True,True,True,True,[0.54223126 0.37266976 0.05043537 0.03466368],[0.8347443  0.05294814 0.02501093 0.08729672]
583,برای حفظ منابع غیرقابل تجدید، بهترین کار بازیافت است,"['روزنامه\u200cها.', 'راهنماهای تلفن.', 'دستمال\u200cهای کاغذی.', 'قوطی\u200cهای سودا.']",D,بازیافت فلزات مانند آلومینیوم، استخراج منابع جدید را کاهش داده و انرژی کمتری مصرف می‌کند.,D,0.6990922689437866,D,0.8012883067131042,True,True,True,True,[0.20029329 0.06553571 0.03507874 0.69909227],[0.03307312 0.00785555 0.15778303 0.8012883 ]
584,چگونه چتر باعث افزایش کافی مقاومت هوا می‌شود تا چترباز بتواند به‌طور ایمن فرود بیاید؟,"['با کاهش نیروی جاذبه\u200cای که بر چترباز تاثیر می\u200cگذارد', 'با کاهش جرم کل چترباز', 'با افزایش فشار هوای اطراف چتر', 'با افزایش مساحت کل سطح چتر']",D,افزایش سطح در معرض هوا، مقاومت را زیاد می‌کند و سرعت سقوط را کاهش می‌دهد.,D,0.9084823727607727,D,0.9663057923316956,True,True,True,True,[0.07471856 0.00892386 0.00787528 0.9084824 ],[0.02605472 0.00311179 0.00452763 0.9663058 ]
585,کدام یک از ویژگی‌های زیر هنگام طبقه‌بندی موجودات زنده در پادشاهی گیاهان استفاده می‌شود؟,"['نوع بافت آوندی', 'استفاده از فتوسنتز', 'وجود دیواره\u200cهای سلولی', 'تولید اکسیژن']",A,این ویژگی برای تفکیک گروه‌های اصلی گیاهان به‌کار می‌رود، در حالی که سایر موارد در همه گیاهان مشترک یا عمومی‌تر هستند.,B,0.849141001701355,B,0.9914478063583374,False,False,False,False,[0.10121755 0.849141   0.04219375 0.00744764],[5.2230028e-03 9.9144781e-01 2.7956720e-03 5.3356338e-04]
586,بر اساس سوابق فسیلی، نخستین اسب‌ها کوچکتر از گونه‌های امروزی بودند. در طول زمان، اسب‌ها به تدریج تغییر کرده‌اند,"['تا شکارچیان بهتری شوند.', 'تا زمین را دوباره پرجمعیت کنند.', 'در پاسخ به محیطی در حال تغییر.', 'تا برای انسان\u200cها مفید شوند.']",C,تغییرات تدریجی اسب‌ها، مانند رشد جثه، ناشی از سازگاری با دگرگونی‌های محیطی از جمله آب‌وهوا و منابع غذایی است.,C,0.9620670676231384,C,0.983044445514679,True,True,True,True,[0.03285589 0.00269698 0.96206707 0.00238007],[1.6014056e-02 5.1477097e-04 9.8304445e-01 4.2676012e-04]
587,الی در حال پرورش یک باغ سبزیجات است. در کدام فصل گیاهان باغ الی بیشترین انرژی را از خورشید برای رشد دریافت می کنند؟,"['پاییز', 'بهار', 'تابستان', 'زمستان']",C,به دلیل طولانی‌ترین روزها و شدیدترین تابش، انرژی خورشیدی در این فصل بیش‌ترین است.,C,0.9945002794265747,C,0.9984380602836609,True,True,True,True,[3.5727448e-03 1.0236085e-03 9.9450028e-01 9.0333133e-04],[8.2898111e-04 1.6323607e-04 9.9843806e-01 5.6974980e-04]
588,قبل از اینکه دانش‌آموزان اجازه داشته باشند از چکش‌ها برای بررسی نحوه شکستن مواد معدنی مختلف استفاده کنند، چه سوالی احتمالاً معلم خواهد پرسید؟,"['آیا همه عینک ایمنی زده\u200cاند؟', 'چه کسی مواد معدنی را از قفسه خواهد آورد؟', 'هدف از این تحقیق چیست؟', 'آیا کسی داوطلب شده است تا نقاشی\u200cهایی از شکستگی\u200cها بکند؟']",A,معلم ابتدا از ایمنی دانش‌آموزان اطمینان می‌گیرد، زیرا استفاده از چکش خطر پرتاب ذرات دارد و محافظت چشم ضروری است.,C,0.9521806836128235,A,0.5552865862846375,False,True,True,True,[0.04151033 0.00503577 0.9521807  0.00127324],[0.5552866  0.00798286 0.43245763 0.00427292]
589,ببرها و گربه‌های خانگی عضو یک خانواده هستند؛ اما اندازه‌های آن‌ها به طور قابل توجهی متفاوت است. دلیل این تفاوت چیست؟,"['ترکیب بیوشیمیایی', 'ترکیب رفتاری', 'ژنتیک', 'اندازه زیستگاه']",C,تفاوت در اندازه ناشی از تفاوت‌های [MASK]ی است که طی تکامل و انتخاب مصنوعی شکل گرفته و رشد را کنترل می‌کند.,C,0.8655045628547668,C,0.9635164141654968,True,True,True,True,[0.11759175 0.00740084 0.86550456 0.00950287],[0.03348891 0.00177485 0.9635164  0.00121983]
590,لوئیس پاستور فرایندی را ایجاد کرد که مقدار باکتری‌ها در شیر را کاهش می‌دهد. این فرآیند چگونه احتمالاً به مردم سود می‌زند؟,"['با کمک به جلوگیری از آلرژی\u200cهای غذایی', 'با تشویق مردم به خوردن غذاهای سالم', 'با کمک به جلوگیری از بیمار شدن مردم', 'با درمان بیماری\u200cهای ناشی از کمبود ویتامین\u200cها']",C,این فرآیند با از بین بردن میکروب‌های خطرناک، از بیماری‌های ناشی از مصرف شیر جلوگیری می‌کند.,C,0.8282198309898376,C,0.9727665781974792,True,True,True,True,[0.16276793 0.0063607  0.82821983 0.00265153],[2.6228927e-02 9.5538865e-04 9.7276658e-01 4.9075905e-05]
591,کدام یک از موارد زیر نمایانگر فرآیند فتوسنتز است؟,"['C_{6}H_{12}O_{6} -> 6CO_{2} + 6H_{2}O', '6CO_{2} + 6H_{2}O -> C_{6}H_{12}O_{6} + 6O_{2}', '2H_{2}O -> 2H_{2} + O_{2}', '2H_{2} + O_{2} -> 2H_{2}O']",B,گیاهان با استفاده از نور، دی‌اکسید کربن و آب را به گلوکز و اکسیژن تبدیل می‌کنند.,B,0.9758775234222412,B,0.9892423748970032,True,True,True,True,[0.01993969 0.9758775  0.00305785 0.00112492],[7.5529586e-03 9.8924237e-01 2.7785781e-03 4.2610877e-04]
592,در برخی از گونه‌های گیاهان، گل‌های بنفش (P) بر گل‌های سفید (p) غالب هستند. اگر دو گیاه هتروزیگوت با هم تلاقی کنند، فنو تایپ فرزندان چه خواهد بود؟,"['100% گل\u200cهای بنفش', '100% گل\u200cهای سفید', '75% گل\u200cهای سفید، 25% گل\u200cهای بنفش', '25% گل\u200cهای سفید، 75% گل\u200cهای بنفش']",D,تلاقی دو هتروزیگوت (Pp) با توجه به غالبیت بنفش، سه چهارم فرزندان بنفش و یک چهارم سفید خواهند بود.,C,0.5992873907089233,C,0.8783106207847595,False,False,False,False,[0.17169872 0.00854838 0.5992874  0.22046551],[0.07153507 0.000989   0.8783106  0.04916529]
593,اگر در مدت زمان کوتاهی بارش زیادی اتفاق بیفتد، کدام فرایند در چرخه آب اولین بار تحت تأثیر قرار می‌گیرد؟,"['جریان سطحی', 'تبخیر', 'میعان', 'تعریق']",A,بارش شدید و سریع، مستقیماً آب سطحی را افزایش می‌دهد و این فرآیند فوراً رخ می‌دهد، برخلاف سایر موارد که به زمان بیشتری نیاز دارند.,A,0.539199948310852,A,0.9809945225715637,True,True,True,True,[0.53919995 0.36914155 0.03460481 0.05705369],[0.9809945  0.01407537 0.0027716  0.00215853]
594,"دهانه‌ها به عنوان ""پرورشگاه‌های دریا"" نامیده می‌شوند زیرا بسیاری از گونه‌ها تخم‌ریزی کرده و جوانان خود را در دهانه‌ها توسعه می‌دهند. کدام دو ویژگی دهانه‌ها بیشترین حمایت را از این نقش انجام می‌دهند؟","['مواد مغذی متمرکز و شیب نمکی تند', 'پناهگاه فراوان و مواد مغذی متمرکز', 'شیب نمکی تند و آب کم عمق', 'آب کم عمق و پناهگاه فراوان']",B,آب کم‌عمق امنیت و پناهگاه‌های فراوان محافظت در برابر خطرات را فراهم می‌کنند.,B,0.7080850005149841,B,0.5770935416221619,True,True,True,False,[2.5998163e-01 7.0808500e-01 6.3941506e-04 3.1293910e-02],[0.02545496 0.57709354 0.00236768 0.39508387]
595,یک دانشمند تحقیقاتی به طور مکرر پرنده‌ای را مشاهده می‌کند که از یک گونه خاص پروانه اجتناب می‌کند در حالی که پروانه‌های دیگر را می‌خورد. کدام عبارت به احتمال زیاد رفتار پرنده را توضیح می‌دهد؟,"['الف) این رفتار یک عمل تصادفی است.', 'ب) این رفتار نتیجه یک جهش ژنتیکی است.', 'ج) این رفتار از والدین پرنده به ارث رسیده است.', 'د) این رفتار در طول زندگی پرنده آموخته می\u200cشود.']",D,پرنده از طریق تجربه مستقیم آموخته که آن گونه خاص طعم بد یا سمی دارد، نه تصادف یا وراثت.,D,0.7094788551330566,D,0.8574241399765015,True,True,True,True,[0.05139448 0.00879256 0.23033406 0.70947886],[0.09108064 0.00847182 0.04302344 0.85742414]
596,دانشمندان یک موشک را برای یک مأموریت به فضا پرتاب می‌کنند. زمانی که موشک از نیروی گرانشی زمین فرار کند، چگونه بر جرم و وزن موشک تأثیر خواهد گذاشت؟,"['جرم و وزن تغییر خواهد کرد.', 'جرم و وزن ثابت خواهد ماند.', 'جرم ثابت خواهد ماند، اما وزن تغییر خواهد کرد.', 'جرم تغییر خواهد کرد، اما وزن ثابت خواهد ماند.']",C,جرم ثابت است زیرا ماده تغییر نمی‌کند، اما وزن با دور شدن از گرانش کاهش می‌یابد.,C,0.8543535470962524,C,0.9774330258369446,True,True,True,True,[0.11607672 0.01752497 0.85435355 0.01204472],[2.0605434e-02 7.9895934e-04 9.7743303e-01 1.1624789e-03]
597,کارولینای ویرن و بونتینگ‌های رنگی دو گونه پرنده هستند که در قلمروهای هم‌پوشانی زندگی می‌کنند. آن‌ها نیازهای متفاوتی از نظر غذا و nesting دارند. کدام اصطلاح بهترین توصیف کننده رابطه بین این دو گونه است؟,"['پارازیتیسم', 'همزیستی', 'همزیستی', 'متقابل\u200cسازی']",C,این دو گونه در یک منطقه زندگی می‌کنند اما به دلیل تفاوت در نیازهای زیستی، رقابت کمی دارند و می‌توانند با هم زیست کنند.,B,0.5187131762504578,B,0.9576425552368164,False,False,False,False,[0.40397424 0.5187132  0.01560271 0.06170993],[0.01750561 0.95764256 0.00501544 0.01983646]
598,گسترش بستر دریا در مرزهای واگرا اتفاق می‌افتد. کدام جمله بهترین توصیف فرآیند زمین‌شناسی است که در نقطه‌ای که گسترش بستر دریا رخ می‌دهد، اتفاق می‌افتد؟,"['یک خندق در حال شکل\u200cگیری است', 'پوسته جدید در حال شکل\u200cگیری است', 'پوسته اقیانوسی در حال زیرپوشش رفتن است', 'یک صفحه قاره\u200cای در حال زیرپوشش رفتن است']",B,در مرزهای واگرا، ماگما از گوشته بالا می‌آید و با سرد شدن، پوسته جدید تشکیل می‌دهد.,C,0.7771300673484802,B,0.9551938772201538,False,True,True,True,[0.15242939 0.04948658 0.77713007 0.02095393],[0.03703688 0.9551939  0.00567979 0.00208948]
599,دانش‌آموزان یک شکاف بزرگ را در سنگی مشاهده کردند که درختی از آن رشد کرده بود. دانش‌آموزان کدام فرآیند را مشاهده می‌کردند؟,"['الف) اکسیداسیون', 'ب) رسوب\u200cگذاری', 'ج) فرسایش', 'د) تجزیه']",C,رشد درخت در شکاف سنگ، باعث گسترش ترک‌ها و خرد شدن سنگ می‌شود.,B,0.5129252672195435,A,0.39914649724960327,False,False,False,False,[0.18795902 0.51292527 0.025637   0.27347875],[0.3991465  0.05486928 0.3991465  0.1468378 ]
600,کِوین در یک شب صاف به آسمان نگاه می‌کند. با چشم غیرمسلح، او قادر است زهره، مریخ، مشتری و زحل را ببیند. چرا زهره نسبت به سایر سیارات، درخشان‌تر به نظر می‌رسد؟,"['زیرا بیشترین نور خورشید را به سمت زمین منعکس می\u200cکند.', 'زیرا داغ\u200cتر از سایر سیارات است.', 'زیرا بزرگ\u200cتر از سایر سیارات است.', 'زیرا نزدیک\u200cترین سیاره به خورشید است.']",A,جو غلیظ آن بازتاب نور خورشید را افزایش می‌دهد و باعث درخشندگی بیشتر می‌شود، نه دما یا اندازه.,D,0.7480944991111755,D,0.751200795173645,False,False,False,False,[2.4192385e-01 9.3074078e-03 6.7422632e-04 7.4809450e-01],[2.4483371e-01 3.4382213e-03 5.2726828e-04 7.5120080e-01]
601,دانش‌آموزان می‌خواهند در مدرسهٔ خود یک درخت لیمو بکارند، اما دمای سرد زمستانی در ماساچوست موجب می‌شود که درخت از بین برود. کدام‌یک از راه‌حل‌های زیر بهترین راه برای حل این مشکل است؟,"['کاشت چند درخت لیمو در کنار یکدیگر', 'ساخت یک گلخانه به منظور حفاظت از درخت لیمو', 'دادن کود اضافی به درخت لیمو در زمستان', 'بستن یک چوب به درخت لیمو برای پشتیبانی در طول زمستان']",B,ایجاد محیط گرم و محافظت‌شده از سرما، تنها راه حل مؤثر برای بقای درخت در زمستان است.,B,0.932990312576294,B,0.9942986965179443,True,True,True,True,[0.05976068 0.9329903  0.00177664 0.00547243],[5.2997656e-03 9.9429870e-01 1.7576852e-04 2.2569126e-04]
602,کدامیک از وظایف اصلی واکوئل‌ها در سلول‌ها است؟,"['ذخیره آب و غذا برای سلول\u200cها', 'آزادسازی انرژی برای سلول\u200cها', 'کنترل ورود و خروج مواد به و از سلول\u200cها', 'تأمین حفاظت برای سلول\u200cها']",A,این اندامک‌ها عمدتاً نقش ذخیره‌ای مواد مانند آب و مواد مغذی را در سلول بر عهده دارند.,C,0.6843938231468201,A,0.9960760474205017,False,True,True,True,[0.02674496 0.28529778 0.6843938  0.00356342],[9.9607605e-01 7.9069083e-04 2.4354991e-03 6.9778220e-04]
603,یک نوع دارو برای سرماخوردگی قرص جوشان است که در آب حل می‌شود. زمانی که این قرص در آب قرار می‌گیرد، حباب‌های گاز ایجاد می‌کند. در این مثال، تشکیل گاز,"['الف) یک خاصیت فیزیکی است.', 'ب) وقتی آب به اسید اضافه می\u200cشود، رخ می\u200cدهد.', 'ج) نشانه\u200cای از تغییر شیمیایی است.', 'د) وقتی آب به جوش می\u200cآید، رخ می\u200cدهد.']",C,حباب‌های گاز نشان‌دهنده واکنش شیمیایی و تولید ماده جدید است، نه تغییر فیزیکی یا جوشیدن آب.,A,0.9746404886245728,C,0.8715108036994934,False,True,True,True,[0.9746405  0.00586374 0.00355654 0.01593929],[0.10490349 0.01252893 0.8715108  0.01105675]
604,"یک شرکت چوب در حال تقسیم یک جنگل 10,000 هکتاری به 5 بخش است. کدام واحد برای نشان دادن مساحت بخش‌های تقسیم شده مناسب‌تر است؟","['اینچ مربع (in.^2)', 'متر مربع (m^2)', 'کیلومتر مربع (km^2)', 'سانتیمتر مربع (cm^2)']",C,مساحت کل جنگل بسیار بزرگ است و تقسیم آن به بخش‌هایی با مقیاس کیلومتر مربع برای نمایش مناسب‌تر است.,B,0.9788932204246521,C,0.9927657842636108,False,True,True,True,[0.01241909 0.9788932  0.00753256 0.00115516],[1.9164889e-03 5.2095568e-03 9.9276578e-01 1.0812090e-04]
605,کدام یک از موارد زیر کمتر احتمال دارد که با اعمال حرارت از حالت جامد به حالت مایع تغییر کند؟,"['کره', 'کاغذ', 'یخ', 'موم شمع']",B,[MASK] در اثر گرما نمی‌تواند ذوب شود و مستقیماً تجزیه و می‌سوزد.,A,0.39948612451553345,A,0.40724799036979675,False,False,False,False,[0.39948612 0.10100591 0.35254526 0.14696273],[0.407248   0.11667851 0.3593951  0.11667851]
606,کدام یک از این موارد یک ماده مرکب است؟,"['یک پنجره شیشه\u200cای', 'یک مجسمه برنزی', 'یک قوطی آلومینیومی', 'یک سپر فیبر شیشه\u200cای']",D,از ترکیب دو ماده متفاوت با خواص جدید تشکیل شده، در حالی که سایر موارد تک‌جزئی یا آلیاژ فلزی هستند.,A,0.5158541798591614,D,0.45865994691848755,False,True,True,True,[0.5158542  0.07036082 0.01203732 0.40174764],[0.27819133 0.245503   0.01764578 0.45865995]
607,در مقایسه فلزات با غیر فلزات، فلزات تمایل دارند که,"['نقطه ذوب پایین\u200cتری و رسانایی بیشتری نسبت به غیر فلزات داشته باشند.', 'رسانایی کمتری و چگالی کمتری نسبت به غیر فلزات داشته باشند.', 'چگالی بالاتری و نقطه ذوب پایین\u200cتری نسبت به غیر فلزات داشته باشند.', 'رسانایی بیشتری و نقطه ذوب بالاتری نسبت به غیر فلزات داشته باشند.']",D,فلزات به دلیل پیوند قوی و الکترون‌های آزاد، ذوب دشوارتر و رسانایی بالاتری دارند.,C,0.5567495822906494,A,0.7220058441162109,False,False,False,False,[0.15951143 0.15951143 0.5567496  0.12422763],[0.72200584 0.03622849 0.14328645 0.09847924]
608,نرخ رشد یک نوع چمن در یک حیاط بدون درخت و یک حیاط سایه‌دار اندازه‌گیری شد. چمن در حیاط بدون درخت دو برابر سریع‌تر رشد کرد. کدام عامل احتمالاً به اختلاف در نرخ رشد کمک کرده است؟,"['مقدار حیوانات', 'مقدار نور', 'مقدار خاک', 'مقدار باران']",B,نور خورشید برای فتوسنتز ضروری است و حیاط بدون درخت نور بیشتری دریافت می‌کند، بنابراین رشد سریع‌تر است.,B,0.9886610507965088,B,0.9972809553146362,True,True,True,True,[0.00584445 0.98866105 0.00147771 0.00401683],[1.7257427e-03 9.9728096e-01 5.4302905e-04 4.5018690e-04]
609,کدام‌یک از این بیانیه‌ها بهترین توصیف را از یک عواقب محیطی احتمالی در ساخت یک مزرعه بادی بزرگ برای تولید برق ارائه می‌دهد؟,"['مزارع بادی اقلیم منطقه\u200cای را تغییر می\u200cدهند.', 'مزارع بادی می\u200cتوانند به حیات وحش مهاجر آسیب برسانند.', 'مزارع بادی از یک منبع انرژی تجدیدپذیر استفاده می\u200cکنند.', 'مزارع بادی برق مستقیم تولید می\u200cکنند.']",B,توربین‌ها ممکن است باعث مرگ پرندگان و خفاش‌های مهاجر شوند که یک نگرانی زیستمحیطی است.,A,0.6145972609519958,B,0.986549973487854,False,True,True,True,[0.61459726 0.257205   0.08350224 0.04469553],[1.2394600e-02 9.8654997e-01 3.9842376e-04 6.5688969e-04]
610,کدام آب‌راه کمترین تعداد گیاهان و جانوران زندگی می‌کند؟,"['a) اقیانوس', 'b) جویبار', 'c) یخچال طبیعی', 'd) مصب']",C,شرایط یخ‌زده و سرمای شدید، امکان حیات برای گونه‌های مختلف را به حداقل می‌رساند.,C,0.7472605109214783,C,0.6222968697547913,True,True,True,False,[0.13087286 0.0793784  0.7472605  0.0424882 ],[0.13777263 0.200458   0.62229687 0.03947252]
611,کلاس آقای جنکینز در حال مطالعه کروموزوم های جنسی است. او به دانش‌آموزانش می‌گوید که هسته‌های سلول‌های انسانی ۲۲ جفت اتوزوم دارند. بدن انسان چند کروموزوم جنسی دارد؟,"['۱', '۲', '۲۳', '۴۶']",B,از [MASK]۳ جفت کروموزوم، [MASK][MASK] جفت غیرجنسی است و تنها یک جفت باقی‌مانده جنسی است.,C,0.9947745203971863,C,0.6892720460891724,False,False,False,False,[3.2034707e-03 3.0742778e-04 9.9477452e-01 1.7146943e-03],[0.22377387 0.01430538 0.68927205 0.07264873]
612,یک دانش‌آموز برنامه‌ریزی می‌کند که یک تیوپ خمیردندان جدید طراحی کند که هر بار که فشرده شود، میزان یکسانی خمیردندان را به دست دهد. دانش‌آموز در طراحی تیوپ جدید باید ابتدا چه کاری انجام دهد؟,"['جدول\u200c داده\u200cهایی از مقادیر خمیردندان تهیه کند', 'مواد ساخت را جمع\u200cآوری کند', 'مدل\u200cهایی از تیوپ\u200cهای خمیردندان قدیمی بسازد', 'چند راه\u200cحل ممکن را رسم کند']",D,ابتدا باید ایده‌های مختلف را برای طراحی بررسی کرد تا بهترین روش مشخص شود.,A,0.9904236197471619,D,0.7370134592056274,False,True,True,True,[0.9904236  0.00169722 0.00671264 0.00116648],[0.08802371 0.01051293 0.16444993 0.73701346]
613,حیوانات ممکن است به یکدیگر حمله کنند، صداهای تهدیدآمیز ایجاد کنند و به طور تهاجمی نسبت به اعضای همان گونه عمل کنند. این رفتارها معمولاً به عنوان نتیجه,"['الف) رقابت', 'ب) حفاظت', 'ج) تجزیه', 'د) آلوده سازی']",A,این اعمال برای کسب منابع محدود مانند غذا یا قلمرو رخ می‌دهد و نمونه‌ای از رقابت درون‌گونه‌ای است.,B,0.7588242888450623,A,0.9031838178634644,False,True,True,True,[0.21825771 0.7588243  0.00735258 0.01556542],[0.9031838  0.08368166 0.00697718 0.00615734]
614,کدام یک از ویژگی‌های زیرین یک گرگ فردی بیشتر تحت تأثیر محیطش قرار می‌گیرد؟,"['اندازه پاهای آن', 'رنگ چشمان آن', 'شکل گوش\u200cهای آن', 'وضعیت پوست آن']",D,ویژگی‌های فیزیکی معمولاً ژنتیکی هستند، اما وضعیت پوست مستقیماً تحت تأثیر عوامل محیطی مانند آب‌وهوا و تغذیه قرار می‌گیرد.,B,0.39386478066444397,D,0.9802155494689941,False,True,True,True,[0.21082063 0.39386478 0.3067422  0.08857238],[9.6661672e-03 9.6661672e-03 4.5209267e-04 9.8021555e-01]
615,سرعت صوت معمولاً در کجا بیشترین است؟,"['مواد جامد و پایین\u200cترین در مایعات.', 'مواد جامد و پایین\u200cترین در گازها.', 'گازها و پایین\u200cترین در مایعات.', 'گازها و پایین\u200cترین در مواد جامد.']",B,صوت در محیط‌های متراکم و سخت سریع‌تر حرکت می‌کند و در محیط‌های پراکنده کند است.,B,0.8869783282279968,B,0.8602138161659241,True,True,True,False,[0.07294995 0.8869783  0.0390473  0.00102444],[0.04815228 0.8602138  0.0899603  0.00167363]
616,شخصیت یک ماهی طلایی دارد که در یک مخزن نگه می‌دارد. او چندین گیاه آبزی را در ته مخزن کاشته است. ماهی طلایی و گیاهان در مخزن چگونه مشابه هستند؟,"['هر دو اکسیژن به آب اضافه می\u200cکنند.', 'هر دو عمل فتوسنتز را انجام می\u200cدهند.', 'هر دو از سلول\u200cها تشکیل شده\u200cاند.', 'هر دو غذا می\u200cخورند.']",C,هر دو موجود زنده هستند و ساختار سلولی دارند، که ویژگی مشترک تمام جانداران است.,A,0.5969745516777039,C,0.9797035455703735,False,True,True,True,[0.59697455 0.3635005  0.00968696 0.02983794],[1.5959632e-02 4.0352270e-03 9.7970355e-01 3.0158978e-04]
617,در حین یک سفر میدانی به ناسا، فلیشیا یک فیلم کوتاه درباره مواد تشکیل‌دهنده سحابی‌ها دید. کدام موضوع احتمالاً در این فیلم ارائه شده است؟,"['توسعه سیارک\u200cها', 'تشکیل ستاره\u200cها', 'مدارهای سیاره\u200cای', 'اشکال کهکشان']",B,سحابی‌ها محل تولد ستاره‌ها هستند و فیلم احتمالاً این فرآیند را نشان می‌دهد.,A,0.453641802072525,B,0.9924410581588745,False,True,True,True,[0.4536418  0.18910603 0.00395555 0.35329658],[6.7394623e-03 9.9244106e-01 2.3061171e-04 5.8888766e-04]
618,کهکشان راه شیری بخشی از ۳۰ یا بیشتر کهکشان به نام گروه محلی است. دلیل محتمل‌تری که این کهکشان‌ها به عنوان بخشی از گروه محلی در نظر گرفته می‌شوند چه چیزی می‌تواند باشد؟,"['همه آنها از یک نوع کهکشان هستند.', 'همه آنها دارای همان تعداد ستاره هستند.', 'همه آنها به وسیلهٔ جاذبه به یکدیگر جذب شده\u200cاند.', 'همه آنها بدون نیاز به تلسکوپ قابل مشاهده هستند.']",C,این کهکشان‌ها به دلیل نیروی گرانشی متقابل در کنار هم قرار گرفته‌اند.,C,0.9761878848075867,C,0.9695309996604919,True,True,True,False,[2.2690272e-02 6.0467527e-04 9.7618788e-01 5.1720615e-04],[2.9049462e-02 1.2763442e-03 9.6953100e-01 1.4320186e-04]
619,یک معلم علوم یک بالن را با گاز هلیوم پر کرد و بالن دوم را با دی‌اکسید کربن پر کرد. بالن پرشده با هلیوم به سقف رفت و بالن پرشده با دی‌اکسید کربن به زمین افتاد. کدامیک از جملات یک استنتاج بر اساس این نمایشی است؟,"['هر بالن به گونه\u200cای متفاوت رفتار کرد.', 'گاز هلیوم چگالی کمتری نسبت به هوا دارد.', 'دی\u200cاکسید کربن باعث انبساط بالن می\u200cشود.', 'بناها می\u200cتوانند با گازهای مختلف پر شوند.']",B,هلیوم به دلیل سبک‌تر بودن از هوا بالا می‌رود، در حالی که دی‌اکسید کربن سنگین‌تر است و پایین می‌افتد.,C,0.4533667266368866,A,0.7275153994560242,False,False,False,False,[0.2749808  0.24266973 0.45336673 0.02898276],[0.7275154  0.26659453 0.00096903 0.00492115]
620,بدن‌های انسانی دارای ساختارهای پیچیده‌ای هستند که از رشد و بقا حمایت می‌کنند. پایه‌ای‌ترین ساختار بدن انسان که از رشد و بقا حمایت می‌کند چیست؟,"['یک سلول', 'یک بافت', 'یک عضو', 'یک سیستم اندامی']",A,سلول واحد پایه‌ای حیات است که تمام فرآیندهای رشد و بقا از آن آغاز می‌شود.,B,0.8828116655349731,A,0.9910978674888611,False,True,True,True,[0.10482083 0.88281167 0.0013195  0.01104803],[9.9109787e-01 8.6672837e-03 5.4861441e-05 1.7988373e-04]
621,در چه سطحی از سازمان‌دهی، آسیب باعث مختل شدن عملکرد کل سیستم می‌شود؟,"['یک سلول', 'یک اندام', 'یک بافت', 'یک ارگانل']",B,آسیب به بخش‌های حیاتی مانند قلب یا مغز، عملکرد کلی بدن را مختل می‌کند زیرا نقش تخصصی و اساسی دارند.,B,0.5404096841812134,B,0.5864986777305603,True,True,True,True,[0.08287451 0.5404097  0.00529799 0.3714178 ],[0.04814274 0.5864987  0.00962915 0.35572943]
622,کدام حیوان احتمال بیشتری دارد که در محل خود بماند؟,"['یک روباه در آتش\u200cسوزی جنگل', 'یک قورباغه که دریاچه\u200cاش خشک شده است', 'یک بیور که تازه سد خود را ساخته است', 'یک خرگوش که به خاطر خشکسالی غذایش تمام شده است']",C,بیورها به دلیل غریزه قوی برای حفظ سد و لانه خود، حتی پس از ساخت، تمایل شدیدی به ماندن در محل دارند.,B,0.6155939698219299,C,0.9700044393539429,False,True,True,True,[0.28965232 0.61559397 0.05033403 0.04441962],[2.5950916e-02 3.0993950e-03 9.7000444e-01 9.4526203e-04]
623,کدام یک از این فعالیت‌ها بیشتر احتمال دارد که تأثیر مثبتی بر محیط زیست زمین داشته باشد؟,"['گسترش محله\u200cها', 'ساخت کارخانه\u200cها', 'ساخت بزرگراه\u200cها', 'ایجاد مناطق حفاظت شده از طبیعت']",D,این اقدام با حفظ تنوع زیستی و جلوگیری از تخریب زیستگاه‌ها، به پایداری محیط زیست کمک می‌کند.,D,0.8501114249229431,D,0.9280354380607605,True,True,True,True,[0.10093816 0.04767981 0.00127062 0.8501114 ],[0.04602403 0.02463489 0.0013056  0.92803544]
624,یک گل می‌تواند به چه چیزی تبدیل شود؟,"['میوه', 'برگ', 'ساقه', 'شاخه']",A,پس از گرده‌افشانی، گل به بخش حاوی دانه‌ها تبدیل می‌شود.,A,0.971642017364502,C,0.5603220462799072,True,False,False,False,[0.971642   0.00848885 0.00400985 0.01585925],[0.43637925 0.00164936 0.56032205 0.00164936]
625,یک فنجان آب و یک فنجان مشابه بنزین در یک روز گرم آفتابی بر روی میزی نزدیک پنجره قرار داده شدند. چند ساعت بعد مشاهده شد که هر دو فنجان مایع کمتری دارند اما بنزین کمتری نسبت به آب باقی مانده است. این آزمایش چه چیزی را نشان می‌دهد؟,"['همه مایعات تبخیر می\u200cشوند.', 'بنزین داغ\u200cتر از آب می\u200cشود.', 'برخی مایعات سریع\u200cتر از دیگران تبخیر می\u200cشوند.', 'مایعات فقط در زیر نور آفتاب تبخیر می\u200cشوند.']",C,سرعت تبخیر مایعات مختلف در شرایط یکسان متفاوت است و برخی سریع‌تر از بین می‌روند.,B,0.5229635238647461,C,0.9816462397575378,False,True,True,True,[0.116234   0.5229635  0.35802594 0.00277661],[1.3785344e-02 4.4754460e-03 9.8164624e-01 9.2884919e-05]
626,پس از بارش سنگین باران، لغزش گل و لای به یک برکه می‌ریزد و گل در آب مخلوط می‌شود. کدام یک از موارد زیر بیشتر احتمال دارد که اتفاق بیفتد؟,"['ماهی\u200cها غذاهای بیشتری خواهند داشت.', 'درختان قادر به دریافت نور بیشتری خواهند بود.', 'راكون\u200cها نخواهند توانست غذا پیدا کنند.', 'گیاهان زیر آب نور کمتری دریافت خواهند کرد.']",D,گل و لای آب را کدر می‌کند و مانع رسیدن نور به گیاهان زیر آب می‌شود.,A,0.6498284339904785,D,0.7398057579994202,False,True,True,True,[0.64982843 0.0253942  0.11380892 0.2109684 ],[0.21278748 0.03697692 0.01042982 0.73980576]
627,در کدام فاز ماه یک خورشید گرفتگی می‌تواند رخ دهد؟,"['پر', 'نو', 'ربع', 'هلال']",B,این پدیده فقط زمانی اتفاق می‌افتد که ماه دقیقاً بین زمین و خورشید قرار گیرد، که تنها در یک وضعیت خاص ماه امکان‌پذیر است.,D,0.8010634779930115,D,0.7836466431617737,False,False,False,False,[0.12236813 0.05780261 0.01876576 0.8010635 ],[0.09286489 0.09286489 0.03062359 0.78364664]
628,کدام یک از موارد زیر دارای بزرگترین جرم است؟,"['ستاره', 'ماه', 'سیاره', 'کهکشان']",D,[MASK]‌ها بزرگ‌ترین ساختارهای کیهانی هستند و جرمشان از سایر اجرام بسیار بیشتر است.,D,0.36680659651756287,D,0.9867912530899048,True,True,True,True,[0.32370567 0.28566927 0.02381843 0.3668066 ],[1.0962261e-02 1.9049553e-03 3.4153968e-04 9.8679125e-01]
629,طوفان‌ها آب را به صورت باران جابجا می‌کنند. انرژی که این فرایند را آغاز می‌کند از کجا تأمین می‌شود؟,"['خورشید.', 'دریاها.', 'زمین.', 'ابرها.']",A,انرژی فرآیند از گرمای خورشید برای تبخیر آب و تشکیل طوفان‌ها ناشی می‌شود.,A,0.9897083640098572,A,0.9982143640518188,True,True,True,True,[9.8970836e-01 5.9080548e-03 3.2305476e-04 4.0605422e-03],[9.9821436e-01 1.7005778e-03 2.5027453e-05 6.0037739e-05]
630,در یک جنگل سالم، درختان و شاخه‌های مرده به زمین می‌افتند و تجزیه می‌شوند. کدام یک از این جملات بهترین توصیف را از اهمیت تجزیه برای اکوسیستم جنگل ارائه می‌دهد؟,"['مواد مغذی زمانی که چوب تجزیه می\u200cشود آزاد می\u200cشوند.', 'کرم\u200cها اکسیژنی تولید می\u200cکنند که توسط سایر موجودات استفاده می\u200cشود.', 'درختان مرده مکان\u200cهای لانه\u200cسازی برای بسیاری از گونه\u200cهای مختلف پرندگان فراهم می\u200cکنند.', 'آب در درختان و شاخه\u200cهای مرده ذخیره می\u200cشود.']",A,تجزیه چوب مواد مغذی ضروری را به خاک بازمی‌گرداند که برای رشد گیاهان و حاصلخیزی خاک حیاتی است.,A,0.9828994870185852,A,0.9971254467964172,True,True,True,True,[0.9828995  0.01412337 0.00148859 0.00148859],[9.9712545e-01 2.1726992e-03 1.5254744e-04 5.4934446e-04]
631,حیوانات از منابع موجود در محیط برای بقا استفاده می‌کنند. کدام یک از منابع زیر را حیوان برای به دست آوردن انرژی استفاده می‌کند؟,"['هوا', 'غذا', 'پناهگاه', 'آب']",B,انرژی حیوانات از طریق مصرف مواد مغذی موجود در خوراک‌ها تأمین می‌شود، نه از [MASK]، [MASK] یا [MASK].,B,0.9690913558006287,B,0.984238862991333,True,True,True,True,[0.02572473 0.96909136 0.00211161 0.00307238],[0.00972482 0.98423886 0.00245882 0.00357756]
632,کدام یک از موارد زیر نمونه‌ای از تغییر فیزیکی حالت نیست؟,"['جوشاندن', 'هم زدن', 'یخ زدن', 'تبخیر']",B,این عمل فقط مواد را مخلوط می‌کند و حالت فیزیکی ماده را تغییر نمی‌دهد.,B,0.8613256216049194,B,0.3384167551994324,True,True,True,False,[0.06239422 0.8613256  0.04288287 0.03339722],[0.29865173 0.33841676 0.33841676 0.02451483]
633,کدام واقعیت دربارهٔ آب نمونه‌ای از یک ویژگی شیمیایی است؟,"['آب هنگام یخ زدن منبسط می\u200cشود.', 'نقطه جوش آب ۱۰۰ درجه سانتی\u200cگراد است.', 'آب می\u200cتواند به هیدروژن و اکسیژن جدا شود.', 'چگالی آب بیشتر از چگالی یخ است.']",C,ویژگی شیمیایی به تغییر در ساختار ماده و تشکیل مواد جدید اشاره دارد، که در این مورد با تجزیه آب رخ می‌دهد.,C,0.5817921757698059,C,0.951783299446106,True,True,True,True,[0.19036166 0.03748444 0.5817922  0.19036166],[0.03661745 0.00234088 0.9517833  0.00925834]
634,خواص فیزیکی و شیمیایی می‌توانند برای طبقه‌بندی مواد استفاده شوند. کدامیک از این موارد نشان‌دهنده یک خاصیت شیمیایی است؟,"['نقره ذوب می\u200cشود.', 'منیزیم می\u200cسوزد.', 'گوگرد یک جامد زرد است.', 'آلومینیوم گرما را هدایت می\u200cکند.']",B,سوختن منیزیم یک واکنش شیمیایی است که ترکیب ماده را تغییر می‌دهد، برخلاف سایر موارد که فقط ویژگی‌های فیزیکی را نشان می‌دهند.,B,0.8199557662010193,B,0.9856130480766296,True,True,True,True,[0.16114381 0.81995577 0.0071357  0.01176477],[1.2214684e-02 9.8561305e-01 1.2874183e-03 8.8482874e-04]
635,کدام یک از این موارد، عملکرد اصلی رفلکس استفراغ است؟,"['خالی کردن بدن از مواد زائد', 'طرد کردن غذایی که ارزش تغذیه\u200cای ندارد', 'خالی کردن معده زمانی که غذا در آن زیاد است', 'حذف مواد سمی از معده قبل از اینکه جذب شود']",D,دفع سریع سموم قبل از جذب آن‌ها برای محافظت از بدن.,B,0.36722296476364136,D,0.9256753325462341,False,True,True,True,[0.25238842 0.36722296 0.05631547 0.32407314],[0.05242742 0.01928697 0.00261021 0.92567533]
636,آب یخ به چهار فنجان از جنس‌های مختلف ریخته می‌شود. فنجان ساخته شده از کدام ماده پس از یک دقیقه سردترین احساس خواهد شد؟,"['فوم', 'شیشه', 'فلز', 'پلاستیک']",C,[MASK] گرما را سریع منتقل می‌کند، بنابراین دمای سطح آن زود کاهش یافته و سردتر احساس می‌شود.,A,0.4744502604007721,B,0.5537811517715454,False,False,False,False,[0.47445026 0.3709484  0.07247564 0.08212566],[0.38060787 0.55378115 0.03075783 0.03485319]
637,سوالی: یک دانش‌آموز یک سطل آب را در روز گرم و آفتابی در خارج می‌گذارد. کدام فرآیند به احتمال زیاد برای آب در سطل اتفاق می‌افتد؟,"['الف) ذوب شدن', 'ب) یخ زدن', 'ج) تبخیر', 'د) میعان']",C,در هوای گرم و آفتابی، انرژی خورشید مولکول‌های آب را افزایش داده و باعث تغییر حالت از مایع به گاز می‌شود.,C,0.9077105522155762,C,0.8957525491714478,True,True,True,False,[0.03106015 0.03988202 0.90771055 0.02134731],[0.08266958 0.00504288 0.89575255 0.01653496]
638,نقش گیاهان سبز در چرخه کربن دی‌اکسید-اکسیژن چگونه است؟,"['آنها اکسیژن را به خاک اضافه می\u200cکنند.', 'آنها اکسیژن را به هوا آزاد می\u200cکنند.', 'آنها کربن دی\u200cاکسید را در خاک تثبیت می\u200cکنند.', 'آنها کربن دی\u200cاکسید را در ریشه\u200cها ذخیره می\u200cکنند.']",B,گیاهان در فتوسنتز، اکسیژن تولید و به هوا آزاد می‌کنند که چرخه گازها را متعادل می‌سازد.,B,0.8002738356590271,B,0.9814568758010864,True,True,True,True,[0.03999923 0.80027384 0.15820003 0.00152689],[1.5801925e-02 9.8145688e-01 2.4233039e-03 3.1786828e-04]
639,کدام ویژگی خاص نشان‌دهنده این است که سنگ آذرین به آرامی سرد می‌شود؟,"['ترکیب معدنی', 'سختی', 'چگالی', 'اندازه بلور']",D,بلورهای بزرگ در سنگ‌های آذرین نشان‌دهنده زمان کافی برای رشد در اثر سرد شدن آهسته است.,A,0.6210406422615051,D,0.9871408939361572,False,True,True,True,[0.62104064 0.10708083 0.01299038 0.25888824],[1.0838386e-02 2.0048996e-03 1.5793512e-05 9.8714089e-01]
640,واحدی که دانشمندان برای اندازه‌گیری فاصله بین ستارگان استفاده می‌کنند چیست؟,"['سال نوری', 'واحد آنگستروم', 'واحد نجومی', 'قدر ظاهری']",A,این واحد مسافت طی شده توسط نور در یک سال را نشان می‌دهد و به دلیل مقیاس وسیع کیهان برای فواصل ستارگان مناسب است.,A,0.8653368949890137,A,0.9991866946220398,True,True,True,True,[0.8653369  0.07075425 0.00146846 0.06244041],[9.9918669e-01 6.3205359e-04 6.0656348e-05 1.2062955e-04]
641,اگنس فهمید که مغز، نخاع و اعصاب با هم کار می‌کنند. آنها چه چیزی را تشکیل می‌دهند؟,"['یک سلول', 'یک بافت', 'یک اندام', 'یک سیستم']",D,این اجزا با همکاری یکدیگر یک مجموعه هماهنگ عملکردی را تشکیل می‌دهند که وظیفه کنترل بدن را بر عهده دارد.,D,0.9881247282028198,D,0.9963058233261108,True,True,True,True,[7.5444253e-03 4.0382398e-03 2.9252912e-04 9.8812473e-01],[3.1463460e-03 4.8250778e-04 6.5300330e-05 9.9630582e-01]
642,یک کودک یک واگن را در سراشیبی حرکت می‌دهد. در نهایت، واگن متوقف می‌شود. کدام یک بیشتر مسئول توقف واگن است؟,"['جاذبه\u200cای که بر واگن عمل می\u200cکند', 'اصطکاکی که بر واگن عمل می\u200cکند', 'جرم واگن', 'جرم کودک']",B,نیروی اصطکاک باعث کاهش سرعت و توقف نهایی واگن می‌شود، در حالی که گرانش آن را به حرکت درمی‌آورد.,B,0.9331541657447815,B,0.9732921123504639,True,True,True,True,[0.02511176 0.93315417 0.00097369 0.0407604 ],[1.21092005e-02 9.73292112e-01 8.77187471e-04 1.37215210e-02]
643,موش‌ها، خرگوش‌ها، پوم‌ها و سنجاب‌ها همه در یک زیست‌سازوارهٔ گیاهی زندگی می‌کنند. کدام یک از این حیوانات در صورت ادامه کاهش جمعیت سه حیوان دیگر، بیشترین سختی را برای بقا خواهد داشت؟,"['موش', 'سنجاب', 'پوم', 'خرگوش']",C,شکارچی در رأس زنجیره غذایی است و کاهش طعمه‌ها بقای آن را به شدت تهدید می‌کند.,A,0.4309987425804138,B,0.7814178466796875,False,False,False,False,[0.43099874 0.43099874 0.01451932 0.12348321],[0.17572539 0.78141785 0.00364706 0.03920963]
644,مردم آب را به طرق مختلفی استفاده می‌کنند. کدام یک از این فعالیت‌ها باعث هدر رفت آب می‌شود؟,"['پر کردن یک لیوان آب', 'رها کردن شیر آب باز', 'خیساندن سبزیجات در آب برای شستن آنها', 'اضافه کردن لیوان\u200cهای آب طبق دستور ارائه شده']",B,باز گذاشتن شیر بدون استفاده، باعث اتلاف مداوم آب می‌شود.,B,0.4701979160308838,B,0.8834728002548218,True,True,True,True,[0.22210576 0.47019792 0.15384817 0.15384817],[0.05669957 0.8834728  0.02085861 0.03896901]
645,یکی از ویژگی‌های مایعات این است که دارای یک مقدار مشخص هستند.,"['انعطاف\u200cپذیری', 'دما', 'حجم', 'شکل']",C,مایعات [MASK] معینی دارند ولی [MASK]شان با ظرف تطبیق می‌یابد.,C,0.9811397194862366,C,0.9142497181892395,True,True,True,False,[0.0139679  0.00275044 0.9811397  0.00214205],[0.07504619 0.00535205 0.9142497  0.00535205]
646,لورا آماده بود تا یک توپ بولینگ را در مسیر هل دهد. او توپ را با دستش به عقب چرخاند. در بالای حرکت عقب، توپ با سرعت 0 متر بر ثانیه (متر/ثانیه) بود. او بازوی خود را به جلو چرخاند تا توپ را در مسیر رها کند. توپ با سرعت 12 متر بر ثانیه از دستش خارج شد. زمان لازم برای چرخاندن توپ به جلو 0.5 ثانیه بود. شتاب متوسط توپ بولینگ در طول حرکت به جلو چقدر بود؟,"['2.4 متر بر ثانیه مربع', '6.0 متر بر ثانیه مربع', '11.5 متر بر ثانیه مربع', '24.0 متر بر ثانیه مربع']",D,تغییر سرعت ۱۲ متر بر ثانیه در ۰.۵ ثانیه رخ داده، که شتاب ۲۴ متر بر ثانیه مربع را نتیجه می‌دهد.,D,0.5730552077293396,D,0.9735466837882996,True,True,True,True,[0.30673435 0.08788086 0.03232956 0.5730552 ],[2.5944140e-02 4.6056366e-04 4.8543050e-05 9.7354668e-01]
647,آقای جنکینز یک مدار شامل یک منبع متغیر، سیم‌ها و یک مقاومت ساخت. برای سه برابر کردن مقدار جریان، چگونه باید ولتاژ منبع را تغییر دهد؟,"['ولتاژ را سه برابر کند', 'ولتاژ را یک\u200cسوم کند', 'ولتاژ را نه برابر کند', 'ولتاژ را یک\u200cنهم کند']",A,با ثابت بودن مقاومت، افزایش جریان مستلزم افزایش متناسب ولتاژ است.,A,0.6185077428817749,A,0.7244450449943542,True,True,True,True,[0.61850774 0.37514392 0.00221333 0.00413504],[0.72444504 0.26650843 0.0048056  0.00424092]
648,پس از آتش‌سوزی جنگل، کدام نوع از موجودات شروع به جانشینی ثانویه خواهند کرد؟,"['درختچه\u200cهای کوچک', 'بلوط\u200cهای بالغ', 'درختان همیشه\u200cسبز', 'گل\u200cهای وحشی']",D,جانشینی ثانویه با گونه‌های پیشگام و مقاوم آغاز می‌شود که در خاک آسیب‌دیده سریع رشد می‌کنند و زمینه را برای گونه‌های بعدی فراهم می‌نمایند.,A,0.679082453250885,A,0.9704880714416504,False,False,False,False,[0.67908245 0.2836371  0.00761796 0.02966249],[0.9704881  0.02277916 0.00165012 0.00508272]
649,در گیاهان، سیستم آوند چوبی و آوند آبکشی آب و مواد مغذی را در گیاه برای استفاده و ذخیره‌سازی منتقل می‌کنند. در انسان‌ها، یک سیستم اندامی با کارکرد مشابه عبارت است از,"['سیستم عصبی.', 'سیستم تنفسی.', 'سیستم قلبی-عروقی.', 'سیستم پوششی.']",C,این سیستم در انسان مواد مغذی و اکسیژن را در بدن منتقل می‌کند، مشابه عملکرد آوندها در گیاهان.,C,0.5300474166870117,C,0.5979522466659546,True,True,True,True,[4.6776521e-01 1.7002563e-03 5.3004742e-01 4.8713156e-04],[0.08029428 0.3200608  0.59795225 0.0016927 ]
650,یک دانش آموز ۱۰۰ گرم آب را به جوش می‌آورد تا بخار آب (گاز) تشکیل دهد. دانش آموز باید از چه روشی استفاده کند تا تعیین کند که جرم بخار آب برابر با ۱۰۰ گرم است؟,"['اندازه\u200cگیری مقدار بخار آب (گاز) در هوا', 'جمع\u200cآوری بخار آب (گاز) و خنک کردن آن به حالت مایع', 'وزن کردن لیوان قبل و بعد از جوشاندن آب', 'مقایسه دمای آب در حال جوش با دمای بخار آب (گاز)']",B,برای اندازه‌گیری دقیق جرم، باید بخار را جمع‌آوری کرده و با سرد کردن به مایع تبدیل نمود تا جرم اولیه حفظ شود.,B,0.8831207752227783,B,0.9885467290878296,True,True,True,True,[0.07220835 0.8831208  0.03865035 0.00602056],[7.0351809e-03 9.8854673e-01 4.0085251e-03 4.0949663e-04]
651,دانشجویی که با دوچرخه در حال حرکت است، مشاهده می‌کند که دوچرخه بر روی یک جاده هموار سریع‌تر حرکت می‌کند تا بر روی یک جاده ناهموار. این امر به این دلیل است که جاده هموار دارای,"['کشش کمتر', 'کشش بیشتر', 'سایش کمتر', 'سایش بیشتر']",C,سطح صاف مقاومت کمتری ایجاد می‌کند، بنابراین انرژی کمتری برای حرکت نیاز است و سرعت افزایش می‌یابد.,A,0.30738383531570435,A,0.8114053606987,False,False,False,False,[0.30738384 0.27126527 0.30738384 0.1139671 ],[0.81140536 0.02440679 0.12394793 0.04024   ]
652,در یکی از مراحل چرخه کربن، یک فرد یک مولکول دی‌اکسید کربن (CO2) را به جو انباشته می‌کند. کدام یک از موارد زیر بیشتر احتمال دارد که برای اتم کربن در این مولکول بعداً اتفاق بیفتد؟,"['ممکن است به عنوان بخشی از شکر در یک گیاه استفاده شود.', 'ممکن است به بخشی از پروتئین در یک حیوان تبدیل شود.', 'ممکن است در هنگام سوختن سوخت فسیلی مصرف شود.', 'ممکن است توسط یک باکتری به کربن و اکسیژن تجزیه شود.']",A,گیاهان در فرآیند فتوسنتز دی‌اکسید کربن را جذب کرده و آن را به ترکیبات قندی تبدیل می‌کنند.,A,0.7976505160331726,A,0.9643819332122803,True,True,True,True,[0.7976505  0.02154928 0.15676022 0.02403996],[0.96438193 0.00936259 0.0198206  0.00643481]
653,درجه حرارتی که آب یخ می‌زند، اجازه می‌دهد آب در کدام دو شکل بر روی زمین وجود داشته باشد؟,"['رودخانه\u200cهای آب شیرین و اقیانوس\u200cهای آب شور', 'اقیانوس\u200cهای مایع و یخچال\u200cهای جامد', 'بخار جوی و قطرات ابر', 'آب در خاک و آب در گیاهان']",B,نقطه انجماد آب امکان وجود همزمان آن را به صورت مایع و جامد در طبیعت فراهم می‌کند که در سطح زمین قابل مشاهده است.,B,0.9417142868041992,B,0.9626729488372803,True,True,True,True,[0.04145693 0.9417143  0.00495132 0.01187761],[0.02890037 0.96267295 0.00100449 0.00742223]
654,سوال: یک والد و یک کودک چند ویژگی مشترک دارند. هر دو فرد قدبلند، موهای فرفری، آشپزهای خوبی هستند و لکه‌های کک و مک روی پوستشان دارند. کدامیک از این ویژگی‌ها یک رفتار آموخته شده است؟,"['A) قد بلند بودن', 'B) موهای فرفری داشتن', 'C) آشپز خوب بودن', 'D) لکه\u200cهای کک و مک داشتن']",C,این ویژگی از طریق آموزش و تمرین کسب می‌شود، برخلاف سایر موارد که ارثی و غیراکتسابی هستند.,B,0.4433034062385559,B,0.6566987037658691,False,False,False,False,[0.04709029 0.4433034  0.34524503 0.16436128],[0.0479442  0.6566987  0.14767852 0.14767852]
655,گازهای نجیب، هلیوم، نئون، آرگون، کریپتون، زنون و رادون، به ندرت با عناصر دیگر واکنش نشان می دهند زیرا آنها,"['گازهایی با چگالی کم هستند.', 'در زمین فراوان نیستند.', 'سطوح انرژی خارجی کامل دارند.', 'دو الکترون در سطح انرژی خارجی خود دارند.']",C,لایه ظرفیت کامل دارند و از نظر شیمیایی پایدار هستند.,A,0.6594839096069336,C,0.8954577445983887,False,True,True,True,[0.6594839  0.11460112 0.07876413 0.14715075],[0.06386107 0.01718798 0.89545774 0.02349318]
656,زمانی که یک قطار با باتری روشن می‌شود، در طول مسیر حرکت می‌کند. بهترین توصیف از نوع انرژی‌های مورد استفاده برای حرکت قطار چیست؟,"['مکانیکی، شیمیایی، الکتریکی', 'الکتریکی، شیمیایی، مکانیکی', 'الکتریکی، مکانیکی، شیمیایی', 'شیمیایی، الکتریکی، مکانیکی']",D,انرژی ابتدا از شیمیایی به الکتریکی و سپس به مکانیکی تبدیل می‌شود.,D,0.7173637747764587,D,0.9405808448791504,True,True,True,True,[0.18208785 0.07590551 0.02464291 0.7173638 ],[5.3480126e-02 5.5493736e-03 3.8962718e-04 9.4058084e-01]
657,یک دانشمند فسیل یک گیاه دریایی را در سنگ‌های یک بیابان کشف کرد. کشف این فسیل به احتمال زیاد به دانشمند چه چیزی می‌گوید؟,"['فسیل\u200cها در بالای یک کوه شکل گرفته\u200cاند.', 'فسیل\u200cها در طول یک طوفان بارانی شکل گرفته\u200cاند.', 'این منطقه دارای فوران\u200cهای آتشفشانی زیاد بوده است.', 'این منطقه زمانی زیر آب بوده است.']",D,کشف گیاه دریایی در بیابان نشان می‌دهد که این ناحیه در گذشته شرایط آبی داشته و به مرور زمان خشک شده است.,D,0.9741482734680176,D,0.9910569190979004,True,True,True,True,[0.0177033  0.00307637 0.00507208 0.9741483 ],[7.6859728e-03 1.1072693e-03 1.4985261e-04 9.9105692e-01]
658,کدام فهرست ترتیب صحیح مواد را از پایین‌ترین نقطه ذوب تا بالاترین نشان می‌دهد؟,"['اکسیژن، آب، آهن', 'آب، آهن، اکسیژن', 'اکسیژن، آهن، آب', 'آهن، اکسیژن، آب']",A,اکسیژن پایین‌ترین، سپس آب، و آهن بالاترین نقطه ذوب را دارد.,C,0.4682951271533966,C,0.6782416105270386,False,False,False,False,[0.36328673 0.04955113 0.46829513 0.11886697],[0.31912962 0.00115096 0.6782416  0.00147786]
659,کرم‌های خاک به طور تصادفی در سطح خاک حرکت می‌کنند. کرم‌های خاک چگونه احتمالاً بر سطح خاک تأثیر می‌گذارند؟,"['با فشرده\u200cسازی سطح خاک', 'با کاهش باروری سطح خاک', 'با افزودن مواد مغذی به سطح خاک', 'با حذف مواد معدنی از سطح خاک']",C,با مصرف و دفع مواد، خاک را غنی کرده و حاصلخیزی آن را افزایش می‌دهند.,A,0.8297913670539856,C,0.7965516448020935,False,True,True,True,[0.82979137 0.12762599 0.0322689  0.01031376],[0.15562971 0.04458866 0.79655164 0.00322999]
660,کدام یک از رویدادها می‌تواند باعث شود که یک سنگ بزرگ در طی زمان به خاک تبدیل شود؟,"['تجزیه', 'زلزله', 'اثر لغزش زمین', 'هوازدگی']",D,فرآیندی طبیعی که سنگ‌ها را با عوامل محیطی خرد کرده و به ذرات ریز خاک تبدیل می‌کند.,A,0.8456927537918091,A,0.9991143345832825,False,False,False,False,[0.84569275 0.01369607 0.12994474 0.01066651],[9.9911433e-01 5.5692857e-04 4.8663875e-05 2.8004125e-04]
661,آلودگی سواحل شامل فاضلاب، ظرف‌های کاغذی و پلاستیکی و روغن قایق ها است. کدام یک از فعالیت‌های ساحلی احتمالاً آلودگی سواحل را افزایش می‌دهد؟,"['تماشای پرندگان', 'جمع آوری صدف\u200cهای دریایی', 'صرف ناهار پیک نیک', 'ساخت قلعه شنی']",C,این فعالیت با تولید زباله‌های یکبار مصرف و پسماند غذا، مستقیماً به آلاینده‌های ذکر شده در سؤال می‌افزاید.,B,0.7061494588851929,C,0.6449286341667175,False,True,True,True,[0.09594098 0.70614946 0.07471891 0.12319066],[0.07702574 0.26884624 0.64492863 0.00919941]
662,ساخت یک سد احتمالاً,"['از آلودگی آب جلوگیری می\u200cکند.', 'محل زیست بسیاری از گونه\u200cهای حیوانی را نابود می\u200cکند.', 'به ماهی\u200cها اجازه می\u200cدهد به راحتی در جهت بالا به طرف رودخانه شنا کنند.', 'باعث می\u200cشود مردم آب بیشتری مصرف کنند.']",B,سدها با زیر آب بردن زیستگاه‌های طبیعی، حیات وحش را نابود و مهاجرت گونه‌های آبزی را مختل می‌کنند.,A,0.7134043574333191,B,0.9233199954032898,False,True,True,True,[0.71340436 0.05147736 0.23251498 0.00260327],[0.06688508 0.92332    0.00716065 0.00263426]
663,یک دانش‌آموز آب و مواد شوینده را به یک فنجان خاک اضافه می‌کند. مخلوط هم زده شده و اجازه داده می‌شود تا ته نشین شود. دانش‌آموز متوجه می‌شود که ذرات سیلت مدت طولانی‌تری در حالت معلق باقی می‌مانند در حالی که سایر ذرات در پایین ظرف لایه‌لایه می‌شوند. توضیح محتمل‌تر این است که ذرات سیلت,"['آلی هستند.', 'در حال حل شدن هستند.', 'کم\u200cچگال\u200cتر هستند.', 'سریع\u200cتر حرکت می\u200cکنند.']",C,ذرات با چگالی کمتر دیرتر ته‌نشین می‌شوند و مدت بیشتری در آب معلق می‌مانند.,A,0.5481591820716858,C,0.9209864735603333,False,True,True,True,[0.5481592  0.2016565  0.17657633 0.07360797],[0.07501086 0.00260715 0.9209865  0.00139551]
664,دانش‌آموزان در حال طراحی بادبادک‌هایی هستند تا کشف کنند کدام نوع بادبادک بالاتر پرواز می‌کند. مهم‌ترین نکته‌ای که باید در طراحی بادبادکی برای پرواز بالا مدنظر قرار گیرد چیست؟,"['طول نخ', 'مساحت سطح', 'مواد استفاده شده', 'زمان روز']",B,سطح بزرگ‌تر نیروی بالابرنده بیشتری ایجاد می‌کند که برای ارتفاع پرواز حیاتی است و از سایر عوامل مهم‌تر است.,A,0.847271740436554,B,0.9841391444206238,False,True,True,True,[0.84727174 0.14766574 0.00112744 0.00393516],[1.5721805e-02 9.8413914e-01 4.8499518e-05 9.0609021e-05]
665,چهار دانش‌آموز تأثیر نیروی چوب بیسبال بر روی توپ را مورد بررسی قرار می‌دهند. آنها چهار نقطه متفاوت را که هر یک از توپ‌ها پس از هر ضربه توسط هر یک از چهار دانش‌آموز با چوب تماس گرفت، علامت‌گذاری کرده‌اند. کدام یک از موارد زیر یک خطا در طراحی آزمایش را توصیف می‌کند؟,"['عدم انجام آزمایش\u200cهای کافی', 'توجه نکردن به چرخش توپ', 'استفاده نکردن از توپ\u200cهایی با جرم\u200cهای متفاوت', 'عدم تعریف یک متغیر قابل آزمایش']",D,در این آزمایش، رابطه‌ای بین علت و معلول بررسی نمی‌شود زیرا هیچ عامل تغییرپذیر یا نتیجه‌ای برای اندازه‌گیری مشخص نشده است. این نقص اساسی، امکان نتیجه‌گیری علمی را از بین می‌برد.,C,0.35832756757736206,D,0.8558391332626343,False,True,True,True,[0.11633193 0.2462747  0.35832757 0.2790658 ],[0.0231665  0.00516915 0.11582523 0.85583913]
666,یک دانش آموز در حال تماشای گزارشی از وضعیت آب و هوا در تلویزیون محلی برای گلوتستر، ماساچوست است. کدامیک از موارد زیر به احتمال زیاد در این گزارش آب و هوا گنجانده شده است؟,"['سرعت جزر و مد در یک رودخانه', 'مقدار رطوبت در هوا', 'عمق جزر و مد در اقیانوس', 'سطح رطوبت در زمین']",B,گزارش‌های هواشناسی معمولاً رطوبت را پوشش می‌دهند زیرا بر دما و آسایش روزمره تأثیر مستقیم دارد.,B,0.6590816378593445,B,0.9895183444023132,True,True,True,True,[0.2747461  0.65908164 0.05410071 0.0120715 ],[9.6254041e-03 9.8951834e-01 2.4096726e-04 6.1533146e-04]
667,برخی از مصارف آب به صورت مصرفی است. به جای بازگشت به منبع خود، آب از مخازن تبخیر می‌شود یا از محصولات کشاورزی متصاعد می‌شود. این نوع مصرف چگونه بر آب‌کره تأثیر می‌گذارد؟,"['با کاهش کل مقدار آب در زمین', 'با تغییر مسیرهای آب در سیستم زمین', 'با جابجا کردن آب به مراحل مختلف در چرخه آب', 'با تأثیر بر اقلیم به گونه\u200cای که چرخه آب را تغییر دهد']",C,آب مصرفی از چرخه خارج شده و به منابع بازنمی‌گردد، بنابراین کل آب شیرین قابل دسترس در هیدروسفر کاهش می‌یابد.,A,0.3857846260070801,C,0.8264757394790649,False,True,True,True,[0.38578463 0.38578463 0.20649564 0.02193518],[0.16147625 0.00985011 0.82647574 0.00219786]
668,سلول‌های خورشیدی انرژی را از خورشید جذب می‌کنند. برای استفاده از این انرژی جهت تأمین برق وسایل خانگی، سلول‌های خورشیدی باید انرژی جذب‌شده را به,"['حرارت تبدیل کنند.', 'نور تبدیل کنند.', 'تابش تبدیل کنند.', 'برق تبدیل کنند.']",D,سلول‌های خورشیدی نور خورشید را مستقیماً به انرژی الکتریکی تبدیل می‌کنند تا برای وسایل قابل استفاده باشد.,D,0.9391850233078003,D,0.6472214460372925,True,True,True,False,[4.7034051e-02 1.3266563e-02 5.1440054e-04 9.3918502e-01],[0.16492668 0.1868864  0.00096549 0.64722145]
669,غشای سلولی هر سلول انسانی را احاطه می‌کند. این غشاء از سلول محافظت می‌کند و اطلاعاتی درباره محیط سلول به اندامک‌های درون سلول منتقل می‌سازد. کدام سیستم ارگانیک در بدن انسان عملکرد مشابهی دارد؟,"['سیستم درون\u200cریز', 'سیستم اسکلتی', 'سیستم پوششی', 'سیستم لنفاوی']",C,پوست و غشاهای مخاطی بدن را محافظت کرده و اطلاعات محیطی را منتقل می‌کنند، مشابه عملکرد غشای سلولی.,D,0.5519924759864807,C,0.9851101636886597,False,True,True,True,[0.29546028 0.01298162 0.13956556 0.5519925 ],[1.1115922e-02 5.8912224e-04 9.8511016e-01 3.1847649e-03]
670,کدام نوع فعالیت احتمالاً در نقشه آب و هوا گنجانده می‌شود؟,"['ماهواره', 'زلزله', 'آتش\u200cفشانی', 'طوفان\u200c حاره\u200cای']",D,نقشه‌های هواشناسی رویدادهای جوی را نشان می‌دهند که بر شرایط آب و هوا تأثیر مستقیم دارند.,A,0.7678050398826599,D,0.6581878066062927,False,True,True,True,[0.76780504 0.05561961 0.0052549  0.17132047],[0.3109059  0.02869371 0.00221262 0.6581878 ]
671,درختان سیب می‌توانند سال‌های زیادی زندگی کنند، اما گیاهان لوبیا معمولاً فقط چند ماه زندگی می‌کنند. این جمله پیشنهاد می‌کند که,"['گیاهان مختلف طول عمرهای متفاوتی دارند', 'گیاهان به گیاهان دیگر وابسته\u200cاند', 'گیاهان تولید نسل\u200cهای زیادی می\u200cکنند', 'تغییرات فصلی به رشد گیاهان کمک می\u200cکند']",A,مقایسه عمر طولانی درخت سیب و کوتاه گیاه لوبیا نشان می‌دهد که گیاهان مختلف طول عمر متفاوتی دارند.,A,0.9994459748268127,A,0.9997716546058655,True,True,True,True,[9.9944597e-01 1.5945989e-04 9.6717296e-05 2.9791027e-04],[9.9977165e-01 1.4594807e-04 5.3691296e-05 2.8738879e-05]
672,حرکت یک توده هوای بر روی سطح زمین باعث می‌شود,"['فعالیت زلزله', 'تغییرات آب و هوای محلی', 'گرمایش جهانی', 'سکونت اکولوژیکی']",B,جابجایی هوا مستقیماً بر شرایط جوی منطقه تأثیر گذاشته و باعث نوساناتی مانند باد و بارش می‌شود.,C,0.6409289240837097,B,0.9908087253570557,False,True,True,True,[0.08707979 0.26822463 0.6409289  0.0037667 ],[8.5054655e-03 9.9080873e-01 3.0027967e-04 3.8556676e-04]
673,آب، آلومینیوم، درختان چوب سرخ و قرقاول دره چه ویژگی مشترکی دارند؟,"['همه آنها عناصر خالص هستند.', 'همه آنها از سلول\u200cها تشکیل شده\u200cاند.', 'همه آنها موجودات زنده هستند.', 'همه آنها از اتم\u200cها ساخته شده\u200cاند.']",D,تمامی این موارد در سطح بنیادی از ذرات سازنده یکسانی تشکیل شده‌اند که ویژگی مشترک همه مواد است.,D,0.8461031913757324,D,0.6775158047676086,True,True,True,False,[0.10105262 0.04773388 0.00511034 0.8461032 ],[3.1878811e-01 3.5971852e-03 9.8904711e-05 6.7751580e-01]
674,کدام یک از ساختارهای زیر در سلول‌های حیوانی وجود ندارد؟,"['غشای سلولی', 'دیوار سلولی', 'میتوکندری', 'هسته']",B,سلول‌های حیوانی فاقد ساختار سخت بیرونی هستند که در گیاهان و قارچ‌ها وجود دارد، در حالی که سایر اجزای اصلی در هر دو نوع سلول مشترکند.,B,0.7270366549491882,B,0.9884159564971924,True,True,True,True,[0.12584747 0.72703665 0.0360559  0.11106001],[0.0065823  0.98841596 0.00100943 0.00399237]
675,یک واکنش بازتابی می‌تواند از بدن در برابر آسیب محافظت کند. کدام سیستم‌های ارگانیک به‌طور مشترک برای تولید یک واکنش بازتابی کار می‌کنند؟,"['سیستم\u200cهای عصبی و ایمنی', 'سیستم\u200cهای عصبی و عضلانی', 'سیستم\u200cهای گردش خون و ایمنی', 'سیستم\u200cهای گردش خون و عضلانی']",B,واکنش‌های بازتابی سریع نیازمند هماهنگی بین اعصاب و ماهیچه‌ها برای محافظت از بدن هستند.,A,0.9454319477081299,A,0.9825299382209778,False,False,False,False,[9.4543195e-01 5.2239321e-04 5.3285558e-02 7.6007767e-04],[0.98252994 0.01387884 0.00212839 0.00146282]
676,کدام نوع از منظره احتمالاً میلیون‌ها سال پیش در جاهایی که اکنون ذخایر گاز طبیعی وجود دارد، وجود داشته است؟,"['بیابان', 'جنگل آلپ', 'اقیانوس قطبی', 'باتلاق']",C,گاز طبیعی از تجزیه مواد آلی در محیط‌های کم‌اکسیژن مانند [MASK]‌ها طی میلیون‌ها سال تشکیل می‌شود.,A,0.45995819568634033,B,0.7772231101989746,False,False,False,False,[0.4599582  0.40591168 0.01783451 0.11629564],[0.15304431 0.7772231  0.00593417 0.06379836]
677,آلومینیوم و مس از انواع مختلف ماده تشکیل شده‌اند. کدام عبارت بهترین توصیف را از ماده ارائه می‌دهد؟,"['ماده دارای جرم است.', 'ماده دارای جرم و حجم است.', 'ماده باید به اشکال مختلف تغییر کند.', 'ماده باید در یک حجم مشخص نگهداری شود.']",B,هر ماده جرم و حجم دارد و فضا اشغال می‌کند، که این ویژگی‌های اساسی آن است.,B,0.7274068593978882,B,0.9869154691696167,True,True,True,True,[0.23523374 0.72740686 0.00926464 0.02809467],[1.2472056e-02 9.8691547e-01 8.1450540e-05 5.3112418e-04]
678,در گذشته زمین شناسی، عوامل غیرزیستی مانند فوران آتشفشان تأثیری بر دسترسی به منابع داشته‌اند. فوران‌های آتشفشانی چگونه می‌توانند بر دسترسی به منابع تأثیر بگذارند؟,"['با کاهش ضخامت خاک', 'با ایجاد بارش\u200cهای سنگین\u200cتر که به فرسایش خاک سطحی منجر می\u200cشود', 'با مختل کردن تابش آفتاب به تولیدکنندگان', 'با گرم\u200cتر کردن سطح زمین نسبت به حالت معمول']",C,پراکندگی خاکستر در جو مانع تابش خورشید شده و فرآیند تولید انرژی توسط گیاهان را مختل می‌کند.,B,0.6682801842689514,C,0.9708976149559021,False,True,True,True,[0.27858064 0.6682802  0.01986745 0.03327171],[0.02274431 0.00507494 0.9708976  0.00128315]
679,رشد و فعالیت‌های موجودات می‌تواند فرایند فراپوست شیمیایی سنگ‌ها را تسریع کند. کدام موجودات به طور طبیعی بیشترین میزان فراپوست شیمیایی سنگ‌ها را ایجاد می‌کنند؟,"['پستانداران کوچک', 'نهال\u200cهای گیاهی', 'خزه\u200cها', 'حشرات']",C,به دلیل ترشح اسید و نفوذ در سنگ‌ها، بیشترین تأثیر را بر تجزیه شیمیایی دارند.,B,0.5128839612007141,C,0.6407647728919983,False,True,True,True,[0.02882213 0.51288396 0.4526185  0.00567541],[0.01495207 0.3429767  0.6407648  0.0013065 ]
680,سوال: بسیاری از محصولات از درختان ساخته می‌شوند. بهترین راه برای مدیریت استفاده از درختان چیست؟,"['الف) قطع کردن بیشتر درختان از جنگل\u200cها', 'ب) ساخت کارخانه\u200cهای چوب\u200cبری بیشتر', 'ج) کاهش مقدار کاغذ بازیافتی', 'د) کاشتن یک درخت به ازای هر درختی که قطع می\u200cشود']",D,کاشت درخت برای هر درخت قطع‌شده، پایداری منابع را تضمین کرده و تعادل بین استفاده و حفظ محیط زیست برقرار می‌کند.,D,0.9554873108863831,D,0.9486442804336548,True,True,True,False,[4.1899268e-02 2.0860417e-03 5.2743393e-04 9.5548731e-01],[4.7973983e-02 2.8810618e-03 5.0065346e-04 9.4864428e-01]
681,چرخه آب حرکت آب زمین را توصیف می‌کند. حدود ۹۶٪ از آب زمین آب شور موجود در اقیانوس‌ها است در حالی که ۴٪ باقی‌مانده آب شیرین است. اکثریت آب شیرین در زمین کجا یافت می‌شود؟,"['آب\u200cهای زیرزمینی و سفره\u200cهای آب', 'مرداب\u200cها و نواحی مرطوب', 'کلاهک\u200cهای یخی و یخچال\u200cهای طبیعی', 'دریاچه\u200cها و رودخانه\u200cها']",C,بیشترین آب شیرین جهان به صورت یخ‌های دائمی در مناطق قطبی و کوهستانی ذخیره شده است.,A,0.9968852400779724,C,0.8145095109939575,False,True,True,True,[9.9688524e-01 1.6877733e-03 2.6704452e-04 1.1599885e-03],[1.8174164e-01 3.3811338e-03 8.1450951e-01 3.6768126e-04]
682,یخ بر روی برکه‌های کوچک وقتی که دما پایین‌تر از 0 درجه سلسیوس می‌رود، تشکیل می‌شود. کدام ویژگی یخ برای ماهی‌های زندگی‌کرده در این برکه‌ها مفیدتر است؟,"['یخ دمایی سردتر از دمای آب دارد.', 'یخ نور خورشید را که توسط آب منعکس می\u200cشود، جذب می\u200cکند.', 'یخ آلودگی بیشتری نسبت به آبی که جذب می\u200cکند، حبس می\u200cکند.', 'یخ چگالی کمتری نسبت به چگالی آب دارد.']",D,چگالی کمتر یخ باعث شناور شدن آن روی آب و ایجاد عایق حرارتی برای محافظت از حیات زیرین می‌شود.,D,0.5552296042442322,D,0.9515709280967712,True,True,True,True,[0.3801156  0.05144306 0.01321167 0.5552296 ],[4.7007244e-02 8.7452598e-04 5.4726435e-04 9.5157093e-01]
683,کدام منبع انرژی غیرقابل تجدید است؟,"['الف) نفت', 'ب) خورشیدی', 'ج) آب', 'د) باد']",A,نفت در مدت زمان کوتاه قابل جایگزینی نیست و ذخایر آن با مصرف کاهش می‌یابد، برخلاف منابع طبیعی که پیوسته در دسترس هستند.,B,0.9646889567375183,B,0.986441433429718,False,False,False,False,[0.01646922 0.96468896 0.00237262 0.01646922],[0.00675126 0.98644143 0.00121043 0.00559699]
684,یک گیاه انرژی مورد نیاز خود را از خورشید دریافت می کند. این گیاه حدود ده درصد از انرژی را برای ادامه عملکردهای زندگی خود استفاده می کند. این گیاه تقریبا ده درصد دیگر از انرژی را به مصرف کنندگان در زنجیره غذایی منتقل می کند. با بیشتر انرژی باقی مانده چه اتفاقی می افتد؟,"['دوباره توسط خورشید جذب می شود.', 'توسط تجزیه کنندگان بازیافت می شود.', 'در خاک برای استفاده بعدی ذخیره می شود.', 'به عنوان گرما به اکوسیستم آزاد می شود.']",D,انرژی استفاده‌نشده در فرآیندهای متابولیک به شکل گرما آزاد می‌شود، که با قوانین ترمودینامیک سازگار است.,D,0.651990532875061,D,0.9871639013290405,True,True,True,True,[0.06064457 0.2717901  0.01557481 0.65199053],[6.5483367e-03 5.4287617e-03 8.5895485e-04 9.8716390e-01]
685,زمانی که بادهای شدید در یک منطقه جنگلی درختان کاج را زمین زد، شکافی در پوشش انبوه ایجاد شد و اجازه داد نور خورشید به زمین برسد. نور خورشید افزایش یافته باعث رشد متراکم گیاهان تمشک شد که نهال‌های جوان درختان کاج را از خوردن توسط علف‌خوارها محافظت کرد. با گذشت زمان، نهال‌های کاج رشد کردند و از رسیدن نور خورشید به سطح جنگل جلوگیری کردند و به این ترتیب از رشد بیشتر گیاهان تمشک جلوگیری کردند. کدام یک از این اصطلاحات بهترین توصیف از فرآیند تغییر مشاهده شده در این جامعه جنگلی است؟,"['الف) سازگاری', 'ب) همکاری', 'ج) انتخاب طبیعی', 'د) جانشینی بوم\u200cشناختی']",D,تغییر تدریجی گونه‌ها پس از اختلال، که ساختار جامعه را دگرگون می‌کند، نشان‌دهنده این پدیده است.,D,0.5868431925773621,D,0.6252903938293457,True,True,True,True,[0.24367891 0.05437211 0.11510576 0.5868432 ],[0.29768285 0.03137554 0.04565115 0.6252904 ]
686,کدام معادله به درستی برای واکنش هیدروژن و اکسیژن جهت تشکیل آب متوازن شده است؟,"['H_{2} + O_{2} -> H_{2}O', '2H_{2} + O_{2} -> 2H_{2}O', '4H + O_{2} -> 2H_{2}O', 'H_{2} + O -> H_{2}O']",B,تعداد اتم‌های هر عنصر در دو طرف واکنش برابر است و قانون پایستگی جرم رعایت شده.,B,0.9709308743476868,B,0.7912140488624573,True,True,True,False,[2.5823945e-02 9.7093087e-01 4.8043043e-04 2.7646862e-03],[0.20161925 0.79121405 0.00249866 0.00466812]
687,کدام یک از این موارد می‌تواند مدل انبساط باشد؟,"['یک دانش\u200cآموز از در عبور می\u200cکند', 'دو دانش\u200cآموز در کنار یکدیگر عبور می\u200cکنند', 'دو دانش\u200cآموز به یکدیگر برخورد می\u200cکنند', 'دانش\u200cآموزان از یک اتاق شلوغ به یک راهرو عبور می\u200cکنند']",D,حرکت از فضای پرتراکم به بازتر، افزایش حجم و کاهش تراکم را نشان می‌دهد که با انبساط مطابقت دارد.,D,0.7321320176124573,D,0.8912698030471802,True,True,True,True,[0.18511197 0.07716615 0.0055899  0.732132  ],[0.09357291 0.01266372 0.00249363 0.8912698 ]
688,کدام یک از این روش‌ها مطمئن‌ترین راه برای به دست آوردن نتایج بی‌طرفانه در هنگام انجام یک آزمایش کنترل‌شده است؟,"['از بیش از یک گروه کنترل استفاده کنید.', 'یک گروه آزمایشی متفاوت را امتحان کنید.', 'اگر فرضیه نادرست است، آن را تغییر دهید.', 'روش را هر بار دقیقاً به همان صورت تکرار کنید.']",D,تکرار دقیق روش، قابلیت اطمینان نتایج را تضمین کرده و نقش متغیرهای تصادفی را در آزمایش کاهش می‌دهد.,A,0.9429876804351807,D,0.8147256374359131,False,True,True,True,[0.9429877  0.0322043  0.00729891 0.01750918],[1.8108113e-01 3.7582188e-03 4.3504543e-04 8.1472564e-01]
689,یک اتم پتاسیم (K) دارای ۲۰ نوترون، ۱۹ پروتون و ۱۹ الکترون است. جرم اتمی پتاسیم چقدر است؟,"['۱۹', '۲۰', '۳۸', '۳۹']",D,جرم اتمی مجموع پروتون‌ها و نوترون‌هاست که در اینجا [MASK] می‌شود و الکترون‌ها تأثیری ندارند.,D,0.7812021374702454,D,0.6301059722900391,True,True,True,False,[0.01837211 0.00290689 0.19751883 0.78120214],[0.02725571 0.00536697 0.33727145 0.630106  ]
690,زمانی که در معرض نور مستقیم خورشید قرار می‌گیرد، کدام شیء بیشترین انرژی نور مرئی را جذب می‌کند؟,"['یک تکه شیشه شفاف', 'یک گلوله برفی', 'یک آینه براق', 'یک ژاکت سیاه']",D,رنگ سیاه تمام نور مرئی را جذب کرده و به گرما تبدیل می‌کند، برخلاف مواردی که نور را عبور یا بازتاب می‌دهند.,D,0.6114712953567505,D,0.8694592714309692,True,True,True,True,[0.28996906 0.06419734 0.03436236 0.6114713 ],[0.04328783 0.03820137 0.04905153 0.8694593 ]
691,یک دانش‌آموز یک گزارش درباره تغییرات محیطی تدریجی تهیه می‌کند. بهترین موضوع برای این گزارش کدام است؟,"['آتش\u200cسوزی\u200cهای جنگلی در مناطق کوهستانی', 'جانشینی که علفزار را به جنگل تبدیل می\u200cکند', 'تجزیه یک جوندۀ بیابانی', 'سیلاب\u200cهای ناگهانی در مناطق روستایی']",B,این فرآیند طبیعی به‌تدریج و در طول زمان رخ می‌دهد و تغییرات محیطی آهسته را نشان می‌دهد.,A,0.6514036655426025,B,0.588350236415863,False,True,True,True,[0.65140367 0.3065017  0.01336195 0.0287327 ],[0.40436682 0.58835024 0.00581322 0.00146981]
692,سوالی: برخی از دانش‌آموزان از یک صفحه داغ برای گرم کردن ۱ لیتر آب از ۲۰ درجه سانتی‌گراد تا نقطه جوش آب استفاده کردند. دانش‌آموزان دمای آب را هر دقیقه ثبت کردند تا زمانی که شروع به جوشیدن کرد. کدام یک از گزینه‌های زیر بهترین روش برای نمایش داده‌ها را ارائه می‌دهد؟,"['الف) نمودار ستونی با دما در محور عمودی و زمان در محور افقی', 'ب) نمودار ستونی با زمان در محور عمودی و دما در محور افقی', 'ج) نمودار خطی با دما در محور عمودی و زمان در محور افقی', 'د) نمودار خطی با زمان در محور عمودی و دما در محور افقی']",C,داده‌ها تغییرات پیوسته دما بر اساس زمان را نشان می‌دهند که با نمودار خطی بهتر نمایش داده می‌شود.,C,0.49578142166137695,C,0.9571207165718079,True,True,True,True,[0.2653727  0.07662686 0.49578142 0.16221906],[0.03275087 0.00184768 0.9571207  0.00828072]
693,کدام انتقال بیشترین مسئولیت را در ایجاد فاصله‌ها در ثبت فسیلی دارد؟,"['سنگ\u200cهای دگرگونی به سنگ\u200cهای آذرین', 'سنگ\u200cهای آذرین به سنگ\u200cهای دگرگونی', 'سنگ\u200cهای دگرگونی به سنگ\u200cهای رسوبی', 'سنگ\u200cهای رسوبی به سنگ\u200cهای دگرگونی']",D,دگرگونی سنگ‌های رسوبی فسیل‌ها را نابود می‌کند و شکاف‌های ثبت فسیلی ایجاد می‌نماید.,A,0.8561460375785828,A,0.5767149925231934,False,False,False,False,[0.85614604 0.13027251 0.00399584 0.00958552],[0.576715   0.39637005 0.01345749 0.01345749]
694,لاله‌های زرد گیاهانی هستند که می‌توانند هم تکثیر جنسی و هم تکثیر غیرجنسی انجام دهند. یک جمعیت لاله زرد چگونه می‌تواند از تکثیر جنسی به جای تکثیر غیرجنسی بیشتر بهره‌مند شود؟,"['می\u200cتواند سریع\u200cتر تکثیر شود.', 'می\u200cتواند سریع\u200cتر به محیط خود سازگار شود.', 'می\u200cتواند تنوع ویژگی\u200cهای ارثی را افزایش دهد.', 'می\u200cتواند ویژگی\u200cهای نامطلوب را از تجمع ژنی حذف کند.']",C,تولید مثل جنسی با ترکیب ژن‌های والدین، گوناگونی ژنتیکی را بیشتر می‌کند که برای سازگاری مفید است.,A,0.7713783383369446,C,0.49453189969062805,False,True,True,True,[0.77137834 0.09141106 0.03362825 0.1035823 ],[0.43642285 0.01692195 0.4945319  0.05212328]
695,چالش تکامل گوسفند یک گونه از گوسفند در جزیره هیرتا در اسکاتلند زندگی می‌کند. هیرتا دارای علف‌های بسیار برای تغذیه گوسفندهاست و هیچ شکارچی طبیعی برای گوسفندها در این جزیره وجود ندارد. برخی از گوسفندها پشم تیره و برخی دیگر پشم روشن دارند. گوسفندهای با پشم تیره معمولاً بسیار بزرگتر و قویتر از گوسفندهای با پشم روشن هستند. با این حال، پژوهشگران متوجه شده‌اند که در ۲۰ سال گذشته، تعداد گوسفندهای با پشم روشن افزایش یافته است. معمولاً، قدرت و اندازه به حیوانات کمک می‌کند تا زنده بمانند و reproduce کنند. یک شکارچی جدید گوسفند به جزیره معرفی می‌شود. چه تغییری در جمعیت گوسفندها احتمالاً ابتدا اتفاق خواهد افتاد؟,"['کاهش در جمعیت گوسفندهای با پشم تیره', 'کاهش در جمعیت گوسفندهای با پشم روشن', 'افزایش در جمعیت گوسفندهای با پشم تیره', 'افزایش در جمعیت گوسفندهای با پشم روشن']",B,شکارچی جدید گوسفندهای بزرگتر را ترجیح می‌دهد، بنابراین ابتدا جمعیت آن‌ها کاهش می‌یابد.,D,0.5581765174865723,B,0.7229472398757935,False,True,True,True,[0.09775729 0.00551509 0.33855116 0.5581765 ],[0.11130147 0.72294724 0.00380853 0.16194269]
696,کدام یک به احتمال زیاد باید اتفاق بیفتد تا یک گیاه جدید رشد کند؟,"['برگ\u200cها از ساقه خارج می\u200cشوند.', 'حشرات به گلبرگ\u200cها جلب می\u200cشوند.', 'یک شکوفه به خاک می\u200cافتد.', 'یک دانه جوانه می\u200cزند.']",D,رشد گیاه جدید با جوانه‌زنی آغاز می‌شود، زیرا دانه حاوی مواد لازم برای رشد اولیه است.,D,0.8758465647697449,D,0.883836030960083,True,True,True,True,[0.10501436 0.0051473  0.01399181 0.87584656],[0.06352662 0.0031628  0.04947458 0.88383603]
697,دانش‌آموزان یک آزمایشگاه را با استفاده از مواد شیمیایی به پایان رساندند. دانش‌آموزان مطمئن شدند که مواد شیمیایی را به طور ایمن دور ریخته‌اند زیرا آنها,"['مواد شیمیایی را در لوله فاضلاب ریختند.', 'مواد شیمیایی را با احتیاط در سطل زباله قرار دادند.', 'هر ماده شیمیایی را به ظرف اصلی خود برگرداندند.', 'دستورالعمل\u200cهای ارائه\u200cشده توسط معلم را برای هر ماده شیمیایی دنبال کردند.']",D,پیروی از راهنمایی معلم تضمین می‌کند دفع مواد مطابق استانداردهای ایمنی و بدون خطر انجام شود.,C,0.8719379305839539,D,0.671013355255127,False,True,True,True,[0.09208125 0.02022757 0.87193793 0.01575324],[0.21955472 0.03815289 0.07127898 0.67101336]
698,زغال‌سنگ و درختان منابعی هستند که در مریلند یافت می‌شوند. هر دو منبع برای استفاده می‌شوند,"['ساخت کاغذ', 'ساخت مداد', 'ساخت خانه\u200cها', 'تولید گرما']",D,هر دو منبع قابلیت [MASK] از طریق سوزاندن دارند.,A,0.964606523513794,A,0.6905266046524048,False,False,False,False,[9.6460652e-01 5.7106093e-03 2.9000867e-02 6.8203500e-04],[0.6905266  0.01605043 0.28673208 0.00669082]
699,کدام مجموعه توصیفات به درستی تمایز بین یک جمعیت و یک جامعه را بیان می‌کند؟,"['جمعیت: یک گونه در یک ناحیه جامعه: یک گونه در سرتاسر جهان', 'جمعیت: موجودات در یک ناحیه کوچک جامعه: موجودات در یک ناحیه بزرگ', 'جمعیت: اجزای زنده یک ناحیه جامعه: اجزای زنده و غیرزنده یک ناحیه', 'جمعیت: یک نوع موجود در یک ناحیه جامعه: انواع مختلفی از موجودات در یک ناحیه']",D,جمعیت شامل یک گونه در منطقه است، در حالی که جامعه شامل همه گونه‌های در تعامل در آن منطقه می‌باشد.,A,0.5793201327323914,C,0.4340283274650574,False,False,False,False,[0.57932013 0.06082184 0.21395408 0.145904  ],[0.23231864 0.03534996 0.43402833 0.29830304]
700,کدامیک نمونه‌ای از فرسایش آلی سنگ‌ها است؟,"['حرکت یخچال\u200cها بر روی قطعات بزرگ سنگ\u200cهای شکسته', 'رشد ریشه\u200cهای درخت در سنگ\u200cهای شکسته', 'یخ بستن بر روی سطح سنگ', 'وزش باد بر روی سطح سنگ با شن']",B,فرسایش آلی توسط موجودات زنده مانند گیاهان رخ می‌دهد که با رشد ریشه در سنگ‌ها فشار فیزیکی اعمال می‌کنند.,A,0.8862282037734985,B,0.9885956645011902,False,True,True,True,[0.8862282  0.04970548 0.05632368 0.00774262],[0.00865385 0.98859566 0.00124671 0.00150381]
701,پرنده‌های زامبی در جزایر گالاپاگوس به یک گونه‌ی دیگر از پرندگان، یعنی باکلی آبی پا، نوک می‌زنند تا به آن زخم بزنند. سپس، آن‌ها خون باکل را می‌نوشند. دانشمندان معتقدند که نسل‌ها پیش، زامبی‌ها به زخم کردن حشرات از باکل می‌پرداختند و این رفتار به آنچه امروز است تکامل یافته است. کدام عبارت بهترین توصیف از رابطه‌ی پرندگان در نسل‌های گذشته و رابطه‌ی امروز است؟,"['رابطه\u200cی قدیمی پارازیتی بود. رابطه\u200cی جدید متقابل است.', 'رابطه\u200cی قدیمی متقابل بود. رابطه\u200cی جدید پارازیتی است.', 'هر دو رابطه پارازیتی هستند.', 'هر دو رابطه متقابل هستند.']",B,رفتار قبلی برای هر دو سودمند بود، اما اکنون تنها یک طرف سود می‌برد و طرف دیگر آسیب می‌بیند.,A,0.982986569404602,A,0.9889160394668579,False,False,False,False,[9.82986569e-01 9.50136408e-03 1.12358044e-04 7.39966938e-03],[9.88916039e-01 5.14897099e-03 1.00388956e-04 5.83454873e-03]
702,سوالی: یک دانش‌آموز هوا را به داخل یک توپ ساحلی دمید و آن را مهر و موم کرد. سپس او به وسط توپ ساحلی فشار داد. چه اتفاقی برای هوای داخل توپ ساحلی افتاد؟,"['الف) هوای داخل توپ ساحلی خارج شد.', 'ب) هوای داخل توپ ساحلی به مایع تبدیل شد.', 'ج) نوع هوای داخل توپ ساحلی تغییر کرد.', 'د) شکل هوای داخل توپ ساحلی تغییر کرد.']",D,با کاهش حجم، هوای محبوس فشرده می‌شود و شکل آن تغییر می‌کند، نه ماهیت یا حالت آن.,B,0.598022997379303,D,0.6304844617843628,False,True,True,True,[0.24929307 0.598023   0.01820037 0.13448353],[0.07530063 0.03138997 0.262825   0.63048446]
703,پوسته، mantle و هسته ساختارهای زمین هستند. کدام توصیف ویژگی mantle زمین است؟,"['دارای بقایای فسیلی است', 'شامل صفحات تکتونیکی است', 'در مرکز زمین قرار دارد', 'خواص هر دو مایع و جامد را دارد']",D,لایه میانی زمین که بین پوسته و هسته قرار دارد، به دلیل فشار و دمای بالا، هم ویژگی‌های جامد و هم مایع را نشان می‌دهد.,B,0.6948044896125793,D,0.9925568103790283,False,True,True,True,[0.0087463  0.6948045  0.00681162 0.2896376 ],[2.7933381e-03 4.0642833e-03 5.8551552e-04 9.9255681e-01]
704,یک ظرف با 250 میلی لیتر آب پر شده است. جرم کل ظرف و آب 300 گرم است. جرم کل ظرف و آب پس از قرار گرفتن در فریزر به مدت 2 ساعت چیست؟,"['50 گرم', '250 گرم', '300 گرم', '550 گرم']",C,جرم کل سیستم با تغییر حالت آب از مایع به جامد ثابت می‌ماند، زیرا هیچ ماده‌ای اضافه یا کم نمی‌شود.,B,0.5723103284835815,A,0.4762604534626007,False,False,False,False,[0.16396967 0.5723103  0.02514556 0.23857443],[0.47626045 0.47626045 0.01655337 0.03092577]
705,کدام رویداد بهترین مثال از انرژی مکانیکی است؟,"['سوزاندن چوب', 'درخشش نور', 'پخش یک آهنگ در رادیو', 'یک واگن که از تپه پایین می\u200cرود']",D,این رویداد شامل انرژی جنبشی و پتانسیل است که هر دو نوع انرژی مکانیکی محسوب می‌شوند.,D,0.9433984160423279,D,0.98260498046875,True,True,True,True,[5.3326949e-02 2.6138306e-03 6.6087989e-04 9.4339842e-01],[1.6006896e-02 1.0232867e-03 3.6486410e-04 9.8260498e-01]
706,موج های صوتی سریع ترین سرعت را در کجا دارند؟,"['هوا.', 'آهن.', 'آب.', 'خلاء.']",B,امواج صوتی در جامدات به دلیل چگالی و کشسانی بیشتر، سریع‌تر حرکت می‌کنند.,A,0.5104039907455444,B,0.9324177503585815,False,True,True,True,[0.510404   0.02551098 0.01365504 0.45042995],[0.04606108 0.93241775 0.00633186 0.01518933]
707,کدام رابطه منجر به بیشترین سطح تبخیر از مخازن آب زمین می‌شود؟,"['بزرگترین سطح و نور خورشید مستقیم بیشتر', 'بزرگترین سطح و نور خورشید مستقیم کمتر', 'کوچکترین سطح و نور خورشید مستقیم بیشتر', 'کوچکترین سطح و نور خورشید مستقیم کمتر']",A,سطح بزرگتر و نور مستقیم خورشید، هر دو تبخیر را افزایش می‌دهند و در ترکیب حداکثر اثر را دارند.,A,0.6866053938865662,A,0.9872103929519653,True,True,True,True,[0.6866054  0.03418407 0.252588   0.02662258],[0.9872104  0.00350524 0.00577916 0.00350524]
708,کدام شرایط با بیشتر جبهه‌های گرم مرتبط است؟,"['تشکیل گردبادها', 'دمای پایین', 'برخوردهای شدید توده\u200cهای هوایی', 'تشکیل ابرها که بارش به همراه دارند']",D,صعود تدریجی هوای گرم باعث تشکیل ابرهای لایه‌ای و بارش‌های مداوم می‌شود که مشخصه اصلی این پدیده است.,A,0.8092429041862488,D,0.5211428999900818,False,True,True,True,[0.8092429  0.00293001 0.17986253 0.00796459],[0.459907   0.00345699 0.01549317 0.5211429 ]
709,محتوای ایزوتوپ رادیواکتیو یک سنگ می‌تواند برای شناسایی کدام ویژگی سنگ استفاده شود؟,"['جرم کل سنگ', 'نرخ شکل\u200cگیری سنگ', 'انواع فسیل\u200cهایی که سنگ حاوی آن\u200cهاست', 'مقدار زمانی که از شکل\u200cگیری سنگ گذشته است']",D,ایزوتوپ‌های رادیواکتیو با نرخ ثابت واپاشی می‌کنند و امکان محاسبه سن سنگ را فراهم می‌آورند.,D,0.7640033960342407,D,0.9698594212532043,True,True,True,True,[0.21803726 0.0160433  0.0019161  0.7640034 ],[2.3032742e-02 6.5989909e-03 5.0885952e-04 9.6985942e-01]
710,کدام یک از گزینه‌های زیر بهترین توصیف را از تغییری در جو زمین که توسط زندگی فتوسنتزکننده‌ی اولیه ایجاد شده، ارائه می‌دهد؟,"['افزایش سطح اکسیژن', 'افزایش سطح دی\u200cاکسید کربن', 'کاهش توانایی برای حمایت از زندگی', 'کاهش توانایی برای انتقال نور']",A,فتوسنتزکنندگان اولیه با تولید اکسیژن، جو را تغییر دادند و شرایط را برای موجودات هوازی مهیا کردند.,A,0.9988929629325867,A,0.9992130994796753,True,True,True,True,[9.9889296e-01 4.3068608e-04 1.2339362e-04 5.5301189e-04],[9.9921310e-01 3.8732128e-04 9.7930155e-05 3.0164613e-04]
711,یک دانش‌آموز بر روی یک ترازو ایستاده است و ترازو وزن 85 پوند را نشان می‌دهد. چه چیزی توسط ترازو اندازه‌گیری می‌شود؟,"['نیروی جاذبه\u200cای که بر روی دانش\u200cآموز عمل می\u200cکند', 'فشار هوا در اطراف دانش\u200cآموز', 'جرم دانش\u200cآموز', 'حجم دانش\u200cآموز']",A,ترازو نیروی عمودی وارد شده را اندازه می‌گیرد که در حالت ساکن برابر با وزن است.,C,0.9907913208007812,C,0.970183789730072,False,False,False,False,[8.6055743e-03 2.3661053e-04 9.9079132e-01 3.6646955e-04],[2.9297013e-02 3.1544705e-04 9.7018379e-01 2.0366792e-04]
712,بر اساس اثر داپلر، امواج الکترومغناطیسی که از کهکشانی که در حال دور شدن از زمین است به زمین می‌رسند، انتظار می‌رود که,"['افزایش در دامنه خود را تجربه کنند.', 'افزایش در فرکانس را تجربه کنند.', 'کاهش از امواج عرضی به امواج طولی را تجربه کنند.', 'کاهش در فرکانس را تجربه کنند.']",D,با دور شدن منبع از ناظر، طول موج افزایش و فرکانس کاهش می‌یابد که به انتقال به سرخ معروف است.,B,0.9216709136962891,B,0.4797076880931854,False,False,False,False,[1.907271e-02 9.216709e-01 5.082705e-04 5.874809e-02],[0.03937681 0.4797077  0.0012078  0.4797077 ]
713,یک مهندس می‌تواند از چهار ماده مختلف برای ساخت یک دسته مقاوم در برابر حرارت برای قاشق هم زنی انتخاب کند. کدام ماده کمترین احتمال را دارد که وقتی قاشق در آب جوش قرار گیرد داغ شود؟,"['سرامیک', 'چوب', 'شیشه', 'آهن']",B,[MASK] به دلیل رسانایی گرمایی کم، گرما را کند منتقل می‌کند و دیرتر داغ می‌شود.,A,0.47305551171302795,A,0.6956424117088318,False,False,False,False,[0.4730555  0.04985968 0.00402928 0.4730555 ],[0.6956424  0.1745172  0.02399027 0.10585003]
714,یک دانش‌آموز متوجه می‌شود که یک بادکنک باد شده زمانی که توسط یک لامپ گرم می‌شود بزرگ‌تر می‌شود. کدام مورد بهترین توصیف را از جرم بادکنک در نتیجه این تغییر ارائه می‌دهد؟,"['جرم بادکنک افزایش می\u200cیابد زیرا اندازه بادکنک افزایش یافته است.', 'جرم بادکنک افزایش می\u200cیابد زیرا دمای بادکنک افزایش یافته است.', 'جرم بادکنک ثابت می\u200cماند زیرا گاز داخل بادکنک پس از گرم شدن هنوز همان جرم را دارد.', 'جرم بادکنک ثابت می\u200cماند زیرا گرمایش جرم را به اندازه\u200cای کاهش می\u200cدهد که اثر افزایش اندازه را جبران کند.']",C,گرم‌شدن حجم گاز را افزایش می‌دهد، اما جرم آن ثابت می‌ماند.,C,0.885741114616394,C,0.9842796325683594,True,True,True,True,[0.04987259 0.01451375 0.8857411  0.04987259],[0.00760365 0.00140653 0.98427963 0.0067102 ]
715,یک محلول با pH برابر ۲ می‌تواند با افزودن چه چیزی به pH بالای ۷ افزایش یابد؟,"['یک اسید.', 'آب.', 'یک باز.', 'هیدروژن.']",C,افزودن ماده‌ای که یون هیدروکسید آزاد می‌کند، اسیدیتۀ محلول را کاهش داده و pH را افزایش می‌دهد.,C,0.8240930438041687,C,0.8965502381324768,True,True,True,True,[0.14376639 0.02498285 0.82409304 0.00715771],[0.08371855 0.01648516 0.89655024 0.00324612]
716,کدام یک از موارد زیر نشان‌دهنده یک تغییر فیزیکی است که در طی فرآیند هضم اتفاق می‌افتد؟,"['افزودن اسیدها برای ایجاد یک توپ غذا', 'ترشح پپسین برای تغییر پروتئین\u200cها به پپتیدها', 'شکستن مواد غذایی توسط طیف\u200cهای هضمی', 'فشردن غذا از طریق روده\u200cها']",D,تغییر فیزیکی به معنای تغییر شکل یا اندازه بدون دگرگونی شیمیایی است، مانند خرد کردن غذا که در هضم رخ می‌دهد.,C,0.9606549143791199,C,0.5545521974563599,False,False,False,False,[0.02259244 0.00733469 0.9606549  0.00941793],[0.01133093 0.00223119 0.5545522  0.4318857 ]
717,کایلی و لی‌آن در حال تهیه گزارشی درباره جزر و مد اقیانوس بودند. چه اطلاعاتی باید در گزارش خود درباره بزرگترین تأثیر بر قدرت جزر بالایی در یک منطقه خاص بگنجانند؟,"['موقعیت ماه در اطراف زمین', 'موقعیت زمین در اطراف خورشید', 'چرخش ماه', 'چرخش زمین']",A,قوی‌ترین اثر جزر و مد ناشی از موقعیت ماه است، زیرا گرانش آن با فاصله تغییر می‌کند.,D,0.7748348116874695,A,0.9798920750617981,False,True,True,True,[0.19590892 0.00860764 0.02064865 0.7748348 ],[0.9798921  0.0035757  0.0040518  0.01248042]
718,استفاده هوشمندانه از سوخت‌های فسیلی و اجتناب از هدررفت مثال از کدام مورد است؟,"['کاهش مصرف.', 'بازیافت.', 'جایگزینی.', 'حفاظت.']",D,مدیریت منابع برای جلوگیری از اتلاف و حفظ آن‌ها برای آینده، نمونه‌ای از این مفهوم است.,C,0.5119718313217163,D,0.4528268277645111,False,True,True,True,[0.14611052 0.30931598 0.51197183 0.03260167],[0.35266188 0.1887663  0.00574496 0.45282683]
719,وقتی که یک دکمه روی ساعت با باتری فشرده می‌شود، نمایش زمان روشن می‌شود. چه فرآیندی رخ داده است؟,"['فشار به نور تبدیل شده است.', 'نیرو به نور تبدیل شده است.', 'بسته شدن یک مدار الکتریکی نور تولید کرده است.', 'باز شدن یک مدار الکتریکی نور تولید کرده است.']",C,با فشردن دکمه، مدار الکتریکی تکمیل شده و انرژی الکتریکی به نور تبدیل می‌شود.,C,0.6048017740249634,A,0.7302953004837036,True,False,False,False,[0.3249941  0.01416812 0.6048018  0.05603601],[7.3029530e-01 1.5789028e-03 2.6761323e-01 5.1259471e-04]
720,منابع انرژی اورانیوم و زغال سنگ چه مشترکاتی دارند؟,"['هر دو از بقایای موجودات مرده تشکیل شده\u200cاند.', 'هر دو از طریق معدن\u200cکاری در لیتوسفر به دست می\u200cآیند.', 'هر دو انرژی را از طریق احتراق آزاد می\u200cکنند.', 'هر دو زباله\u200cهای رادیواکتیو تولید می\u200cکنند.']",B,هر دو از پوسته زمین با روش‌های استخراجی مشابه به دست می‌آیند.,B,0.6826171278953552,B,0.937027633190155,True,True,True,True,[0.28455713 0.6826171  0.0299921  0.00283363],[6.0136620e-02 9.3702763e-01 2.6012550e-03 2.3451024e-04]
721,چند وقت چوب یک منبع غیرقابل تجدید است؟,"['وقتی بیشتر درختانی که بهره\u200cبرداری می\u200cشوند به جای آن\u200cها کاشته نمی\u200cشوند.', 'وقتی درختان با همان نرخ بهره\u200cبرداری و کاشته می\u200cشوند.', 'وقتی درختان به عنوان منبع انرژی استفاده می\u200cشوند.', 'وقتی درختان به عنوان منبع ماده استفاده می\u200cشوند.']",A,چوب زمانی غیرقابل تجدید است که نرخ برداشت بیشتر از نرخ جایگزینی درختان باشد.,A,0.6282832026481628,A,0.9426929354667664,True,True,True,True,[0.6282832  0.02739002 0.33893335 0.00539341],[0.94269294 0.04675094 0.00338663 0.00716949]
722,اگر یک روباه و یک عقاب برخی از همان موجودات را در یک اکوسیستم مصرف کنند، رابطه بین روباه و عقاب را می‌توان به عنوان,"['رقابت.', 'همزیستی.', 'شکار.', 'انگل\u200cزایی.']",A,هر دو گونه برای منابع غذایی مشترک رقابت می‌کنند که نشان‌دهنده رابطه رقابتی است.,A,0.414508581161499,A,0.9982877373695374,True,True,True,True,[0.41450858 0.19579999 0.2848873  0.10480418],[9.9828774e-01 1.1546930e-03 3.7487393e-04 1.8269898e-04]
723,نور هنگامی که از چه چیزی عبور می‌کند کمترین انکسار را دارد؟,"['لنز تلسکوپ.', 'یک پنجره رنگی.', 'ذره\u200cبین.', 'یک جفت عینک.']",B,لنز تلسکوپ برای کاهش انحرافات نوری طراحی شده و با کیفیت اپتیکی بالا، کمترین انکسار را هنگام عبور نور ایجاد می‌کند.,A,0.5085732936859131,A,0.830697774887085,False,False,False,False,[0.5085733  0.39607728 0.04174624 0.05360323],[0.8306978  0.1635741  0.00339487 0.00233326]
724,چرا در آمریکای شمالی زمستان است در حالی که در آمریکای جنوبی تابستان است؟,"['الف) جنوب همیشه گرمتر از شمال است.', 'ب) در جنوب زمین کمتر از آب است.', 'ج) آمریکای شمالی در فصل زمستان نور خورشید کمتری دریافت می\u200cکند.', 'د) وقتی در آمریکای شمالی دسامبر است، در آمریکای جنوبی ژوئن است.']",C,به دلیل انحراف محور زمین، نیمکره‌ها در زمان‌های مختلف سال نور خورشید متفاوتی دریافت می‌کنند.,C,0.9474890828132629,C,0.9253677129745483,True,True,True,False,[0.0413058  0.00184343 0.9474891  0.00936171],[0.05200214 0.00095245 0.9253677  0.02167772]
725,کدام عامل بهترین توضیح‌دهنده این است که چگونه بیماری‌هایی مانند سرطان در بدن شکل می‌گیرند؟,"['یک آسیب تروماتیک به بدن وارد شده است.', 'اختلالی در چرخه سلولی رخ داده است.', 'یک واکنش از سیستم ایمنی به دلیل یک واکنش آلرژیک تحریک شده است.', 'یک جهش در طول فرآیند جابه\u200cجایی رخ داده است.']",B,سرطان به دلیل نقص در تنظیم تقسیم سلولی ایجاد می‌شود که باعث رشد غیرقابل کنترل سلول‌ها می‌گردد.,B,0.9838190674781799,B,0.9912741780281067,True,True,True,True,[0.01090792 0.98381907 0.00312517 0.0021479 ],[0.00597547 0.9912742  0.00103838 0.001712  ]
726,یک دانشجو یک کالسکه خرید پر از خوارکی‌ها را هل می‌دهد. این کالسکه دارای جرمی معادل ۱۲ کیلوگرم است. دانشجو این کالسکه را با نیروی ۱۵ نیوتن هل می‌دهد. با فرض اینکه سطح زمین بدون اصطکاک است، کالسکه با چه شتابی حرکت می‌کند تا زمانی که دانشجو نیرو را متوقف کند؟,"['۰.۶۲۵ متر بر ثانیه به توان ۲', '۰.۸ متر بر ثانیه به توان ۲', '۱.۲۵ متر بر ثانیه به توان ۲', '۲.۵ متر بر ثانیه به توان ۲']",C,بر اساس قانون دوم نیوتن، شتاب حاصل از تقسیم نیروی وارد بر جرم جسم به دست می‌آید که برابر ۱.۲۵ متر بر مجذور ثانیه است.,A,0.6831232309341431,A,0.6401593685150146,False,False,False,False,[0.68312323 0.09245068 0.1524254  0.07200066],[0.64015937 0.00700127 0.34265262 0.01018679]
727,در کدام فعالیت نور به احتمال زیاد شکسته می‌شود؟,"['قرار دادن یک شال روی سایه چراغ', 'دیدن اجسام با استفاده از آینه جانبی خودرو', 'نگاه کردن به سنگریزه\u200cها از طریق آب در یک جویبار', 'استفاده از یک چراغ قوه برای روشن کردن مسیر جنگل در شب']",C,تغییر مسیر نور هنگام عبور از هوا به آب باعث شکست آن می‌شود و این پدیده در مشاهده اشیا زیر آب رخ می‌دهد.,C,0.7742587327957153,C,0.9335271716117859,True,True,True,True,[0.17309822 0.01432021 0.77425873 0.03832287],[0.05944573 0.00437405 0.9335272  0.00265299]
728,روساریا نوعی ساختار را در نمونه‌ای از آب حوض پیدا کرد که نمی‌توانست شناسایی کند. معلم او به میکروسکوپ او نگاهی انداخت و توضیح داد که آنها زایگوت‌هایی هستند که توسط یکی از پروتیست‌ها در نمونه‌اش تولید شده‌اند. این زایگوت‌ها به کدام پروتیست تعلق دارند؟,"['آمبیا', 'یوگلنا', 'پارامسیوم', 'ولوکسی']",D,[MASK]، که در آب‌های راکد زندگی می‌کند، زایگوت تولید می‌کند، برخلاف سایر پروتیست‌های ذکرشده.,C,0.4726354479789734,A,0.29699966311454773,False,False,False,False,[0.2855503  0.13594231 0.47263545 0.10587198],[0.29699966 0.20572565 0.26415697 0.23311771]
729,کدام عمل بیشتر احتمال دارد که یک رفتار آموختنی باشد؟,"['یک پرنده آشیانه\u200cای می\u200cسازد.', 'یک عنکبوت تار می\u200cتند.', 'یک توله شیر مهارت\u200cهای شکار خود را تمرین می\u200cکند.', 'یک کرم خاکی از نور روشن دور می\u200cشود.']",C,این رفتار از طریق تمرین و تجربه کسب می‌شود، در حالی که سایر موارد ذاتی و بدون نیاز به یادگیری هستند.,C,0.8580201268196106,C,0.9269887804985046,True,True,True,True,[0.08990632 0.04812338 0.8580201  0.00395021],[0.05312069 0.01724576 0.9269888  0.00264472]
730,یخ زدن آب نمونه‌ای از کدام است؟,"['تغییر مایع به جامد', 'تغییر جامد به مایع', 'تغییر گاز به جامد', 'تغییر گاز به مایع']",A,آب مایع با کاهش دما به جامد تبدیل می‌شود که انجماد نام دارد.,A,0.4246555268764496,A,0.9550424814224243,True,True,True,True,[0.42465553 0.42465553 0.01282349 0.13786547],[0.9550425  0.03703101 0.00493391 0.00299256]
731,یک مرغ قادر است انرژی که از خورشید آمده است را از طریق,"['خوردن دانه\u200cها.', 'نوشیدن آب.', 'تخم\u200cگذاری.', 'تنفس اکسیژن.']",A,مرغ انرژی خورشید را از طریق مصرف گیاهان که فتوسنتز کرده‌اند دریافت می‌کند.,D,0.7003099918365479,A,0.651711642742157,False,True,True,True,[0.17706609 0.05748494 0.06513898 0.70031   ],[0.65171164 0.01203013 0.02841138 0.30784678]
732,کدام‌یک از این شرایط بیشتر احتمال دارد ناشی از عفونت باشد؟,"['سطح قند خون بالا', 'ورم بافت\u200cهای گلو', 'بی\u200cحسی در انگشتان', 'انسداد عروق خونی در پا']",B,تورم گلو اغلب ناشی از عفونت‌های باکتریایی یا ویروسی است که التهاب ایجاد می‌کنند.,B,0.7444910407066345,B,0.9913649559020996,True,True,True,True,[0.18897355 0.74449104 0.0056621  0.0608733 ],[6.5890611e-03 9.9136496e-01 5.7574577e-04 1.4702182e-03]
733,کدام رویداد هر روز اتفاق می‌افتد؟,"['تغییر فصل\u200cها', 'طلوع و غروب خورشید', 'فزونی و کاستی ماه', 'چرخش ماه به دور خورشید']",B,چرخش زمین باعث می‌شود که [MASK] هر روز تکرار شود، در حالی که سایر پدیده‌ها در بازه‌های زمانی طولانی‌تر رخ می‌دهند.,A,0.7243517637252808,B,0.9137013554573059,False,True,True,True,[0.72435176 0.09764817 0.03592275 0.14207724],[0.0588691  0.91370136 0.00610856 0.02132097]
734,چرا در تابستان پوشیدن تی‌شرت سفید از تی‌شرت سرمه‌ای تیره بهتر است؟,"['لباس\u200cهای روشن هوا را بیشتر عبور می\u200cدهند.', 'لباس\u200cهای روشن از عرق کردن جلوگیری می\u200cکنند.', 'لباس\u200cهای روشن به اندازه لباس\u200cهای تیره سنگین نیستند.', 'لباس\u200cهای روشن بیشتر از لباس\u200cهای تیره نور خورشید را منعکس می\u200cکنند.']",D,رنگ روشن نور خورشید را بیشتر بازتاب می‌دهد و گرمای کمتری جذب می‌کند.,A,0.6131285429000854,A,0.6588388681411743,False,False,False,False,[0.61312854 0.09476377 0.00248622 0.2896214 ],[0.65883887 0.02928858 0.00187236 0.31000015]
735,معادله سنتز آب به شرح زیر است: 2H_{2} + O_{2} -> 2H_{2}O. برای تولید 36.0 گرم آب، به چند گرم گاز اکسیژن نیاز است؟,"['9.00 گرم', '16.0 گرم', '32.0 گرم', '40.0 گرم']",C,بر اساس معادله، برای تولید ۳۶ گرم آب که معادل دو مول است، یک مول اکسیژن با جرم ۳۲ گرم مورد نیاز می‌باشد.,A,0.4958456754684448,A,0.5107356905937195,False,False,False,False,[0.49584568 0.08752196 0.2342209  0.18241143],[0.5107357  0.06912056 0.35102317 0.06912056]
736,گروهی از غازهای کانادایی در بهار دریاچه‌ای در فلوریدا را ترک کردند. این غازها پس از ۴۰ روز به دریاچه‌ای در ماین به فاصله ۲۰۰۰ کیلومتر رسیدند. اگر غازها با سرعت ثابتی سفر کرده باشند، در روز اول چه مسافتی را طی کردند؟,"['۵ کیلومتر', '۲۰ کیلومتر', '۴۰ کیلومتر', '۵۰ کیلومتر']",D,با سرعت ثابت، مسافت روزانه برابر میانگین کل مسافت تقسیم بر تعداد روزها است.,A,0.4834950864315033,A,0.5811383724212646,False,False,False,False,[0.4834951  0.332301   0.04568025 0.13852367],[0.5811384  0.35247824 0.01868066 0.04770274]
737,دانش‌آموزان در حال انجام یک تحقیق برای تعیین نوع باکتری‌هایی هستند که در داخل مدرسه رشد می‌کنند. کدام فعالیت را باید دانش‌آموزان در حین انجام این تحقیق اجتناب کنند؟,"['پوشیدن دستکش در هنگام دست\u200cزدن به نمونه\u200cها', 'تمیز کردن تمام وسایلی که از آن\u200cها استفاده کرده\u200cاند', 'بردن غذا و نوشیدنی به داخل آزمایشگاه', 'شستن دست\u200cها قبل از ترک آزمایشگاه']",C,این کار باعث آلودگی نمونه‌ها و خطر انتقال باکتری به افراد می‌شود.,C,0.7852762341499329,C,0.96727454662323,True,True,True,True,[0.11948885 0.05644254 0.78527623 0.03879235],[0.02301626 0.00659427 0.96727455 0.00311491]
738,سوال: دانشمندان حیوانات را بر اساس ویژگی‌های فیزیکی دسته‌بندی می‌کنند. ماهی قزل‌آلا به عنوان ماهی طبقه‌بندی می‌شود به دلیل کدام ویژگی فیزیکی؟,"['الف) ماهی\u200cها آبشش دارند.', 'ب) ماهی\u200cها همان غذا را می\u200cخورند.', 'ج) ماهی\u200cها در همان منطقه زندگی می\u200cکنند.', 'د) ماهی\u200cها شکارچیان یکسانی دارند.']",A,طبقه‌بندی بر اساس ویژگی‌های فیزیکی مانند آبشش که برای تنفس در آب است انجام می‌شود.,A,0.8565006852149963,A,0.9959644079208374,True,True,True,True,[0.8565007  0.00659075 0.00452975 0.13237882],[9.9596441e-01 1.4176832e-03 5.5517274e-04 2.0627170e-03]
739,اگرچه تغییر در گونه‌های چندسلولی معمولاً هزاران سال طول می‌کشد، برخی از گونه‌های باکتری تنها در چند سال دچار تغییرات عمده‌ای می‌شوند. یکی از دلایل این تفاوت این است که این باکتری‌ها,"['میکروسکوپی هستند', 'دی\u200cان\u200cای را شامل نمی\u200cشوند', 'بسیار سریع تولید مثل می\u200cکنند', 'بیماری\u200cهای عفونی ایجاد می\u200cکنند']",C,چرخه زندگی کوتاه و تولیدمثل سریع باکتری‌ها، فرصت بیشتری برای جهش و تکامل فراهم می‌کند.,C,0.9727718830108643,C,0.9588606953620911,True,True,True,False,[2.0110525e-02 6.5289317e-03 9.7277188e-01 5.8860105e-04],[3.2301728e-02 8.1671569e-03 9.5886070e-01 6.7040097e-04]
740,آب تبخیر می‌شود و به عنوان باران یا برف به زمین باز می‌گردد. منبع اصلی انرژی که این چرخه را به حرکت می‌آورد چیست؟,"['باد', 'خورشید', 'فشار هوا', 'جریان\u200cهای اقیانوسی']",B,انرژی گرمایی [MASK] باعث تبخیر آب و تشکیل باران می‌شود.,B,0.9865328073501587,B,0.993887722492218,True,True,True,True,[7.5396304e-03 9.8653281e-01 5.5794673e-05 5.8718701e-03],[4.6387119e-03 9.9388772e-01 1.4452348e-04 1.3290131e-03]
741,در انسان‌ها، ژن لاله گوش آزاد [E] بر روی ژن لاله گوش متصل [e] غالب است. اگر یکی از والدین لاله گوش آزاد [Ee] و والد دیگر لاله گوش متصل (ee) داشته باشد، احتمال اینکه فرزندان آن‌ها لاله گوش متصل داشته باشند چقدر است؟,"['۰٪', '۲۵٪', '۵۰٪', '۱۰۰٪']",C,والد ناهمگن و والد مغلوب، نیمی از فرزندان را با صفت مغلوب تولید می‌کنند.,C,0.6710355281829834,C,0.7413595914840698,True,True,True,True,[0.16966435 0.14972827 0.6710355  0.00957181],[0.03749137 0.21574794 0.7413596  0.00540114]
742,یک قورباغه درختی که کدام ویژگی را دارد، احتمال بیشتری برای بقا نسبت به قورباغه‌های درختی دیگر دارد؟,"['علاقه به حشرات نادر', 'صدای غیر عادی با فرکانس بالا', 'پوستی که شبیه به برگ\u200cهای درخت است', 'بدنی بزرگ\u200cتر از سایر قورباغه\u200cهای درختی']",C,استتار با محیط، شانس فرار از شکارچیان را افزایش می‌دهد.,D,0.5057617425918579,C,0.6060788631439209,False,True,True,True,[0.09959039 0.04704317 0.34760463 0.50576174],[0.13523448 0.00603536 0.60607886 0.25265124]
743,چگونه ماهیگیری بیش از حد در یک منطقه بر اکوسیستم آن تأثیر می‌گذارد؟,"['ماهی\u200cها تخم\u200cهای بیشتری خواهند گذاشت تا جایگزین ماهی\u200cهای صید شده شوند.', 'ارگانیسم\u200cهایی که ماهی\u200cها را می\u200cخورند ممکن است به دلیل گرسنگی در معرض خطر قرار بگیرند.', 'ارگانیسم\u200cهایی که ماهی\u200cها آنها را می\u200cخورند در معرض خطر خواهند بود.', 'مردم ممکن است بیش از حد ماهی بخورند و بیمار شوند.']",B,کاهش ماهی‌ها باعث گرسنگی شکارچیان و به خطر افتادن بقای آنها می‌شود.,C,0.4305182993412018,B,0.7579968571662903,False,True,True,True,[0.23043986 0.335288   0.4305183  0.00375393],[0.09088413 0.75799686 0.1498426  0.00127629]
744,گامت‌های مردان و زنان انسان دارای همان تعداد کروموزوم هستند. کدامیک بهترین توصیف را از آنچه که در زمان ترکیب گامت‌های معمولی مرد و زن برای تولید نسل اتفاق می‌افتد، ارائه می‌دهد؟,"['کروموزوم\u200cها تغییر شکل می\u200cدهند.', 'تعداد کروموزوم\u200cها دو برابر می\u200cشود.', 'کروموزوم\u200cها در اندازه بزرگ\u200cتر می\u200cشوند.', 'تعداد کروموزوم\u200cها به نصف کاهش می\u200cیابد.']",B,ترکیب دو سلول جنسی با کروموزوم‌های تک، یک سلول با تعداد مضاعف ایجاد می‌کند.,B,0.9680325388908386,B,0.9954083561897278,True,True,True,True,[2.5671536e-02 9.6803254e-01 4.7759505e-04 5.8182990e-03],[4.0680063e-03 9.9540836e-01 5.2834181e-05 4.7090594e-04]
745,دانشجویی نرخ رشد گیاهان را در حضور دو نوع مختلف موسیقی ثبت کرده است. گیاهانی که در حضور یک نوع موسیقی رشد کرده‌اند، سریعتر از سایر گیاهان رشد کرده‌اند. قبل از اعلام نتیجه، دانشجو باید چه کاری انجام دهد؟,"['استفاده از گیاهان مختلف', 'تکرار آزمایش', 'اضافه کردن یک نوع موسیقی سوم', 'استفاده از گیاهان کمتری']",B,برای اطمینان از صحت یافته‌ها و حذف شانس، [MASK] ضروری است تا رشد سریع ناشی از موسیقی تأیید شود.,C,0.3786297142505646,C,0.6169659495353699,False,False,False,False,[0.33413956 0.26022816 0.3786297  0.02700261],[0.1214878  0.25718966 0.61696595 0.00435659]
746,یک دانشمند گرده‌افشانی متقابل یک گیاه گوجه‌فرنگی که در برابر ویروس‌ها مقاوم است را با یک گیاه گوجه‌فرنگی که میوه‌های بزرگی تولید می‌کند انجام می‌دهد. این یک مثال از چیست؟,"['انتخاب طبیعی.', 'تولید مثل غیرجنسی.', 'پرورش انتخابی.', 'مهندسی ژنتیک.']",C,انسان با ترکیب عمدی گیاهان دارای ویژگی‌های مطلوب، نسل جدیدی با صفات بهبودیافته ایجاد می‌کند که روشی سنتی است.,A,0.642936646938324,C,0.5870375037193298,False,True,True,True,[0.64293665 0.036272   0.26801586 0.05277545],[0.21595903 0.00642029 0.5870375  0.19058317]
747,در چه دمایی آب بیشتر احتمال دارد که به حالت بخار باشد؟,"['-10 درجه سانتی\u200cگراد', '20 درجه سانتی\u200cگراد', '90 درجه سانتی\u200cگراد', '120 درجه سانتی\u200cگراد']",D,نقطه جوش آب ۱۰۰ درجه است و تنها دمایی که از آن بالاتر است، آب قطعاً به بخار تبدیل شده است.,B,0.35347163677215576,D,0.9872020483016968,False,True,True,True,[0.18919975 0.35347164 0.24293727 0.21439138],[0.00854097 0.0014842  0.00277285 0.98720205]
748,یک جو دانشمندی برای یک شهر در یک تاریخ خاص داده‌ها را ثبت می‌کند. این داده‌ها شامل دما، پوشش ابری، سرعت باد، فشار بارومتری و جهت باد است. کدام روش باید جو دانشمند برای ثبت این داده‌ها برای یک مرجع سریع استفاده کند؟,"['یک توضیح مکتوب', 'یک جدول', 'یک مدل ایستگاه', 'یک نقشه آب و هوا']",B,داده‌های عددی ساختاریافته با جدول به‌صورت منظم و سریع قابل دسترسی هستند.,B,0.581526517868042,B,0.9607886075973511,True,True,True,True,[0.02850363 0.5815265  0.31126872 0.07870106],[0.00575787 0.9607886  0.02924086 0.00421254]
749,یک اتوبوس ۲۸۰ کیلومتر بین دو شهر سفر کرد. این اتوبوس شهر اول را در ساعت ۱۵:۰۰ ترک کرد و در ساعت ۱۹:۰۰ به شهر دوم رسید. سرعت میانگین اتوبوس در طول سفر چه مقدار بود؟,"['۴ کیلومتر در ساعت', '۴۰ کیلومتر در ساعت', '۷۰ کیلومتر در ساعت', '۲۸۰ کیلومتر در ساعت']",C,مسافت ۲۸۰ کیلومتر در مدت ۴ ساعت طی شد، بنابراین سرعت متوسط ۷۰ کیلومتر بر ساعت است.,B,0.9738086462020874,C,0.9994909763336182,False,True,True,True,[0.01216305 0.97380865 0.01216305 0.00186526],[3.4593520e-04 9.9112091e-05 9.9949098e-01 6.3991574e-05]
750,یک تیم تحقیقاتی پزشکی در تلاش است تا تعیین کند آیا کرمی که بر روی سینه مالیده می‌شود، به کاهش سرفه‌های مربوط به یک بیماری خاص کمک می‌کند یا خیر. این تیم تحقیق را با استفاده از چندین گروه از افراد انجام می‌دهد. کدام مرحله به احتمال زیاد منجر به تولید یک متغیر وابسته (پاسخی) خواهد شد که به تأیید تحقیقات آنها کمک خواهد کرد؟,"['استفاده از تعداد متفاوتی از افراد در هر آزمایش', 'نوشتن نام\u200cهای افرادی که در مطالعه شرکت دارند', 'نظارت بر واکنش هر فرد در مطالعه', 'استفاده از مقدار یکسان کرم برای هر فرد']",D,اندازه‌گیری مستقیم تأثیر کرم بر سرفه افراد، داده‌های لازم برای تحلیل نتایج را فراهم می‌کند و به تأیید فرضیه کمک می‌نماید.,C,0.9364298582077026,C,0.8980391621589661,False,False,False,False,[0.04698776 0.00626051 0.93642986 0.01032184],[0.07342815 0.0046941  0.89803916 0.02383863]
751,دو ماده خالص با هم ترکیب می‌شوند تا ماده‌ای جدید تشکیل دهند. این ماده جدید به‌طور فیزیکی قابل تفکیک نیست و نقطه جوش آن با هر یک از مواد اصلی متفاوت است. این ماده جدید بهتر است در دسته زیر طبقه‌بندی شود:,"['یک اتم.', 'یک مخلوط.', 'یک عنصر.', 'یک ترکیب.']",D,ماده جدید از ترکیب شیمیایی دو ماده خالص با ویژگی‌های مستقل و غیرقابل تفکیک فیزیکی تشکیل شده است.,D,0.9742995500564575,D,0.9873724579811096,True,True,True,True,[2.2991780e-02 2.1054132e-03 6.0321105e-04 9.7429955e-01],[1.1098013e-02 1.5019528e-03 2.7509224e-05 9.8737246e-01]
752,زنبورها برای تهیه عسل از گرده گل‌ها استفاده می‌کنند. زنبورها به گل‌ها کمک می‌کنند با,"['فراهم کردن کود برای آنها.', 'کمک کردن به رشد taller آنها.', 'کمک کردن به آنها در تولید مثل.', 'افزایش فتوسنتز.']",C,زنبورها با انتقال گرده بین گلها، فرآیند لقاح و تولیدمثل گیاهان را تسهیل می‌کنند.,C,0.9213588237762451,C,0.9646468758583069,True,True,True,True,[7.5408489e-02 2.5803365e-03 9.2135882e-01 6.5241125e-04],[3.2751527e-02 2.4098742e-03 9.6464688e-01 1.9172842e-04]
753,سؤال: کدام ذره همیشه دارای جرم یک واحد جرم اتمی (amu) و بدون بار است؟,"['الف) نوترون', 'ب) پروتون', 'ج) الکترون', 'د) اتم']",A,این ذره زیراتمی در هسته قرار دارد، جرمش حدود یک واحد است و بار الکتریکی ندارد.,A,0.6310580968856812,A,0.9335734844207764,True,True,True,True,[0.6310581  0.23124821 0.01294461 0.12474906],[0.9335735  0.05277158 0.00556208 0.00809278]
754,کشاورزی آبی به پرورش گیاهان و حیوانات آب شیرین و دریایی برای غذا اطلاق می‌شود. یک شرکت پرورش ماهی چگونه می‌تواند بهتر از همه، مدیریت خوبی از منابع طبیعی را نشان دهد؟,"['آن\u200cها ماهی را با حداقل آلودگی ممکن پرورش می\u200cدهند.', 'آن\u200cها ماهی را به صرفه\u200cترین شیوه ممکن پرورش می\u200cدهند.', 'آن\u200cها ماهی را از بیشترین گونه ممکن پرورش می\u200cدهند.', 'آن\u200cها ماهی را به گونه\u200cای پرورش می\u200cدهند که از نظر طعم بهترین باشد.']",A,کاهش آلودگی آب‌ها و حفظ سلامت اکوسیستم نشان‌دهنده مدیریت پایدار منابع طبیعی است.,A,0.8917195200920105,A,0.9961403012275696,True,True,True,True,[0.8917195  0.08245827 0.02362469 0.00219744],[9.961403e-01 3.133559e-03 5.796501e-04 1.465585e-04]
755,یک جامعه کوچک در حال ساخت اولین تصفیه‌خانه آب خود است، اما محدودیت‌هایی در زمین و بودجه دارد. یکی از اعضای شورا پیشنهاد می‌دهد که هزینه‌ها و نیاز به زمین را با حذف استخر هوادهی کاهش دهند. سرپرست تصفیه‌خانه توضیح می‌دهد که هوادهی یک مرحله ضروری در تصفیه آب آشامیدنی است. مهم‌ترین دلیلی که شهر باید استخر هوادهی را در تصفیه‌خانه آب خود در نظر بگیرد چیست؟,"['الف) هوادهی باکتری\u200cهای بی\u200cهوازی را از بین می\u200cبرد.', 'ب) هوادهی گازهای حل\u200cشده را حذف می\u200cکند.', 'ج) هوادهی یون\u200cهای فلز حل\u200cشده را اکسید می\u200cکند.', 'د) هوادهی برخی از حلال\u200cها و مواد شیمیایی را حذف می\u200cکند.']",A,هدف اصلی هوادهی در تصفیه آب، خارج کردن گازهای نامطلوب حل‌شده است که طعم و بو را بهبود بخشیده و آب را برای مراحل بعدی آماده می‌کند.,A,0.9161416292190552,B,0.980851948261261,True,False,False,False,[0.9161416  0.02184218 0.02184218 0.04017391],[0.015854   0.98085195 0.00114846 0.0021456 ]
756,مفهوم جابجایی قاره‌ها، که قاره‌ها در بالای بستر اقیانوس‌ها جابجا می‌شوند، توسط آلفرد وگنر در سال ۱۹۱۵ مطرح شد. این مفهوم در دهه ۱۹۶۰ با نظریه تکتونیک صفحه‌ها جایگزین شد. تغییرات از مفهوم جابجایی قاره‌ها به نظریه تکتونیک صفحه‌ها به کدام یک از موارد زیر نیاز داشت؟,"['زلزله\u200cهای قوی که در امتداد مناطق گسلی رخ می\u200cدهند', 'اطلاعات و ایده\u200cها که میان دانشمندان به اشتراک گذاشته شود', 'یک قانون علمی که توسط کنگره تصویب شود', 'معلمانی که شروع به تدریس نظریه جدید می\u200cکنند']",B,پذیرش این نظریه مستلزم گردآوری شواهد جدید و تبادل ایده‌ها میان محققان از طریق همکاری علمی بود، نه تصمیمات رسمی یا آموزشی.,B,0.6957416534423828,B,0.9733798503875732,True,True,True,True,[0.2911634  0.69574165 0.00988553 0.00320936],[2.5737830e-02 9.7337985e-01 7.7721511e-04 1.0518463e-04]
757,به دلیل افزایش دمای متوسط جو، یخچال‌های قطبی با سرعت بیشتری ذوب می‌شوند تا اینکه تشکیل شوند. کدام یک از این گزینه‌ها نتیجه ادامه ذوب یخ‌های قطبی خواهد بود؟,"['منبع عمده\u200cای از آب شیرین کاهش خواهد یافت.', 'حیات گیاهی به دلیل افزایش سطح دریا افزایش خواهد یافت.', 'جریان آب منجر به افزایش شوری اقیانوس خواهد شد.', 'دمای اقیانوس با افزودن آب سرد کاهش خواهد یافت.']",A,ذوب یخچال‌ها که بزرگترین ذخایر آب شیرین هستند، منابع جهانی آب شیرین را کاهش می‌دهد.,C,0.5095495581626892,C,0.808660089969635,False,False,False,False,[0.39529046 0.05349675 0.50954956 0.04166331],[0.15799545 0.02171908 0.8086601  0.01162539]
758,کدام مقایسه از اکوسیستم‌ها صحیح است؟,"['توندراها از مراتع گرم\u200cتر هستند.', 'مراتع بیشتر از بیابان\u200cها باران می\u200cبارند.', 'بیابان\u200cها بیشتر از جنگل\u200cهای بارانی گیاه دارند.', 'جنگل\u200cهای بارانی سنگی\u200cتر از توندراها هستند.']",B,مراتع معمولاً بارندگی بیشتری نسبت به بیابان‌ها دارند که خشک‌تر هستند.,A,0.5339961051940918,B,0.5844237208366394,False,True,True,True,[0.5339961  0.11961698 0.0931578  0.25322914],[0.3544709  0.5844237  0.03245977 0.02864564]
759,کدامیک از این بیانات در مورد خورشید دقیق‌تر است؟,"['دارای منبع انرژی نامحدود است.', 'نزدیک به پایان چرخه حیات خود است.', 'در زمینه مصرف انرژی در دوران نوزادی به سر می برد.', 'تقریباً نیمی از انرژی قابل مصرف خود را مصرف کرده است.']",D,خورشید حدود ۴.۶ میلیارد سال سن دارد و عمر کل آن حدود ۱۰ میلیارد سال پیش‌بینی می‌شود، بنابراین تقریباً در میانه عمر خود قرار گرفته است.,D,0.8440439105033875,B,0.9799376130104065,True,False,False,False,[0.08948436 0.06150164 0.00497009 0.8440439 ],[8.5446164e-03 9.7993761e-01 5.4623908e-04 1.0971504e-02]
760,اگر یک کودک پای خود را به یک تکه فلز زنگ‌زده آسیب بزند، مهم است که درمان پزشکی انجام شود زیرا,"['فلز به پوست خورنده است.', 'پا مقادیر زیادی باکتری حمل می\u200cکند.', 'پا حساس\u200cترین قسمت بدن است.', 'فلز ممکن است آلوده باشد و باعث عفونت شود.']",D,فلز زنگ‌زده می‌تواند حاوی باکتری‌های خطرناک باشد که عفونت‌های جدی ایجاد می‌کنند.,D,0.5527326464653015,D,0.9361900091171265,True,True,True,True,[1.6496623e-02 4.3046862e-01 3.0214616e-04 5.5273265e-01],[0.04651921 0.01534041 0.00195031 0.93619   ]
761,کدام گروه فقط از موجودات زنده تشکیل شده است؟,"['خرگوش، دانه، پرنده', 'دانه، پرنده، باد', 'آتشفشان، شمع، خرگوش', 'باد، شمع، آتشفشان']",A,خرگوش و پرنده موجودات زنده هستند و دانه نیز بخش زنده گیاه محسوب می‌شود، در حالی که سایر موارد شامل پدیده‌های غیرزنده می‌باشند.,D,0.7715117335319519,B,0.5896381139755249,False,False,False,False,[0.11831516 0.07176177 0.03841131 0.77151173],[0.19217668 0.5896381  0.04858988 0.16959535]
762,دو گل هر دو رز هستند. یک گل رز بزرگتر و عطر بیشتری نسبت به گل رز دیگر دارد. این تفاوت چه مزیتی ممکن است یکی از گل‌های رز را به دست آورد؟,"['گل رز بزرگتر، گلبرگ\u200cهای کمتری نسبت به گل رز کوچکتر خواهد داشت.', 'گل رز بزرگتر به راحتی بیشتر از گل رز کوچکتر زنبورها را جذب خواهد کرد.', 'گل رز کوچکتر، گرده بیشتری نسبت به گل رز بزرگتر خواهد داشت.', 'گل رز کوچکتر سریعتر از گل رز بزرگتر رشد خواهد کرد.']",B,گل‌های بزرگتر با عطر قوی‌تر، گرده‌افشان‌ها را بهتر جذب می‌کنند و شانس تولیدمثل افزایش می‌یابد.,B,0.9757438898086548,B,0.9874657988548279,True,True,True,True,[2.2992160e-02 9.7574389e-01 7.8674848e-04 4.7718704e-04],[1.2285542e-02 9.8746580e-01 1.2821113e-04 1.2044321e-04]
763,صدف‌ها، صدف‌های دریایی و صدف‌ماهی‌ها از پلانکتون‌های فیلتر شده از آب تغذیه می‌کنند. اگر مقدار پلانکتون در یک توده بزرگ آب به طور قابل توجهی کاهش یابد، بنابراین تأثیر این موضوع بر صدف‌ها، صدف‌های دریایی و صدف‌ماهی‌ها چه خواهد بود؟,"['آنها در تعداد افزایش خواهند یافت.', 'آنها منبع غذایی جدیدی پیدا خواهند کرد.', 'آنها شکار دیگر حیوانات خواهند شد.', 'آنها برای یک منبع غذایی محدود رقابت خواهند کرد.']",D,کاهش غذای اصلی باعث رقابت بین آنها برای منابع محدود می‌شود.,D,0.7501068115234375,D,0.9599209427833557,True,True,True,True,[0.24352403 0.00449528 0.00187391 0.7501068 ],[0.03714755 0.00173741 0.00119411 0.95992094]
764,اندی در نیم‌کره جنوبی زندگی می‌کند. او به احتمال زیاد در ماه اوت چه فصلی را تجربه می‌کند؟,"['بهار', 'تابستان', 'زمستان', 'پاییز']",C,فصل‌ها در نیم‌کره جنوبی برعکس شمالی است و اوت در شمال [MASK] است.,C,0.7246053814888,B,0.500963032245636,True,False,False,False,[0.09768236 0.12542664 0.7246054  0.0522856 ],[0.184294   0.50096303 0.2681462  0.04659682]
765,چگونه کج شدن محور زمین و چرخش آن بر آب و هوا تأثیر می‌گذارد؟,"['کج شدن زمین به زمین این امکان را می\u200cدهد که تمام اشعه\u200cهای خورشید را در حین چرخش جذب کند.', 'کج شدن زمین به برخی عرض\u200cهای جغرافیایی این امکان را می\u200cدهد که در حین چرخش زمین با سرعت بیشتری گرم شوند.', 'کج شدن زمین به زمین این امکان را می\u200cدهد که به اندازه کافی سریع بچرخد تا خنک\u200cشدن سطح در شب رخ دهد.', 'کج شدن زمین به انرژی اجازه می\u200cدهد تا در جو به طور یکنواخت توزیع شود در حالی که زمین در حال چرخش است.']",B,انحراف محور زمین باعث تغییر زاویه تابش خورشید در طول سال می‌شود. در نتیجه، برخی مناطق در فصول مختلف، انرژی خورشیدی متفاوتی دریافت کرده و با سرعت بیشتری گرم می‌شوند.,B,0.9373969435691833,B,0.9921476244926453,True,True,True,True,[0.04644292 0.93739694 0.00563417 0.01052601],[0.00516075 0.9921476  0.00167545 0.00101621]
766,وزن ماشین‌آلات سنگین خاک را متراکم می‌کند، به‌ویژه زمانی که مرطوب است. چرا کشاورزان از رانندگی با ماشین‌آلات خود بر روی زمین مرطوب اجتناب می‌کنند؟,"['خاک متراکم آب بیشتری جذب می\u200cکند.', 'گیاهان نمی\u200cتوانند زمانی که خاک متراکم باشد رشد کنند.', 'مواد معدنی زمانی که خاک متراکم شود از بین می\u200cروند.', 'خاک متراکم اسیدیته خاک را افزایش می\u200cدهد.']",B,,A,0.8504782319068909,A,0.9092243909835815,False,False,False,False,[0.85047823 0.06981151 0.03736741 0.04234282],[0.9092244  0.05801135 0.02134119 0.01142311]
767,فرسایش شکل‌زمین‌ها به عوامل مختلفی بستگی دارد. کدام منطقه احتمالاً سریع‌ترین نرخ فرسایش شیمیایی را دارد؟,"['مناطق سرد و خشک', 'مناطق گرم و مرطوب', 'مناطق خنک و مرطوب', 'مناطق گرم و خشک']",B,فرسایش شیمیایی با آب و دمای بالا تسریع می‌شود، بنابراین [MASK] مناسب‌ترین شرایط را دارند.,B,0.8927072882652283,B,0.994346559047699,True,True,True,True,[0.0737085  0.8927073  0.00285799 0.03072627],[2.8038460e-03 9.9434656e-01 6.6597178e-04 2.1836376e-03]
768,سوالی: یک مجسمه و یک میز هردو از نوعی مرمر ساخته شده‌اند. کدام یک از ویژگی‌های زیر بیشتر احتمال دارد که برای هر دو شیء یکسان باشد؟,"['الف) اندازه', 'ب) شکل', 'ج) وزن', 'د) سختی']",D,سختی یک ویژگی ذاتی ماده است و به شکل یا اندازه بستگی ندارد، بنابراین برای هر دو یکسان است.,B,0.7800875306129456,B,0.4644055664539337,False,False,False,False,[0.08222062 0.78008753 0.01806147 0.1196303 ],[0.10281649 0.46440557 0.02294146 0.40983647]
769,زمین یک چرخش کامل به دور خورشید تقریباً هر چند وقت یک‌بار انجام می‌دهد؟,"['روز', 'سال', 'فصل', 'دقیقه']",B,زمین برای تکمیل مدار خود به دور خورشید تقریباً ۳۶۵ [MASK] زمان نیاز دارد، که این مدت معادل یک [MASK] کامل است.,B,0.8501702547073364,B,0.9663004875183105,True,True,True,True,[1.4860563e-01 8.5017025e-01 5.3595559e-04 6.8818062e-04],[3.3324316e-02 9.6630049e-01 5.8574100e-05 3.1664860e-04]
770,ماره شش گلدان بذر کاهو کاشت. او سه گلدان را در منطقه‌ای آفتابی و سه گلدان را در منطقه‌ای سایه‌دار قرار داد. او به هر گلدان به یک شکل آب داد و رشد کاهو را اندازه‌گیری کرد. پس از تحلیل داده‌هایش، این داده‌ها به ماره در چه نتیجه‌گیری کمک خواهد کرد؟,"['زمان کاشت کاهو', 'جای کاشت کاهو', 'مقدار آبی که باید به کاهو بدهد', 'تعداد گیاهان کاهو که باید رشد دهد']",B,آزمایش تأثیر محل قرارگیری بر رشد گیاه را بررسی می‌کند، در حالی که سایر عوامل ثابت هستند.,B,0.9931301474571228,B,0.9928680658340454,True,True,True,False,[6.7721903e-03 9.9313015e-01 4.4226756e-05 5.3347649e-05],[6.6898926e-03 9.9286807e-01 3.8939842e-04 5.2699350e-05]
771,چه کار باید انجام شود زمانی که نتایج یک آزمایش از فرضیه حمایت نمی‌کنند؟,"['آزمایش را تکرار کرده و بررسی خطاها', 'مشاهدات را تغییر دهید تا با فرضیه همخوانی داشته باشند', 'آزمایش را دوباره انجام دهید تا نتایج مورد انتظار به دست آید', 'پس از تغییر فرضیه، داده\u200cها را ثبت و تحلیل کنید']",A,تکرار آزمایش و بررسی خطاها منطقی‌ترین روش برای اطمینان از صحت نتایج و حفظ اصول علمی است.,A,0.7774913907051086,A,0.9938761591911316,True,True,True,True,[0.7774914  0.13431841 0.01629467 0.07189547],[9.9387616e-01 3.5496429e-03 8.9749024e-04 1.6767326e-03]
772,سوالی: یک دانش‌آموز می‌خواهد مدلی ایجاد کند که مهم‌ترین دلیلی را نشان دهد که چرا بنزین قدیمی هرگز نباید به خاک ریخته شود. کدامیک از موارد زیر باید در مدل گنجانده شود؟,"['تبخیر بنزین از خاک', 'آتش گرفتن بنزین در خاک', 'آلوده شدن بنزین یک سیستم سپتیک قدیمی', 'چکیدن بنزین به آب\u200cهای زیرزمینی']",D,بنزین قدیمی به دلیل نفوذ به آب‌های زیرزمینی و آلودگی منابع آب، خطر جدی برای سلامت و محیط زیست ایجاد می‌کند.,A,0.4720434546470642,C,0.6698136329650879,False,False,False,False,[0.47204345 0.04994774 0.47204345 0.00596541],[0.10352489 0.00749932 0.66981363 0.21916218]
773,منبع سوخت‌هایی مانند زغال‌سنگ و گاز طبیعی چیست؟,"['ارگانیسم\u200cهای زنده قبلی', 'اقیانوس\u200cهای آب سرد', 'آتشفشان\u200cهای در حال فوران', 'آتش\u200cسوزی\u200cهای جنگلی']",A,این سوخت‌ها از بقایای موجودات زنده قدیمی طی فرآیندهای زمین‌شناسی طولانی تشکیل شده‌اند.,A,0.8680458664894104,A,0.9590137004852295,True,True,True,True,[0.86804587 0.01238201 0.10367329 0.01589881],[0.9590137  0.00395001 0.03256027 0.00447595]
774,کدام ساختار پرنده به درستی با عملکرد خود جفت شده است؟,"['چنگال\u200cها برای به\u200cدست آوردن غذا', 'بال\u200cها برای از بین بردن زباله', 'پرها برای تنفس', 'چشم\u200cها برای رشد']",A,چنگال‌ها برای گرفتن و نگهداری طعمه طراحی شده‌اند که بخشی از فرآیند تغذیه است. سایر موارد با عملکرد واقعی سازگار نیستند.,A,0.6257215738296509,A,0.7667946815490723,True,True,True,True,[0.6257216  0.07502428 0.29672676 0.00252739],[0.7667947  0.03817646 0.19387606 0.00115283]
775,کدام منبع برق کمترین آسیب را به محیط زیست وارد می‌کند؟,"['انرژی خورشیدی', 'ژنراتور دیزل', 'سدهای برق آبی', 'خطوط برق']",A,از آن‌جا که این منبع تجدیدپذیر بدون آلودگی و انتشار گازهای مضر عمل می‌کند، کمترین آسیب زیست‌محیطی را دارد.,A,0.9950419664382935,A,0.9961562752723694,True,True,True,True,[0.99504197 0.00170264 0.00192934 0.00132602],[9.9615628e-01 8.9779403e-04 2.1536958e-03 7.9230045e-04]
776,یک دانش‌آموز مقداری آب‌لیمو را منجمد می‌کند. کدام یک از بیانیه‌های زیر بهترین توصیف کننده تفاوت آب‌لیمو پس از منجمد شدن است؟,"['این یک مایع است.', 'این وزن بیشتری دارد.', 'این در یک شکل باقی می\u200cماند.', 'این فضای کمتری اشغال می\u200cکند.']",C,مواد جامد شکل ثابتی دارند و پس از انجماد تغییر شکل نمی‌دهند.,C,0.886568009853363,C,0.9403115510940552,True,True,True,True,[0.07249022 0.01427417 0.886568   0.02666766],[0.04163844 0.00296952 0.94031155 0.01508044]
777,یک دانشمند اثر استرس محیط کار بر بیماری قلبی در انسان‌ها را بررسی کرد. مردان در سنین مختلف به دو گروه تقسیم شدند بر اساس اینکه آیا کار خود را بسیار استرس‌زا توصیف می‌کنند یا نه. در طول یک سال بررسی، دانشمند سلامت قلب هر مرد را تحت نظر قرار داد.偏见 در این تحقیق چه بود؟,"['این تحقیق تنها یک سال طول کشید.', 'تنها اندامی که مورد مطالعه قرار گرفت قلب بود.', 'این تحقیق تنها بر روی مردان انجام شد.', 'سن شرکت\u200cکنندگان متفاوت بود.']",C,مطالعه فقط شامل مردان شد و نتایج ممکن است برای زنان قابل تعمیم نباشد.,D,0.9233191013336182,C,0.9946814179420471,False,True,True,True,[0.01935093 0.00554413 0.05178578 0.9233191 ],[3.5317640e-03 9.2131575e-04 9.9468142e-01 8.6549605e-04]
778,کدام عبارت بهترین توضیح را در مورد این که چرا خورشید و ماه در آسمان تقریباً به یک اندازه به نظر می‌رسند، ارائه می‌دهد؟,"['خورشید و ماه دارای قطر یکسانی هستند.', 'ماه از نظر قطر بزرگتر است و از خورشید دورتر از زمین قرار دارد.', 'ماه از نظر قطر کوچک\u200cتر است و نزدیکتر به زمین از خورشید قرار دارد.', 'خورشید و ماه در یک فاصله یکسان از زمین هستند.']",C,ماه کوچک‌تر است اما نزدیک‌تر به زمین، بنابراین اندازه ظاهری مشابه خورشید دارد.,C,0.9606812596321106,C,0.9970232844352722,True,True,True,True,[0.01549767 0.02254897 0.96068126 0.00127213],[2.4713736e-03 4.5715817e-04 9.9702328e-01 4.8184113e-05]
779,یک ماشین حرکتی دائمی یک دستگاه نظری است که پس از راه‌اندازی، بدون نیاز به ورودی اضافی انرژی به کار خود ادامه می‌دهد. کدام عبارت توصیف می‌کند که چرا طراحی یک ماشین حرکتی دائمی غیرممکن است؟,"['الف) انرژی می\u200cتواند به جرم تبدیل شود.', 'ب) اصطکاک کارایی در یک سیستم را کاهش می\u200cدهد.', 'ج) مقدار انرژی در یک سیستم ثابت باقی می\u200cماند.', 'د) انرژی پتانسیل می\u200cتواند به انرژی جنبشی تبدیل شود.']",B,طبق قانون پایستگی انرژی، انرژی در یک سیستم بسته ثابت می‌ماند و نمی‌توان انرژی جدیدی تولید کرد که برای کار مداوم لازم است.,C,0.9557950496673584,C,0.9861018657684326,False,False,False,False,[0.03677179 0.00104314 0.95579505 0.00638998],[0.01078477 0.00145956 0.98610187 0.0016539 ]
780,کدام یک از تغییرات زیر هنگامی که یک جامد گرم می‌شود، رخ می‌دهد؟,"['الف) انرژی جنبشی جامد کاهش می\u200cیابد.', 'ب) چگالی متوسط جامد افزایش می\u200cیابد.', 'ج) ظرفیت گرمای ویژه جامد کاهش می\u200cیابد.', 'د) سرعت متوسط مولکولی در جامد افزایش می\u200cیابد.']",D,گرمایش جامد انرژی گرمایی را به انرژی جنبشی مولکول‌ها تبدیل می‌کند و سرعت آن‌ها را افزایش می‌دهد.,D,0.8019643425941467,D,0.9345434904098511,True,True,True,True,[0.08518936 0.02765694 0.08518936 0.80196434],[0.05251779 0.00488491 0.00805386 0.9345435 ]
781,در کدام موجودات می‌تواند تکامل به سریع‌ترین شکل انجام شود؟,"['انسان\u200cها', 'ماهی\u200cها', 'پرندگان', 'باکتری\u200cها']",D,به دلیل تولیدمثل سریع و جمعیت عظیم، تغییرات ژنتیکی در این موجودات زودتر رخ داده و انتخاب طبیعی سریع‌تر عمل می‌کند.,D,0.9471955299377441,D,0.7229758501052856,True,True,True,False,[1.5415007e-02 3.6978677e-02 4.1079603e-04 9.4719553e-01],[1.1823565e-02 2.6493105e-01 2.6950848e-04 7.2297585e-01]
782,پستانداران کوچک دارای بسیاری از سازگاری‌ها هستند که آن‌ها را در زمستان گرم نگه می‌دارند. کدامیک به حفظ گرما کمک نخواهد کرد؟,"['دویدن', 'خواب زمستانی', 'جمع شدن در یک گروه', 'رشد پشم ضخیم\u200cتر']",A,این فعالیت انرژی مصرف کرده و با افزایش تبادل حرارت، در نهایت باعث از دست دادن گرما می‌شود.,A,0.511946439743042,A,0.4767848551273346,True,True,True,False,[0.51194644 0.3971499  0.01208695 0.0788168 ],[0.47678486 0.47678486 0.01618772 0.03024264]
783,در کدام یک از سناریوهای زیر، انتخاب طبیعی به احتمال زیاد رخ خواهد داد؟,"['قرن\u200cها تغییر آب و هوای تدریجی', 'تخریب فاجعه\u200cبار زیستگاه', 'تغییر آب و هوا به طور سریع و عمیق', 'از دست دادن فوری منبع اصلی غذا']",A,از دست دادن ناگهانی غذا فشار انتخابی شدیدی ایجاد می‌کند که تنها سازگارترین افراد زنده می‌مانند.,A,0.46760812401771545,D,0.8384353518486023,True,False,False,False,[0.46760812 0.05628585 0.46760812 0.00849789],[0.06073606 0.03200565 0.06882297 0.83843535]
784,کدام یک از ویژگی‌های یک سگ بیشتر به نتیجه محیط آن بستگی دارد؟,"['رنگ آن', 'طول گوش\u200cهای آن', 'ترجیح غذایی آن', 'توانایی آن در دیدن در تاریکی']",C,این ویژگی تحت تأثیر محیط و تجربیات یادگیری شکل می‌گیرد، برخلاف صفات ژنتیکی که ذاتی هستند.,D,0.5783061981201172,C,0.9362503290176392,False,True,True,True,[0.07857156 0.21357961 0.12954259 0.5783062 ],[0.03228799 0.01187809 0.9362503  0.01958366]
785,دانش‌آموزان تأثیر آب بر رشد گیاهان را برای یک آزمایش آزمایشگاهی اندازه‌گیری می‌کنند. دانش‌آموزان مقادیر متفاوتی از آب را به سه گروه مختلف از گیاهان می‌دهند. تمامی گیاهان مقدار یکسانی از نور را دریافت می‌کنند و در مقدار یکسانی از خاک کاشته می‌شوند. سپس دانش‌آموزان در مدت چهار هفته، ارتفاع گیاهان را اندازه‌گیری می‌کنند. کدام متغیرها باید بر روی محورهای رسم داده‌های جمع‌آوری شده در این آزمایش برچسب‌گذاری شوند؟,"['مقدار آب در مقابل ارتفاع گیاهان', 'دما در مقابل مقدار نور خورشید', 'مقدار آب در مقابل مقدار خاک', 'مقدار نور خورشید در مقابل ارتفاع گیاهان']",A,عامل تغییر داده شده، میزان رطوبت است و نتیجه اندازه‌گیری شده، رشد گیاه می‌باشد که باید بر روی نمودار نمایش داده شود.,A,0.9176704287528992,A,0.997474730014801,True,True,True,True,[9.1767043e-01 3.5721205e-02 7.4137002e-04 4.5866940e-02],[9.9747473e-01 6.9978635e-04 1.4668319e-04 1.6787002e-03]
786,کدام ویژگی بهترین نشان‌دهندهٔ این است که خاک حاوی مواد مغذی است؟,"['رنگدانه', 'رنگ', 'مقدار شن', 'مقدار رس']",B,ذرات ریز خاک ظرفیت بالایی برای نگهداری مواد مغذی دارند و از شستشوی آن‌ها جلوگیری می‌کنند.,D,0.5868667960166931,C,0.4737965762615204,False,False,False,False,[0.40334725 0.00738756 0.00239839 0.5868668 ],[0.05032946 0.00207734 0.47379658 0.47379658]
787,کدام یک از سوالات زیر قابل آزمایش در یک تحقیق علمی است؟,"['آیا سگ\u200cها بهتر از گربه\u200cها حیوان خانگی هستند؟', 'آیا سگ\u200cها هنگامی که پیاده روی می\u200cکنند خوشحال هستند؟', 'آیا گربه\u200cها شب\u200cها فعال\u200cتر از روزها هستند؟', 'آیا مراقبت از گربه\u200cها راحت\u200cتر از سگ\u200cهاست؟']",C,این سوال را می‌توان با مشاهده و اندازه‌گیری عینی فعالیت‌ها در زمان‌های مختلف روز آزمایش کرد.,B,0.7106183767318726,B,0.8857693076133728,False,False,False,False,[0.26244506 0.7106184  0.00792515 0.01901146],[0.10537761 0.8857693  0.00470288 0.00415028]
788,آقای پرات یک نمایش علمی انجام می‌دهد. او یک بادکنک را باد می‌کند، آن را در فریزر قرار می‌دهد و سپس بعد از ۱۰ دقیقه آن را بیرون می‌آورد. کدام گزینه بهترین توصیف را از حجم بادکنک در فریزر و سپس بعد از بیرون آوردن و اجازه دادن به آن برای گرم شدن ارائه می‌دهد؟,"['در فریزر منبسط می\u200cشود و سپس به هنگام گرم شدن منقبض می\u200cشود', 'درب فریزر منقبض می\u200cشود و سپس به هنگام گرم شدن منبسط می\u200cشود', 'در فریزر منبسط می\u200cشود و سپس این حجم را وقتی گرم می\u200cشود حفظ می\u200cکند', 'در فریزر منقبض می\u200cشود و سپس این حجم را وقتی گرم می\u200cشود حفظ می\u200cکند']",B,سرد شدن گاز را منقبض می‌کند و گرم شدن دوباره آن را منبسط می‌نماید.,A,0.5171734094619751,A,0.552651584148407,False,False,False,False,[0.5171734  0.45640394 0.00077451 0.02564816],[0.5526516  0.37983152 0.00099443 0.0665225 ]
789,کدام فعالیت نمونه‌ای از یک عادت سالم است؟,"['تماشای تلویزیون', 'سیگار کشیدن', 'خوردن آبنبات', 'ورزش کردن هر روز']",D,فعالیت بدنی منظم سلامت جسمی و روانی را بهبود بخشیده و از بیماری‌ها پیشگیری می‌کند.,D,0.9785507917404175,D,0.9834692478179932,True,True,True,True,[2.0151127e-02 6.8953360e-04 6.0851133e-04 9.7855079e-01],[1.5711103e-02 6.0918555e-04 2.1052890e-04 9.8346925e-01]
790,کدام ماده را باید یک دانش‌آموز بر روی پوست خود بمالد اگر با اسید پاشیده شود؟,"['آب', 'سرکه', 'نمک', 'فرمالدهید']",A,برای رقیق کردن و شستن اسید از پوست، باید از ماده‌ای خنثی و بی‌خطر استفاده کرد که واکنش ندهد.,A,0.6468892693519592,A,0.5734513998031616,True,True,True,False,[0.64688927 0.16292155 0.00557487 0.18461432],[0.5734514  0.34781587 0.00112445 0.07760821]
791,کدام فعالیت انسانی معمولاً تأثیر مضری بر محیط زیست دارد؟,"['بازیافت کاغذ و پلاستیک', 'دوچرخه\u200cسواری به مدرسه', 'کمک به جوانه زدن بذرها', 'ریختن زباله در یک جریان آب']",D,این عمل باعث آلودگی مستقیم آب‌ها و آسیب به موجودات زنده می‌شود.,D,0.9285032153129578,D,0.9880355000495911,True,True,True,True,[6.7129306e-02 3.8468158e-03 5.2060990e-04 9.2850322e-01],[1.0933292e-02 8.4308494e-04 1.8811767e-04 9.8803550e-01]
792,چرخه زندگی یک پروانه چهار مرحله دارد: بزرگسال، پیله، تخم، و کرم پروانه. کدام یک از این مراحل ابتدا اتفاق می‌افتد؟,"['تخم', 'بزرگسال', 'پیله', 'کرم پروانه']",A,چرخه زندگی با [MASK] شروع می‌شود و سپس مراحل دیگر دنبال می‌شوند.,A,0.9898315072059631,A,0.9791882634162903,True,True,True,False,[9.8983151e-01 3.5733776e-03 5.8915042e-03 7.0363982e-04],[0.97918826 0.00952492 0.00952492 0.00176193]
793,نمونه‌ای در یک محفظه استوانه‌ای شکل است و حجم ثابتی دارد. وضعیت مادهٔ نمونه کدام است؟,"['باید جامد باشد.', 'می\u200cتواند هم جامد باشد و هم مایع.', 'باید مایع باشد.', 'می\u200cتواند هم مایع باشد و هم گاز.']",B,چون حجم ثابت است و جامد و مایع هر دو حجم ثابت دارند، ولی گاز چنین نیست و شکل ظرف بر آن تأثیر می‌گذارد.,B,0.8462250828742981,D,0.6358901262283325,True,False,False,False,[0.05452165 0.8462251  0.06178113 0.03747214],[0.04642501 0.26507843 0.05260643 0.6358901 ]
794,کدام یک از بهترین شواهدی است که سنگ‌های یافت‌شده در عمق زمین روزگاری در سطح زمین قرار داشتند؟,"['سنگ\u200cها توسط ماگما ذوب شده\u200cاند.', 'سنگ\u200cها توسط گسل\u200cها شکسته شده\u200cاند.', 'سنگ\u200cها توسط آب فرسایش یافته\u200cاند.', 'سنگ\u200cها تحت فشار تا خورده\u200cاند.']",C,فرسایش آبی فقط در سطح زمین رخ می‌دهد و نشانه‌ای قوی از حضور قبلی سنگ‌ها در آنجا است.,A,0.9828633666038513,A,0.5262956023216248,False,False,False,False,[0.98286337 0.0067202  0.0028014  0.00761499],[0.5262956  0.00462505 0.46445423 0.00462505]
795,کدام یک از این موارد به دلیل چرخش زمین رخ می‌دهد؟,"['فصل\u200cها', 'روز و شب', 'مدار ماه', 'کسوف\u200cها و خسوف\u200cها']",B,چرخش زمین به دور خود باعث می‌شود بخش‌های مختلف آن به صورت متناوب نور خورشید را دریافت کنند و این پدیده را ایجاد می‌کند.,A,0.4864100217819214,A,0.6489430665969849,False,False,False,False,[0.48641002 0.3343044  0.1579142  0.02137136],[0.64894307 0.3473542  0.00235881 0.00134401]
796,در سال 1783، اروپا به طور غیر معمولی سرد و مه آلود بود. باران اسیدی بود. کدام رویداد غیر معمولاً احتمالاً باعث تغییر آب و هوا در اروپا در آن سال شد؟,"['شرکت چوب\u200cبری میلیون\u200cها جریب از اراضی در آمریکای جنوبی را قطع کرد.', 'یک زلزله و سونامی بزرگ مسیر جریان خلیج را تغییر داد.', 'یک فوران بزرگ آتشفشانی خاکستر و گاز گوگرد را به جو آزاد کرد.', 'افزایش استفاده از اتومبیل\u200cها دی\u200cاکسید کربن بیشتری را وارد جو کرد.']",C,فوران آتشفشانی در ایسلند باعث انتشار خاکستر و گاز شد که نور خورشید را منعکس کرد و دمای هوا را کاهش داد و شرایط مه‌آلود و بارش اسیدی ایجاد کرد.,C,0.4618231952190399,C,0.9196367263793945,True,True,True,True,[0.28010994 0.21986079 0.4618232  0.03820608],[0.06635854 0.00912208 0.9196367  0.0048827 ]
797,یک گروه از دانش‌آموزان در حال مطالعه بر روی گیاهان لوبیا هستند. تمام ویژگی‌های زیر تحت تأثیر تغییرات محیطی قرار می‌گیرند به جز,"['رنگ برگ.', 'نوع دانه.', 'تولید لوبیا.', 'ارتفاع گیاه.']",B,ویژگی‌های ژنتیکی مانند نوع دانه تحت تأثیر محیط قرار نمی‌گیرند، برخلاف سایر صفات که متغیر هستند.,B,0.9928321838378906,B,0.9973063468933105,True,True,True,True,[5.2073621e-03 9.9283218e-01 1.1619196e-03 7.9857482e-04],[1.3206246e-03 9.9730635e-01 1.0285035e-03 3.4450553e-04]
798,هنگامی که انسان‌ها در فضا سفر می‌کنند، کدام گاز در جو فضاپیما تأمین می‌شود و کدام گاز از جو فضاپیما حذف می‌شود؟,"['اکسیژن تأمین می\u200cشود. دی\u200cاکسید کربن حذف می\u200cشود.', 'دی\u200cاکسید کربن تأمین می\u200cشود. اکسیژن حذف می\u200cشود.', 'دی\u200cاکسید کربن تأمین می\u200cشود. نیتروژن حذف می\u200cشود.', 'اکسیژن تأمین می\u200cشود. نیتروژن حذف می\u200cشود.']",A,انسان برای تنفس به اکسیژن نیاز دارد و دی‌اکسید کربن تولید شده باید حذف شود تا از مسمومیت جلوگیری گردد.,A,0.6198519468307495,A,0.9982863068580627,True,True,True,True,[0.61985195 0.06507721 0.02112748 0.2939433 ],[9.9828631e-01 6.2169385e-04 2.9366737e-04 7.9827069e-04]
799,بیشتر حجم جهان در فضاهای بین کهکشان‌ها یافت می‌شود. اشیایی که در مناطق بین کهکشان‌ها یافت می‌شوند بیشتر شباهت به کدام یک از این گزینه‌ها از نظر اندازه دارند؟,"['یک ذره گرد و غبار', 'یک سیارک', 'یک سیاره', 'یک ستاره']",A,فضای بین کهکشانی عمدتاً از ذرات ریز و گازهای کم‌چگال تشکیل شده که در مقیاس میکروسکوپی هستند.,A,0.9574511647224426,A,0.994821310043335,True,True,True,True,[9.5745116e-01 3.2634448e-02 4.1727637e-04 9.4971657e-03],[9.94821310e-01 3.57389799e-03 1.14882765e-04 1.48982240e-03]
800,کدامیک از جملات زیر بهترین توضیح را می‌دهد که چرا وضعیت کج شدن زمین بر روی محور خود باعث می‌شود تابستان در نیمه‌شمالی زمین گرم‌تر از زمستان باشد؟,"['جریان\u200cهای اقیانوسی گرم از مناطق استوایی در تابستان به نیمه\u200cشمالی می\u200cرسند.', 'پرتوهای خورشید در تابستان به\u200cطور مستقیم\u200cتر به نیمه\u200cشمالی می\u200cتابند.', 'اثر گلخانه\u200cای در نیمه\u200cشمالی در تابستان افزایش می\u200cیابد.', 'نیمه\u200cشمالی در تابستان به خورشید نزدیک\u200cتر است.']",B,زاویه تابش خورشید در تابستان مستقیم‌تر است و انرژی بیشتری به سطح می‌رسد.,B,0.4771319329738617,B,0.9904019236564636,True,True,True,True,[0.2905278  0.47713193 0.006077   0.22626327],[8.5019739e-03 9.9040192e-01 1.9994726e-04 8.9610147e-04]
801,جنیفر و مارک یک کیک چند لایه با استفاده از روغن و آب تهیه کردند. پس از اینکه کیک در فر پخته شد، آنها کرم روی کیک را اضافه کردند. کدام ویژگی می‌تواند با ترازویی اندازه‌گیری شود؟,"['دماي فر', 'جرم کرم روی کیک', 'ارتفاع لایه\u200cها', 'حجم روغن']",B,جرم با ترازو اندازه‌گیری می‌شود و تنها گزینه قابل سنجش مستقیم با این وسیله است.,B,0.9788298606872559,B,0.9924424886703491,True,True,True,True,[0.01801565 0.97882986 0.00147881 0.00167572],[5.2487059e-03 9.9244249e-01 1.5037794e-03 8.0491509e-04]
802,کدام یک از مواد زیر می‌تواند به چندین عنصر تفکیک شود؟,"['ازت', 'روی', 'هوا', 'آلومینیوم']",C,[MASK] مخلوطی از چند گاز است که می‌توان آن را به اجزای ساده‌تر تجزیه کرد، برخلاف مواد خالص.,C,0.7549667954444885,C,0.9752918481826782,True,True,True,True,[0.19014129 0.02915911 0.7549668  0.02573283],[2.2758173e-02 1.2839282e-03 9.7529185e-01 6.6609320e-04]
803,یک مریخ‌نورد برای کاوش و انتقال داده‌ها از سیاره مریخ ارسال شده است. سیاره مریخ جرم کمتری نسبت به زمین دارد. در مقایسه با زمین، بهترین مقایسه بین جرم و وزن مریخ‌نورد در مریخ کدام است؟,"['جرم در مریخ بیشتر است و وزن کمتر است.', 'وزن در مریخ بیشتر است و جرم کمتر است.', 'وزن در مریخ کمتر است و جرم همان است.', 'جرم در مریخ کمتر است و وزن همان است.']",C,جرم ثابت است اما وزن به دلیل گرانش ضعیف‌تر مریخ کاهش می‌یابد.,A,0.4840925931930542,C,0.6055198311805725,False,True,True,True,[0.4840926  0.01855163 0.2947662  0.20258963],[0.2860273  0.00404821 0.60551983 0.10440471]
804,تکه های یخ در فریزر در حال ذوب شدن هستند. کدام تغییر احتمالاً باعث ذوب شدن تکه های یخ می شود؟,"['کاهش در جرم تکه های یخ', 'افزایش در جرم تکه های یخ', 'کاهش در دما درون فریزر', 'افزایش در دما درون فریزر']",D,ذوب یخ در اثر گرم شدن محیط رخ می‌دهد و فریزر با افزایش دما از حالت انجماد خارج می‌شود.,D,0.5232807397842407,D,0.9588345885276794,True,True,True,True,[0.06249698 0.00669086 0.40753144 0.52328074],[0.01362372 0.00208926 0.02545246 0.9588346 ]
805,کدام رویداد در یک دوره روزانه اتفاق می‌افتد؟,"['خورشید طلوع و غروب می\u200cکند.', 'زمین به دور محور خود کج می\u200cشود.', 'زمین به دور خورشید می\u200cچرخد.', 'ماه به دور زمین می\u200cچرخد.']",A,چرخش روزانه زمین باعث تکرار این پدیده در هر ۲۴ ساعت می‌شود.,A,0.8050214648246765,A,0.9943767786026001,True,True,True,True,[0.80502146 0.0079696  0.17997573 0.00703315],[0.9943768  0.00215826 0.00244563 0.00101949]
806,باران‌زارها و صخره‌های مرجانی چگونه با اکوسیستم‌هایی که گونه‌های کمتری دارند، متفاوت هستند؟,"['در آنها شکارچیان بیشتر از طعمه\u200cها هستند.', 'شبکه غذایی پایدارتر و ماندگارتری است.', 'موجودات معمولاً باید برای غذا رقابت کنند.', 'جمعیت\u200cهای گیاهی تولیدکنندگان اصلی هستند.']",B,تنوع زیستی بالاتر منجر به شبکه‌های غذایی قوی‌تر و مقاوم در برابر تغییرات می‌شود.,B,0.8595961332321167,B,0.9433879852294922,True,True,True,True,[0.13195214 0.85959613 0.0018822  0.00656951],[0.05322231 0.943388   0.00230217 0.00108747]
807,کدام بیانیه بهترین توضیح را می‌دهد که چرا خودرویی که بر روی سطح هموار در حال حرکت است در نهایت توقف می‌کند؟,"['نیروهای اصطکاک در برابر حرکت خودرو مقاومت می\u200cکنند.', 'حرکت به جلو به آرامی به پایان می\u200cرسد زیرا انرژی مصرف می\u200cشود.', 'وضعیت طبیعی یک جسم، آرامش است.', 'اینرسی که بر روی یک جسم عمل می\u200cکند، کاهش می\u200cیابد.']",A,نیروهای مقاومت در برابر حرکت، انرژی جنبشی را کاهش داده و باعث توقف می‌شوند.,A,0.40307125449180603,A,0.557253897190094,True,True,True,True,[0.40307125 0.19039738 0.00346011 0.40307125],[0.5572539  0.43398976 0.00074515 0.00801114]
808,کدام ترکیب شامل مولکول‌های مستقل نیست؟,"['نمک', 'آب', 'گاز هیدروژن', 'منوکسید کربن']",A,[MASK] ترکیب یونی است و مولکول‌های مجزا ندارد، برخلاف سایر موارد که مولکول‌های مستقل دارند.,C,0.5486567616462708,C,0.625522792339325,False,False,False,False,[0.2591671  0.08413924 0.54865676 0.10803692],[0.20467027 0.1241388  0.6255228  0.04566811]
809,بزرگترین عامل آلودگی هوا در ایالات متحده چیست؟,"['کارخانه\u200cها', 'خودروها', 'نیروگاه\u200cها', 'سوزاندن زباله']",B,حمل‌ونقل بیشترین سهم را در تولید گازهای مضر دارد که بر کیفیت هوا تأثیر می‌گذارند.,A,0.5212024450302124,B,0.998806357383728,False,True,True,True,[0.52120245 0.45995954 0.00309918 0.01573895],[1.0280407e-03 9.9880636e-01 9.5622672e-05 6.9959038e-05]
810,سنگ آهک یک سنگ رسوبی است و مرمر یک سنگ دگرگونی است. اگرچه سنگ آهک و مرمر از نظر ترکیب شیمیایی یکسان هستند، اما به عنوان سنگ‌های مختلف طبقه‌بندی می‌شوند زیرا آنها,"['از فسیل\u200cهای مختلف تشکیل شده\u200cاند', 'زمان\u200cهای متفاوتی برای تشکیل نیاز داشتند', 'در زمان\u200cهای مختلفی شکل گرفته\u200cاند', 'به روش\u200cهای مختلفی تشکیل شده\u200cاند']",D,طبقه‌بندی سنگ‌ها بر اساس فرآیند تشکیل آن‌هاست، نه ترکیب شیمیایی مشابه.,D,0.4984336793422699,D,0.9252029657363892,True,True,True,True,[0.08695379 0.38969982 0.02491268 0.49843368],[0.0150718  0.01330082 0.04642442 0.92520297]
811,کدام یک از تجهیزات آزمایشگاهی برای تعیین جرم ۲ قاشق چای‌خوری شن ضروری است؟,"['لیوان شیشه\u200cای', 'ترازو', 'چشم\u200cقطره\u200cای', 'سیلندر مدرج']",B,برای اندازه‌گیری دقیق وزن مواد جامد مانند شن، تنها ابزار مناسب [MASK] است که در آزمایشگاه کاربرد دارد.,B,0.9907175898551941,B,0.9972091317176819,True,True,True,True,[7.6235491e-03 9.9071759e-01 8.0351613e-04 8.5533853e-04],[1.3230776e-03 9.9720913e-01 6.6528516e-04 8.0248713e-04]
812,نتیجه تنفس سلولی چیست؟,"['انرژی برای فرآیندهای سلولی آزاد می\u200cشود.', 'اکسیژن برای فتوسنتز آزاد می\u200cشود.', 'سلول\u200cها دچار تجزیه می\u200cشوند.', 'مغذی\u200cها برای جلوگیری از انباشت چربی بدن دفع می\u200cشوند.']",A,سلول‌ها با تجزیه مواد مغذی، انرژی لازم برای انجام فعالیت‌های حیاتی خود را آزاد می‌کنند.,A,0.9665549993515015,A,0.9977481961250305,True,True,True,True,[0.966555   0.02941635 0.00273615 0.00129246],[9.9774820e-01 1.8999529e-03 2.3412013e-04 1.1772299e-04]
813,یک واحد نجومی میانگین فاصله بین زمین و خورشید است. این واحد بیشتر برای توصیف فاصله بین کدام دو جسم استفاده می‌شود؟,"['از کهکشان به کهکشان', 'از زحل تا عطارد', 'از خورشید تا پروکسیما قنطورس', 'از دب اکبر تا دب اصغر']",B,این واحد برای فواصل در منظومه شمسی به کار می‌رود و نزدیک‌ترین ستاره به خورشید را شامل می‌شود.,C,0.7671881914138794,C,0.797694981098175,False,False,False,False,[0.16985068 0.03344558 0.7671882  0.02951562],[0.10880299 0.06599235 0.797695   0.0275097 ]
814,ترکیبی از فرآیندها زمانی که ستاره‌ها در حال شکل‌گیری هستند اتفاق می‌افتد. کدام یک از فرآیندها بیشتر به شکل‌گیری ستاره‌های جدید مرتبط است؟,"['هیدروژن در هسته\u200cهای ستاره\u200cها تمام می\u200cشود.', 'مواد از ستاره\u200cهایی که مرده\u200cاند جمع\u200cآوری می\u200cشود.', 'عناصر در ستاره\u200cها مانند آهن تحت فرایند ادغام قرار می\u200cگیرند.', 'هسته\u200cهای ستاره\u200cها دو برابر جرم خورشید می\u200cشوند.']",B,ستاره‌های جدید از انباشت مواد باقی‌مانده از مرگ ستاره‌های پیشین در اثر نیروی گرانش تشکیل می‌شوند.,B,0.9259220957756042,B,0.9895634055137634,True,True,True,True,[0.04100125 0.9259221  0.02817972 0.0048969 ],[3.5969142e-03 9.8956341e-01 5.9303092e-03 9.0944237e-04]
815,چرخه آب توصیف کننده حرکات مداوم آب زمین است. کدام قسمت از چرخه آب به طور مستقیم مسئول بازگرداندن آب به خاک است؟,"['انجماد', 'تبخیر', 'بارش', 'ترانسپiration']",C,فرآیندی که آب را مستقیماً از جو به زمین بازمی‌گرداند و خاک را مرطوب می‌کند.,D,0.44102704524993896,D,0.5377936959266663,False,False,False,False,[0.23606478 0.08684338 0.23606478 0.44102705],[0.10507376 0.10507376 0.25205883 0.5377937 ]
816,محققان اخیراً ژنی را در انسان‌ها کشف کردند که قبلاً برای علم ناشناخته بود. کدام عبارت بهترین توضیح را می‌دهد که چرا این ژن احتمالاً خیلی زودتر کشف نشد؟,"['این ژن تنها اخیراً در انسان\u200cها تکامل یافته است.', 'فناوری مورد استفاده برای مطالعه ژن\u200cها هنوز در حال توسعه است.', 'دانشمندان تا چند سال پیش به ژن\u200cها علاقه\u200cای نداشتند.', 'دانشمندان مطمئن بودند که همه ژن\u200cهای ممکن را قبلاً کشف کرده\u200cاند.']",B,پیشرفت‌های اخیر فناوری امکان کشف ژن‌های ناشناخته قبلی را فراهم کرده است.,A,0.9223132729530334,A,0.9911941885948181,False,False,False,False,[9.2231327e-01 7.6227397e-02 2.4643572e-04 1.2129990e-03],[9.9119419e-01 7.5974809e-03 4.5626418e-04 7.5225247e-04]
817,یک ارگانیسم جدید کشف شده است. این ارگانیسم چندسلولی، خودتغذیه‌ای است و به طور مستقل حرکت نمی‌کند. این ارگانیسم ممکن است متعلق به کدام پادشاهی‌ها باشد؟,"['قارچ\u200cها و گیاهان', 'پروتیست\u200cها و گیاهان', 'حیوانات و قارچ\u200cها', 'پروتیست\u200cها و حیوانات']",B,چندسلولی و خودتغذیه‌ای بودن شبیه گیاهان است و عدم حرکت با قارچ‌ها سازگار است.,A,0.6919539570808411,A,0.966285765171051,False,False,False,False,[0.69195396 0.04440827 0.06461365 0.19902405],[0.96628577 0.02575064 0.00145275 0.00651078]
818,گیاه علف هرز دِریایی گیاهی بومی شمال شرقی ایالات متحده است. این گیاه در زیستگاه‌های مرطوب بهترین رشد را دارد. کدام‌یک از تغییرات زیست‌محیطی زیر بیشتر احتمال دارد باعث کاهش جمعیت علف هرز دِریایی در یک منطقه شود؟,"['طوفانی که چندین هفته طول بکشد', 'خشکسالی که دوازده ماه به طول بیانجامد', 'دماهای غیرعادی پایین در ماه ژوئیه', 'دماهای غیرعادی بالا در ماه ژانویه']",B,این گیاه به رطوبت وابسته است و کمبود طولانی‌مدت آب بقای آن را به خطر می‌اندازد.,B,0.5327497720718384,B,0.9935437440872192,True,True,True,True,[0.32439375 0.5327498  0.00762901 0.13522744],[5.8162352e-03 9.9354374e-01 2.0533819e-04 4.3470095e-04]
819,یک روباه صاحب فرزندی شد که حس شنوایی بهتری نسبت به بیشتر روباه‌ها داشت. چگونه این تغییر کوچک می‌تواند به احتمال زیاد منجر به نوه‌هایی شود که با روباه اصلی متفاوت باشند؟,"['روباه\u200cهایی که حس شنوایی بهتری دارند ممکن است بیشتر از سایر روباه\u200cها جهش یابند.', 'روباه\u200cهایی که حس شنوایی بهتری دارند ممکن است بیشتر شکار شوند.', 'با گذشت زمان، نوه\u200cهای این روباه ممکن است بهتر از سایر روباه\u200cها شکار کنند و طعمه را بشنوند.', 'با گذشت زمان، نوه\u200cهای این روباه ممکن است منقرض شوند.']",C,این ویژگی مفید به ارث می‌رسد و به نسل‌های بعدی کمک می‌کند در شکار موفق‌تر باشند و زنده بمانند.,A,0.9135318994522095,A,0.9570611119270325,False,False,False,False,[0.9135319  0.04557099 0.01650472 0.02439239],[0.9570611  0.02570485 0.01559078 0.00164326]
820,کدام لایه‌های زمین عمدتاً از مادهٔ جامد تشکیل شده‌اند؟,"['هستهٔ داخلی و هستهٔ خارجی', 'پوسته و هستهٔ داخلی', 'پوسته و گوشته', 'گوشته و هستهٔ خارجی']",B,[MASK] هر دو جامدند، برخلاف بخش‌های مایع یا نیمه‌جامد دیگر.,A,0.8330290913581848,A,0.9315897822380066,False,False,False,False,[0.8330291  0.14461745 0.00262815 0.01972535],[0.9315898  0.0462003  0.00264749 0.01956244]
821,چهار دانش‌آموز جرم کلی محصولات را با جرم کلی واکنش‌دهنده‌ها پس از انجام سه بار آزمایش یک واکنش شیمیایی مقایسه کردند. هر دانش‌آموز نتیجه‌گیری کرد که جرم کلی محصولات کمی کمتر از جرم کلی واکنش‌دهنده‌ها بود. هر دانش‌آموز توضیح متفاوتی به شرح زیر ارائه داد. دانش‌آموز ۱: این واکنش بخشی از جرم واکنش‌دهنده را به انرژی تبدیل کرد. دانش‌آموز ۲: واکنش شیمیایی گازی تولید کرد که فرار کرد. دانش‌آموز ۳: برخی از اندازه‌گیری‌های جرم با دقت کافی انجام نشده بود. دانش‌آموز ۴: گرمای آزاد شده در حین واکنش باعث افزایش حجم محصولات شد. کدامیک از دانش‌آموزان توضیحات منطقی‌تری ارائه دادند؟,"['دانش\u200cآموزان ۱ و ۳', 'دانش\u200cآموزان ۱ و ۴', 'دانش\u200cآموزان ۲ و ۳', 'دانش\u200cآموزان ۲ و ۴']",C,کاهش جرم می‌تواند ناشی از خروج گاز تولیدشده یا خطا در اندازه‌گیری باشد، که هر دو با قانون پایستگی جرم در شرایط عملی سازگارند.,B,0.4474391043186188,A,0.7917673587799072,False,False,False,False,[0.3087237  0.4474391  0.00340292 0.24043426],[0.79176736 0.15560402 0.00171515 0.05091344]
822,کدام مکان در زمین در تاریخ ۲۲ دسامبر کمترین شدت نور خورشید را دارد؟,"['خط استوا', 'فلوریدا', 'مین', 'قطب شمال']",D,در انقلاب زمستانی نیمکره شمالی، [MASK] تاریکی مطلق دارد و هیچ نوری دریافت نمی‌کند.,D,0.5629698634147644,A,0.506972074508667,True,False,False,False,[0.38541466 0.04603122 0.00558422 0.56296986],[0.5069721  0.03730327 0.00832348 0.4474013 ]
823,هنگامی که اولین فضانوردان آمریکایی در حال برنامه‌ریزی برای راه رفتن بر سطح ماه بودند، می‌دانستند که جاذبه بر روی ماه کمتر از جاذبه بر روی زمین است. با این اطلاعات، فضانوردان چه چیزی را متفاوت‌ترین در ماه تصور می‌کردند؟,"['جرم آنها', 'قد آنها', 'وزن آنها', 'حجم آنها']",C,وزن به گرانش وابسته است و در ماه به شدت کاهش می‌یابد، در حالی که سایر ویژگی‌ها ثابت می‌مانند.,C,0.9889033436775208,C,0.9936931133270264,True,True,True,True,[9.5912805e-03 6.1315007e-04 9.8890334e-01 8.9212804e-04],[5.9783650e-03 2.0456841e-04 9.9369311e-01 1.2407701e-04]
824,تغییری در چگالی هوا می‌تواند منجر به بروز نسیم شود. کدامیک از نمودارها بهترین نشان‌دهنده یک سری از انتقال‌های انرژی است که با خورشید آغاز شده و به بروز نسیم می‌انجامد؟,"['تابش → هدایتی → نسیم', 'تابش → هدایتی → جابه\u200cجایی → نسیم', 'جابه\u200cجایی → تابش → نسیم', 'جابه\u200cجایی → هدایتی → تابش → نسیم']",B,گرمایش زمین توسط تابش، انتقال حرارت از طریق هدایت و سپس جابجایی هوا منجر به نسیم می‌شود.,A,0.9221887588500977,B,0.6222500801086426,False,True,True,True,[9.2218876e-01 7.5550161e-02 4.5631215e-04 1.8047496e-03],[3.7741375e-01 6.2225008e-01 8.6339292e-05 2.4983104e-04]
825,کیسی چندین حیوان دریایی مشابه را به یک صخره مصنوعی در خلیج مکزیک متصل یافته است. کدام ویژگی این حیوانات را به عنوان نرم‌تنان شناسایی می‌کند؟,"['مغز', 'پوزه\u200cها', 'پای عضلانی', 'پوسته سخت خارجی']",C,نرم‌تنان با داشتن یک پوشش محکم معدنی که بدنشان را می‌پوشاند، شناسایی می‌شوند.,B,0.6396018862724304,D,0.8380976319313049,False,False,False,False,[0.18253459 0.6396019  0.11071283 0.06715073],[0.03262376 0.10048825 0.02879037 0.83809763]
826,کدام منبع در هنگام استفاده بیشترین آلودگی را ایجاد می‌کند؟,"['خورشیدی', 'زغال\u200cسنگ', 'بادی', 'آب']",B,سوخت فسیلی در هنگام احتراق آلاینده‌های زیادی تولید می‌کند که بر محیط زیست تأثیر منفی می‌گذارد.,B,0.7854831218719482,B,0.9962957501411438,True,True,True,True,[0.19782695 0.7854831  0.00247089 0.01421902],[3.0022338e-03 9.9629575e-01 1.8029817e-04 5.2171003e-04]
827,چه چیزی هم دره‌ها و هم دره‌های عمیق را شکل می‌دهد؟,"['یخچال\u200cهای طبیعی', 'رودخانه\u200cها', 'باد', 'جزر و مد']",B,فرسایش مداوم آب در طول زمان، هر دو نوع دره را ایجاد می‌کند، برخلاف عوامل دیگر که شکل‌های متفاوتی می‌سازند.,A,0.6690558791160583,B,0.3895912766456604,False,True,True,True,[0.6690559  0.10180458 0.03745181 0.19168772],[0.3438131  0.38959128 0.02844325 0.23815235]
828,پزشکان تعیین کرده‌اند که هر یک از این عوامل می‌تواند باعث بیماری قلبی در انسان‌ها شود به جز,"['ژن\u200cهایی که نقص\u200cهای قلبی را کد می\u200cکنند.', 'عفونت\u200cهایی که به عضله قلب آسیب می\u200cزنند.', 'بیماری\u200cهای دیگر که باعث فرسودگی قلب می\u200cشوند.', 'ورزش شدید که ضربان قلب را افزایش می\u200cدهد.']",D,ورزش شدید معمولاً برای قلب مفید است و برخلاف عوامل ژنتیکی، عفونی یا بیماری‌های دیگر، باعث بیماری قلبی نمی‌شود.,A,0.4783872365951538,D,0.4613863229751587,False,True,True,True,[0.47838724 0.25606224 0.0395764  0.22597413],[0.35932803 0.02949544 0.14979021 0.46138632]
829,برای یک پروژه کلاسی، دانش‌آموزان درجه حرارت‌های روزانه ماه گذشته را از فارنهایت به سلسیوس تبدیل کردند. بهترین و واضح‌ترین روش برای ارائه اطلاعات برای دانش‌آموزان چیست؟,"['جدول', 'فرمول', 'نمودار دایره\u200cای', 'نمودار خطی']",A,[MASK] روند تغییرات دما را در طول زمان به صورت پیوسته و قابل فهم نشان می‌دهد.,A,0.9116074442863464,D,0.8770194053649902,True,False,False,False,[9.1160744e-01 3.2781519e-03 5.6965736e-04 8.4544644e-02],[0.11869167 0.00321284 0.00107617 0.8770194 ]
830,شهری می‌خواهد در نزدیکی خود سد جدیدی بسازد تا منابع آبی خود را افزایش دهد. مهم‌ترین سوالی که باید درباره تأثیرات محیط‌زیستی ساخت سد پرسیده شود چیست؟,"['چقدر زمان خواهد برد تا ساخته شود؟', 'چقدر بتن نیاز است؟', 'چگونه از دریاچه برای تفریح استفاده خواهد شد؟', 'سد چگونه بر جمعیت ماهیان تأثیر خواهد گذاشت؟']",D,سدها اکوسیستم رودخانه را تغییر می‌دهند و بر زندگی آبزیان اثر می‌گذارند، که برای ارزیابی زیست‌محیطی حیاتی است.,D,0.9354776740074158,D,0.9762783050537109,True,True,True,True,[6.0213294e-02 3.8493071e-03 4.5973420e-04 9.3547767e-01],[2.2959866e-02 6.1185972e-04 1.4994266e-04 9.7627831e-01]
831,کدام عوامل می‌توانند بیشترین تأثیر را بر سلامت یک سیستم رودخانه‌ای داشته باشند؟,"['نوع خاک و شوری', 'سطح نیترات و کدورت', 'مصرف انسانی و pH', 'بلایای طبیعی و تغییرات جزر و مد']",B,نیترات و کدورت مستقیماً کیفیت آب و حیات اکوسیستم رودخانه را تحت تأثیر قرار می‌دهند.,D,0.6670002937316895,B,0.996749997138977,False,True,True,True,[0.19184673 0.07057647 0.07057647 0.6670003 ],[2.4900741e-03 9.9675000e-01 2.0439773e-04 5.5561069e-04]
832,یک تفاوت مهم بین موجودات زنده و غیرزنده این است که تنها موجودات زنده دارای هستند,"['ترکیبات', 'عناصر', 'مولکول\u200cها', 'سلول\u200cها']",D,موجودات زنده از واحدهای سازمان‌یافته حیات تشکیل شده‌اند که در غیرزنده وجود ندارد.,D,0.9220080375671387,D,0.9328567385673523,True,True,True,True,[0.02437947 0.05161134 0.00200119 0.92200804],[0.01172002 0.03610021 0.01932305 0.93285674]
833,کدام ویژگی از یک گربه‌ بچه یک صفت اکتسابی است که به دلیل تأثیرات محیطی به‌دست آمده‌است؟,"['تمیز کردن گوش\u200cهایش', 'خوابیدن روی صندلی', 'تیز کردن چنگال\u200cهایش', 'میاو کردن وقتی که گرسنه است']",C,این رفتار از طریق تجربه و یادگیری محیطی به دست می‌آید و ذاتی نیست.,A,0.7424097061157227,B,0.5034249424934387,False,False,False,False,[0.7424097  0.07886312 0.08936363 0.08936363],[0.3459986  0.50342494 0.02229243 0.12828407]
834,دانشجویی در حیاط جلو خانه‌اش درختچه‌های گل سرخ می‌کارد. این دانشجو غالباً در حال کشیدن علف‌های هرز از پای درختچه‌های گل سرخ دیده می‌شود. محتمل‌ترین دلیل برای کشیدن علف‌های هرز چیست؟,"['علف\u200cهای هرز کودهایی به خاک اضافه می\u200cکنند.', 'علف\u200cهای هرز از مواد مغذی\u200cای که گل\u200cها به آنها نیاز دارند، استفاده می\u200cکنند.', 'علف\u200cهای هرز باکتری\u200cهای خاک را افزایش می\u200cدهند.', 'علف\u200cهای هرز اکسیژن بیشتری مصرف می\u200cکنند.']",B,علف‌های هرز با جذب منابع ضروری، رشد گل‌ها را محدود می‌کنند و حذف آن‌ها به سلامت گیاه کمک می‌کند.,A,0.6241004467010498,B,0.9899514317512512,False,True,True,True,[0.62410045 0.33536434 0.03507207 0.00546318],[9.8195430e-03 9.8995143e-01 1.9145061e-04 3.7698861e-05]
835,یک اوپوسوم ماده می‌تواند ۵-۱۵ فرزند به دنیا بیاورد. چه چیزی با زاد و ولد بیشتر افزایش می‌یابد؟,"['نرخ بلوغ آنها', 'تعداد منابع غذایی قابل اعتماد', 'مقدار مراقبت مادری برای هر فرزند', 'احتمال زنده ماندن و تولید مثل برخی از آنها']",D,تولید تعداد زیاد فرزند با مراقبت کمتر، شانس بقای برخی را افزایش می‌دهد، زیرا در شرایط پرخطر، تعدادی زنده می‌مانند.,C,0.8427204489707947,C,0.9922727346420288,False,False,False,False,[0.13024898 0.01351531 0.84272045 0.01351531],[0.004087   0.00100156 0.99227273 0.00263876]
836,کدام عمل بیشتر به دانشمندان در یافتن درمان‌هایی برای برخی بیماری‌ها کمک کرده است؟,"['خرید تجهیزات جدید', 'یادگیری درباره باکتری\u200cها', 'یافتن مواد شیمیایی در گیاهان', 'اجتناب از حیوانات سمی']",B,درک میکروب‌ها اساس درمان بیماری‌های عفونی را فراهم کرده و منجر به داروهای نجات‌بخش شده است.,C,0.9542707800865173,B,0.9969895482063293,False,True,True,True,[0.02266253 0.01999962 0.9542708  0.00306704],[1.6852734e-03 9.9698955e-01 1.1582703e-03 1.6686466e-04]
837,کدام سیستم دارای لایه‌هایی از بافت ماهیچه‌ای صاف است که برای حرکت مواد مغذی و زائدات جامد و مایع در بدن منقبض می‌شود؟,"['تنفسی', 'اسکلیتی', 'درون\u200cریز', 'گوارشی']",D,این سیستم شامل لوله‌ای با عضلات صاف است که با انقباض، مواد غذایی و ضایعات را در بدن جابه‌جا می‌کند و با توضیح داده شده مطابقت دارد.,B,0.7997236847877502,D,0.6636379361152649,False,True,True,True,[0.05092531 0.7997237  0.08396164 0.06538939],[0.01215495 0.31348035 0.01072671 0.66363794]
838,دانشمندان ادعا می‌کنند که قاره‌های آمریکای جنوبی و آفریقا روزگاری یک تودهٔ زمینی واحد بوده‌اند. تمامی مشاهدات زیر از این ادعا حمایت می‌کنند به جز,"['کوه\u200cهای موجود در این قاره\u200cها دارای سنگ\u200cهای مشابه با سن یکسان هستند.', 'این قاره\u200cها به\u200cگونه\u200cای به هم متصل می\u200cشوند که مانند قطعات یک پازل به نظر می\u200cرسند.', 'ماهی\u200cهای مشابهی در اقیانوس\u200cهای اطراف سواحل این قاره\u200cها زندگی می\u200cکنند.', 'از این قاره\u200cها فسیل\u200cهای مشابهی پیدا شده است.']",C,پراکندگی ماهی‌ها از طریق جریان‌های اقیانوسی رخ می‌دهد و ارتباط مستقیمی با اتصال خشکی‌ها ندارد.,B,0.75677889585495,A,0.5555143356323242,False,False,False,False,[0.19209257 0.7567789  0.01800753 0.03312092],[0.55551434 0.05207614 0.3343144  0.05809513]
839,کدام یک بهترین توصیف‌گر سرعت یک توپ است که به طور مستقیم به سمت بالا پرتاب شده و مجدداً به زمین می‌افتد؟,"['توپ با سرعتی ثابت به سمت بالا می\u200cرود، متوقف می\u200cشود، سپس با سرعتی ثابت به سمت پایین می\u200cآید.', 'توپ با سرعتی ثابت به سمت بالا می\u200cرود، متوقف می\u200cشود و در حین سقوط سرعتش افزایش می\u200cیابد.', 'توپ در حین صعود به آرامی و آرامتر می\u200cشود، متوقف می\u200cشود و سپس در حین سقوط سرعتش سریعتر و سریعتر می\u200cشود.', 'توپ در حین صعود به آرامی و آرامتر می\u200cشود، متوقف می\u200cشود و سپس با سرعتی ثابت به سمت پایین می\u200cآید.']",C,شتاب گرانش هنگام بالا رفتن سرعت را کاهش داده و هنگام پایین آمدن افزایش می‌دهد.,B,0.6671336889266968,B,0.5434197187423706,False,False,False,False,[0.10190941 0.6671337  0.11547848 0.11547848],[0.12220433 0.5434197  0.10784495 0.22653104]
840,کدام رویداد جوی معمولاً شامل بارش های سنگین، وزش بادهای شدید و دماهای سطحی زیر ۰ درجه سانتیگراد است؟,"['برف سنگین', 'طوفان', 'طوفان رعد و برق', 'تورنادو']",A,این پدیده با بارش شدید، وزش باد قوی و سرمای زیر صفر مشخص می‌شود که تنها با یک نوع بارش زمستانی مطابقت دارد. سایر موارد معمولاً دماهای بالاتری دارند.,B,0.8032545447349548,B,0.46203044056892395,False,False,False,False,[0.03529254 0.80325454 0.1581702  0.00328272],[0.21824773 0.46203044 0.31754857 0.00217332]
841,پرندگانی که در حین رشد تغذیه مناسب دریافت نمی‌کنند، به عنوان پرندگان بالغ کمتر آواز می‌خوانند و مدت زمان کمتری آواز می‌زنند. کدامیک از موارد زیر بهترین توصیف‌کننده‌ی پیامد استرس تغذیه‌ای در این پرندگان آوازخوان است؟,"['احتمال کمتری دارند که از شکارچیان جلوگیری کنند.', 'احتمال کمتری دارند که مکان\u200cهای لانه\u200cگذاری خوبی بیابند.', 'احتمال کمتری دارند که منابع غذایی مناسب پیدا کنند.', 'احتمال کمتری دارند که آزادانه جفتی پیدا کنند و ژن\u200cهای خود را منتقل کنند.']",D,کمبود تغذیه رشد، آواز را کاهش می‌دهد که برای جذب جفت و انتقال ژن‌ها حیاتی است، در نتیجه موفقیت تولیدمثلی کم می‌شود.,B,0.4329064190387726,D,0.5831280946731567,False,True,True,True,[0.33583343 0.43290642 0.02756689 0.20369329],[0.10093741 0.31090912 0.00502538 0.5831281 ]
842,فلیشیا مشاهده کرد که دماهای هوا در برخی از فصل‌ها خنک‌تر و ساعات روشنایی کمتر است. کدام یک از موارد زیر به این تغییرات فصلی کمک می‌کند؟,"['زمین در محور خود می\u200cچرخد.', 'زمین به دور خورشید می\u200cچرخد.', 'خورشید در زمستان انرژی کمتری دارد.', 'خورشید در زمستان از زمین دورتر می\u200cشود.']",B,چرخش سیاره به دور ستاره و زاویه محوری آن باعث تغییر زاویه تابش و مدت زمان دریافت نور در طول سال می‌شود.,A,0.9697347283363342,A,0.9941779375076294,False,False,False,False,[9.6973473e-01 2.5716677e-02 6.0479832e-04 3.9437800e-03],[9.9417794e-01 5.1966277e-03 3.3220931e-04 2.9317368e-04]
843,دانشمندان در حال جمع آوری نمونه هایی از رسوبات بستر در خلیج بیسکین هستند. نتایج آزمایش نشان می دهد که شوری در خلیج در حال افزایش است. کدام تأثیر انسانی ممکن است به این تغییرات محیطی منجر شده باشد؟,"['تأسیس خلیج به عنوان یک پارک ملی در سال ۱۹۸۰', 'پیدا کردن کشتی های غرق شده در کف خلیج', 'جمع آوری موجودات دریایی از قعر خلیج', 'توسعه نیروگاه ها در沿 ساحل خلیج']",D,تخلیه پساب گرم از تأسیسات ساحلی باعث تبخیر بیشتر و افزایش غلظت نمک می‌شود.,D,0.6340998411178589,D,0.634553074836731,True,True,True,True,[6.7095213e-02 2.9835981e-01 4.4507504e-04 6.3409984e-01],[0.02499175 0.3396518  0.00080336 0.6345531 ]
844,کریس یک لیوان آب را بر روی لبه ی پنجره گذاشت. وقتی چند روز بعد به لیوان نگاه کرد، مقداری از آب تبخیر شده بود. کدام یک از موارد زیر بهترین توصیف را از آنچه که برای ذرات آب تبخیر شده اتفاق افتاد ارائه می‌دهد؟,"['آنها بزرگتر شدند.', 'آنها در هوا پخش شدند.', 'آنها توسط لیوان جذب شدند.', 'آنها از لیوان به هوا منتقل شدند.']",B,مولکول‌های آب انرژی گرفته و از مایع به گاز تبدیل شده و به هوا منتقل می‌شوند.,D,0.5484820008277893,B,0.9708532691001892,False,True,True,True,[0.20177525 0.22864132 0.02110146 0.548482  ],[1.2413695e-02 9.7085327e-01 7.9358101e-04 1.5939500e-02]
845,برخی از غذاهایی که انسان‌ها می‌خورند، مانند ذرت و نخود فرنگی، در واقع دانه‌هایی از گیاهان هستند. بهترین توصیف از نقش انسان‌ها در یک شبکه غذایی شامل این گیاهان چیست؟,"['مصرف\u200cکننده', 'پسماندساز', 'تولیدکننده', 'لاشخور']",A,انسان‌ها با مصرف گیاهان برای تغذیه، انرژی کسب می‌کنند و [MASK] نیستند، بنابراین نقش [MASK] دارند.,A,0.9857051372528076,A,0.9907293915748596,True,True,True,True,[0.98570514 0.00756648 0.00357415 0.00315418],[0.9907294  0.00663648 0.0014808  0.00115325]
846,مارهای موش، Elaphe obsoleta، گونه‌ای هستند که از جمعیت‌های متعدد و متمایز در مناطق مختلف تشکیل شده‌اند. هر یک از این جمعیت‌ها نشانه‌ها و رنگ‌های متفاوتی دارند. مارهای موش احتمالاً در کجا خاکستری خواهند بود؟,"['در یک جنگل', 'در یک باتلاق', 'در یک گودال شن', 'در یک مزرعه ذرت']",C,این مارها برای استتار در محیط‌های شنی رنگ خاکستری به خود می‌گیرند تا با زمینه هماهنگ شده و پنهان بمانند.,A,0.3858504891395569,C,0.9955718517303467,False,True,True,True,[0.3858505 0.2065309 0.3858505 0.0217682],[3.8221660e-03 4.7098327e-04 9.9557185e-01 1.3493896e-04]
847,دانش‌آموزان هنگام مشاهده خورشید باید چه احتیاطی را رعایت کنند؟,"['فقط از تجهیزات جدید استفاده کنید.', 'از تلسکوپ بسیار قوی استفاده کنید.', 'تصویر را بر روی یک قطعه مقوا پروژکت کنید.', 'فقط در صبح به خورشید نگاه کنید.']",C,تماس مستقیم نور خورشید با چشم خطرناک است و مشاهده غیرمستقیم آن با تاباندن تصویر روی سطح، ایمن‌ترین روش محسوب می‌شود.,C,0.6001424193382263,C,0.9910835027694702,True,True,True,True,[0.22251166 0.07223896 0.6001424  0.10510706],[6.7565846e-03 1.9357940e-03 9.9108350e-01 2.2408442e-04]
848,یک قطره رنگ خوراکی قرمز به یک کاسه آب اضافه می‌شود. چند دقیقه بعد، تمام آب قرمز می‌شود. کدام یک از این موارد تغییراتی که اتفاق افتاده را توصیف می‌کند؟,"['فرسایش', 'اسمز', 'انتشار', 'انتقال خون']",C,مولکول‌های رنگ به دلیل اختلاف غلظت به طور طبیعی در آب پخش می‌شوند تا تعادل ایجاد شود.,A,0.5526165962219238,A,0.8465554118156433,False,False,False,False,[0.5526166  0.14027022 0.01016114 0.29695204],[0.8465554  0.04813397 0.08992609 0.01538454]
849,در مقایسه با وسایل نقلیه با اندازه مشابه که از سوخت بنزینی استفاده می‌کنند، وسایل نقلیه هیبریدی برقی-بنزینی به طور اصلی طراحی شده‌اند تا,"['اسب بخار بیشتری تولید کنند.', 'انتشار گازهای گلخانه\u200cای را حذف کنند.', 'به طور مستقل از سوخت\u200cهای فسیلی عمل کنند.', 'مصرف سوخت بهتری ارائه دهند.']",D,این خودروها با ترکیب دو موتور و بازیابی انرژی، کارایی را افزایش و مصرف سوخت را کاهش می‌دهند.,B,0.9820703268051147,B,0.9594826102256775,False,False,False,False,[0.00351777 0.9820703  0.00213363 0.01227822],[7.2262650e-03 9.5948261e-01 3.9513505e-04 3.2895878e-02]
850,سؤالی: یک دانش‌آموز از توصیف‌ها برای طبقه‌بندی موجودات استفاده می‌کند. یک موجود به عنوان موجودی توصیف شده است که اندام‌های حسی برای تشخیص گرما دارد، تخم‌گذاری برای تولید مثل می‌کند، از زهر برای محافظت استفاده می‌کند و توانایی تغییر دمای بدن با محیط اطرافش را دارد. این دانش‌آموز چگونه این موجود را طبقه‌بندی خواهد کرد؟,"['الف) باکتری', 'ب) پستاندار', 'ج) خزنده', 'د) پرنده']",C,ویژگی‌های توصیف‌شده مانند تخم‌گذاری و خونسردی، مختص خزندگان است.,B,0.8943643569946289,B,0.8290241956710815,False,False,False,False,[0.01663882 0.89436436 0.02420933 0.06478754],[0.01919451 0.8290242  0.12713498 0.02464624]
851,گوگرد (S)، اکسیژن (O2)، آب (H2O) و کلرید سدیم (NaCl) همگی نمونه‌هایی از مواد خالص هستند. کدامیک از موارد زیر تمام مواد خالص را توصیف می‌کند؟,"['الف) یک ماده خالص تنها از یک نوع عنصر تشکیل شده است.', 'ب) یک ماده خالص دارای ترکیب شیمیایی مشخصی است.', 'ج) یک ماده خالص نمی\u200cتواند به مواد ساده\u200cتر تقسیم شود.', 'د) یک ماده خالص معمولاً در دمای اتاق به صورت جامد وجود دارد.']",B,تمام مواد خالص ترکیب شیمیایی ثابتی دارند، چه عنصر باشند و چه ترکیب، برخلاف تعریف ناقص تجزیه‌ناپذیری.,B,0.38676896691322327,B,0.7558613419532776,True,True,True,True,[0.26582217 0.38676897 0.30121598 0.04619297],[0.10149865 0.75586134 0.13032684 0.01231318]
852,در ابتدای سال 2003، پروژه ژنوم انسانی توالی جفت‌های پایه در ژن‌ها در DNA انسانی را شناسایی کرد. با تمام این اطلاعات، بسیاری از عملکردهای ژن‌ها هنوز ناشناخته هستند. در حال حاضر، دانشمندان در حال مطالعه بسیاری از این ژن‌ها هستند تا بیشتر در مورد آن‌ها بیاموزند. اهمیت این کشف ژنتیکی جدید چیست؟,"['می\u200cتواند روش\u200cهای جدیدی برای ایجاد بیماری\u200cها فراهم کند.', 'می\u200cتواند منجر به نسخه\u200cبرداری سریع\u200cتر کروموزوم\u200cها شود.', 'می\u200cتواند به ساختار ساده\u200cتری برای DNA منجر شود.', 'می\u200cتواند راه\u200cهای جدیدی برای درمان بیماری\u200cها فراهم کند.']",D,شناسایی توالی DNA زمینه درک بیماری‌ها و توسعه درمان‌های هدفمند را فراهم می‌کند.,D,0.5140543580055237,D,0.9444623589515686,True,True,True,True,[0.35330406 0.1309927  0.00164895 0.51405436],[4.6293002e-02 8.5633444e-03 6.8129547e-04 9.4446236e-01]
853,مارنی ۱۵۰۰ متر دور پیست مدرسه می‌دود. برای اینکه بتواند سرعت خود را محاسبه کند، به چه چیزی نیاز دارد؟,"['زمان او از شروع تا پایان', 'تعداد گام\u200cهایی که برداشته است', 'نرخ ضربان قلب او در خط پایان', 'جهتی که در آن شروع به دویدن کرده است']",A,سرعت با تقسیم مسافت بر زمان محاسبه می‌شود و زمان تنها کمیت لازم است که داده نشده.,A,0.9995062351226807,A,0.9990419745445251,True,True,True,False,[9.9950624e-01 2.9845603e-04 8.5509084e-05 1.0979584e-04],[9.9904197e-01 7.0949399e-04 1.0880443e-04 1.3970767e-04]
854,کبد گلوکز را به گلیکوژن برای ذخیره‌سازی تبدیل می‌کند. چرا این عمل تغییر شیمیایی محسوب می‌شود؟,"['چون تبدیل، جامدات را به مایعات تبدیل می\u200cکند', 'چون تبدیل، مقدار کمتری گلوکز در کبد را امکان\u200cپذیر می\u200cکند', 'چون تبدیل، یک ماده را به ماده\u200cای جدید تبدیل می\u200cکند', 'چون تبدیل، شکل سلول\u200cهای کبدی را تغییر می\u200cدهد']",C,چون ساختار مولکولی تغییر کرده و ماده جدیدی با ویژگی‌های متفاوت تشکیل می‌شود.,C,0.9173678755760193,C,0.9266589283943176,True,True,True,True,[0.06677918 0.01490045 0.9173679  0.00095255],[6.6604562e-02 6.1951894e-03 9.2665893e-01 5.4132962e-04]
855,نشانه‌ای که نشان می‌دهد درخت سیب قرار است شروع به تولید سیب کند، زمانی است که درخت ___ دارد.,"['ریشه', 'دانه\u200cها', 'برگ\u200cها', 'گل\u200cها']",D,[MASK] مرحله ضروری برای تشکیل میوه هستند و ظهورشان نشانه شروع تولید است.,D,0.8231915235519409,D,0.7978401780128479,True,True,True,False,[0.00703903 0.00703903 0.16273044 0.8231915 ],[0.05140425 0.06600437 0.08475127 0.7978402 ]
856,کدام یک از گزینه‌های زیر، اثر محتمل‌تری از قطع تعداد زیادی درخت است؟,"['از دست رفتن زیستگاه برای حیوانات', 'افزایش اکسیژن در هوا', 'کاهش سطح آلودگی', 'کاهش فرسایش خاک']",A,جنگل‌زدایی زیستگاه طبیعی جانوران را نابود می‌کند و بقای آن‌ها را تهدید می‌نماید.,A,0.9259908199310303,A,0.9956525564193726,True,True,True,True,[0.9259908  0.0358345  0.01026676 0.02790794],[9.9565256e-01 3.6332121e-03 8.2816092e-05 6.3135760e-04]
857,کربن در زمین در مواد زنده و غیرزنده یافت می‌شود. برای اینکه کربن به طور مداوم در دسترس باشد، باید بازیافت شود. کربن از طریق کدام فرآیند در جو در دسترس قرار می‌گیرد؟,"['تشکیل سوخت\u200cهای فسیلی', 'لایه\u200cبندی خاک', 'فتوسنتز گیاهان', 'آتش\u200cسوزی\u200cهای جنگلی']",D,گیاهان با جذب کربن از هوا و ذخیره آن در بافت‌های خود، این عنصر را به چرخه طبیعت بازمی‌گردانند.,C,0.9793114066123962,C,0.9816017746925354,False,False,False,False,[2.0384593e-02 1.3312447e-04 9.7931141e-01 1.7093522e-04],[1.7978664e-02 2.9059802e-04 9.8160177e-01 1.2895210e-04]
858,بهترین دلیل برای اینکه تقسیم سلولی در بدن ما مداوم اتفاق می‌افتد چیست؟,"['بدن باید به طور مداوم تنفس کند.', 'افراد فعال معمولاً به غذای بیشتری نسبت به افراد غیر فعال نیاز دارند.', 'انواع مختلفی از بافت\u200cها در بدن انسان وجود دارد.', 'انسان\u200cها میلیون\u200cها... را از دست می\u200cدهند.']",D,سلول‌ها به دلیل پیری یا آسیب از بین می‌روند و تقسیم سلولی برای جایگزینی آن‌ها و حفظ عملکرد بدن ضروری است.,C,0.6279222369194031,D,0.5519341826438904,False,True,True,True,[0.33610258 0.01911033 0.62792224 0.0168648 ],[0.20304525 0.01494017 0.2300804  0.5519342 ]
859,نتیجه احتمالی حرکت ماه به دور از زمین چیست؟,"['روز ماه کوتاه\u200cتر است.', 'کسوف ماه طولانی\u200cتر می\u200cشود.', 'زمین به خورشید نزدیک\u200cتر می\u200cشود.', 'مدهای زمین کوچکتر می\u200cشوند.']",D,دور شدن ماه نیروی گرانش را کاهش داده و دامنه جزر و مد را کم می‌کند.,B,0.7128561735153198,A,0.7877942323684692,False,False,False,False,[0.23143052 0.7128562  0.0243926  0.03132071],[0.78779423 0.13689812 0.01823991 0.05706763]
860,پالئوتنتیک‌ها مدلی از یک دایناسور را از روی استخوان‌ها و دندان‌های فسیل شده آن ساخته و تشکیل می‌دهند. استخوان‌ها و دندان‌های فسیل شده می‌توانند به پالئوتنتیک‌ها کمک کنند تا همه موارد زیر را درباره دایناسور استنباط کنند به جز,"['قد دایناسور.', 'نوع غذایی که دایناسور می\u200cخورد.', 'طول دایناسور.', 'رنگ پوست دایناسور.']",D,فسیل‌ها ساختار و تغذیه را نشان می‌دهند، اما رنگ پوست حفظ نمی‌شود.,C,0.7650691866874695,B,0.3863835632801056,False,False,False,False,[0.19419688 0.03794205 0.7650692  0.0027918 ],[0.2655573  0.38638356 0.00707686 0.3409823 ]
861,یک توپ بولینگ 7.0 کیلویی به ارتفاع 1.0 متری از سطح زمین بلند می‌شود. یک توپ 7.0 کیلویی دیگر به ارتفاع 2.0 متری از سطح زمین بلند می‌شود. کدام یک از موارد زیر بهترین توضیح را برای این مسئله می‌دهد که چرا نیروی جاذبه اندازه‌گیری شده بر روی هر توپ تقریباً یکسان است؟,"['پتانسیل نهایی انرژی هر توپ افزایش یافته است.', 'مقدار کار لازم برای بلند کردن هر توپ یکسان است.', 'فاصله هر توپ از مرکز جرم زمین تقریباً یکسان است.', 'نیروی جاذبه هر توپ بر دیگری نیروی جاذبه زمین را خنثی می\u200cکند.']",C,با توجه به جرم یکسان توپ‌ها و اختلاف ناچیز ارتفاع نسبت به شعاع زمین، فاصله از مرکز زمین تقریباً برابر است.,A,0.9378952383995056,C,0.9439892172813416,False,True,True,True,[0.93789524 0.03622437 0.01054189 0.01533836],[0.0530486  0.00184381 0.9439892  0.00111833]
862,کدام تغییر ناشی از گرمایش سیارات در حین شکل‌گیری آنها بود؟,"['جرم آنها افزایش یافت.', 'آنها بیشتر ایزوتوپ\u200cهای رادیواکتیو خود را از دست دادند.', 'ساختار آنها به لایه\u200cهای متمایز تقسیم شد.', 'آنها شروع به چرخش به دور خورشید کردند.']",C,گرمایش باعث ذوب و جدایی مواد بر اساس چگالی شد و لایه‌های متمایز مانند هسته و پوسته را تشکیل داد.,C,0.8828221559524536,C,0.9973560571670532,True,True,True,True,[0.08251718 0.0162486  0.88282216 0.01841207],[2.4529595e-03 1.0445962e-04 9.9735606e-01 8.6600070e-05]
863,مایکل یک کیف مداد از چوب کاج دارد. سطح کیف مداد به راحتی خراشیده و فرورفته می‌شود. او می‌خواهد یک کیف مداد جدید بسازد که به راحتی خراشیده یا فرورفته نشود. مایکل برای ساخت کیف مداد جدیدش که به راحتی خراشیده یا فرورفته نشود، باید کدام یک از گزینه‌های زیر را انتخاب کند؟,"['اندازه کیف مداد را متفاوت بسازد', 'از ماده دیگری برای ساخت کیف مداد استفاده کند', 'کیف مداد را از یک تکه دیگر چوب کاج بسازد', 'از یک تکه ضخیم\u200cتر چوب کاج برای ساخت کیف مداد استفاده کند']",B,مشکل اصلی نرمی چوب کاج است و تغییر اندازه یا ضخامت آن مقاومت لازم را ایجاد نمی‌کند، بنابراین باید ماده‌ای بادوام‌تر انتخاب شود.,B,0.945621907711029,B,0.983479380607605,True,True,True,True,[1.7051153e-02 9.4562191e-01 6.6114491e-04 3.6665741e-02],[2.4094004e-03 9.8347938e-01 2.4613572e-04 1.3865141e-02]
864,پاول چهار نمونه مختلف آب را مشاهده می کند. او دمای هر نمونه و حجم آن را ثبت می کند. کدام یک از نمونه های او بیشترین مقدار انرژی گرمایی را دارد؟,"['100 میلی لیتر آب با دمای 10 درجه سانتی گراد', '100 میلی لیتر آب با دمای 25 درجه سانتی گراد', '5 لیتر آب با دمای 10 درجه سانتی گراد', '5 لیتر آب با دمای 25 درجه سانتی گراد']",D,نمونه با بیشترین حجم و بالاترین دما، انرژی گرمایی بیشتری دارد.,A,0.36871013045310974,B,0.6378713250160217,False,False,False,False,[0.36871013 0.223634   0.08227035 0.32538554],[0.14456968 0.6378713  0.01047259 0.2070865 ]
865,زیرا آب می‌تواند مقدار زیادی گرما را حفظ کند، اقیانوس‌ها چه تأثیری بر نواحی خشکی نزدیک خود دارند؟,"['از تغییرات دمایی شدید و سریع جلوگیری می\u200cکنند.', 'منطقه\u200cهای فشار بالا ایجاد می\u200cکنند که باعث جریان\u200cهای ماگما می\u200cشود.', 'انرژی لازم برای بروز رویدادهای آتشفشانی را تأمین می\u200cکنند.', 'نقطه انجماد آب شیرین را کاهش می\u200cدهند.']",A,ظرفیت گرمایی بالای آب، اقیانوس‌ها را قادر می‌سازد تا دمای مناطق ساحلی را تعدیل کرده و از نوسانات شدید جلوگیری کنند.,A,0.9451676607131958,A,0.9990711212158203,True,True,True,True,[0.94516766 0.04689656 0.005601   0.00233484],[9.9907112e-01 8.0634438e-04 4.2734686e-05 7.9838908e-05]
866,کدام ویژگی باعث تمایز سلول گیاهی از سلول حیوانی می‌شود؟,"['توانایی استفاده از انرژی', 'توانایی جذب مواد مغذی', 'توانایی تقسیم به دو سلول', 'توانایی تبدیل نور خورشید به انرژی']",D,سلول‌های گیاهی با داشتن کلروپلاست می‌توانند نور خورشید را به انرژی تبدیل کنند، در حالی که سلول‌های حیوانی این قابلیت را ندارند.,C,0.9779111742973328,A,0.6914258599281311,False,False,False,False,[0.00832942 0.01069519 0.9779112  0.00306422],[0.69142586 0.01266391 0.00768105 0.28822917]
867,کدام یک از موارد زیر محصول جانبی تنفس سلولی در حیوانات است؟,"['اکسیژن', 'گرما', 'قند', 'پروتئین']",B,تنفس سلولی انرژی و [MASK] تولید می‌کند که برای تنظیم دمای بدن حیوانات ضروری است.,B,0.992913544178009,B,0.9966384172439575,True,True,True,True,[0.00314791 0.99291354 0.00245159 0.00148697],[1.4186426e-03 9.9663842e-01 1.5101373e-03 4.3266156e-04]
868,کدام یک یک تغییر شیمیایی است؟,"['عنصر ۱ به ورقه\u200cای نازک کوبیده می\u200cشود.', 'عنصر ۲ گرم می\u200cشود و به مایع تبدیل می\u200cشود.', 'عنصر ۳ در هوا رنگ مایل به سبز به خود می\u200cگیرد.', 'عنصر ۴ به پودری نرم و لیز تبدیل می\u200cشود.']",C,تغییر رنگ در هوا نشان‌دهنده واکنش شیمیایی و تشکیل ماده جدید است، برخلاف تغییرات فیزیکی دیگر.,A,0.6023479104042053,C,0.5766966342926025,False,True,True,True,[0.6023479  0.15111221 0.21986698 0.02667289],[0.39635742 0.01755131 0.57669663 0.00939454]
869,کدامیک از این عوامل بر سرعت حرکت موج صوتی تأثیر می‌گذارد؟,"['نوع ماده\u200cای که موج صوتی از آن عبور می\u200cکند', 'دامنه لرزش\u200cهای موج صوتی', 'طول موج اختلال در محیط', 'نوع حرکتی که سبب شکل\u200cگیری موج صوتی شده است']",A,سرعت صوت به ویژگی‌های فیزیکی محیط بستگی دارد که توسط نوع ماده تعیین می‌شود، نه به مشخصات دیگر موج.,A,0.4923033118247986,A,0.9985645413398743,True,True,True,True,[0.4923033  0.00912314 0.4923033  0.00627023],[9.9856454e-01 6.2582706e-04 4.3012423e-04 3.7958330e-04]
870,مواد به طور شیمیایی یا فیزیکی ترکیب می‌شوند. کدام مواد زمانی که به طور شیمیایی ترکیب می‌شوند، ماده جدیدی را تشکیل می‌دهند؟,"['نمک و فلفل', 'آب و شکر', 'میخ\u200cهای آهنی و سکه\u200cها', 'جوش شیرین و سرکه']",D,واکنش این دو ماده گاز و ترکیبات جدید تولید می‌کند که غیرقابل بازگشت است.,A,0.5097595453262329,C,0.7237436175346375,False,False,False,False,[0.50975955 0.06925847 0.35172352 0.06925847],[0.11098968 0.09794804 0.7237436  0.06731865]
871,تامmy انگشتش را برید. بدن او به انرژی نیاز داشت تا زخم را بهبود بخشد. انرژی مورد نیاز برای بهبود زخم از کجا تأمین شد؟,"['از باندی که بر روی زخم گذاشت', 'از کرم آنتی سپتیکی که بر روی زخم گذاشت', 'از غذایی که خورد', 'از آبی که نوشید']",C,انرژی مورد نیاز برای ترمیم زخم از طریق مواد غذایی مصرف شده و تبدیل آن‌ها به سوخت سلولی تأمین می‌شود.,C,0.8390703201293945,C,0.9822244048118591,True,True,True,True,[0.1128924  0.04706055 0.8390703  0.00097671],[1.3901647e-02 3.5148868e-03 9.8222440e-01 3.5906830e-04]
872,ماه در طی یک دور چرخش زمین به دور خورشید، تقریباً چند بار به دور زمین می‌چرخد؟,"['1', '12', '28', '365']",B,زمین در یک سال کامل به دور خورشید می‌چرخد و ماه در این مدت تقریباً ۱۲ بار گردش خود را به پایان می‌رساند.,D,0.7472395896911621,B,0.9957242012023926,False,True,True,True,[0.21408774 0.02292002 0.01575269 0.7472396 ],[2.5070212e-03 9.9572420e-01 2.4822872e-04 1.5205853e-03]
873,بسیاری از اسب‌ها در پاییز پشم سنگینی می‌رویند و آن پشم را در بهار می‌ریزد. دانشمندان مطمئن نبودند که آیا دما یا مقدار نور روزانه (که به آن دوره نوری می‌گویند) باعث این تغییر می‌شود. بنابراین، آنها آزمایشی انجام دادند و نتیجه‌گیری کردند که تغییر در دوره نوری مسئول تغییرات بیولوژیکی است. ریزش مویی که ناشی از کدام مجموعه شرایط بود می‌توانست به آنها در رسیدن به این نتیجه کمک کند؟,"['یک دوره نوری ثابت، اما دماهای متغیر', 'یک دوره نوری متغیر و دماهای متغیر', 'یک دوره نوری ثابت و دمای ثابت', 'یک دوره نوری متغیر، اما دمای ثابت']",D,برای تشخیص عامل مؤثر، باید تنها طول روز تغییر کند و دما ثابت بماند تا تأثیر آن به‌وضوح مشخص شود.,D,0.5170319080352783,D,0.8651306629180908,True,True,True,True,[0.07928941 0.40266487 0.00101382 0.5170319 ],[0.118001   0.00277512 0.01409321 0.86513066]
874,دانشمندان نگران وجود فلزات سنگین مانند سرب و جیوه در محیط زیست هستند زیرا,"['فلزات سنگین برخی از اشکال حیات را تهدید می\u200cکنند.', 'فلزات سنگین منابع قابل دسترس را افزایش می\u200cدهند.', 'مواجهه با فلزات سنگین باعث جهش\u200cهای سالم می\u200cشود.', 'استخراج فلزات سنگین باعث ثبات محیطی می\u200cشود.']",A,این فلزات به دلیل سمیت بالا و تجمع در زنجیره غذایی، برای سلامت انسان و محیط زیست خطرناک هستند و باعث بیماری‌های مختلف می‌شوند.,A,0.9955494403839111,A,0.9977128505706787,True,True,True,True,[9.9554944e-01 3.5357093e-03 3.7266102e-04 5.4221862e-04],[9.9771285e-01 1.4970737e-03 4.8602867e-04 3.0414897e-04]
875,کدام یک از موارد زیر وضعیت آب را به صورت جامد توصیف می‌کند؟,"['بخار در حال بالا رفتن در آسمان', 'بَرخورد در حین طوفان', 'موج\u200cهایی که به کناره دریا برخورد می\u200cکنند', 'باران در حال سقوط از ابرها']",B,باران در دمای بسیار پایین به شکل جامد مانند برف یا تگرگ درمی‌آید.,D,0.5107070803642273,A,0.5366909503936768,False,False,False,False,[0.21289438 0.2733618  0.00303678 0.5107071 ],[0.53669095 0.13569672 0.00209289 0.32551953]
876,دلا در یک شیشه مخلوطی از خاک و آب دارد. کدام یک از ابزارهای زیر بهترین کمک را به دلا برای جدا کردن خاک از آب خواهد کرد؟,"['یک فیلتر', 'یک پیمانه اندازه\u200cگیری', 'یک ترازوی وزن', 'یک ذره\u200cبین']",A,فیلتر با منافذ ریز، ذرات جامد را از آب جدا می‌کند و روشی مؤثر برای جداسازی است.,A,0.9715999960899353,A,0.9967008233070374,True,True,True,True,[9.7160000e-01 2.4438938e-03 8.9018824e-05 2.5866989e-02],[9.9670082e-01 1.3275789e-03 4.0089410e-05 1.9316159e-03]
877,جدول تناوبی عناصر به گونه‌ای تنظیم شده است که عناصر با ویژگی‌های مشابه در یک ستون قرار دارند. کدام عنصر فلزی بسیار واکنش‌پذیر است؟,"['کلر (Cl)', 'هلیوم (He)', 'منیزیم (Mg)', 'نقره (Ag)']",C,این عنصر در گروهی با واکنش‌پذیری بالا قرار دارد و تمایل شدیدی به از دست دادن الکترون‌های ظرفیت خود نشان می‌دهد.,A,0.7336729168891907,A,0.9125226140022278,False,False,False,False,[0.7336729  0.00827872 0.01985962 0.23818871],[0.9125226  0.00694003 0.01469205 0.06584521]
878,کدام نوع انرژی در سوخت‌های فسیلی یافت می‌شود؟,"['شیمیایی', 'مکانیکی', 'هسته\u200cای', 'تابشی']",A,این سوخت‌ها انرژی خود را در پیوندهای مولکولی ذخیره می‌کنند و با سوختن آن را به صورت گرما آزاد می‌سازند.,C,0.8890702128410339,C,0.6200900077819824,False,False,False,False,[1.0577032e-01 4.3906621e-04 8.8907021e-01 4.7204066e-03],[0.3761036  0.00088958 0.62009    0.00291681]
879,کدام رفتار یک سگ بهترین مثال برای یک رفتار آموخته شده است؟,"['پارس کردن', 'میش ودن دُم', 'کندن یک سوراخ', 'زمانی که نامش برده شود، می\u200cآید']",D,این واکنش از طریق آموزش و تمرین به دست می‌آید و ذاتی نیست، برخلاف سایر رفتارهای غریزی.,D,0.8409940600395203,D,0.7420060634613037,True,True,True,False,[0.07776763 0.07776763 0.00347068 0.84099406],[0.04202496 0.06928744 0.14668152 0.74200606]
880,یک دانشمند آزمایشی در مورد نرخ رشد یک گونه خاص از گیاه انجام می‌دهد. کدام یک از موارد زیر برای قابل اعتماد بودن داده‌ها توسط دیگر دانشمندان ضروری است؟,"['تحقیقات باید از متغیرهای زیادی استفاده کند.', 'تجهیزات استفاده شده در تحقیق باید جدید باشند.', 'نتایج تحقیق باید به دقت ثبت شوند.', 'تحقیق باید توسط دانشمندان معروف انجام شود.']",C,برای اعتبار داده‌ها، ثبت دقیق نتایج ضروری است تا امکان تکرار آزمایش و تأیید یافته‌ها برای سایر محققان فراهم شود.,C,0.9717466831207275,C,0.9959226846694946,True,True,True,True,[1.9971967e-02 9.3410123e-04 9.7174668e-01 7.3472755e-03],[3.6484217e-03 1.1017278e-04 9.9592268e-01 3.1879553e-04]
881,چهار شمع یکسان روی یک سطح ایمن قرار داده شده و روشن می‌شوند. یکی با یک شیشه کوچک پوشانده شده، یکی با یک شیشه بزرگ پوشانده شده و یکی از شمع‌ها در معرض هوا قرار دارد. یک شمع روشن چهارم در خلاء قرار داده شده است. کدام شمع احتمالاً برای طولانی‌ترین مدت روشن خواهد ماند؟,"['شمعی که در خلاء قرار دارد', 'شمعی که با شیشه کوچک پوشانده شده', 'شمعی که با شیشه بزرگ پوشانده شده', 'شمعی که در معرض هوا قرار دارد']",D,شمع در خلاء به دلیل نبود اکسیژن نمی‌سوزد، بنابراین سوخت آن مصرف نمی‌شود و برای همیشه باقی می‌ماند.,A,0.8293576836585999,A,0.9797534346580505,False,False,False,False,[0.8293577  0.04678916 0.08741365 0.03643943],[0.97975343 0.00586006 0.00586006 0.00852634]
882,کدام یک از این فرآیندها می‌تواند سبب شود که لایه‌های سنگ به گونه‌ای مرتب شوند که لایه‌های جوان‌تر زیر لایه‌های قدیمی‌تر قرار گیرند؟,"['ذوب شدن و سخت شدن', 'سرد شدن و گرم شدن', 'تجمع و سیمان\u200cکاری', 'بالا آمدن و گسل\u200cگیری']",D,حرکات زمین‌ساختی می‌توانند لایه‌های قدیمی را به بالا برانند و لایه‌های جوان را در زیر قرار دهند.,C,0.490719199180603,D,0.7516605854034424,False,True,True,True,[0.23179933 0.01481844 0.4907192  0.26266307],[0.14801075 0.01055564 0.08977306 0.7516606 ]
883,زیستگاه های تالابی می توانند به حمایت از پرندگان و ماهیانی که در آنجا زندگی می کنند ادامه دهند اگر مردم ___.,"['آب را تخلیه کنند', 'بیشترین قسمت های زمین را زیر آب ببرند', 'زمین را همان طور رها کنند', 'از زمین برای کشت محصولات استفاده کنند']",C,حفظ شرایط طبیعی بدون مداخله انسانی، پایداری زیستگاه و موجودات وابسته به آن را تضمین می‌کند.,B,0.6537007093429565,A,0.8670193552970886,False,False,False,False,[0.10024825 0.6537007  0.00556794 0.24048306],[0.86701936 0.03348693 0.00846682 0.0910269 ]
884,یک کلاس در حال مطالعه چگالی نمونه‌های سنگ است. برای تعیین چگالی این نمونه‌ها به چه تجهیزات علمی نیاز دارند؟,"['میکروسکوپ و ترازو', 'پیکنومتر و سیلندر مدرج', 'سیلندر مدرج و ترازو', 'میکروسکوپ و سیلندر مدرج']",C,اندازه‌گیری جرم و حجم برای محاسبه چگالی لازم است که با ابزار مناسب انجام می‌شود.,C,0.979644775390625,C,0.9952711462974548,True,True,True,True,[0.0096041  0.0096041  0.9796448  0.00114705],[3.5338579e-03 1.0446064e-03 9.9527115e-01 1.5048982e-04]
885,یک بشر حاوی ۵۰ میلی‌لیتر یخ بر روی لبه‌ پنجره قرار داده شده است. پس از چند ساعت، یخ ذوب می‌شود. کدام ویژگی یخ در زمان ذوب شدن تغییر نکرد؟,"['جرم', 'حجم', 'دما', 'حالت ماده']",A,در تغییر حالت فیزیکی، مقدار ماده ثابت می‌ماند و تنها شکل آن تغییر می‌کند.,A,0.4332740306854248,A,0.9705360531806946,True,True,True,True,[0.43327403 0.2977846  0.15939261 0.10954883],[0.97053605 0.01065607 0.00940395 0.00940395]
886,هنگامی که حباب‌ صابون درست می‌کنید، داخل حباب‌ها چه چیزی است؟,"['هوا', 'صابون', 'آب', 'هیچ چیز']",A,حباب از لایه‌ای نازک تشکیل شده که [MASK] را درون خود محبوس می‌کند.,A,0.7275182008743286,A,0.5400287508964539,True,True,True,False,[0.7275182  0.05971833 0.20843746 0.00432598],[0.54002875 0.08281609 0.37115598 0.00599918]
887,بسیاری از ستاره‌ها در آسمان شب دیده می‌شوند. کدامین بیانیه بهترین توضیح را برای اینکه چرا خورشید در مقایسه با ستاره‌های دیده شده در آسمان شب درخشان‌تر به نظر می‌رسد، ارائه می‌دهد؟,"['خورشید از ستاره\u200cهای دیده شده در آسمان شب بزرگ\u200cتر است.', 'خورشید از ستاره\u200cهای دیده شده در آسمان شب کوچک\u200cتر است.', 'خورشید از ستاره\u200cهای دیده شده در آسمان شب به زمین نزدیک\u200cتر است.', 'خورشید از ستاره\u200cهای دیده شده در آسمان شب به زمین دورتر است.']",C,فاصله کمتر خورشید به زمین باعث می‌شود نور آن با شدت بیشتری به ما برسد و درخشان‌تر دیده شود.,C,0.7156893014907837,C,0.9860721230506897,True,True,True,True,[0.04593156 0.00693463 0.7156893  0.23144445],[1.2510171e-02 7.7514281e-04 9.8607212e-01 6.4261595e-04]
888,هنگامی که یک آتش‌فشان فوران می‌کند، گدازه از بالای آن جاری می‌شود. چه نوع سنگی هنگام خنک شدن گدازه تشکیل می‌شود؟,"['ماگما', 'آتش\u200cفشانی', 'رسوبی', 'دگرگونی']",B,سنگ حاصل از سرد شدن مواد مذاب خارج شده از آتشفشان، مستقیماً در سطح زمین تشکیل می‌شود.,C,0.5863211750984192,A,0.8320710062980652,False,False,False,False,[0.35562178 0.04850565 0.5863212  0.00955133],[0.832071   0.14402854 0.01747265 0.00642783]
889,سؤالی: یک ماشین اسباب‌بازی با سرعت ثابت در مسیر شیب‌دار مستقیم حرکت می‌کند. زمانی که ماشین به سطح صاف در پایه مسیر شیب‌دار می‌رسد، سرعت ماشین کاهش می‌یابد. کدام بیانیه بهترین توضیح را می‌دهد که چرا سرعت ماشین هنگامی که به سطح صاف می‌رسد کاهش می‌یابد؟,"['الف) نیروی جاذبه\u200cای که بر روی ماشین عمل می\u200cکند افزایش می\u200cیابد.', 'ب) نیروی جاذبه\u200cای که بر روی ماشین عمل می\u200cکند کاهش می\u200cیابد.', 'ج) نیروهای تاثیرگذار بر روی ماشین متعادل نیستند.', 'د) نیروهای تاثیرگذار بر روی ماشین متعادل هستند.']",C,با حذف ناگهانی مؤلفه وزن در جهت حرکت بر روی سطح صاف، نیروهای نامتعادل باعث کاهش سرعت می‌شوند.,C,0.4668385684490204,B,0.32545506954193115,True,False,False,False,[0.19460726 0.11803527 0.46683857 0.22051892],[0.2236818  0.32545507 0.25346467 0.19739848]
890,مشکل استفاده از توربین‌های بادی برای تولید انرژی چیست؟,"['توربین\u200cهای بادی تنها در مناطق خاصی کارآمد هستند.', 'توربین\u200cهای بادی فضای کمی از زمین را اشغال می\u200cکنند.', 'توربین\u200cهای بادی مقدار زیادی انرژی تولید می\u200cکنند.', 'توربین\u200cهای بادی مقدار زیادی آلودگی ایجاد می\u200cکنند.']",A,عملکرد بهینه آن‌ها نیازمند مناطق خاص با وزش باد مناسب است که در همه‌جا در دسترس نیست.,B,0.8718539476394653,A,0.9942565560340881,False,True,True,True,[0.08141244 0.87185395 0.0031567  0.04357694],[9.9425656e-01 4.6677031e-03 3.5993461e-04 7.1581546e-04]
891,کدامیک از عوامل زیر به احتمال زیاد موجب کاهش قدرت یک طوفان می‌شود؟,"['مدت طولانی در یک آب\u200cتنی گرم ماندن.', 'افزایش تعداد ابرهای بزرگ.', 'حرکت بر روی یک قاره.', 'حرکت به سمت آب\u200cهای گرمسیری.']",C,حرکت بر روی خشکی، طوفان را از منبع انرژی اصلی محروم کرده و اصطکاک زمین سرعت آن را کاهش می‌دهد.,B,0.6181131601333618,C,0.615816056728363,False,True,True,True,[0.29311875 0.61811316 0.02387341 0.06489466],[0.1771248  0.0507471  0.61581606 0.15631208]
892,طبقه‌بندی برخی از موجودات تغییر کرده است. کدام فرآیند جدید برای بازطبقه‌بندی موجودات استفاده می‌شود؟,"['موجودات اکنون نام\u200cهای علمی مبتنی بر لاتین دریافت می\u200cکنند.', 'ساختارها اکنون در سطح مولکولی مورد بررسی قرار می\u200cگیرند.', 'موجودات اکنون به سه پادشاهی تقسیم می\u200cشوند.', 'ساختارها اکنون برای طبقه\u200cبندی موجودات استفاده می\u200cشوند.']",B,با استفاده از فناوری‌های مولکولی، روابط تکاملی دقیق‌تر شناسایی می‌شود و طبقه‌بندی بهبود می‌یابد.,B,0.34996816515922546,B,0.9396094679832458,True,True,True,True,[0.21226643 0.34996817 0.08779721 0.34996817],[0.03614909 0.93960947 0.00489225 0.01934922]
893,کدام یک از اینها یک چیز غیرزنده است؟,"['یک قارچ', 'یک درخت', 'یک کرم', 'یک رودخانه']",D,رودخانه فاقد ویژگی‌های حیات است، در حالی که سایر موارد موجودات زنده با فرآیندهای زیستی هستند.,A,0.6905003190040588,D,0.9095281362533569,False,True,True,True,[0.6905003  0.04414221 0.01133666 0.25402087],[0.05141238 0.03533518 0.0037243  0.90952814]
894,آب اقیانوس نزدیک استوا در طول سال گرمای بیشتری نسبت به آب اقیانوس نزدیک قطب شمال جذب می‌کند. کدام یک از گزینه‌های زیر بهترین توضیح‌دهنده این تفاوت است؟,"['استوا به خورشید نزدیک\u200cتر است.', 'استوا دارای سطح دریاهای بالاتری است.', 'استوا نور خورشید مستقیم\u200cتری دریافت می\u200cکند.', 'استوا با سرعت بیشتری حول محور زمین می\u200cچرخد.']",C,تابش عمودی خورشید در استوا انرژی را متمرکز‌تر می‌کند، برخلاف زوایای مایل در قطب که آن را پخش می‌کنند.,C,0.5921602845191956,C,0.981483519077301,True,True,True,True,[0.3605691  0.01767336 0.5921603  0.02959731],[1.8188400e-02 2.5146134e-04 9.8148352e-01 7.6691373e-05]
895,در نتیجه قطع درختان جنگل‌های بارانی، برخی موجودات زیستگاه‌های خود را از دست می‌دهند. کدام یک از این موارد نیز اثر قطع درختان جنگل‌های بارانی است؟,"['کاهش میزان فرسایش خاک', 'کاهش باروری لایه\u200cٔ سطحی خاک', 'افزایش تولید گیاهان مورد استفاده برای داروها', 'افزایش مقدار اکسیژن تولید شده در جو']",B,قطع درختان باعث کاهش مواد آلی خاک و افزایش فرسایش می‌شود که حاصلخیزی را کم می‌کند.,A,0.6908061504364014,A,0.4988788068294525,False,False,False,False,[0.69080615 0.28909793 0.00879847 0.01129746],[0.4988788  0.4988788  0.00139578 0.00084659]
896,فلزات قلیایی خاکی در جدول تناوبی در یک خانواده قرار دارند زیرا همه آن‌ها دارای,"['یک الکترون والانس هستند.', 'دو الکترون والانس هستند.', 'هفت الکترون والانس هستند.', 'هشت الکترون والانس هستند.']",B,این فلزات در یک گروه هستند چون تعداد الکترون‌های لایه بیرونی آن‌ها برابر است.,B,0.5955567955970764,B,0.5223553776741028,True,True,True,False,[0.14999327 0.5955568  0.00521331 0.24923669],[0.40522477 0.5223554  0.0014501  0.0709698 ]
897,یک قابلمه سوپ بر روی یک اجاق الکتریکی گرم می‌شود. از یک قاشق فلزی برای هم زدن گاهی سوپ استفاده می‌شود. کدام یک از موارد زیر مثالی از انتقال حرارت به‌وسیلهٔ همرفت است؟,"['گرم کردن قابلمه', 'گرم کردن سوپ', 'گرم کردن قاشق', 'گرم کردن شعلهٔ اجاق']",B,هم زدن سوپ باعث حرکت مایع و انتقال گرما در آن می‌شود که نمونه‌ای از همرفت است.,B,0.39139091968536377,B,0.5678409934043884,True,True,True,True,[0.21113956 0.39139092 0.18633    0.21113956],[0.04113426 0.567841   0.3039434  0.08708124]
898,در چرخه آب، حرکت آب از اقیانوس‌ها به ابرها شامل چه تغییری در آب است؟,"['آب از حالت جامد به گاز تغییر می\u200cکند.', 'آب از آب شور به آب شیرین تبدیل می\u200cشود.', 'اندازه کریستال آن کوچکتر می\u200cشود.', 'انرژی شیمیایی آن افزایش می\u200cیابد.']",B,آب از مایع به گاز تبدیل می‌شود که در فرآیند تبخیر رخ می‌دهد.,A,0.9863891005516052,A,0.9746860265731812,False,False,False,False,[0.9863891  0.00855062 0.00403903 0.00102123],[0.974686   0.00646556 0.01757523 0.00127315]
899,کدام یک از موارد زیر نمونه‌ای از فرسایش نیست؟,"['باد در بیابان شن را به سمت یک سنگ می\u200cوزد.', 'یک یخچال طبیعی در حین حرکتش سنگ\u200cهای بزرگ را برمی\u200cدارد.', 'سیلابی، حاشیهٔ رودخانه را می\u200cشوید و آب ذرات کوچک خاک را به پایین دست حمل می\u200cکند.', 'زمستان سرد باعث ترک خوردن پیاده\u200cرو در جاده می\u200cشود.']",D,فرسایش مواد را جابه‌جا می‌کند، اما ترک خوردن ناشی از سرما فقط تجزیه می‌کند و انتقالی صورت نمی‌گیرد.,D,0.612610399723053,D,0.784100353717804,True,True,True,True,[0.15489216 0.17551583 0.05698165 0.6126104 ],[0.05724553 0.03934424 0.11930992 0.78410035]
900,میانگین بارش در نوادا حدود ۷ اینچ در سال است. محتمل‌ترین دلیل برای مقدار کم بارش چیست؟,"['ارتفاعات بالا در بیابان\u200cها.', 'موقعیت شمال خط استوا.', 'کمبود رطوبت در هوا.', 'فاصله زیاد از اقیانوس.']",C,دوری از منابع رطوبت مانند اقیانوس‌ها، دسترسی به هوای مرطوب را محدود کرده و بارش کم را سبب می‌شود.,A,0.7275670766830444,D,0.8028091788291931,False,False,False,False,[0.7275671  0.20845146 0.0042592  0.05972234],[0.12311478 0.03934985 0.03472612 0.8028092 ]
901,اولین مرحله فرآیند تشکیل سنگ‌های رسوبی چیست؟,"['فرسایش', 'رسوب\u200cگذاری', 'فشرده\u200cسازی', 'سیمان\u200cکاری']",A,چرخه با تخریب سنگ‌های قدیمی توسط عواملی مانند آب شروع می‌شود تا مواد لازم برای سنگ جدید فراهم شود.,B,0.7281566858291626,A,0.9803255200386047,False,True,True,True,[0.2673512  0.7281567  0.00182977 0.00266229],[9.8032552e-01 1.8149206e-02 3.6508570e-04 1.1602399e-03]
902,کدام یک از موارد زیر توصیف کننده ترکیبات نیست؟,"['آنها می\u200cتوانند به صورت اتم\u200cها یا مولکول\u200cها وجود داشته باشند.', 'آنها از اتم\u200cهای دو یا چند عنصر که به هم متصل شده\u200cاند تشکیل می\u200cشوند.', 'آنها دارای خواصی هستند که با عناصر تشکیل دهنده خود متفاوت است.', 'آنها می\u200cتوانند از طریق روش\u200cهای شیمیایی به عناصر تجزیه شوند اما نه از طریق روش\u200cهای فیزیکی.']",A,ترکیبات از اتم‌های چند عنصر ساخته می‌شوند و نمی‌توانند به صورت اتم‌های تنها وجود داشته باشند.,D,0.7085288763046265,D,0.8274487257003784,False,False,False,False,[0.20220551 0.07438725 0.01487839 0.7085289 ],[0.0980556  0.06739256 0.00710312 0.8274487 ]
903,کدام رویداد بیشترین زمان را برای تولید تغییرات قابل اندازه‌گیری نیاز دارد؟,"['سیل', 'زلزله', 'فرسایش خاک', 'فوران آتشفشان']",C,فرآیندی تدریجی است که برای ایجاد تغییرات محسوس به زمان طولانی نیاز دارد، برخلاف رویدادهای ناگهانی دیگر.,A,0.8623100519180298,A,0.890816330909729,False,False,False,False,[0.86231005 0.04883861 0.06271001 0.02614142],[0.89081633 0.00997369 0.09316068 0.00604935]
904,یک دانش‌آموز یک ترکیب مایع در یک بشر دریافت می‌کند. بهترین روش برای توصیف این ترکیب مایع کدام است؟,"['شکل معین، حجم نامعین', 'شکل نامعین، حجم نامعین', 'شکل معین، حجم معین', 'شکل نامعین، حجم معین']",D,مایعات شکل ظرف را می‌گیرند اما حجمشان ثابت می‌ماند مگر با تغییر فیزیکی یا شیمیایی.,B,0.6667072772979736,B,0.7548331022262573,False,False,False,False,[0.3149302  0.6667073  0.00087086 0.01749169],[2.1542017e-01 7.5483310e-01 3.6413810e-04 2.9382607e-02]
905,سام در حال برشمردن تفاوت‌های بین یوگلنا و پارامسیوم بود. کدام ویژگی نباید در لیست سام باشد؟,"['فقط یوگلنا می\u200cتواند به نور پاسخ دهد', 'فقط یوگلنا شکل مشخصی دارد', 'فقط یوگلنا از تاژک برای حرکت استفاده می\u200cکند', 'فقط یوگلنا می\u200cتواند غذای خود را تولید کند']",B,هر دو موجود شکل ثابت و مشخصی دارند، بنابراین این ویژگی تفاوت منحصربه‌فرد نیست.,A,0.5582800507545471,A,0.46397557854652405,False,False,False,False,[0.55828005 0.12554613 0.20537975 0.11079407],[0.46397558 0.36134455 0.07115296 0.10352695]
906,کشوری که منابع محدودی دارد احتمالاً بر روی توسعه فناوری که شامل می‌شود تمرکز خواهد کرد,"['تصفیه آب.', 'کاوش فضایی.', 'خودکارسازی رباتیک.', 'ارتباطات ماهواره\u200cای.']",A,کشورهای با منابع کم بر فناوری‌های ضروری و کم‌هزینه تمرکز می‌کنند که نیازهای اولیه را برطرف کرده و توسعه پایدار را تقویت می‌کنند.,A,0.4934439957141876,A,0.7770099639892578,True,True,True,True,[0.493444   0.29928893 0.11010224 0.09716488],[0.77700996 0.04375037 0.02653594 0.15270379]
907,قلب اصلی‌ترین ارگان سیستم گردش خون است. کدام قسمت از بدن مسئول رساندن خون بدون اکسیژن به قلب است؟,"['سرخرگ\u200cها', 'مویرگ\u200cها', 'سوپاپ\u200cها', 'سیاهرگ\u200cها']",D,[MASK] خون بدون اکسیژن را از اندام‌ها به قلب بازمی‌گردانند.,B,0.5361402630805969,B,0.6843099594116211,False,False,False,False,[0.32645825 0.53614026 0.00131348 0.13608804],[0.19529372 0.68430996 0.00194474 0.11845163]
908,امیلی نموداری تهیه کرد که شامل تغییرات فیزیکی و تغییرات شیمیایی بود. کدام تغییر باید به عنوان یک تغییر شیمیایی دسته بندی شود؟,"['آهن زنگ می\u200cزند', 'یک میله طلا ذوب می\u200cشود', 'آب دریاچه تبخیر می\u200cشود', 'یک سنگ گرانیتی صیقل داده می\u200cشود']",A,زنگ زدن آهن واکنشی شیمیایی است که ترکیب جدیدی با خواص متفاوت ایجاد می‌کند و برگشت‌ناپذیر است، برخلاف تغییرات فیزیکی دیگر.,B,0.7021658420562744,A,0.9917727112770081,False,True,True,True,[0.05718875 0.70216584 0.22618587 0.01445958],[9.9177271e-01 3.5490552e-03 4.0216064e-03 6.5650925e-04]
909,داون برای ناهار یک شکلات آورد، اما شکلات در کوله‌پشتی‌اش ذوب شد. داون می‌خواهد یک تحقیق علمی انجام دهد تا دلیل ذوب شدن شکلات در کوله‌پشتی‌اش را مشخص کند. کدام فرضیه را باید داون برای تحقیقش استفاده کند؟,"['شکلات وقتی ذوب شود طعم بهتری خواهد داشت.', 'شکلات حتی وقتی ذوب شود همان طعم را خواهد داشت.', 'اگر شکلات شکسته شود، پس شکلات ذوب خواهد شد.', 'اگر به شکلات حرارت اضافه شود، پس شکلات ذوب خواهد شد.']",D,افزایش دما در محیط بسته کوله‌پشتی باعث ذوب شکلات می‌شود که با اصول علمی مطابقت دارد و قابل آزمایش است.,D,0.9117922186851501,D,0.9089472889900208,True,True,True,False,[0.07506406 0.00616163 0.00698204 0.9117922 ],[6.6360340e-02 2.4412604e-02 2.7980833e-04 9.0894729e-01]
910,بدن انسان با تغییر انرژی شیمیایی به انرژی مکانیکی حرکت تولید می‌کند. کدامیک از موارد زیر بهترین توصیف کننده آنچه برای انرژی اتفاق می‌افتد، است؟,"['مقدار کل انرژی افزایش می\u200cیابد.', 'مقدار کل انرژی ثابت است.', 'انرژی از طریق حرکت نابود می\u200cشود.', 'مقدار انرژی شیمیایی افزایش می\u200cیابد.']",B,بر اساس قانون پایستگی، انرژی تنها از شکلی به شکل دیگر تبدیل می‌شود و کل آن ثابت می‌ماند.,B,0.9112072587013245,B,0.9950291514396667,True,True,True,True,[0.06613668 0.91120726 0.01475709 0.0078989 ],[4.0348112e-03 9.9502915e-01 4.9718632e-04 4.3876539e-04]
911,لایه‌های خارجی لباس‌های فضانوردان بازتاب‌دهنده هستند تا از آنها در برابر,"['فوران خلاء فضا.', 'نور خورشید شدید.', 'میکرو شهاب\u200cسنگ\u200cها.', 'از دست رفتن آب.']",B,این لایه‌ها تابش شدید خورشید را منعکس می‌کنند تا از گرمای زیاد و اشعه‌های مضر جلوگیری شود.,A,0.9771450757980347,B,0.9811418652534485,False,True,True,True,[0.9771451  0.01388389 0.00655828 0.00241266],[1.5750641e-02 9.8114187e-01 2.7370511e-03 3.7041958e-04]
912,کدام سوال را می‌توان با استفاده از تحقیقی که توسط یک کلاس علوم انجام شده است پاسخ داد؟,"['جویپتر چه اقلیمی دارد؟', 'آیا گیاهان با نور و بدون نور به طور متفاوتی رشد می\u200cکنند؟', 'گرم\u200cترین جای زمین که زندگی دارد کجاست؟', 'پروانه\u200cهای ملکه چقدر مهاجرت می\u200cکنند؟']",B,این پرسش آزمایشی کنترل‌شده را پیشنهاد می‌دهد که در کلاس درس قابل اجراست، برخلاف سایر موارد که نیازمند پژوهش در مقیاس بزرگ هستند.,B,0.858704149723053,B,0.8979588747024536,True,True,True,True,[0.13117315 0.85870415 0.00272241 0.00740028],[0.09464417 0.8979589  0.00323855 0.00415837]
913,کدام یک از این موارد یک قاعده ایمنی مهم است که هنگام استفاده از دستگاه الکتریکی باید رعایت شود؟,"['آشپزخانه بپوشید.', 'محل کار را خشک نگه دارید.', 'همه شعله\u200cها را خاموش کنید.', 'دستکش ایمنی بپوشید.']",B,رطوبت خطر برق‌گرفتگی و اتصال کوتاه را افزایش می‌دهد، بنابراین خشک نگه داشتن محیط برای ایمنی الکتریکی ضروری است.,D,0.6119944453239441,B,0.9979004859924316,False,True,True,True,[0.17671454 0.07366558 0.13762543 0.61199445],[1.4886074e-03 9.9790049e-01 1.5689808e-04 4.5399962e-04]
914,یک گونه خاص از طوطی‌های در معرض خطر در جزیره‌ای زندگی می‌کند که می‌تواند به طور جدی تحت تأثیر سیلاب‌های بزرگ قرار گیرد. کدام یک از موارد زیر به عنوان یک تأثیر منفی بر جمعیت طوطی‌ها ناشی از سیلاب در نظر گرفته می‌شود؟,"['کاهش در دسترسی به غذا', 'کاهش در جمعیت شکارچیان', 'افزایش در مکان\u200cهای مناسب برای لانه\u200cسازی', 'افزایش در مکان\u200cها برای مخفی شدن از خطر']",A,سیلاب منابع غذایی طبیعی را نابود می‌کند که مستقیماً بقا و تولیدمثل را تهدید می‌نماید.,A,0.919152557849884,A,0.9992766976356506,True,True,True,True,[0.91915256 0.04038475 0.00482327 0.03563941],[9.9927670e-01 6.1897706e-04 2.8059247e-05 7.6272940e-05]
915,بسیاری از مردم تقریباً پنج پوند زباله در هر روز دور می‌ریزند. چگونه می‌توانند همه افراد مقدار زباله‌ای که روزانه دور می‌ریزند را کاهش دهند؟,"['بازسازی مواد', 'استفاده از محصولات بیشتر', 'قرار دادن زباله\u200cها در محل دفن', 'برداشتن زباله\u200cها از زمین']",A,بازیافت و استفاده مجدد از مواد، تولید زباله را در منبع کاهش می‌دهد و از دفن آن جلوگیری می‌کند.,A,0.99004727602005,A,0.9892177581787109,True,True,True,False,[0.9900473  0.00596225 0.00117404 0.00281637],[0.98921776 0.00276768 0.00585917 0.00215547]
916,یک دانش‌آموز نتیجه‌گیری می‌کند که یک واکنش شیمیایی که در یک تحقیق در کلاس انجام شده، فرایند گرمازا بوده است. برای ارتباط برقرار کردن با اعتبار این نتیجه‌گیری، کدامیک از موارد زیر بهترین شواهد بصری در یک ارائه خواهد بود؟,"['عکس\u200cهایی از مواد واکنشی و محصولات', 'لیست массы مواد واکنشی و محصولات', 'لیست زمان از آغاز تا پایان واکنش', 'عکس شعله\u200cای که هنگام واکنش مواد شیمیایی تولید شده است']",D,شعله نشان‌دهنده آزاد شدن گرما است که به‌طور مستقیم و بصری واکنش گرمازا را تأیید می‌کند.,A,0.9288643002510071,D,0.796159565448761,False,True,True,True,[9.2886430e-01 3.3142138e-03 2.0535203e-04 6.7616060e-02],[2.0287949e-01 9.3951845e-04 2.1415552e-05 7.9615957e-01]
917,ستاره‌شناسان و زیست‌شناسان به مطالعه زمینه‌های مختلف علوم می‌پردازند. بسیاری از ستاره‌شناسان اشیاء دوردست در آسمان را مشاهده می‌کنند. بسیاری از زیست‌شناسان اشیاء بسیار کوچکی را مطالعه می‌کنند. این ستاره‌شناسان و زیست‌شناسان از نظر چه چیزی بیشتر با هم مشترک هستند؟,"['هر دو تاریخ زندگی در زمین را بررسی می\u200cکنند.', 'هر دو با استفاده از دستگاه\u200cهای نوری کشفیات انجام می\u200cدهند.', 'هر دو مطالعه می\u200cکنند که چگونه موجودات در طول زمان تغییر می\u200cکنند.', 'هر دو به دنبال شواهدی درباره ریشه\u200cهای جهان هستند.']",B,هر دو گروه برای مشاهده پدیده‌های مورد مطالعه خود از ابزارهایی که با نور کار می‌کنند، استفاده می‌نمایند.,B,0.8887146711349487,B,0.9938779473304749,True,True,True,True,[0.04403098 0.8887147  0.00318959 0.06406469],[5.9098145e-03 9.9387795e-01 2.8236618e-05 1.8412588e-04]
918,کدام یک نمونه‌ای از غریزه حیوانی نیست؟,"['مهاجرت کردن', 'خواب زمستانی', 'مهارت\u200cهای شکار', 'ساختن لانه']",C,این رفتار آموختنی است، نه ذاتی، برخلاف دیگر موارد که بدون آموزش وجود دارند.,B,0.6231334805488586,B,0.7541089057922363,False,False,False,False,[0.33484474 0.6231335  0.00700399 0.03501773],[0.16958416 0.7541089  0.01392032 0.06238653]
919,کدام واقعیت از مزایای هواپیماهاست؟,"['الف) هواپیماها پرواز کردن دشواری دارند.', 'ب) هواپیماها هزینه زیادی دارند.', 'ج) هواپیماها می\u200cتوانند با سرعت بسیار بالا سفر کنند.', 'د) هواپیماها از فرودگاه بلند می\u200cشوند.']",C,سرعت بالا در سفرهای طولانی یک مزیت مهم است که باعث صرفه‌جویی در زمان می‌شود.,C,0.9914219975471497,C,0.9893914461135864,True,True,True,False,[4.609164e-03 8.009526e-04 9.914220e-01 3.167829e-03],[8.5599134e-03 9.6039567e-04 9.8939145e-01 1.0882708e-03]
920,استفاده از اینترنت برای یک مقاله تحقیقاتی می‌تواند به یک دانشجو کمک کند تا منابع زیادی پیدا کند. یکی از مشکلات استفاده از اطلاعات در اینترنت این است که ممکن است,"['رایگان باشد.', 'به\u200cروز باشد.', 'جزئیات داشته باشد.', 'نادرست باشد.']",D,اطلاعات اینترنت اغلب بدون بررسی منتشر می‌شود و ممکن است قابل اعتماد نباشد.,D,0.9363383054733276,D,0.9773779511451721,True,True,True,True,[1.7049441e-02 4.6345189e-02 2.6709988e-04 9.3633831e-01],[1.7971367e-02 4.5438726e-03 1.0686165e-04 9.7737795e-01]
921,کدام یک از بیان‌های زیر بهترین توصیف را از یک تفاوت بین ماه و زمین ارائه می‌دهد؟,"['ماه جامد نیست.', 'ماه هیچ جاذبه\u200cای ندارد.', 'ماه تقریباً هیچ جوی ندارد.', 'ماه تقریباً هیچ نوری از خورشید دریافت نمی\u200cکند.']",C,ماه تقریباً فاقد جو است، در حالی که زمین جو غلیظی دارد که از گازهای مختلف تشکیل شده.,A,0.7453926205635071,C,0.9971633553504944,False,True,True,True,[0.7453926  0.00821612 0.24199355 0.00439777],[2.4620844e-03 1.5255324e-04 9.9716336e-01 2.2196365e-04]
922,کدام یک از این روش‌های به دست آوردن منابع انرژی کمترین تأثیر را بر لیتوسفر دارد؟,"['معدن کاری سطحی برای اورانیوم', 'پمپاژ نفت از زیر آب', 'برداشتن چوب با برش انتخابی', 'جمع\u200cآوری گاز طبیعی از چاه\u200cهای قدیمی نفت']",C,این روش نیاز به حفاری یا تخریب جدید ندارد و تنها از زیرساخت‌های موجود استفاده می‌کند.,A,0.4980398118495941,D,0.5896673798561096,False,False,False,False,[0.4980398  0.20761387 0.1111277  0.18321861],[0.1502606  0.24773784 0.01233414 0.5896674 ]
923,پژوهشگران در تیم‌ها کار می‌کنند تا خودروها را با صرفه‌تر از نظر سوخت بسازند. کدام یک از این بیانیه‌ها مزیت اصلی کار کردن در تیم‌ها نسبت به کار کردن به صورت فردی را توصیف می‌کند؟,"['تحقیقات بیشتر احتمال دارد منتشر شود.', 'هزینه\u200cهای انجام تحقیق کمتر است.', 'پژوهشگران می\u200cتوانند ایده\u200cهای خود را با یکدیگر به اشتراک بگذارند.', 'پژوهشگران زمان بیشتری برای اتمام کار دارند.']",C,اشتراک‌گذاری ایده‌ها و تخصص منجر به راه‌حل‌های خلاقانه‌تر و کارآمدتر می‌شود.,C,0.9606218338012695,C,0.979480504989624,True,True,True,True,[0.03710214 0.00113803 0.96062183 0.00113803],[2.0408032e-02 9.7507938e-05 9.7948050e-01 1.4047351e-05]
924,سخت‌بال‌داران از زهر در نیش خود برای,"['تولید تخم استفاده می\u200cکنند.', 'دفاع از خود استفاده می\u200cکنند.', 'ساختن لانه استفاده می\u200cکنند.', 'جذب جفت استفاده می\u200cکنند.']",B,این حشرات از نیش برای محافظت در برابر خطرات و دفع مهاجمان استفاده می‌کنند.,A,0.5448341369628906,B,0.9819514751434326,False,True,True,True,[0.54483414 0.3304586  0.0165816  0.10812565],[1.5702182e-02 9.8195148e-01 8.8585651e-04 1.4605304e-03]
925,با گذشت زمان، توانایی ارسال غذاها در سطح جهانی بهبود یافته است. اثرات این بهبود در ارسال غذا بر روی مردم چیست؟,"['آنها زمان لازم برای خرید غذا را افزایش داده\u200cاند.', 'آنها تعداد فروشگاه\u200cهای مواد غذایی را کاهش داده\u200cاند.', 'آنها نیاز به یخچال را کاهش داده\u200cاند.', 'آنها انواع غذاهای موجود برای فروش را افزایش داده\u200cاند.']",D,دسترسی جهانی به محصولات متنوع، تنوع غذایی در بازار را افزایش داده است.,C,0.875602126121521,D,0.5012844800949097,False,True,True,True,[0.10437171 0.00756066 0.8756021  0.01246542],[0.14362042 0.01056766 0.34452745 0.5012845 ]
926,هُموس یک مادهٔ آلی است که خاک را تشکیل می‌دهد. کدام ویژگی بهترین نشان‌دهندهٔ این است که خاک دارای محتوای بالای هُموس است؟,"['رنگ نمونه', 'جرم نمونه', 'مقدار خاک رس در نمونه', 'مقدار سنگ در نمونه']",A,هموس رنگ تیره دارد، بنابراین خاک غنی از آن تیره‌تر است.,C,0.9619081020355225,A,0.9521489143371582,False,True,True,True,[0.03304351 0.00161963 0.9619081  0.00342877],[9.5214891e-01 2.9082646e-04 4.7404703e-02 1.5566818e-04]
927,یکی از اثرات منفی اختراع و استفاده از کاغذ چیست؟,"['افزایش استفاده از بطری های شیشه ای.', 'افزایش تعداد درختانی که قطع می شوند.', 'کاهش آلودگی در محل های دفن زباله.', 'کاهش تعداد کتاب های برای خواندن.']",B,تولید کاغذ نیاز به چوب دارد که منجر به نابودی جنگل‌ها می‌شود.,B,0.9941072463989258,B,0.99892657995224,True,True,True,True,[4.0448746e-03 9.9410725e-01 1.6181535e-04 1.6861546e-03],[9.0912578e-04 9.9892658e-01 7.6994460e-05 8.7246146e-05]
928,فاصله زمین از خورشید به سیاره کمک می‌کند تا زندگی را حفظ کند. اگر خورشید بزرگ‌تر بود، چه چیزی بیشتر احتمال دارد که برای وجود زندگی در زمین نیز صادق باشد؟,"['زمین باید از خورشید دورتر باشد.', 'زمین باید به خورشید نزدیک\u200cتر باشد.', 'زمین باید کوچکتر باشد.', 'زمین باید بزرگ\u200cتر باشد.']",A,اگر خورشید بزرگ‌تر بود، برای جلوگیری از گرمای بیش‌ازحد و حفظ دمای مناسب حیات، زمین نیاز به فاصله بیشتری داشت.,A,0.5595656633377075,A,0.5923873782157898,True,True,True,True,[0.55956566 0.43579018 0.00289081 0.00175336],[5.923874e-01 4.071415e-01 9.992462e-05 3.712650e-04]
929,کدام عبارت به درستی نوترون‌ها در هر عنصر را توصیف می‌کند؟,"['تعداد نوترون\u200cها برابر با تعداد الکترون\u200cهاست.', 'نوترون\u200cها در ابر اطراف هسته یافت می\u200cشوند.', 'بار یک نوترون همیشه منفی است.', 'نوترون\u200cها از الکترون\u200cها سنگین\u200cتر هستند.']",D,نوترون‌ها در هسته قرار دارند و جرمشان بسیار بیشتر از الکترون‌های سبک است که خارج از هسته هستند.,B,0.6512762904167175,D,0.4918111264705658,False,True,True,True,[0.07717855 0.6512763  0.06010671 0.21143845],[0.05919915 0.4340218  0.01496789 0.49181113]
930,کدام اقلام غذایی عمدتاً به اسیدهای آمینه تجزیه می‌شوند؟,"['ماکارونی اسپاگتی', 'همبرگر', 'برش\u200cهای سیب', 'برش\u200cهای خیار']",B,این غذا حاوی پروتئین حیوانی است که در گوارش به واحدهای سازنده اصلی خود تجزیه می‌شود، برخلاف سایر گزینه‌ها که عمدتاً کربوهیدرات یا آب دارند.,B,0.3949776589870453,B,0.9297667145729065,True,True,True,True,[0.34856656 0.39497766 0.11228236 0.1441734 ],[0.05920627 0.9297667  0.00384453 0.00718254]
931,کدام یک بهترین توضیح را برای این که کودکان شبیه والدین خود هستند، ارائه می‌دهد؟,"['آنها همان غذاها را می\u200cخورند.', 'آنها DNA مشابهی دارند.', 'آنها به یک زبان صحبت می\u200cکنند.', 'آنها علایق مشابهی دارند.']",B,ویژگی‌های فیزیکی و بیولوژیکی از طریق انتقال ژنتیکی به ارث می‌رسند.,B,0.9245707988739014,B,0.9945578575134277,True,True,True,True,[1.5061504e-02 9.2457080e-01 7.9823053e-04 5.9569407e-02],[3.1531188e-03 9.9455786e-01 7.0355588e-04 1.5854876e-03]
932,کدام ویژگی فیزیکی زمین مشابه یک ویژگی فیزیکی ماه است؟,"['آب و هوا آن', 'دریاهای بزرگ آن', 'جو آن', 'رشته\u200cکوه\u200cهای آن']",D,هر دو دارای رشته‌کوه‌هایی هستند که از فرآیندهای زمین‌شناسی مشابه تشکیل شده‌اند، برخلاف سایر ویژگی‌های منحصر به فرد زمین.,C,0.7938909530639648,D,0.985398530960083,False,True,True,True,[0.13849752 0.05773435 0.79389095 0.00987718],[1.2307805e-02 2.1387760e-03 1.5493241e-04 9.8539853e-01]
933,هنگامی که روغن و آب با هم مخلوط شوند، آنها تشکیل می دهند,"['گاز.', 'جامد.', 'ترکیب.', 'تعلیق.']",D,روغن و آب به دلیل تفاوت در قطبی بودن مخلوط نمی‌شوند و ذرات روغن در آب پراکنده می‌شوند.,D,0.7692006826400757,D,0.9631382822990417,True,True,True,True,[0.19410491 0.006694   0.03000042 0.7692007 ],[0.03315045 0.00208638 0.00162488 0.9631383 ]
934,هنگامی که یک گیاه پژمرده می‌شود، روزنه‌ها بسته می‌شوند. این چگونه به گیاه کمک می‌کند؟,"['این فرایند فتوسنتز را افزایش می\u200cدهد.', 'این باعث کاهش بیشتر از دست رفتن آب می\u200cشود.', 'این تنفس سلولی را افزایش می\u200cدهد.', 'این میزان جذب آب توسط ریشه\u200cها را کاهش می\u200cدهد.']",B,بستن روزنه‌ها از تبخیر آب جلوگیری کرده و رطوبت گیاه را حفظ می‌کند.,B,0.9359521865844727,B,0.9738973379135132,True,True,True,True,[0.05259695 0.9359522  0.00913998 0.00231095],[2.5902845e-02 9.7389734e-01 1.0921933e-04 9.0546004e-05]
935,مدرک‌ها نشان می‌دهند که میدان مغناطیسی زمین در طول تاریخ چندین بار تغییر جهت داده است. پس از یک تغییر مغناطیسی، کدام یک بیشتر احتمال دارد تحت تأثیر قرار گیرد؟,"['طول و شدت فصول', 'تشکیل صفحات تکتونیکی جدید', 'جهت چرخش زمین بر روی محور', 'هم\u200cراستایی مواد معدنی در پوسته تازه تشکیل شده']",D,مواد معدنی در سنگ‌های تازه تشکیل‌شده، هنگام سرد شدن، جهت میدان مغناطیسی زمان خود را حفظ می‌کنند.,C,0.536944568157196,D,0.3708268105983734,False,True,True,True,[0.32567334 0.09330697 0.53694457 0.04407509],[0.11945296 0.2231675  0.28655276 0.3708268 ]
936,کدام یک از گزینه‌های زیر نمایانگر سرعت یک جسم در حال حرکت است؟,"['40', '40 متر به سمت شمال', '40 متر بر ثانیه', '40 متر بر ثانیه به سمت شمال']",D,سرعت یک کمیت برداری است که هم مقدار و هم جهت را شامل می‌شود.,D,0.8121451139450073,D,0.7439807653427124,True,True,True,False,[0.02181268 0.00486707 0.16117513 0.8121451 ],[0.01211964 0.05431648 0.18958314 0.74398077]
937,حدود ۳۶۵ روز طول می‌کشد تا,"['خورشید به دور زمین بچرخد.', 'ماه به دور زمین بچرخد.', 'زمین به دور خورشید بچرخد.', 'زمین به دور ماه بچرخد.']",C,یک دور کامل گردش سیاره به دور ستاره مرکزی حدود این مدت زمان طول می‌کشد.,A,0.6079960465431213,C,0.9458800554275513,False,True,True,True,[0.60799605 0.06408231 0.32543686 0.00248474],[0.04221353 0.00884844 0.94588006 0.00305794]
938,سوال: کدام ابزار برای محاسبه حجم یک منشور شیشه‌ای مفیدتر است؟,"['الف) خط\u200cکش', 'ب) ترازو', 'پ) ولت\u200cمتر', 'ت) دماسنج']",A,اندازه‌گیری ابعاد برای محاسبه حجم ضروری است و تنها این ابزار قادر به انجام آن می‌باشد.,A,0.4084835648536682,A,0.4424997568130493,True,True,True,True,[0.40848356 0.31812733 0.08043519 0.19295397],[0.44249976 0.44249976 0.07810584 0.03689459]
939,کدام یک نقش تولید مثل جنسی در گیاهان و جانوران را توصیف می‌کند؟,"['همه موجودات را شبیه به هم نگه می\u200cدارد', 'ادامه گونه را تضمین می\u200cکند', 'نسل\u200cهایی تولید می\u200cکند که مشابه والدین هستند', 'اندازه هر جمعیت را در طول مدت طولانی افزایش می\u200cدهد']",B,هدف اصلی تولید مثل جنسی، تضمین بقای گونه‌ها از طریق ایجاد نسل جدید و تنوع ژنتیکی است.,B,0.9882304668426514,B,0.992620587348938,True,True,True,True,[0.00595712 0.98823047 0.00463941 0.00117303],[1.6713468e-03 9.9262059e-01 5.1481104e-03 5.5983104e-04]
940,کدام ماده ترکیبی است؟,"['سدیم', 'کلر', 'نمک سفره', 'آب نمک']",C,از دو عنصر تشکیل شده و خواص متفاوتی دارد، در حالی که سایر موارد یا عنصر خالص یا مخلوط هستند.,C,0.9196192622184753,C,0.9704729318618774,True,True,True,True,[0.04542884 0.00372903 0.91961926 0.03122276],[0.0178444  0.00213121 0.97047293 0.00955142]
941,برای پروژه علمی خود، آلن مطالعه‌ای درباره درختان افرا قندی آغاز کرد. او تفاوت‌های بسیاری را در بین درختان افرا قندی نزدیک به مدرسه‌اش مشاهده کرد. کدام یک از ویژگی‌های زیر کمترین تغییر را خواهد داشت؟,"['ارتفاع', 'تعداد برگ\u200cها', 'نوع دانه\u200cها', 'عرض تنه']",C,ویژگی‌های ژنتیکی مانند نوع دانه در یک گونه ثابت هستند، برخلاف صفات محیطی که متغیرند.,C,0.46935155987739563,C,0.5667616724967957,True,True,True,True,[0.3225803  0.07254192 0.46935156 0.13552614],[0.23626141 0.09848841 0.5667617  0.09848841]
942,یک آهنربای قوی مخلوطی از کدام موارد را جداسازی می‌کند؟,"['شیشه شفاف و شیشه سبز.', 'فنجان\u200cهای کاغذی و فنجان\u200cهای پلاستیکی.', 'میخ\u200cهای آهنی و میخ\u200cهای آلومینیومی.', 'شن و نمک.']",C,آهنربا فقط مواد فرومغناطیسی را جذب می‌کند و این دو ماده رفتار متفاوتی دارند.,C,0.7270758748054504,C,0.9550484418869019,True,True,True,True,[0.07603687 0.03591727 0.7270759  0.16097005],[0.01202229 0.01749232 0.95504844 0.01543692]
943,رباتها می‌توانند کارهایی را انجام دهند که برای انسان‌ها خطرناک است. محدودیت عمده استفاده از ربات‌ها چیست؟,"['اجزا باید بسیار کوچک باشند.', 'فرآیند مونتاژ باید دقیقاً همانند قبل باشد.', 'رباتها نیاز به نگهداری منظم دارند.', 'رباتها باید با برق تأمین شوند.']",B,ربات‌ها برای عملکرد صحیح نیاز به بازرسی و تعمیرات منظم دارند که هزینه‌بر است و ممکن است منجر به توقف کار شود.,B,0.6964559555053711,C,0.9890167713165283,True,False,False,False,[0.03060014 0.69645596 0.19953798 0.07340591],[8.6237825e-03 2.1804336e-03 9.8901677e-01 1.7898090e-04]
944,ماهی‌های ریش‌دار قوی در اعماق اقیانوس زندگی می‌کنند. آنها آنقدر عمیق زندگی می‌کنند که هیچ نوری وجود ندارد. کدام ویژگی بهترین کمک را به ماهی‌های ریش‌دار قوی برای بقا در تاریکی می‌کند؟,"['دهانی پر از موی نرم', 'بدنی با رنگ روشن', 'توانایی شنا کردن سریع', 'دو سیبیل که غذا را پیدا می\u200cکنند']",D,در تاریکی مطلق، حس لامسه با سیبیل‌ها برای یافتن غذا ضروری است و بینایی کارایی ندارد.,A,0.9467518925666809,A,0.5203754305839539,False,False,False,False,[0.9467519  0.01545299 0.00937271 0.0284224 ],[0.52037543 0.06933331 0.00502249 0.4052688 ]
945,"کدام عامل به‌طور دقیق‌تری بیانگر عبارت ""بقاى اصلح"" در ارتباط با انتخاب طبیعی است؟","['نرخ جهش', 'توانایی فرزندان برای تولید مثل', 'مقدار غذایی که یک موجود زنده به\u200cدست می\u200cآورد', 'توانایی تحمل شرایط محیطی افراطی']",B,موفقیت نهایی در انتخاب طبیعی با انتقال ژن‌ها به نسل بعد از طریق تولیدمثل سنجیده می‌شود، نه صرفاً زنده ماندن.,A,0.5467224717140198,A,0.6606526374816895,False,False,False,False,[0.5467225  0.15725167 0.15725167 0.13877411],[0.66065264 0.16834925 0.02243037 0.14856769]
946,به عنوان یک نمونه از جیوه که از حالت مایع به حالت جامد تغییر می‌کند، اتم‌های نمونه,"['نزدیک\u200cتر به هم حرکت می\u200cکنند و انرژی جنبشی کمتری دارند.', 'نزدیک\u200cتر به هم حرکت می\u200cکنند و انرژی جنبشی بیشتری دارند.', 'از هم دورتر می\u200cشوند و انرژی جنبشی کمتری دارند.', 'از هم دورتر می\u200cشوند و انرژی جنبشی بیشتری دارند.']",A,در انجماد، ذرات در فاصله‌ای نزدیک‌تر و با حرکت کمتر قرار می‌گیرند که انرژی جنبشی کاهش می‌یابد.,D,0.4789680540561676,A,0.6146692037582397,False,True,True,True,[0.2905088  0.19966358 0.03085955 0.47896805],[0.6146692  0.05045512 0.04452649 0.29034916]
947,یک اکوسیستم علفزار رونق‌یافته چه تأثیری از خشکسالی خواهد داشت؟,"['نفس\u200cکشیدن گیاهان افزایش خواهد یافت.', 'حیوانات مجبور به مهاجرت خواهند شد.', 'مواد مغذی خاک غنی\u200cتر خواهند شد.', 'جانشینی طبیعی متوقف خواهد شد.']",B,کاهش منابع آب و غذا، حیوانات را وادار به جستجوی مکان‌های مناسب‌تر می‌کند.,B,0.6430097222328186,B,0.9856385588645935,True,True,True,True,[0.34417832 0.6430097  0.00233724 0.0104748 ],[1.41006289e-02 9.85638559e-01 1.42625839e-04 1.18240976e-04]
948,"در زیر یک تبلیغ که در یک روزنامه محلی یافته شده است، آورده شده است. به اندازه الماس درخشنده به قیمتی بسیار پایین‌تر! ""گوهرهای سیمو"" را از جواهرسازان کست-رایت خریداری کنید. این تبلیغ پیشنهاد می‌کند که تأمین‌کننده جواهرسازان کست-رایت:","['طریقه\u200cای کم\u200cهزینه\u200cتر برای استخراج و پردازش الماس\u200cها پیدا کرده است.', 'سنگ\u200cهای مصنوعی را که شبیه الماس هستند، تولید کرده است.', 'قیمت الماس\u200cها را کاهش داده تا بتواند بیشتر بفروشد.', 'دوستان کوچک به جای الماس\u200cهای بزرگ ارائه می\u200cدهد.']",B,تأکید بر درخشش مشابه با قیمت کمتر، نشان‌دهنده تولید سنگ‌های مصنوعی است.,A,0.6945062279701233,B,0.9561095833778381,False,True,True,True,[0.6945062  0.0939912  0.19897938 0.01252311],[4.1844748e-02 9.5610958e-01 1.6224969e-03 4.2325363e-04]
949,جنگل‌ها قطع و سوزانده شده‌اند تا زمین برای کشت محصولات استفاده شود. این فعالیت چه عواقبی بر جو زمین دارد؟,"['این باعث کاهش مقدار تولید دی\u200cاکسید کربن می\u200cشود.', 'این باعث کاهش تولید اکسیژن می\u200cشود.', 'این باعث کاهش اثر گلخانه\u200cای می\u200cشود.', 'این باعث کاهش آلاینده\u200cها در هوا می\u200cشود.']",B,جنگل‌ها با فتوسنتز اکسیژن تولید می‌کنند و نابودی آن‌ها این فرآیند را کاهش می‌دهد.,B,0.762974739074707,B,0.8915603756904602,True,True,True,True,[0.15141697 0.76297474 0.07152431 0.01408397],[1.0689846e-01 8.9156038e-01 1.3247905e-03 2.1626613e-04]
950,کدام جرم تحت بیشترین مقدار شتاب قرار دارد؟,"['۱ کیلوگرم تحت نیروی ۱ نیوتن', '۱ کیلوگرم تحت نیروی ۱۰۰ نیوتن', '۱۰۰ کیلوگرم تحت نیروی ۱ نیوتن', '۱۰۰ کیلوگرم تحت نیروی ۱۰۰ نیوتن']",B,بیشترین شتاب زمانی رخ می‌دهد که نیروی بزرگ‌تر بر جرم کوچک‌تر وارد شود، زیرا شتاب با تقسیم نیرو بر جرم محاسبه می‌شود.,A,0.3079279065132141,A,0.6614542007446289,False,False,False,False,[0.3079279  0.11239879 0.2717454  0.3079279 ],[0.6614542  0.10143729 0.14759038 0.08951809]
951,دو توپ از دو سطح شیبدار یکسان پایین رفتند. توپ‌ها از نظر جرم و اندازه کاملاً یکسان بودند، اما یکی از توپ‌ها سریع‌تر از دیگری پایین رفت. یک دلیل ممکن برای اینکه یکی از توپ‌ها سریع‌تر از توپ دیگر پایین رفت چیست؟,"['یکی از توپ\u200cها قرمز بود و دیگری آبی بود.', 'یکی از توپ\u200cها نو بود و دیگری کهنه بود.', 'یکی از توپ\u200cها براق بود و دیگری کدر بود.', 'یکی از توپ\u200cها چسبناک بود و دیگری صاف بود.']",D,اصطکاک کمتر سطح صاف باعث حرکت سریع‌تر در مقایسه با سطح چسبنده می‌شود.,D,0.8809130191802979,D,0.9582016468048096,True,True,True,True,[0.09284755 0.02311158 0.00312781 0.880913  ],[3.7591465e-02 3.4965507e-03 7.1036734e-04 9.5820165e-01]
952,شکر از چندین مولکول تشکیل شده است. هنگامی که شکر در آب حل می‌شود، چه اتفاقی برای این مولکول‌ها می‌افتد؟,"['دیگر وجود ندارند.', 'در محلول وجود دارند.', 'تبخیر می\u200cشوند.', 'با آب ترکیب می\u200cشوند تا عناصر جدید تشکیل دهند.']",B,مولکول‌ها جدا می‌شوند ولی در محلول باقی می‌مانند و تغییر شیمیایی رخ نمی‌دهد.,B,0.9504179954528809,B,0.9840468764305115,True,True,True,True,[4.7226198e-02 9.5041800e-01 5.2463566e-04 1.8311584e-03],[1.5720330e-02 9.8404688e-01 1.2002620e-04 1.1275418e-04]
953,صحراى بزرگ افریقا دارای دماهای بالای روز و دماهای پایین شب است. کدام عامل عمدتاً مسئول دماهای پایین شب در صحرای بزرگ است؟,"['خاک خشن', 'عرض جغرافیایی پایین', 'کمبود ابر', 'ارتفاع بالا']",C,نبود ابر در شب باعث تشعشع سریع گرما از زمین به فضا می‌شود و دمای هوا به سرعت کاهش می‌یابد.,C,0.8329879641532898,C,0.9941452741622925,True,True,True,True,[0.1282428  0.01351669 0.83298796 0.02525251],[5.2167955e-03 1.9605370e-04 9.9414527e-01 4.4181384e-04]
954,کدام غذا یک میوه است؟,"['سیب\u200cزمینی', 'پیاز', 'هویج', 'کدو']",D,از گل گیاه به‌وجود می‌آید و دانه دارد، برخلاف سبزی‌های ریشه‌ای.,A,0.962428629398346,A,0.4821288585662842,False,False,False,False,[0.9624286  0.00351198 0.02894952 0.00510989],[0.48212886 0.02118326 0.48212886 0.01455903]
955,یک خودرو با سرعت ثابت در بزرگراه در حال حرکت است. کدام جمله بهترین توصیف از نیروهای وارد بر خودرو است؟,"['نیروهای وارد بر خودرو متعادل هستند.', 'نیروهای وارد بر خودرو در یک جهت هستند.', 'نیروهای وارد بر خودرو در حال افزایش هستند.', 'نیروهای وارد بر خودرو برابر با نیروی گرانش هستند.']",A,با سرعت ثابت، نیروهای خالص صفر و در تعادل هستند.,B,0.7188703417778015,A,0.9995307922363281,False,True,True,True,[2.6394162e-01 7.1887034e-01 4.4615689e-04 1.6741915e-02],[9.9953079e-01 1.9030632e-04 1.8842877e-05 2.6011790e-04]
956,یک مکعب یخ کوچک در دمای 0 درجه سانتی‌گراد به داخل یک لیوان آب در دمای 28 درجه سانتی‌گراد ریخته می‌شود و ذوب می‌شود. دمای آب در لیوان بلافاصله پس از ذوب شدن مکعب یخ چه مقدار است؟,"['0 درجه سانتی\u200cگراد', 'بین 0 درجه سانتی\u200cگراد و 28 درجه سانتی\u200cگراد', '28 درجه سانتی\u200cگراد', 'بیشتر از 28 درجه سانتی\u200cگراد']",B,ذوب یخ انرژی می‌گیرد و آب را خنک می‌کند، اما نه تا صفر درجه، پس دمای نهایی بین این دو دما خواهد بود.,B,0.8314458727836609,B,0.9845733046531677,True,True,True,True,[0.14448363 0.8314459  0.00708189 0.01698858],[1.2540044e-02 9.8457330e-01 7.0746092e-04 2.1791330e-03]
957,در کدام دو بخش از چرخه آب، آب انرژی را جذب می‌کند؟,"['تقطیر و تبخیر', 'بارش و تقطیر', 'ذوب و تبخیر', 'تبخیر و بارش']",C,تبخیر و تقطیر هر دو نیاز به جذب انرژی برای تغییر فاز دارند.,D,0.7898350954055786,A,0.989669144153595,False,False,False,False,[0.15552776 0.05049247 0.00414467 0.7898351 ],[0.98966914 0.00516045 0.00115145 0.00401896]
958,دانشمندان وقتی از یک جمعیت صحبت می‌کنند، به چه چیزی اشاره می‌کنند؟,"['همه موجودات یک اکوسیستم', 'همه گونه\u200cهایی که ویژگی\u200cهای آناتومیکی مشابهی دارند', 'همه حیواناتی که از طریق روش\u200cهای مشابه منابع کسب می\u200cکنند', 'همه اعضای در حال جفت\u200cگیری یک گونه خاص در یک اکوسیستم']",D,جمعیت در زیست‌شناسی به گروهی از یک گونه اشاره دارد که در منطقه‌ای مشخص زندگی کرده و توانایی تولیدمثل با هم دارند.,A,0.8562082052230835,A,0.8418460488319397,False,False,False,False,[0.8562082  0.09024367 0.01592896 0.03761916],[0.84184605 0.14629091 0.00126566 0.01059728]
959,برخی از کسب و کارها به مشتریان این امکان را می‌دهند که کالاها را با استفاده از اثر انگشت خود به عنوان شناسایی پرداخت کنند. کدام یک از موارد زیر بیشتر به نفع مشتریانی است که از این فناوری جدید استفاده می‌کنند؟,"['هزینه محصول کاهش می\u200cیابد', 'حفاظت از اطلاعات خصوصی', 'توانایی پیگیری ترجیحات مشتری', 'وجوه به طور فوری واریز می\u200cشود']",B,این روش پرداخت را سریع‌تر و آسان‌تر می‌کند، زیرا نیاز به وارد کردن اطلاعات اضافی ندارد و تراکنش بلافاصله انجام می‌شود.,C,0.5666407346725464,A,0.4276209771633148,False,False,False,False,[0.3894461  0.03196768 0.56664073 0.01194545],[0.42762098 0.17687172 0.3304399  0.06506747]
960,در سال ۲۰۰۵، یک تیم از دانشمندان باکتری‌های فتوسنتزکننده‌ای را در نزدیکی گدازه مذاب یک اکوسیستم چشمه گرمایی عمق اقیانوس آرام کشف کردند. این باکتری‌ها ۲۴۰۰ متر زیر سطح اقیانوس زندگی می‌کردند و با این حال انرژی خود را از فتوسنتر استفاده می‌کردند. کدام نتیجه بهترین توضیح را برای این نتایج ارائه می‌دهد؟,"['فتوسنتز می\u200cتواند بدون نور انجام شود.', 'چشمه گرمایی نوری قابل استفاده منتشر می\u200cکند.', 'فشار بالای آب می\u200cتواند فتوسنتز را تأمین کند.', 'این باکتری\u200cها قبلاً در سطح اقیانوس زندگی می\u200cکردند.']",B,چشمه گرمایی ممکن است نور مادون قرمز یا طول‌موج‌های خاصی ساطع کند که برای فتوسنتز در عمق زیاد کافی است.,B,0.9880046248435974,B,0.9877150058746338,True,True,True,False,[8.5270712e-03 9.8800462e-01 2.7683347e-03 6.9994462e-04],[1.1058581e-02 9.8771501e-01 9.6628803e-04 2.6007288e-04]
961,شبکه‌های غذایی روابط تغذیه‌ای بین انواع مختلفی از ارگانیسم‌ها را نشان می‌دهند. هر یک از این ارگانیسم‌ها یک نقش خاص دارند. کدام یک از موارد زیر به بهترین شکل عملکرد تجزیه‌کننده‌ها را در شبکه‌های غذایی توصیف می‌کند؟,"['برای بازیافت مواد مغذی به خاک', 'برای تبدیل انرژی خورشیدی به غذا', 'برای تأمین غذا برای مصرف\u200cکنندگان ثانویه', 'برای رقابت با مصرف\u200cکنندگان ثانویه برای اکسیژن']",A,مواد آلی مرده را تجزیه کرده و مواد مغذی را به خاک بازمی‌گردانند تا چرخه غذایی ادامه یابد.,A,0.9860992431640625,A,0.993823766708374,True,True,True,True,[0.98609924 0.00405562 0.00668659 0.00315852],[9.9382377e-01 3.1910466e-03 2.8160887e-03 1.6911927e-04]
962,کدام یک از موارد زیر منبع نور است؟,"['زمین', 'سیاره', 'ستاره', 'ماه']",C,[MASK]‌ها خود نور تولید می‌کنند، برخلاف اجرامی که نور را بازتاب می‌دهند.,C,0.9750235080718994,C,0.9821518659591675,True,True,True,True,[0.02003931 0.00186395 0.9750235  0.00307313],[1.5999515e-02 7.2528434e-04 9.8215187e-01 1.1233423e-03]
963,بسیاری از جوامع در ایالات متحده از زغال‌سنگ برای تولید برق استفاده می‌کنند. یکی از مشکلات استفاده از زغال‌سنگ این است که,"['انرژی بسیار کمی تولید می\u200cشود.', 'اکوسیستم\u200cها می\u200cتوانند آسیب ببینند.', 'دارای باکتری\u200cهای مضر است.', 'این ماده\u200cای بسیار نادر است.']",B,آلودگی ناشی از سوختن و استخراج آن به محیط زیست و موجودات زنده آسیب می‌زند.,B,0.9915905594825745,B,0.9919730424880981,True,True,True,True,[7.4936529e-03 9.9159056e-01 5.4283836e-04 3.7308701e-04],[7.5148675e-03 9.9197304e-01 4.8040942e-04 3.1686435e-05]
964,کدام یک از بیانیه‌ها در مورد ذرات یک مایع نسبت به ذرات یک گاز صحیح است؟,"['ذرات یک مایع کندتر و دورتر از هم هستند.', 'ذرات یک مایع سریع\u200cتر و دورتر از هم هستند.', 'ذرات یک مایع کندتر و نزدیک\u200cتر به هم هستند.', 'ذرات یک مایع سریع\u200cتر و نزدیک\u200cتر به هم هستند.']",C,ذرات مایع به دلیل نیروی بین‌مولکولی قوی‌تر، کندتر حرکت کرده و فاصله کمتری دارند.,C,0.3444414436817169,C,0.9248422980308533,True,True,True,True,[0.3039685  0.00714865 0.34444144 0.34444144],[1.4832352e-02 7.3845929e-04 9.2484230e-01 5.9586897e-02]
965,سوال: بسیاری از مناطق مدرسه در حال قرار دادن دستگاه‌های ضدعفونی کننده دست در کلاس‌های درس و آزمایشگاه‌های کامپیوتر هستند. هدف احتمالی این عمل چیست؟,"['الف) صرفه\u200cجویی در منابع آب', 'ب) کنترل بیماری\u200cهای غیرواگیردار', 'ج) ترویج استفاده ایمن از فناوری', 'د) محدود کردن انتشار بیماری\u200cها از طریق تماس']",D,این دستگاه‌ها میکروب‌ها را از بین می‌برند تا از انتقال بیماری‌ها از طریق تماس جلوگیری کنند.,D,0.6061816215515137,D,0.7226662039756775,True,True,True,True,[0.02082358 0.36623433 0.00676043 0.6061816 ],[0.01022806 0.26378515 0.00332056 0.7226662 ]
966,سلولی که آب آن کم است احتمالاً به‌زودی قادر به انجام کدام یک از موارد زیر نخواهد بود؟,"['سخت و محکم باقی ماندن.', 'نور خورشید را جذب کردن.', 'اکسیژن آزاد کردن.', 'دوباره تولید مثل کردن.']",A,کم‌آبی فشار درون سلول را کاهش داده و باعث از دست دادن استحکام ساختاری می‌شود.,B,0.7316093444824219,A,0.5349141955375671,False,True,True,True,[0.14378132 0.73160934 0.04704507 0.07756421],[0.5349142  0.17366122 0.25267556 0.03874905]
967,کدام لایه از زمین منبع لاوایی است که از آتشفشان‌ها فوران می‌کند؟,"['آستنوسفر', 'هسته داخلی', 'هسته خارجی', 'سنگ\u200cکره']",A,گدازه‌های آتشفشانی از لایه‌ای نیمه‌مذاب زیر پوسته زمین سرچشمه می‌گیرند که منبع اصلی ماگما است.,A,0.5989531874656677,A,0.9896536469459534,True,True,True,True,[0.5989532  0.19369353 0.10367668 0.10367668],[0.98965365 0.0040524  0.00109069 0.00520338]
968,سوال: چه اتم‌هایی برای تشکیل یک مولکول آب ترکیب می‌شوند؟,"['هیدروژن،', 'اکسیژن', '۲ هیدروژن، ۱ اکسیژن', '۲ هیدروژن، ۲ اکسیژن']",C,فرمول شیمیایی آب نشان می‌دهد که هر مولکول آن از دو اتم هیدروژن و یک اتم [MASK] تشکیل شده است.,C,0.9655625820159912,B,0.9065349102020264,True,False,False,False,[3.252750e-02 1.619449e-03 9.655626e-01 2.903512e-04],[0.0846509  0.9065349  0.00787376 0.00094039]
969,کدام ویژگی در پارامیشیوم با ولواکس مشترک است؟,"['قادر به تولید گامت است', 'می\u200cتواند فتوسنتز انجام دهد', 'دارای ارگانی برای حرکت است', 'به\u200cعنوان یکی از اعضای کلونی سلول\u200cها زندگی می\u200cکند']",C,هر دو موجود زنده دارای ساختاری برای جابجایی در محیط آبی هستند.,C,0.6006227135658264,C,0.9794965386390686,True,True,True,True,[0.15126914 0.02628664 0.6006227  0.22182153],[0.01570888 0.00350513 0.97949654 0.00128946]
970,سام یک رمپ می‌سازد و یک ماشین اسباب بازی را اجازه می‌دهد که پایین بیفتد. کدام یک از موارد زیر انرژی ماشین را هنگام پایین آمدن از رمپ توصیف می‌کند؟,"['انرژی جنبشی و انرژی پتانسیل هر دو افزایش می\u200cیابند.', 'انرژی جنبشی و انرژی پتانسیل هر دو کاهش می\u200cیابند.', 'انرژی جنبشی افزایش می\u200cیابد و انرژی پتانسیل کاهش می\u200cیابد.', 'انرژی جنبشی کاهش می\u200cیابد و انرژی پتانسیل افزایش می\u200cیابد.']",C,با کاهش ارتفاع، انرژی پتانسیل کم و با افزایش سرعت، انرژی جنبشی زیاد می‌شود.,C,0.5124594569206238,C,0.8642659783363342,True,True,True,True,[0.3096106  0.04785271 0.51245946 0.13007717],[0.06236313 0.01100775 0.864266   0.06236313]
971,یک هیدرولوژیست در حال مطالعه سطح اسیدیته یک دریاچه شهری است. او دو بار در هفته نمونه‌هایی جمع‌آوری کرده و آن‌ها را به آزمایشگاه خود می‌برد تا آزمایش کند. پس از آزمایش نمونه‌ها، او داده‌ها را بر روی یک نمودار قرار می‌دهد. او به مهندسان شهری می‌گوید که آزمایش‌های او نشان می‌دهد که سطح pH در ماه‌های اخیر به طور مداوم در حال کاهش است. بهترین راه برای بررسی دقت داده‌های او کدام یک از مراحل زیر است؟,"['آزمایش مجدد نمونه\u200cهای جدید', 'آزمایش مجدد نمونه\u200cهای اصلی', 'نمودارها را به مهندسان نشان دهد', 'نمونه\u200cها را به مهندسان نشان دهد']",B,برای تأیید نتایج اولیه و شناسایی خطاهای آزمایش، باید نمونه‌های اصلی دوباره آزمایش شوند.,B,0.729559063911438,B,0.9816168546676636,True,True,True,True,[0.23592974 0.72955906 0.00233111 0.03218004],[1.7839028e-02 9.8161685e-01 2.4663113e-04 2.9749394e-04]
972,یک کلاس در حال مدل‌سازی تفاوت‌های بین یک موجود زنده تک‌سلولی و یک موجود زنده چندسلولی است. کدام مثال مدل یک موجود زنده تک‌سلولی است؟,"['یک دانش\u200cآموز که آب به گروهی می\u200cدهد', 'یک دانش\u200cآموز که غلات از کمد می\u200cگیرد', 'دو دانش\u200cآموز که زباله\u200cها را از یک گروه جمع\u200cآوری می\u200cکنند', 'چهار دانش\u200cآموز که به\u200cطور مشترک برای جابجایی یک میز کار می\u200cکنند']",B,یک دانش‌آموز که به تنهایی عمل می‌کند، خودکفایی یک سلول منفرد را نشان می‌دهد، برخلاف کار گروهی که مدل چندسلولی است.,A,0.8421745896339417,A,0.4985268712043762,False,False,False,False,[0.8421746  0.07864103 0.05404913 0.02513518],[0.49852687 0.38825312 0.09816577 0.01505421]
973,کدامیک از این عوامل احتمالاً باعث افزایش جمعیت گیاهان در یک زیستگاه می‌شود؟,"['بادهای شدید', 'دمای یخ\u200cزده', 'روزهای کمتر آفتابی', 'روزهای بیشتر بارانی']",D,بارش بیشتر آب کافی برای رشد و تکثیر گیاهان فراهم می‌کند، که به افزایش جمعیت آن‌ها منجر می‌شود.,D,0.79464191198349,D,0.9945042133331299,True,True,True,True,[0.09435198 0.09435198 0.01665411 0.7946419 ],[4.6506636e-03 7.1320240e-04 1.3192918e-04 9.9450421e-01]
974,وقتی یک نوزاد جغجغه را تکان می‌دهد، صدایی تولید می‌شود. کدام نوع انرژی به انرژی صوتی تبدیل شده است؟,"['برق', 'نور', 'مکانیکی', 'حرارت']",C,حرکت دادن جغجغه باعث ایجاد انرژی حرکتی می‌شود که به صدا تبدیل می‌گردد.,C,0.9732262492179871,C,0.9960361123085022,True,True,True,True,[2.2621432e-02 6.8310805e-04 9.7322625e-01 3.4691091e-03],[3.6204418e-03 7.2828057e-05 9.9603611e-01 2.7058908e-04]
975,اکثر آب‌های شیرین روی کره زمین در یخچال‌ها و کلاهک‌های یخی یخ زده‌اند. اگر آب و هوا در سرتاسر جهان تغییر کند و باعث ذوب شدن یخچال‌ها و کلاهک‌های یخی شود، چه وضعیتی احتمالاً پیش خواهد آمد؟,"['زمین بارورتر خواهد شد.', 'دمای هوا کاهش می\u200cیابد.', 'آب دریاها شورتر خواهد شد.', 'توده\u200cهای زمینی کوچک\u200cتر خواهند شد.']",D,ذوب یخ‌ها سطح دریا را بالا می‌برد و بخشی از خشکی‌ها زیر آب می‌رود.,C,0.5866721868515015,C,0.6148692965507507,False,False,False,False,[0.31402302 0.00933566 0.5866722  0.0899691 ],[0.25631565 0.00774006 0.6148693  0.12107494]
976,یکی از آثار آلودگی اقیانوس این است که می‌تواند جمعیت فیتوپلانکتون‌ها و جلبک‌ها را کاهش دهد. کاهش این جمعیت‌ها ممکن است چه تاثیری بر یک اکوسیستم بگذارد؟,"['کاهش سطح دی\u200cاکسید کربن در جو', 'کاهش مقدار اکسیژن تولید شده', 'افزایش مقدار رسوبات دریایی', 'افزایش جمعیت ماهی\u200cهای آب شور']",B,این موجودات از طریق فتوسنتز اکسیژن تولید می‌کنند، بنابراین کاهش آن‌ها میزان اکسیژن جو را کم می‌کند.,C,0.7869943380355835,B,0.9952520132064819,False,True,True,True,[0.10630029 0.09380967 0.78699434 0.01289569],[4.0396578e-03 9.9525201e-01 5.4670824e-04 1.6160666e-04]
977,یک دانشمند که بر روی طراحی یک بسته جدید کار می‌کند، می‌خواهد از ماده‌ای استفاده کند که قابل بازیافت بسیار بالا، قابل تجزیه زیستی و ارزان باشد. بهترین ماده برای طراحی بسته چیست؟,"['آلومینیوم.', 'کارتن.', 'پلاستیک.', 'شیشه.']",B,منشأ گیاهی دارد، به راحتی تجزیه و بازیافت می‌شود و هزینه تولید آن پایین است که با معیارهای مورد نظر مطابقت دارد.,A,0.8255634307861328,A,0.6971712112426758,False,False,False,False,[0.82556343 0.14318149 0.00929743 0.02195759],[0.6971712  0.28836253 0.0076846  0.00678164]
978,کشیده شدن باد منجر به کدام ویژگی از جریانات سطح اقیانوس می‌شود؟,"['حرکت آب به دور از استوا', 'تغییرات دوره\u200cای در ارتفاع جزر و مدهای بالا', 'کاهش سرعت با فاصله از قطب\u200cهای زمین', 'انحراف آب به سمت جهت جریان هوا']",D,باد با اصطکاک بر سطح آب اثر گذاشته و آن را در جهت خود به حرکت درمی‌آورد.,B,0.6987219452857971,D,0.9475034475326538,False,True,True,True,[0.15651613 0.69872195 0.02381574 0.1209463 ],[0.02872411 0.01943571 0.00433669 0.94750345]
979,سوال: هنگامی که یک یخچال طبیعی ذوب و عقب‌نشینی می‌کند، لایه‌ای از سنگ‌پایه نمایان می‌شود. کدام اصطلاح بهترین توصیف را از فرآیندی که یک جامعه را بر روی سنگ‌پایه ایجاد می‌کند ارائه می‌دهد؟,"['الف) اختلال', 'ب) جانشینی', 'ج) هواخوری', 'د) تثبیت']",B,جامعه زیستی از صفر روی سطح بدون خاک قبلی شکل می‌گیرد که با تعریف اکولوژیکی این فرآیند مطابقت دارد.,D,0.3874901235103607,D,0.34265953302383423,False,False,False,False,[0.07570755 0.23502465 0.3017776  0.38749012],[0.05254854 0.30239597 0.30239597 0.34265953]
980,زمین در یک روز چند بار به دور محور خود می چرخد؟,"['یک بار', 'دو بار', '24 بار', '365 بار']",A,زمین برای تکمیل یک دور چرخش کامل به دور محورش، دقیقاً ۲۴ ساعت زمان می‌برد که معادل یک روز کامل است.,B,0.6237889528274536,A,0.9845257997512817,False,True,True,True,[0.15771854 0.62378895 0.12283133 0.09566114],[0.9845258  0.01249055 0.00149178 0.00149178]
981,از اطلاعات استفاده کنید تا به سؤال پاسخ دهید. طی 150 سال گذشته، استفاده از سوخت‌های فسیلی افزایش یافته و منجر به افزایش دی‌اکسید کربن و سایر گازهای گلخانه‌ای در جو شده است. برخی از دانشمندان فکر می‌کنند که این گازهای جوی منجر به گرمایش جهانی خواهند شد. دانشمندان داده‌هایی را در مورد تغییرات دمای جهانی ثبت کرده‌اند و تغییرات ممکن در سطح دریا را پیش‌بینی کرده‌اند که ممکن است بر ساکنان مریلند تأثیر بگذارد. کدام‌یک از نتایج گرمایش جهانی بیشتر به ساکنان ساحلی مریلند آسیب خواهد زد؟,"['از دست دادن زمین\u200cهای ساحلی', 'فرسایش کوه\u200cها', 'کاهش در دمای متوسط', 'افزایش در اندازه یخچال\u200cهای قطبی']",A,افزایش سطح دریا ناشی از گرمایش جهانی، مناطق ساحلی را غرقاب کرده و خط ساحل به سمت خشکی پیشروی می‌کند.,A,0.9949068427085876,A,0.9993372559547424,True,True,True,True,[9.9490684e-01 1.7032393e-03 9.1167830e-04 2.4781986e-03],[9.9933726e-01 4.1721330e-04 1.6338307e-04 8.2154169e-05]
982,علماء یک فسیل از یک فیل را در ساوانای آفریقا پیدا کردند. این فسیل دارای دندان‌های نازک‌تری است و از گونه‌های فیل فعلی در این ناحیه بسیار بزرگتر است. این فسیل فیل احتمالاً نشان‌دهندهٔ چه چیزی است؟,"['رژیم غذایی فیل\u200cهای اولیه.', 'اینکه فیل\u200cها به صورت گروهی سفر می\u200cکنند.', 'عملکرد خرطوم فیل.', 'اینکه تغییرات فیزیکی در فیل\u200cها در طول زمان رخ داده است.']",D,تفاوت‌های فیزیکی در فسیل نشان‌دهنده تغییرات تکاملی در طول زمان است.,D,0.7874565124511719,D,0.9392665028572083,True,True,True,True,[0.19948943 0.00319935 0.0098547  0.7874565 ],[6.004530e-02 5.194936e-04 1.686549e-04 9.392665e-01]
983,هنگامی که یک هواپیما در آسمان اوج می‌گیرد، خلبان متوجه تشکیل بلورهای یخ بر روی شیشه جلو می‌شود. این پدیده به دلیل چیست؟,"['طوفان\u200cهای برفی در ارتفاعات بالاتر بیشتر رخ می\u200cدهند.', 'اصطکاک با جو باعث ایجاد یخ می\u200cشود.', 'آب در ارتفاعات بالاتر سریع\u200cتر تبخیر می\u200cشود و به بلورهای یخ تبدیل می\u200cشود.', 'رطوبت در سطح خارجی هواپیما به دلیل هوای سردتر در ارتفاعات بالاتر یخ می\u200cزند.']",D,با افزایش ارتفاع، دمای هوا کاهش یافته و رطوبت روی شیشه سرد متراکم و منجمد می‌شود.,B,0.358048677444458,B,0.605495035648346,False,False,False,False,[0.07989146 0.35804868 0.31597686 0.24608302],[0.17347723 0.60549504 0.06793466 0.15309311]
984,بارش‌های سنگین باعث سیلاب در یک دره می‌شود. کدام حیوانات احتمالاً بیشتر از همه رشد خواهند کرد؟,"['شنگول\u200cها', 'لاله\u200cهای آبی', 'گوزن\u200cها', 'موش\u200cها']",B,سیلاب محیط مرطوب و غنی از مواد مغذی فراهم می‌کند که برای گیاهان آبزی ایده‌آل است و رشد سریع آن‌ها را تسهیل می‌نماید.,A,0.690374493598938,B,0.7875592112541199,False,True,True,True,[0.6903745  0.19779561 0.01839786 0.09343202],[0.1550796  0.7875592  0.01293017 0.04443105]
985,زیست‌شناسان در حال مطالعه جمعیت گوزن‌های دم‌سفید در اوهایو هستند. کدام سوال را زیست‌شناسان احتمالاً می‌توانند پاسخ دهند؟,"['این جمعیت گوزن چقدر سریع رشد می\u200cکند؟', 'چه نسبتی از مردم از تماشای گوزن\u200cها لذت می\u200cبرند؟', 'آیا این جمعیت گوزن به ایالت\u200cهای گرم\u200cتر علاقه دارد؟', 'آیا مردم باید گوزن\u200cها را به عنوان حیوان خانگی پرورش دهند؟']",A,زیست‌شناسان با بررسی نرخ تولد و مرگ، رشد جمعیت را محاسبه می‌کنند که در حوزه تخصصی آن‌هاست.,A,0.8646994829177856,A,0.9934984445571899,True,True,True,True,[0.8646995  0.01414132 0.11656812 0.00459101],[9.9349844e-01 4.5784004e-03 9.0154051e-04 1.0215793e-03]
986,کدام‌یک از این‌ها ظرفیت بیشتری برای ذخیره‌سازی انرژی حرارتی از خورشید دارد؟,"['هوا', 'زمین', 'اقیانوس\u200cها', 'گیاهان']",C,حجم زیاد آب با ظرفیت گرمایی بالا، انرژی حرارتی بیشتری را جذب و ذخیره می‌کند.,B,0.44007542729377747,C,0.993822455406189,False,True,True,True,[0.23555541 0.44007543 0.30245912 0.02191006],[4.0456909e-03 1.5843152e-03 9.9382246e-01 5.4752472e-04]
987,کدام مکانیزم نمونه‌ای از مکانیزم بازخورد منفی در بدن انسان نیست؟,"['انقباض عضلات', 'تنظیم فشار خون', 'تنظیم دمای بدن', 'نگهداری سطح قند خون']",A,[MASK] یک فرآیند حرکتی است و برای حفظ ثبات داخلی بدن عمل نمی‌کند، برخلاف سایر موارد که تعادل فیزیولوژیک را تنظیم می‌کنند.,A,0.6569967269897461,B,0.578829824924469,True,False,False,False,[0.6569967  0.31034327 0.00718542 0.02547453],[0.39472765 0.5788298  0.00648065 0.01996181]
988,آیا مردم ممکن است درختان افتاده را از جنگل‌ها برای کاهش خطر آتش‌سوزی بردارند؟ اکنون برداشتن درختان تأثیری بر سلامت جنگل دارد. کدامین تأثیر احتمالاً برداشتن درختان افتاده از جنگل‌ها بر سلامت جنگل خواهد داشت؟,"['افزایش خطر آتش\u200cسوزی در جنگل', 'افزایش منابع غذایی برای قارچ\u200cهای جنگلی', 'کاهش باروری خاک به دلیل جلوگیری از بازیافت مواد مغذی', 'کاهش پوشش گیاهی جنگل به دلیل افزایش نفوذ نور خورشید']",C,حذف مواد آلی تجزیه‌شونده، بازگشت مواد مغذی به خاک را کاهش داده و باروری آن را کم می‌کند.,A,0.979106068611145,C,0.8888259530067444,False,True,True,True,[0.97910607 0.01604363 0.00169099 0.00315918],[1.0615513e-01 4.5918198e-03 8.8882595e-01 4.2710578e-04]
989,کدام ویژگی بیشتر احتمال دارد که کودکان از والدین خود به ارث ببرند؟,"['شکل گوشواره\u200cها', 'توانایی موسیقی', 'شخصیت', 'زبان']",A,[MASK] عمدتاً از طریق یادگیری و تعامل با والدین منتقل می‌شود، در حالی که سایر ویژگی‌ها تحت تأثیر عوامل وراثتی یا محیطی پیچیده‌تری هستند.,A,0.470990389585495,C,0.6420222520828247,True,False,False,False,[0.4709904  0.03438602 0.4709904  0.02363314],[0.30326983 0.02820849 0.64202225 0.02649942]
990,کدام زوج از سیستم‌های بدن انسان نزدیک‌ترین همکاری را دارند؟,"['سیستم عصبی و ادراری', 'سیستم گوارش و ماهیچه\u200cای', 'سیستم استخوانی و گردش خون', 'سیستم تنفسی و قلبی-عروقی']",D,این دو سیستم در فرآیند حیاتی تبادل و انتقال اکسیژن به سلول‌ها مستقیماً همکاری می‌کنند.,D,0.6655611991882324,D,0.9904546141624451,True,True,True,True,[0.21607608 0.04821309 0.07014963 0.6655612 ],[0.00453328 0.00101151 0.0040006  0.9904546 ]
991,کدام فعالیت مثالی از یک تغییر شیمیایی است؟,"['حل شدن شکر در آب', 'تبخیر آب در هوا', 'روشن کردن یک کبریت', 'یخ زدن آب']",C,سوختن کبریت باعث ایجاد مواد جدید و برگشت‌ناپذیر است، در حالی که سایر موارد فقط حالت ماده را تغییر می‌دهند.,A,0.8644523024559021,C,0.992583155632019,False,True,True,True,[0.8644523  0.00852459 0.10385083 0.02317225],[6.7404271e-03 4.3090107e-04 9.9258316e-01 2.4552003e-04]
992,کدام یک از موارد زیر نمونه‌ای از تشکیل یک مخلوط است؟,"['زنگ زدن بر روی میخ آهنی', 'حل شدن بلورهای شکر در آب', 'تشکیل نمک طعام توسط سدیم و کلر', 'واکنش هیدروژن و اکسیژن برای تولید آب']",B,در این فرآیند هیچ واکنش شیمیایی رخ نمی‌دهد و مواد با حفظ خواص خود به صورت فیزیکی ترکیب می‌شوند که تعریف مخلوط است.,B,0.9486901760101318,A,0.7300474643707275,True,False,False,False,[0.04704836 0.9486902  0.0012538  0.0030077 ],[7.3004746e-01 2.6856947e-01 4.0694472e-04 9.7620959e-04]
993,پرندگانی مانند مرغابی دارای پرهایی هستند که با روغن طبیعی پوشانده شده است و این روغن آنها را خشک نگه می‌دارد. این ویژگی خاصی است که مرغابی‌ها دارند و به آنها کمک می‌کند تا,"['جوجه\u200cهای خود را تغذیه کنند', 'به محیط خود سازگار شوند', 'مادیانی را جلب کنند', 'به دنبال غذا بگردند']",B,پوشش روغنی پرها، خاصیت ضدآب ایجاد کرده و زندگی در محیط آبی را تسهیل می‌کند.,B,0.4511587619781494,B,0.9937852621078491,True,True,True,True,[0.21311231 0.45115876 0.02565226 0.3100766 ],[4.1092476e-03 9.9378526e-01 1.6439057e-04 1.9410710e-03]
994,کدام یک از ویژگی‌های زیر خاصیت شیمیایی ماده است؟,"['چگالی', 'نقطه جوش', 'شتاب احتراق', 'شکل']",C,ویژگی‌های شیمیایی تغییر ماده به مواد جدید را نشان می‌دهند، مانند سرعت واکنش‌های شیمیایی.,B,0.9957029223442078,B,0.9912823438644409,False,False,False,False,[3.6263063e-03 9.9570292e-01 2.8850714e-04 3.8220987e-04],[5.8257091e-03 9.9128234e-01 2.4285167e-03 4.6349052e-04]
995,عمل اصلی دستگاه گوارش انسان چیست؟,"['شکستن غذاها برای جذب در خون', 'تعویض اکسیژن و دی\u200cاکسید کربن در ریه\u200cها', 'آزاد کردن انرژی از قندها درون سلول\u200cها', 'انتقال مواد مغذی به تمام بخش\u200cهای بدن']",A,هضم غذا و تبدیل آن به مواد قابل جذب در خون، کار اصلی این دستگاه است.,C,0.8797985315322876,C,0.6384716033935547,False,False,False,False,[0.07264266 0.00867593 0.87979853 0.03888281],[0.26615456 0.00896611 0.6384716  0.08640774]
996,دانش‌آموزان درباره‌ی انواع مختلف امواج در حال یادگیری هستند. کمترین احتمال برای تولید یک موج توسط دانش‌آموزان کدام است؟,"['با پرتاب یک توپ به هوا', 'با لرزاندن انتهای یک طناب', 'با پرتاب یک سنگ ریزه به داخل استخر آب', 'با کشیدن یک اسباب بازی فنری']",A,پرتاب توپ به هوا حرکت پرتابی است و موج ایجاد نمی‌کند، زیرا انتقال نوسان نیاز به محیط دارد.,A,0.6934670209884644,A,0.9530205726623535,True,True,True,True,[0.693467   0.25511226 0.01260245 0.03881828],[0.9530206  0.03248344 0.00724803 0.00724803]
997,کدام یک از این حیوانات بیشتر احتمال دارد که در کف جنگل‌های ویرجینیا زندگی کند و از آن غذا بخورد؟,"['خفاش', 'ماهی قزل آلا', 'موش گوزنی', 'عقاب طلایی']",C,این پستاندار کوچک در جنگل‌های معتدل زندگی کرده و از منابع گیاهی کف جنگل تغذیه می‌کند، در حالی که سایر گونه‌ها زیستگاه‌های متفاوتی دارند.,A,0.6260790228843689,A,0.5735108852386475,False,False,False,False,[0.626079   0.09638811 0.20246567 0.07506713],[0.5735109  0.10005131 0.23814285 0.08829497]
998,از بین این پروژه‌های تحقیقاتی، کدام یک بهترین انتخاب برای دانشجویی است که به مسائل زیست‌محیطی علاقه‌مند است؟,"['متحمل کردن خودروها به سوخت کمتر', 'پیدا کردن مکان\u200cهای بیشتر برای معادن مس', 'بزرگتر و سریع\u200cتر کردن کشتی\u200cهای اقیانوس\u200cپیما', 'جایگزینی کارگران انسانی با ربات\u200cها']",A,این پروژه مصرف سوخت را کاهش می‌دهد و آلودگی را کم می‌کند که با اهداف محیط زیستی همخوانی دارد.,A,0.9711995720863342,A,0.995081901550293,True,True,True,True,[0.9711996  0.01066336 0.01369202 0.00444515],[9.9508190e-01 3.1671277e-03 1.1651211e-03 5.8585970e-04]
999,تغییرات باید در نظریه علمی هنگامی انجام شود که,"['حمایت عمومی از نظریه کاهش یابد.', 'نظریه بیش از ۱۰۰ سال قدمت داشته باشد.', 'تکنولوژی جدید اطلاعات به\u200cروز را ارائه دهد.', 'با افزودن داده\u200cها می\u200cتوان به سود مالی دست یافت.']",C,تغییرات علمی با ظهور شواهد جدید از طریق پیشرفت‌های فناوری صورت می‌گیرد.,C,0.7994611859321594,C,0.8087283968925476,True,True,True,True,[0.1783839  0.01851003 0.7994612  0.00364484],[1.80451706e-01 1.00225555e-02 8.08728397e-01 7.97389599e-04]
1000,"دانش‌آموزان دیدند که یک پرنده هر چند دقیقه به یک بوته بزرگ پرواز می‌کند و برمی‌گردد. دانش‌آموزان به معلم خود گفتند: ""پرنده در آن بوته لانه دارد."" این جمله مثالی است از","['الف) یک استنتاج که از مشاهدات به دست آمده است.', 'ب) یک مشاهده که از پیش\u200cبینی\u200cها به وجود آمده است.', 'ج) یک پیش\u200cبینی که از نمونه\u200cهای داده استخراج شده است.', 'د) یک نتیجه که از استنتاج به دست آمده است.']",A,دانش‌آموزان با دیدن رفتار پرنده نتیجه‌گیری کردند که لانه دارد، نه پیش‌بینی یا نمونه‌برداری.,A,0.9181082248687744,A,0.9977772831916809,True,True,True,True,[0.9181082  0.00788138 0.04606842 0.02794191],[9.9777728e-01 4.0611840e-04 7.1276003e-04 1.1039443e-03]
1001,یک معلم مدلی از یک اتم هیدروژن می‌سازد. یک توپ گلف قرمز به عنوان پروتون و یک توپ گلف سبز به عنوان الکترون استفاده می‌شود. کدام یک در مورد این مدل نادرست است؟,"['تعداد ذرات', 'جرم نسبی ذرات', 'نوع ذرات موجود', 'بارهای ذرات موجود']",B,در مدل، اندازه ذرات یکسان است، در حالی که در واقعیت تفاوت جرمی زیادی دارند.,A,0.5229793190956116,B,0.495773583650589,False,True,True,True,[0.5229793  0.3594381  0.05512161 0.06246097],[0.34073988 0.49577358 0.14204152 0.02144506]
1002,کدام‌یک از موارد زیر شباهتی بین امواج ایکس و امواج صداست؟,"['هر دو انرژی را منتقل می\u200cکنند.', 'هر دو به یک خلأ نیاز دارند.', 'هر دو سرعت یکسانی دارند.', 'هر دو فرکانس یکسانی دارند.']",A,هر دو نوع موج قابلیت انتقال انرژی را دارند، اگرچه روش‌های انتقال متفاوت است.,A,0.9546850919723511,A,0.9968531727790833,True,True,True,True,[9.5468509e-01 4.1945938e-02 3.3042737e-04 3.0385535e-03],[9.9685317e-01 2.5000786e-03 2.6350637e-04 3.8339949e-04]
1003,منبع غذا و رشد برای یک قارچ چیست؟,"['موجودات در حال فساد', 'نور آفتاب', 'مواد معدنی در خاک', 'آب در خاک']",A,قارچ‌ها تجزیه‌کننده هستند و مواد مغذی خود را از تجزیه موجودات مرده یا در حال پوسیدگی کسب می‌کنند.,A,0.40322670340538025,A,0.9251446723937988,True,True,True,True,[0.4032267  0.21583171 0.1904708  0.1904708 ],[0.9251447  0.01905135 0.04096683 0.0148372 ]
1004,زغال‌سنگ و خورشید از نظر منابع انرژی چگونه مقایسه می‌شوند؟,"['زغال\u200cسنگ تجدیدپذیر است و خورشید نیز تجدیدپذیر است.', 'زغال\u200cسنگ تجدیدپذیر است و خورشید غیرتجدیدپذیر است.', 'زغال\u200cسنگ غیرتجدیدپذیر است و خورشید تجدیدپذیر است.', 'زغال\u200cسنگ غیرتجدیدپذیر است و خورشید نیز غیرتجدیدپذیر است.']",C,زغال‌سنگ محدود و تمام‌شدنی است، اما انرژی خورشیدی به طور مداوم و بی‌پایان در دسترس می‌باشد.,C,0.9787417054176331,C,0.8395094871520996,True,True,True,False,[1.3778152e-02 7.3749134e-03 9.7874171e-01 1.0519749e-04],[1.1317231e-01 4.7177237e-02 8.3950949e-01 1.4105739e-04]
1005,دور ریختن یک منبع، مانند کاغذ، مهم است زیرا,"['شرکت\u200cهای کاغذ نمی\u200cتوانند کاغذ کافی تولید کنند.', 'استفاده از کاغذ بازیافتی قطع درختان جدید را کاهش می\u200cدهد.', 'بیشتر کاغذها از گونه\u200cهای درختانی تهیه می\u200cشوند که در معرض خطر هستند.', 'کاغذ بازیافتی از کاغذی که بدون بازیافت تهیه می\u200cشود، ارزان\u200cتر است.']",B,بازیافت کاغذ نیاز به قطع درختان تازه را کم کرده و به حفظ منابع طبیعی و محیط زیست کمک می‌کند.,D,0.8732072710990906,B,0.9235966205596924,False,True,True,True,[0.07209843 0.04955248 0.00514182 0.8732073 ],[0.04073883 0.9235966  0.01894532 0.01671918]
1006,قورباغهٔ آواز کوهستانی گونه‌ای در خطر انقراض در مریلند است. علاوه بر از دست دادن زیستگاه، چه عاملی بیشتر احتمال دارد که باعث کاهش جمعیت این قورباغه شده باشد؟,"['افزایش منبع غذایی', 'محل\u200cهای بیشتر برای تکثیر قورباغه\u200cها', 'حفظ تالاب\u200cهای بومی', 'سموم حل شده در آب']",D,آلودگی آب با سموم باعث مرگ، نقص تکاملی یا تضعیف سیستم ایمنی قورباغه‌ها می‌شود و جمعیت را کاهش می‌دهد.,D,0.9152060151100159,D,0.9837090969085693,True,True,True,True,[0.07490491 0.00894612 0.00094291 0.915206  ],[1.4820594e-02 1.0085541e-03 4.6174973e-04 9.8370910e-01]
1007,در مطالعه لایه‌های رسوبی سنگ، یک زمین‌شناس منطقه‌ای را پیدا کرد که در آن سنگ‌های قدیمی‌تر بر روی سنگ‌های جوان‌تر قرار داشت. کدام‌یک بهتر توضیح می‌دهد که این چگونه اتفاق افتاد؟,"['فعالیت زلزله لایه\u200cهای سنگ را تا کرد.', 'بروز فوران\u200cهای آتشفشانی یک لایه سنگ را نابود کرد.', 'فرسایش چندین لایه سنگ را از بین برد.', 'هواشناسی لایه\u200cبندی سنگ\u200cها را تغییر داد.']",A,چین‌خوردگی ناشی از زمین‌لرزه باعث واژگونی لایه‌ها و قرارگیری سنگ‌های قدیمی‌تر روی جوان‌تر می‌شود.,A,0.7133697867393494,A,0.9788358807563782,True,True,True,True,[0.7133698  0.18072075 0.03116017 0.07474936],[0.9788359  0.01095917 0.00355792 0.00664707]
1008,جمعیت خرگوش‌ها در ده سال گذشته به طرز قابل توجهی افزایش یافته است. کدام یک از گزینه‌های زیر یک فرضیه منطقی برای این افزایش جمعیت است؟,"['رقابت برای غذا در میان خرگوش\u200cها افزایش یافته است.', 'مخاطره اصلی خرگوش\u200cها به دلیل توسعه انسانی از بین رفته است.', 'شرایط جوی غیرعادی سطح آب حوضچه\u200cهای محلی را کاهش داده است.', 'یک موجود که به منابع غذایی مشابهی وابسته است، به این منطقه مهاجرت کرده است.']",B,کاهش تهدیدات اصلی مانند شکار یا تخریب زیستگاه به دلیل توسعه انسانی، رشد جمعیت را به طور طبیعی توجیه می‌کند.,B,0.7293047904968262,B,0.9899981617927551,True,True,True,True,[0.20894933 0.7293048  0.03659473 0.02515117],[9.76263639e-03 9.89998162e-01 1.08453096e-04 1.30819404e-04]
1009,کار نیوتن در فیزیک به ارائه توضیحات ریاضی برای نتایج اولیه کدام دانشمند کمک کرد؟,"['بطلمیوس', 'ارسطو', 'نیکلاس کپرنیک', 'دیمیتری مندل لیف']",C,نیوتن با ارائه قوانین حرکت و گرانش، مدل خورشیدمرکزی را با ریاضیات تایید کرد.,A,0.8947579264640808,A,0.9706960916519165,False,False,False,False,[0.8947579  0.00784774 0.00327142 0.09412278],[0.9706961  0.00211511 0.00947927 0.01770961]
1010,کدامیک از این ابزارها بهترین گزینه برای استفاده در هنگام مشاهده حشرات در زمینه است؟,"['قطب\u200cنما', 'لنز دستی', 'میکروسکوپ', 'ترمومتر']",B,برای مشاهده حشرات در طبیعت، این وسیله قابل حمل بوده و جزئیات را به سادگی بزرگ می‌کند.,C,0.732073962688446,B,0.9260360598564148,False,True,True,True,[0.16334778 0.09907544 0.73207396 0.0055028 ],[0.0591995  0.92603606 0.01300441 0.00175995]
1011,کدام یک از موارد زیر عملکرد نورون‌های حرکتی در سیستم عصبی است؟,"['اعمال نیروی مستقیم به سیستم اسکلتی', 'جمع\u200cآوری اطلاعات درباره محرک\u200cها', 'انتقال پیام\u200cها از مغز به بدن', 'کنترل مستقیم عملکرد عضلات']",D,پیام‌های عصبی را از مغز به اندام‌های بدن منتقل می‌کنند.,A,0.683992326259613,C,0.9824877381324768,False,False,False,False,[0.6839923  0.04372616 0.02065478 0.25162673],[0.01382414 0.00128584 0.98248774 0.00240227]
1012,حضور دماهای بالا در طول شکل‌گیری سوخت‌های فسیلی منجر به درصد بالاتری از کدام محصول می‌شود؟,"['قیر', 'زغال\u200cسنگ', 'نفت خام', 'گاز طبیعی']",D,دمای بالا مولکول‌های بزرگ را به کوچک‌تر تبدیل می‌کند که تشکیل ماده‌ای با ساختار ساده‌تر را افزایش می‌دهد.,C,0.8022146224975586,B,0.6097427010536194,False,False,False,False,[0.10856794 0.05811223 0.8022146  0.03110524],[0.07339454 0.6097427  0.29028103 0.02658174]
1013,پیش‌بینی آسمانی می‌گوید که طوفان برفی شدیدی امروز دیرتر می‌آید. کدام مشاهده آب و هوایی احتمالاً درست قبل از بارش برف است؟,"['آسمان صاف', 'ابرهای ضخیم خاکستری', 'ابرهای کوچک سفید', 'دمای گرم']",B,ابرهای تیره و سنگین نشان‌دهنده رطوبت زیاد و شرایط مناسب برای بارش برف هستند.,B,0.8405863642692566,B,0.9966996312141418,True,True,True,True,[0.14550252 0.84058636 0.00944815 0.00446299],[2.8214811e-03 9.9669963e-01 2.2447565e-04 2.5436425e-04]
1014,چرا نگاه کردن به ماه ایمن‌تر از نگاه کردن به خورشید است؟,"['الف) ماه کم نورتر است.', 'ب) ماه به زمین نزدیک\u200cتر است.', 'ج) ماه عمدتاً در شب می\u200cدرخشد.', 'د) ماه تنها یک بار در ماه کامل می\u200cشود.']",A,ماه نور خورشید را بازتاب می‌دهد و شدت نور آن بسیار کمتر است، بنابراین برای چشم ایمن‌تر است.,A,0.49962317943573,A,0.5314528346061707,True,True,True,True,[0.49962318 0.30303678 0.14426713 0.05307291],[0.53145283 0.05645404 0.36812663 0.04396646]
1015,هنگام جمع‌آوری گل‌های وحشی، یک دانش‌آموز شروع به عطسه کردن می‌کند و چشم‌هایش خارش و آب‌ریزش دارد. کدام سیستم بدنی این واکنش را ایجاد می‌کند؟,"['الف) ایمنی', 'ب) عصبی', 'پ) عضلانی', 'ت) گردش خون']",A,واکنش آلرژیک ناشی از ترشح هیستامین توسط سیستم ایمنی است.,A,0.8285238146781921,A,0.9827122688293457,True,True,True,True,[0.8285238  0.14482193 0.00148792 0.02516628],[9.8271227e-01 1.3990286e-02 5.4246228e-04 2.7548505e-03]
1016,یک دانش آموز آب را در یک سینی پلاستیکی ریخت. سپس دانش آموز سینی را در فریزر قرار داد. کدام ویژگی آب تغییر کرد وقتی آب یخ زد؟,"['آب به گاز تبدیل شد.', 'جرم آب افزایش یافت.', 'آب شکل مشخصی به خود گرفت.', 'طعم آب تغییر کرد.']",C,با یخ زدن، آب از حالت مایع به جامد تبدیل شده و شکل ثابتی پیدا می‌کند.,A,0.9539384245872498,C,0.9828139543533325,False,True,True,True,[0.9539384  0.00181653 0.03706052 0.00718451],[1.6135871e-02 2.9553878e-04 9.8281395e-01 7.5468479e-04]
1017,سوال: فرض کنید یک سوخت جدید برای خودروها از زغال‌سنگ گرفته شده است. خودروها با یک مخزن سوخت جدید به فاصله‌ی دو برابر آنچه با همان مقدار بنزین می‌توانند بروند، حرکت می‌کنند. چگونه این سوخت جدید را دسته‌بندی می‌کنید؟,"['الف) این یک سوخت فسیلی تجدیدپذیر است.', 'ب) این یک سوخت فسیلی غیراشکالی است.', 'ج) این یک سوخت زیست\u200cتوده تجدیدپذیر است.', 'د) این یک سوخت زیست\u200cتوده غیراشکالی است.']",B,منشأ آن سوخت فسیلی است و افزایش کارایی، ماهیت غیرقابل تجدید آن را تغییر نمی‌دهد.,D,0.3033898174762726,A,0.3654630780220032,False,False,False,False,[0.26774058 0.26774058 0.16112912 0.30338982],[0.36546308 0.3250496  0.13550083 0.17398651]
1018,کدام یک از جملات بهترین توصیف را از نوترون ارائه می‌دهد؟,"['بار منفی دارد.', 'در اطراف هسته حرکت می\u200cکند.', 'به هسته جرم اضافه می\u200cکند.', 'بار مثبت دارد.']",C,نوترون در هسته قرار دارد و بدون بار است، اما جرم آن به طور قابل توجهی به جرم کل اتم کمک می‌کند.,B,0.8756131529808044,C,0.9761794805526733,False,True,True,True,[0.10437303 0.87561315 0.01412535 0.00588832],[0.01809011 0.0045739  0.9761795  0.00115646]
1019,دستگاه‌های باد برای تولید برق در بسیاری از نقاط ایالات متحده استفاده می‌شوند. یکی از مزایای دستگاه‌های باد این است که سوخت‌های فسیلی سوزانده نمی‌شوند. کدام یک از موارد زیر عیب دستگاه‌های باد است؟,"['الف) دستگاه\u200cهای باد می\u200cتوانند در صورت آسیب\u200cدیدگی تابش خطرناک منتشر کنند.', 'ب) مزارع توربین بادی باید در نزدیکی منابع آبی بزرگ قرار گیرند.', 'ج) دستگاه\u200cهای باد تا سال\u200cها پس از ساخت انرژی تولید نمی\u200cکنند.', 'د) مزارع توربین بادی به نسبت انرژی که تولید می\u200cکنند به مساحت زیادی نیاز دارند.']",D,توربین‌های بادی برای تولید انرژی به مساحت زیادی زمین نیاز دارند که با کاربری‌های دیگر رقابت می‌کند.,A,0.9699904322624207,A,0.6164199709892273,False,False,False,False,[0.96999043 0.00398353 0.00310238 0.02292365],[0.61642    0.00285459 0.00684781 0.3738776 ]
1020,کدام نوع نیرو نیاز به تماس بین دو جسم دارد تا یکی دیگری را بکشاند یا هل دهد؟,"['نیروهای اصطکاکی که توپ فوتبال در حال غلتیدن را کند می\u200cکنند', 'نیروهای مغناطیسی که گیره\u200cهای کاغذ را به یک الکترومغناطیس قوی می\u200cکشد', 'نیروهای مغناطیسی که دو آهنربا را از هم دور می\u200cکند', 'نیروی گرانش که بر قطرات باران که به زمین می\u200cافتند تأثیر می\u200cگذارد']",A,فقط نیروی اصطکاک نیاز به تماس فیزیکی دارد، در حالی که سایر نیروها از راه دور عمل می‌کنند.,A,0.9942842125892639,A,0.9929274916648865,True,True,True,False,[9.9428421e-01 4.5552524e-03 5.4404727e-04 6.1648636e-04],[9.929275e-01 5.159770e-03 8.966336e-04 1.016019e-03]
1021,کدام بخش از درخت کاج غذا تولید می کند؟,"['ریشه', 'سوزن', 'تنه', 'اجازه']",D,[MASK]‌ها برگ هستند و فتوسنتز انجام می‌دهند تا غذا تولید شود.,A,0.6964039206504822,C,0.41168487071990967,False,False,False,False,[0.6964039  0.17676763 0.1214905  0.00533792],[0.3633106  0.22035904 0.41168487 0.00464543]
1022,در گیاهان نخود، قد بلند بر قد کوتاه غالب است. وقتی دو گیاه کوتاه با هم پیوند می‌خورند، چه اندازه‌ای از گیاهان نخود به دست می‌آید؟,"['فقط گیاهان کوتاه', 'گیاهان کوتاه و بلند', 'فقط گیاهان بلند', 'گیاهان با اندازه متوسط']",A,هر دو والد دارای صفت مغلوب هستند و تمام فرزندان آن را به ارث می‌برند.,A,0.5435599088668823,A,0.5162439942359924,True,True,True,False,[0.5435599  0.3735829  0.00871746 0.0741398 ],[0.516244   0.354809   0.01375744 0.11518961]
1023,کدام نوع مخزن آب بیشترین حجم آب شیرین را شامل می‌شود؟,"['دریاچه\u200cها', 'رودها', 'صفحات یخی', 'آبخوان\u200cها']",C,بیشترین آب شیرین در یخ‌های طبیعی ذخیره شده و حجم سایر منابع کمتر است.,A,0.9596874713897705,C,0.9928258657455444,False,True,True,True,[0.9596875  0.0174746  0.00303663 0.01980131],[6.6896081e-03 1.1875477e-04 9.9282587e-01 3.6579045e-04]
1024,کدام یک از این موارد بیشترین زمان را برای مشاهدۀ آن خواهد برد؟,"['یک چرخهٔ فاز ماه', 'یک چرخهٔ جزر و مد اقیانوس', 'تبدیل یک بلوط به درخت بالغ', 'تبدیل یک کرم به پروانه']",C,فرآیند رشد یک گیاه تا بلوغ کامل دهه‌ها زمان می‌برد، در حالی که سایر پدیده‌های ذکر شده در بازه‌های زمانی بسیار کوتاه‌تری رخ می‌دهند.,A,0.5587979555130005,C,0.9521563649177551,False,True,True,True,[0.55879796 0.4351923  0.00121285 0.00479693],[0.04208067 0.00391411 0.95215636 0.0018489 ]
1025,کدام قسمت گیاه مشابه تخم پرنده است؟,"['A) برگ', 'B) ریشه', 'C) دانه', 'D) ساقه']",C,هر دو نقش تولیدمثل دارند و حاوی جنین هستند که در شرایط مناسب رشد می‌کنند و موجود جدیدی ایجاد می‌شود.,C,0.3527247905731201,B,0.5421114563941956,True,False,False,False,[0.27470234 0.06129438 0.3527248  0.31127852],[0.13706724 0.54211146 0.06474598 0.25607532]
1026,کدام یک از جمله‌های زیر در مورد فتوسنتز و تنفس صحیح است؟,"['الف) فتوسنتز انرژی را ذخیره می\u200cکند و تنفس انرژی را آزاد می\u200cکند.', 'ب) تنفس انرژی را ذخیره می\u200cکند و فتوسنتز انرژی را آزاد می\u200cکند.', 'ج) فتوسنتز و تنفس یک فرآیند مشابه هستند.', 'د) فتوسنتز و تنفس هیچ ارتباطی با انرژی ندارند.']",A,فتوسنتز انرژی را در مواد ذخیره می‌کند، در حالی که تنفس آن را برای مصرف آزاد می‌نماید.,A,0.8160051703453064,A,0.9980260133743286,True,True,True,True,[0.8160052  0.07590031 0.08600631 0.02208825],[9.9802601e-01 1.5063441e-03 1.9758935e-04 2.7007260e-04]
1027,یک اتم به یک یون با بار -1 تبدیل می‌شود زیرا اتم,"['یک الکترون اضافه می\u200cکند.', 'یک الکترون از دست می\u200cدهد.', 'یک پروتون اضافه می\u200cکند.', 'یک پروتون از دست می\u200cدهد.']",A,افزایش الکترون نسبت به پروتون باعث بار منفی می‌شود.,B,0.9868814945220947,A,0.9570275545120239,False,True,True,True,[1.2441216e-02 9.8688149e-01 1.9490653e-04 4.8239829e-04],[9.5702755e-01 4.1844040e-02 3.6202188e-04 7.6640031e-04]
1028,هرگاه دانشمندان هر کمیتی را به دقت چندین بار اندازه‌گیری کنند، انتظار دارند که,"['تمامی اندازه\u200cگیری\u200cها دقیقا یکسان باشد', 'تنها دو تا از اندازه\u200cگیری\u200cها دقیقا یکسان باشد', 'تمام اندازه\u200cگیری\u200cها به جز یکی دقیقا یکسان باشد', 'بیشتر اندازه\u200cگیری\u200cها نزدیک به هم باشند اما دقیقا یکسان نباشند']",D,به دلیل خطاهای تصادفی، اندازه‌گیری‌ها معمولاً نزدیک هم هستند اما دقیقاً یکسان نیستند.,D,0.9187690019607544,D,0.9203726053237915,True,True,True,True,[0.06629593 0.00188067 0.01305444 0.918769  ],[0.07496086 0.00137296 0.00329355 0.9203726 ]
1029,کدام نوع انرژی را یک فرد برای رکاب زدن بر روی دوچرخه استفاده می‌کند؟,"['نور', 'صوت', 'مکانیکی', 'الکتریکی']",C,انرژی شیمیایی بدن انسان هنگام پدال زدن به انرژی حرکتی تبدیل می‌شود که نوعی انرژی [MASK] است.,C,0.9970089793205261,C,0.9640327095985413,True,True,True,False,[2.4810107e-03 1.6364039e-04 9.9700898e-01 3.4642671e-04],[0.03260307 0.00183934 0.9640327  0.00152487]
1030,در طول یک سخنرانی، یک استاد دربارهٔ پتانسیل هیدروژن برای انفجار در شرایط خاص صحبت می‌کرد. موضوع سخنرانی استاد احتمالاً چه بود؟,"['هدایت\u200cپذیری گازها', 'تغییرات فازی در ماده', 'خواص شیمیایی گازها', 'خواص فیزیکی عناصر']",C,بحث درباره قابلیت انفجار یک گاز به دلیل واکنش‌پذیری آن، مستقیماً به ویژگی‌های واکنش‌های شیمیایی مربوط می‌شود.,B,0.7192786335945129,C,0.9350144267082214,False,True,True,True,[0.26460782 0.71927863 0.01317405 0.00293953],[5.6151979e-02 8.6111845e-03 9.3501443e-01 2.2241996e-04]
1031,یکی از علل اصلی باران اسیدی چیست؟,"['الف) اسیدهای زائد از کارخانه\u200cهای شیمیایی که به رودخانه\u200cها پمپ می\u200cشوند', 'ب) اسیدهای موجود در آزمایشگاه\u200cهای شیمیایی که به هوا تبخیر می\u200cشوند', 'ج) گازهای ناشی از سوختن زغال سنگ و نفت که در آب جو حل می\u200cشوند', 'د) گازهای ناشی از دستگاه\u200cهای تهویه مطبوع و یخچال\u200cهایی که به جو فرار می\u200cکنند']",C,باران اسیدی عمدتاً از حل شدن گازهای حاصل از سوخت‌های فسیلی در جو و تشکیل اسید ناشی می‌شود.,A,0.9915754199028015,C,0.9475576877593994,False,True,True,True,[0.9915754  0.0031192  0.00400513 0.00130028],[0.04644472 0.00445716 0.9475577  0.00154035]
1032,گلبرگ‌های گل‌ها معمولاً رنگ‌های روشنی دارند. این گلبرگ‌ها برای گیاه مفید هستند زیرا آنها —,"['از انتخاب گرده توسط حشرات به گل\u200cهای دیگر جلوگیری می\u200cکنند', 'این گیاه را از شکارچیانی که ممکن است گل\u200cهای آن را بخورند پنهان می\u200cکنند', 'از آسیب به برگ\u200cها توسط پرندگان و حشرات محافظت می\u200cکنند', 'حشرات را جذب می\u200cکنند که می\u200cتوانند گرده مورد نیاز برای زاد و ولد گیاه را حمل کنند']",D,رنگ روشن حشرات را برای انتقال گرده و کمک به تولیدمثل جذب می‌کند.,A,0.456085741519928,D,0.8142890334129333,False,True,True,True,[0.45608574 0.18864526 0.07863905 0.27662998],[0.09725296 0.08582543 0.00263252 0.81428903]
1033, traits وراثتی انسان ها به جز موارد زیر,"['موهای بلند', 'چشمان آبی', 'مژه\u200cهای بلند', 'چاله\u200cهای کوچک']",A,چاله‌های گونه اکتسابی و غیروراثتی است، برخلاف سایر موارد که ژنتیکی و موروثی محسوب می‌شوند.,A,0.44423389434814453,A,0.3718550205230713,True,True,True,False,[0.4442339  0.3459697  0.09835061 0.11144584],[0.37185502 0.25557196 0.08297207 0.28960097]
1034,مدیران شهری می‌توانند با چه اقداماتی از صرفه‌جویی در مصرف انرژی حمایت کنند؟,"['کاهش هزینه\u200cهای پارکینگ', 'ساخت پارکینگ\u200cهای بزرگ\u200cتر', 'کاهش هزینه بنزین', 'کاهش هزینه بلیت\u200cهای اتوبوس و مترو']",D,کاهش قیمت حمل‌ونقل عمومی، استفاده از آن را افزایش داده و وابستگی به خودروهای شخصی و مصرف سوخت را کم می‌کند.,A,0.77889084815979,D,0.8240668177604675,False,True,True,True,[0.77889085 0.03008313 0.05620269 0.13482325],[0.16290347 0.00811049 0.00491926 0.8240668 ]
1035,بهترین مثال از نیروهای متعادل چیست؟,"['خودروئی که سرعتش در حال افزایش است.', 'اتوبوسی که در گاراژ پارک شده است.', 'توپى که در یک سطح صاف شوت شده است.', 'سرسره\u200cای که در یک شیب در حال کاهش سرعت است.']",B,وقتی نیروی خالص صفر باشد، سرعت جسم تغییر نمی‌کند و در حالت تعادل است. این وضعیت با جسم ساکن مطابقت دارد.,B,0.9824963808059692,B,0.9950405955314636,True,True,True,True,[0.00742855 0.9824964  0.00841765 0.00165753],[2.4472647e-03 9.9504060e-01 2.1597038e-03 3.5256194e-04]
1036,ویروس با چه ساختاری مشابهت دارد که در سلول پروکاریوتی نیز وجود دارد؟,"['دیوار سلولی', 'اسید نوکلئیک', 'ریبوزوم', 'کپسید']",B,ویروس‌ها و پروکاریوت‌ها هر دو دارای ماده ژنتیکی هستند که این ویژگی مشترک را نشان می‌دهد.,C,0.8124145865440369,B,0.9252004027366638,False,True,True,True,[0.09740885 0.085963   0.8124146  0.00421349],[1.5130750e-02 9.2520040e-01 7.5331569e-04 5.8915492e-02]
1037,چه مقدار زمان برای یک دوچرخه لازم است تا فاصله 100 متری را با سرعت متوسط 2 متر بر ثانیه طی کند؟,"['0', '50 ثانیه', '100 ثانیه', '200 ثانیه']",B,زمان با تقسیم مسافت بر سرعت به‌دست می‌آید که نتیجه ۵۰ است.,B,0.5444487929344177,B,0.9798665046691895,True,True,True,True,[0.0307157  0.5444488  0.05064163 0.37419382],[0.00771886 0.9798665  0.00118373 0.01123087]
1038,پرنده‌ای به تازگی از تخم خارج شده است. کدامیک از مراحل زیر به احتمال زیاد در زندگی پرنده بعدی خواهد بود؟,"['زایش', 'مرگ', 'رشد', 'تولید مثل']",C,جوجه تازه متولد شده در ابتدای چرخه زندگی است و مرحله بعدی طبیعی آن [MASK] برای رسیدن به بلوغ می‌باشد.,A,0.4771648645401001,C,0.5263065695762634,False,True,True,True,[0.47716486 0.2564076  0.01001998 0.2564076 ],[0.40988797 0.03364565 0.52630657 0.03015977]
1039,کدام یک از موارد زیر دورترین نقطه از مرکز یک اتم را دارد؟,"['هسته', 'پروتون', 'نوترون', 'الکترون']",D,[MASK] در بیرونی‌ترین لایه قرار دارد، در حالی که سایر اجزا در مرکز متمرکز شده‌اند.,D,0.5771614909172058,D,0.701038658618927,True,True,True,True,[0.34870136 0.0692019  0.00493525 0.5771615 ],[0.22759393 0.06520676 0.00616069 0.70103866]
1040,کدام یک از مزایای استفاده از منابع تجدیدپذیر است؟,"['آنها انرژی را مقرون به صرفه تر می کنند.', 'آنها برق را کمتر خطرناک می کنند.', 'آنها برای سال های زیادی در دسترس خواهند بود.', 'آنها تقاضا برای برق را کاهش خواهند داد.']",C,این منابع به طور طبیعی تجدید می‌شوند و برای مدت طولانی در دسترس باقی می‌مانند.,A,0.9896690249443054,C,0.7029761075973511,False,True,True,True,[0.989669   0.0035973  0.00149958 0.00523404],[0.29304403 0.00253533 0.7029761  0.00144459]
1041,کدامیک نمونه‌ای از هدایت گرما است؟,"['الف) بخاری فضایی روشن', 'ب) آب در حال جوشیدن روی اجاق', 'ج) تابش نور خورشید از طریق پنجره', 'د) قاشق فلزی که در ظرف سوپ داغ گرم می\u200cشود']",D,انتقال گرما از طریق تماس مستقیم بین اجسام، مانند فلز در مایع داغ، نمونه‌ای از هدایت است.,C,0.3829619288444519,D,0.8519349098205566,False,True,True,True,[0.26320565 0.123362   0.38296193 0.23047054],[0.04208526 0.09049753 0.0154823  0.8519349 ]
1042,کدامیک بیشتر شبیه به شیوه‌ای است که ساقه یک گل را پشتیبانی می‌کند؟,"['شیوه\u200cای که آب یک قایق را در حال عبور از یک رودخانه پشتیبانی می\u200cکند', 'شیوه\u200cای که تیرک پرچم یک پرچم را در حیاط مدرسه پشتیبانی می\u200cکند', 'شیوه\u200cای که پایه\u200cهای کتاب یک کتاب را روی قفسه پشتیبانی می\u200cکند', 'شیوه\u200cای که کمربند شلوار را بر روی کمر یک نفر پشتیبانی می\u200cکند']",B,هر دو به صورت عمودی و مستقیم نگه‌داری می‌شوند و ثبات ایجاد می‌کنند.,A,0.9258896112442017,A,0.7809357643127441,False,False,False,False,[0.9258896  0.03604114 0.0318062  0.00626301],[0.78093576 0.09363452 0.1202291  0.0052006 ]
1043,یک آزمایش برای تعیین کیفیت هوا در داخل یک ساختمان در حال انجام است. برای رسیدن به یک نتیجه، دانشمندان باید داده‌ها را جمع‌آوری کنند. کدام یک از گزینه‌های زیر می‌تواند منبع عالی برای جمع‌آوری داده‌ها باشد؟,"['مشاهده با چشم غیرمسلح', 'محاسبات جرم هوا', 'نمایش فشار هوا', 'اندازه\u200cگیری ذرات معلق در هوا']",D,ذرات معلق مستقیماً نشان‌دهنده آلودگی بوده و داده‌های دقیق و کمی برای تحلیل علمی فراهم می‌کنند.,A,0.8453840613365173,D,0.9718919992446899,False,True,True,True,[8.4538406e-01 2.4075562e-02 3.8914519e-04 1.3015126e-01],[2.4521669e-02 3.5326814e-03 5.3640935e-05 9.7189200e-01]
1044,مواد شوینده لباسشویی زمانی با غلظت‌های بالا از ترکیبات فسفر تولید می‌شدند. هنگامی که آب زائد حاوی این ترکیبات به دریاچه‌ها سرازیر می‌شد، فسفر به یک ماده مغذی برای جلبک‌ها تبدیل می‌شد. با افزایش جمعیت جلبک‌ها در دریاچه‌ها، جانشینی تسریع می‌شد. در طولانی‌مدت، در نتیجهٔ فسفر موجود در مواد شوینده، یک دریاچه به چه چیزی تبدیل خواهد شد؟,"['دره', 'بیابان', 'باتلاق', 'رودخانه']",C,فسفر باعث رشد زیاد جلبک‌ها و کاهش اکسیژن می‌شود که در نهایت دریاچه را به زمین مردابی تبدیل می‌کند.,B,0.5850686430931091,B,0.9360358119010925,False,False,False,False,[0.35625094 0.58506864 0.04783813 0.01084222],[5.9373096e-02 9.3603581e-01 3.8553672e-03 7.3580968e-04]
1045,کدامیک از موارد زیر نمونه‌ای از یک شکل انرژی است؟,"['هوای داخل یک شیشه در بسته', 'سیم در یک آویز فلزی', 'آب در یک برکه کوچک', 'صوت در یک کلاس پرصدا']",D,صوت نوعی انرژی است که از طریق ارتعاشات منتقل می‌شود و قادر به انجام کار است، برخلاف سایر موارد که تنها محیط انتقال انرژی محسوب می‌شوند.,A,0.5710018277168274,D,0.9749791026115417,False,True,True,True,[0.5710018  0.08790869 0.3044437  0.03664579],[0.02007758 0.00348896 0.00145441 0.9749791 ]
1046,باد به طور فزاینده‌ای به عنوان یک منبع انرژی رایج می‌شود. مزارع بادی به فضاهای باز بزرگ برای توربین‌های بادی نیاز دارند. یک پیامد منفی این فناوری این است که توربین‌های بادی,"['منبعی ارزان قیمت از انرژی هستند.', 'کمترین آلودگی را به محیط زیست وارد می\u200cکنند.', 'ممکن است به پرندگان در حال پرواز در این منطقه صدمه بزنند.', 'منبعی تجدیدپذیر از انرژی هستند.']",C,چرخش پره‌ها برای پرندگان خطرناک است و این از معایب شناخته‌شدهٔ انرژی بادی محسوب می‌شود.,C,0.9647161364555359,C,0.9649044275283813,True,True,True,True,[3.3139974e-02 6.8779814e-04 9.6471614e-01 1.4560687e-03],[3.3276170e-02 1.3734716e-03 9.6490443e-01 4.4590095e-04]
1047,یک دانش‌آموز در حال مشاهده حشرات با استفاده از لنز بزرگ‌نمایی است. چه جنبه‌ای از حشرات را می‌توان به بهترین وجه با لنز بزرگ‌نمایی مشاهده کرد؟,"['رنگ\u200cهای مختلف بدن حشرات', 'چگونه حشرات از خود دفاع می\u200cکنند', 'نوع چشمان حشرات', 'اندازه حشرات']",C,این ابزار برای دیدن جزئیات دقیق ساختارهای کوچک مناسب است، مانند اجزای تشکیل‌دهنده اندام بینایی که بسیار ریز هستند.,A,0.5899840593338013,C,0.9320782423019409,False,True,True,True,[0.58998406 0.10292512 0.02948854 0.27760223],[0.06052411 0.00438435 0.93207824 0.00301332]
1048,چه اتفاقی می‌افتد اگر سیستم کلیوی بدن به خوبی کار نکند؟,"['تبادل گاز مختل می\u200cشود.', 'اکسیداسیون خون دیگر اتفاق نمی\u200cافتد.', 'پسماندهای متابولیک در خون جمع می\u200cشوند.', 'مواد مغذی دیگر به اندام\u200cها منتقل نمی\u200cشوند.']",C,کلیه‌ها مواد زائد را دفع می‌کنند و در صورت اختلال، این مواد در خون انباشته می‌شوند.,C,0.5696195960044861,C,0.8978359699249268,True,True,True,True,[0.1849284  0.23745278 0.5696196  0.00799922],[0.09389479 0.00690883 0.89783597 0.00136043]
1049,زمانی که در فواصل برابر قرار گیرند، بزرگترین جاذبه گرانشی بین دو مورد زیر خواهد بود,"['اسکیت\u200cبردها.', 'یخچال\u200cها.', 'توپ\u200cهای بولینگ.', 'اتوبوس\u200cهای مدرسه.']",D,جاذبه گرانشی با جرم رابطه مستقیم دارد و این اجسام سنگین‌تر از بقیه هستند.,A,0.33147937059402466,A,0.48626425862312317,False,False,False,False,[0.33147937 0.33147937 0.29252952 0.04451175],[0.48626426 0.29493418 0.17888662 0.039915  ]
1050,یک زنجیره غذایی ساده شامل بازها، سوسمارها و حشرات است. اگر مواد شیمیایی برای کشتن حشرات اسپری شود و جمعیت سوسماری و باز نتوانند غذای دیگری در این اکوسیستم پیدا کنند، چه اتفاقی احتمالا برای جمعیت سوسماری و باز خواهد افتاد؟,"['هم جمعیت سوسمار و هم جمعیت باز افزایش خواهند یافت.', 'هم جمعیت سوسمار و هم جمعیت باز کاهش خواهند یافت.', 'جمعیت سوسمار افزایش خواهد یافت، اما جمعیت باز کاهش خواهد یافت.', 'جمعیت سوسمار کاهش خواهد یافت، اما جمعیت باز افزایش خواهد یافت.']",B,کاهش حشرات غذای سوسمار را کم می‌کند و در نتیجه غذای بازها نیز کاهش می‌یابد.,B,0.5514385104179382,B,0.5070849657058716,True,True,True,False,[0.09507992 0.5514385  0.01901718 0.33446437],[0.06916473 0.50708497 0.02883215 0.39491817]
1051,کدام یک از موارد زیر بهترین توصیف را از تعامل بین زمین و انرژی خورشیدی که به گرم شدن سیاره کمک می‌کند، ارائه می‌دهد؟,"['جذب انرژی خورشیدی توسط توده\u200cهای خاکی قاره\u200cای', 'استفاده از انرژی خورشیدی در فرآیند فتوسنتز', 'بازتاب انرژی خورشیدی از کلاهک\u200cهای برفی قطبی', 'تبدیل انرژی خورشیدی به شفق\u200cهای قطبی']",A,جذب مستقیم انرژی توسط سطوح تاریک زمین، گرمایش را افزایش می‌دهد، در حالی که سایر فرآیندها انرژی را مصرف یا بازتاب می‌کنند.,C,0.925860583782196,A,0.9080361723899841,False,True,True,True,[0.06733161 0.00423763 0.9258606  0.00257025],[0.9080362  0.01315641 0.07453614 0.00427126]
1052,کدام ویژگی پرنده بیشتر احتمال دارد در به دست آوردن غذاهایی که در مکان‌های کوچک یافت می‌شود، کمک کند؟,"['پای گردن دار', 'بدن بزرگ', 'پرهای نرم', 'منقار باریک']",D,این ویژگی دسترسی به غذا در فضاهای تنگ را فراهم می‌کند، در حالی که سایر موارد چنین کاربردی ندارند.,A,0.6062809228897095,D,0.6418259739875793,False,True,True,True,[0.6062809  0.02074579 0.00524536 0.36772797],[0.16227902 0.05268428 0.14321074 0.641826  ]
1053,بهترین مدرک برای اینکه نشان دهد دو ماده از انواع مختلف ماده ساخته شده‌اند چیست؟,"['دو ماده واکنش\u200cهای متفاوتی به نور دارند.', 'دو ماده دماهای متفاوتی دارند.', 'دو ماده حجم\u200cهای متفاوتی دارند.', 'دو ماده اشکال متفاوتی دارند.']",A,واکنش به نور یک ویژگی ذاتی و پایدار است که ماهیت متفاوت مواد را نشان می‌دهد، برخلاف خواص متغیر مانند دما یا حجم.,A,0.710070013999939,A,0.996878981590271,True,True,True,True,[0.71007    0.02742506 0.03107667 0.23142824],[9.9687898e-01 1.3382304e-03 6.4576685e-05 1.7183218e-03]
1054,کلاه ایمنی برای حفاظت از یک دانش‌آموز در کدام نوع تحقیق استفاده می‌شود؟,"['یک سفر میدانی به موزه زمین\u200cشناسی', 'یک تحقیق میدانی درباره لایه\u200cهای سنگی در یک تپه', 'یک نمایشگاه آزمایشگاهی درباره سختی مواد معدنی', 'یک تحقیق آزمایشگاهی درباره شناسایی سنگواره\u200cها']",B,کلاه ایمنی برای محافظت در برابر خطرات فیزیکی در محیط‌های بیرونی و ناهموار لازم است.,D,0.7641966342926025,A,0.3499320149421692,False,False,False,False,[0.11673646 0.10301956 0.01604735 0.76419663],[0.34993201 0.16529618 0.2122445  0.27252734]
1055,کدامیک از ویژگی های سلول اسپرم است اما سلول تخمک نیست؟,"['شکل گرد', 'وجود دم', 'دارای اطلاعات ژنتیکی', 'در تولید مثل جنسی نقش دارد']",B,فقط اسپرم توانایی حرکت دارد و ساختار دم‌مانند برای شنا کردن به سمت تخمک را داراست.,B,0.33582594990730286,B,0.9483528733253479,True,True,True,True,[0.26154152 0.33582595 0.26154152 0.14109106],[0.03720509 0.9483529  0.00503516 0.00940692]
1056,واحدهای نجومی می‌توانند برای اندازه‌گیری فواصل بین اشیاء در فضا استفاده شوند. یک واحد نجومی (AU) فاصله بین زمین و خورشید است. با توجه به این اطلاعات، مریخ تقریباً چگونه از خورشید فاصله دارد؟,"['۰.۴', '۰.۷', '۱.۰', '۱.۵']",D,مریخ در مداری دورتر از زمین قرار دارد و فاصله‌اش از خورشید حدود [MASK] برابر زمین است.,B,0.7148565649986267,A,0.4197876453399658,False,False,False,False,[0.203216   0.71485656 0.03586975 0.04605768],[0.41978765 0.41978765 0.05593129 0.10449341]
1057,سنجابی که آجیل جمع می‌کند به درختان کمک می‌کند,"['رشد کنند.', 'تولید مثل کنند.', 'در برابر بیماری مقاومت کنند.', 'قوی\u200cتر شوند.']",B,پراکندگی ناخواسته بذرها توسط سنجاب‌ها، رشد و گسترش درختان را تسهیل می‌کند.,A,0.7474842071533203,B,0.7430529594421387,False,True,True,True,[0.7474842  0.21373995 0.00574065 0.03303516],[0.2417056  0.74305296 0.00181683 0.01342469]
1058,سوال: فناوری جدید در برخی کشورها بر روی رویه‌های پزشکی و اکتشافات فضایی متمرکز است. در کشورهای دیگر، فناوری جدید بر پیشگیری از بیماری و تغذیه جمعیتی رو به افزایش تمرکز دارد. کدام اظهار نظر بهترین توضیح را برای اینکه چرا کشورها بر انواع مختلف فناوری جدید تمرکز می‌کنند، ارائه می‌دهد؟,"['الف) پیشرفت\u200cهای فناوری در برخی جمعیت\u200cها مؤثر نیستند.', 'ب) نیازها و نگرش\u200cها بر توسعه فناوری تأثیر می\u200cگذارند.', 'ج) پیشرفت\u200cهای پزشکی در برخی کشورها مهم نیست.', 'د) فناوری در کشورهای در حال توسعه ارزان است.']",B,تمرکز بر فناوری‌های مختلف به دلیل نیازها و اولویت‌های متفاوت جوامع است.,B,0.9696570634841919,B,0.9768341183662415,True,True,True,True,[0.02024285 0.96965706 0.00166163 0.00843848],[2.0432554e-02 9.7683412e-01 5.7962688e-04 2.1535752e-03]
1059,سبزیجات می‌توانند به صورت علمی بر اساس همه موارد زیر طبقه‌بندی شوند مگر اینکه,"['اندازه.', 'رنگ.', 'شکل اجزای گیاه.', 'اینکه طعم خوبی دارند.']",D,طعم یک ویژگی ذهنی است و نمی‌تواند مبنای علمی برای طبقه‌بندی باشد.,A,0.5741904377937317,D,0.8521730899810791,False,True,True,True,[0.57419044 0.0529924  0.20958903 0.16322811],[0.12276718 0.01466245 0.01039723 0.8521731 ]
1060,امیلی در حال رکاب زدن بر روی دوچرخه‌اش است. کدام گزینه بهترین توضیح را برای این موضوع ارائه می‌دهد که چرا تنها بخشی از انرژی مصرف شده برای رکاب زدن به حرکت رو به جلو دوچرخه منتقل می‌شود؟,"['انرژی تایر دوچرخه در حرکتی دایره\u200cای اعمال می\u200cشود.', 'انرژی دوچرخه تنها به یک چرخ منتقل می\u200cشود.', 'دنده\u200cها و زنجیر دوچرخه با روغن پوشانده شده\u200cاند.', 'دنده\u200cها و زنجیر دوچرخه اصطکاک تولید می\u200cکنند.']",D,بخشی از انرژی صرف غلبه بر اصطکاک مکانیکی شده و به گرما تبدیل می‌شود.,D,0.645450234413147,D,0.6034277081489563,True,True,True,False,[0.3441377  0.00809334 0.00231878 0.64545023],[0.3659974  0.02376589 0.00680904 0.6034277 ]
1061,کدام یک از عبارات زیر در مورد خورشید صحیح است؟,"['A) خورشید یک ستاره بسیار بزرگ است که در فاصله\u200cای دور از کهکشان راه شیری قرار دارد.', 'B) خورشید در مرکز کهکشان راه شیری قرار دارد.', 'C) خورشید یک ستاره با اندازهٔ متوسط است که در نزدیکی لبهٔ کهکشان راه شیری قرار دارد.', 'D) خورشید کهکشان راه شیری و چند کهکشان دیگر را در مدارهای اطراف خود دارد.']",C,خورشید ستاره‌ای متوسط است که در حاشیه کهکشان راه شیری قرار دارد و نه در مرکز آن.,A,0.9615588784217834,C,0.4536094665527344,False,True,True,True,[0.9615589  0.020251   0.00241864 0.0157715 ],[0.24279965 0.21426994 0.45360947 0.089321  ]
1062,هنگامی که آب شیرین و آب نمک در یک مصب به هم می‌رسند، آب نمک معمولاً زیر آب شیرین جریان می‌یابد زیرا آب نمک چگالی بیشتری دارد. این پدیده چه تأثیری بر روی مواد مغذی متمرکز در آب شیرین دارد؟,"['آنها به نزدیکی ساحل نگه\u200cداشته می\u200cشوند.', 'آنها از ساحل پراکنده می\u200cشوند.', 'آنها توسط آب دریا رقیق می\u200cشوند.', 'آنها توسط آب دریا غیرفعال می\u200cشوند.']",B,چگالی بالاتر آب شور باعث اختلاط تدریجی و کاهش غلظت مواد مغذی آب شیرین می‌شود.,A,0.6435146331787109,A,0.6882726550102234,False,False,False,False,[0.64351463 0.3457967  0.00806907 0.00261964],[0.68827266 0.28916502 0.02094704 0.00161526]
1063,کدام یک از موارد زیر نمونه‌ای از سازگاری برای دفاع در برابر شکارچیان است؟,"['گردن بلند زرافه', 'خال\u200cهای گوزن بچه', 'پوشش چرب سمور', 'آبشش\u200cهای ماهی']",B,این الگو به استتار در محیط کمک کرده و از دید پنهان می‌ماند، که بقا را افزایش می‌دهد.,A,0.9069287776947021,A,0.5808393359184265,False,False,False,False,[0.9069288  0.06595483 0.00285293 0.02426343],[0.58083934 0.13011003 0.0478648  0.24118589]
1064,یک صفحه اقیانوسی زیر یک صفحه قاره‌ای فرو می‌رود. کدام یک از این اشکال زمین‌ساختی احتمالاً نتیجه تعامل این صفحات است؟,"['کوه\u200cهای آتشفشانی', 'مرزهای تبدیل', 'قفسه\u200cهای قاره\u200cای', 'گسل\u200cهای نرمال']",A,فرورانش صفحه اقیانوسی زیر قاره باعث ذوب سنگ‌ها و تشکیل ماگما می‌شود که با بالا آمدن، [MASK] ایجاد می‌کند.,B,0.9306697845458984,A,0.7554126381874084,False,True,True,True,[0.04089078 0.9306698  0.01931543 0.00912397],[0.75541264 0.16855535 0.07026432 0.00576765]
1065,آب‌های روان از مزارع نزدیک می‌تواند مقادیر اضافی مواد مغذی را به بدنه‌های آبی مانند دریاچه‌ها وارد کند. این فرایند غیرزیستی به احتمال زیاد باعث کاهش کدام جنبه از یک دریاچه می‌شود؟,"['عمق آب', 'سطح اکسیژن برای ماهی\u200cها', 'مقدار مواد معدنی در آب', 'انباشتن مواد آلی']",B,مواد مغذی اضافی رشد جلبک را افزایش می‌دهد و پس از مرگ آن‌ها، تجزیه باعث کاهش اکسیژن می‌شود.,B,0.9846363067626953,B,0.998717188835144,True,True,True,True,[5.2074213e-03 9.8463631e-01 4.2745119e-04 9.7287446e-03],[1.0199492e-03 9.9871719e-01 5.5771230e-05 2.0721527e-04]
1066,زمین و ماه تمامی این ویژگی‌های مشترک را دارند به جز,"['هسته.', 'قشر.', 'آب.', 'مناطق میانی.']",C,هر دو ساختار داخلی مشابه دارند، اما تنها زمین دارای آب مایع است.,A,0.616635799407959,C,0.9398773312568665,False,True,True,True,[0.6166358  0.06499293 0.02709309 0.29127812],[0.04716074 0.00806825 0.93987733 0.00489364]
1067,کدام یک بیشتر احتمال دارد که به الگوی چرخشی یک طوفان سهمگین که در اقیانوس اطلس شکل می‌گیرد، کمک کند؟,"['جریان خلیج', 'اثر کوریولیس', 'رطوبت نسبی پایین', 'سیستم\u200cهای فشار بالا']",B,چرخش زمین باعث انحراف حرکت هوا و آب در مقیاس بزرگ می‌شود که برای تشکیل و حفظ چرخش طوفان ضروری است.,B,0.5307928919792175,B,0.9756962656974792,True,True,True,True,[0.363386   0.5307929  0.00170931 0.10411184],[2.3216659e-02 9.7569627e-01 3.6371671e-04 7.2333706e-04]
1068,یک دستگاه خیاطی دستی از یک باتری استفاده می‌کند تا سوزن حرکت کند. سوزن به سرعت بالا و پایین می‌رود. چه نوع تبدیلی از انرژی در حال وقوع است؟,"['حرکت به انرژی شیمیایی تغییر می\u200cکند.', 'انرژی ذخیره شده به حرکت تغییر می\u200cکند.', 'الکتریسیته به انرژی ذخیره شده تغییر می\u200cکند.', 'حرارت به الکتریسیته تغییر می\u200cکند.']",B,انرژی ذخیره‌شده در باتری به حرکت مکانیکی تبدیل می‌شود.,B,0.9926969408988953,B,0.9967940449714661,True,True,True,True,[5.9840484e-03 9.9269694e-01 1.4073132e-04 1.1783289e-03],[3.1540419e-03 9.9679404e-01 2.1926373e-05 2.9969797e-05]
1069,در حینی که آرچی به سمت پارک راه می‌رود، او فکر می‌کند کدام مسیر سریع‌تر خواهد بود. او تصمیم می‌گیرد با استفاده از مسیرهای مختلف به پارک برود و مدت زمانی که طول می‌کشد را اندازه‌گیری کند. او برای مقایسه‌اش باید چه کار کند تا مقایسه‌اش منصفانه باشد؟,"['هر روز به بخش\u200cهای مختلف پارک برود', 'هر روز با یک دوست متفاوت برود', 'هر روز با همان سرعت راه برود', 'در همان زمان از روز راه برود']",C,برای مقایسه عادلانه، باید سرعت حرکت ثابت باشد تا زمان صرف شده فقط به مسیر بستگی داشته باشد.,C,0.4803752601146698,C,0.9562940001487732,True,True,True,True,[0.13870926 0.00679886 0.48037526 0.37411663],[0.03947097 0.00244566 0.956294   0.00178928]
1070,یک نمونه فلزی در داخل یک بشر پر از آب در حال جوش قرار داده می‌شود. پس از دو دقیقه فلز خارج می‌شود. پس از 5 دقیقه فلز را می‌توان با دست برداشت اما آب هنوز خیلی داغ است که بتوان به آن دست زد. کدام یک از این تعاملات ماده و انرژی به تصویر کشیده شده است؟,"['آب دارای ظرفیت حرارتی ویژه پایینی است', 'فلزات دارای ظرفیت حرارتی ویژه پایینی هستند', 'شیشه بشر یک عایق خوب است', 'آب به سرعت انرژی حرارتی خود را به هوا از دست می\u200cدهد']",B,فلزات به سرعت گرمای خود را از دست می‌دهند، در حالی که آب گرمای بیشتری را حفظ می‌کند.,A,0.5925335884094238,B,0.5188586115837097,False,True,True,True,[0.5925336  0.27880186 0.0124426  0.1162219 ],[0.4578911  0.5188586  0.00745917 0.01579106]
1071,کدام بیانی به درستی رابطه‌ای میان فاصله از زمین و یک ویژگی از یک ستاره را توصیف می‌کند؟,"['با کاهش فاصله از زمین به ستاره، اندازه آن افزایش می\u200cیابد.', 'با افزایش فاصله از زمین به ستاره، اندازه آن کاهش می\u200cیابد.', 'با کاهش فاصله از زمین به ستاره، درخشندگی ظاهری آن افزایش می\u200cیابد.', 'با افزایش فاصله از زمین به ستاره، درخشندگی ظاهری آن افزایش می\u200cیابد.']",C,با نزدیک‌تر شدن ستاره، نور کمتر پراکنده شده و روشن‌تر دیده می‌شود.,C,0.8851485848426819,C,0.9378517866134644,True,True,True,True,[0.05023012 0.01439117 0.8851486  0.05023012],[0.01946449 0.0063192  0.9378518  0.03636446]
1072,دانشمندان به مطالعه فسیل‌ها می‌پردازند تا دربارهٔ,"['ترکیب زمین.', 'الگوهای تشکیل بلور.', 'خواص فیزیکی سنگ\u200cها.', 'موجودات قدیمی.']",D,فسیل‌ها بقایای جانداران باستانی هستند که تاریخچه حیات را آشکار می‌کنند.,D,0.8251744508743286,D,0.9715211391448975,True,True,True,True,[1.4255607e-01 3.1808559e-02 4.6086987e-04 8.2517445e-01],[2.6195345e-02 2.1502448e-03 1.3323134e-04 9.7152114e-01]
1073,برخی از خودروهای جدید ساخته شده می‌توانند با سوخت تجدیدپذیری که عمدتاً از ذرت تهیه می‌شود، کار کنند. دانشمندان در حال توسعه سوخت‌های تجدیدپذیر بیشتری هستند تا جایگزین بنزین شوند. چرا احتمالاً سوخت‌های تجدیدپذیر اهمیت بیشتری پیدا می‌کنند؟,"['الف) سوخت\u200cهای تجدیدپذیر انرژی کمتری آزاد می\u200cکنند.', 'ب) مخزن\u200cهای سوخت خودروها کوچک\u200cتر می\u200cشوند.', 'ج) تقاضا برای بنزین در حال کاهش است.', 'د) منابع سوخت غیرقابل تجدید محدود هستند.']",D,منابع سوخت فسیلی محدود و رو به اتمام هستند، بنابراین نیاز به جایگزینی با منابع پایدار و تجدیدپذیر افزایش می‌یابد.,C,0.49963054060935974,D,0.9218060374259949,False,True,True,True,[0.18380381 0.01352438 0.49963054 0.30304125],[0.07507761 0.00155819 0.00155819 0.92180604]
1074,کدام یک از موارد زیر می‌تواند ناشی از فرسایش باشد؟,"['شکاف\u200cهایی که در یک سنگ بزرگ تشکیل می\u200cشوند', 'ذوب شدن سنگ\u200cها برای تشکیل ماگما', 'تشکیل یخچال\u200cهای طبیعی در دامنه\u200cی کوه', 'ترکیب سنگ\u200cریزه\u200cها برای تشکیل یک سنگ بزرگ']",A,شکاف‌های سنگی نتیجه فرآیندهای طبیعی تجزیه و انتقال مواد توسط عواملی مانند آب و باد است، در حالی که سایر موارد به فرآیندهای متفاوت مرتبط هستند.,A,0.8371445536613464,C,0.5262842178344727,True,False,False,False,[0.83714455 0.04713631 0.04713631 0.06858293],[0.3617095  0.10363151 0.5262842  0.00837471]
1075,کدام یک از فعالیت‌های انسانی به کاهش آلودگی هوا کمک خواهد کرد؟,"['سوزاندن محصولات کشاورزی', 'رانندگی با خودرو هیبریدی', 'سوزاندن زباله\u200cهای خانگی', 'استفاده از زغال\u200cسنگ برای تولید انرژی']",B,این روش با کاهش مصرف سوخت‌های فسیلی، آلایندگی کمتری تولید می‌کند.,B,0.9185958504676819,B,0.9905939102172852,True,True,True,True,[0.05826687 0.91859585 0.01891649 0.00422084],[7.4897772e-03 9.9059391e-01 6.1479834e-04 1.3015281e-03]
1076,برای تعیین نقطه جوش یک مایع، یک دانش‌آموز باید از تمام این ابزارها استفاده کند به جز,"['یک کرنومتر.', 'یک منبع گرما.', 'عینک ایمنی.', 'یک دماسنج.']",A,برای این آزمایش، زمان‌سنج ضروری نیست زیرا نقطه جوش با دما مشخص می‌شود نه با گذشت زمان.,A,0.4777156710624695,A,0.4476606845855713,True,True,True,False,[0.47771567 0.4215826  0.05035086 0.05035086],[0.44766068 0.23961551 0.00505138 0.3076724 ]
1077,کدامیک از این گزینه‌ها نیاز به استفاده از منابع تجدید ناپذیر را کاهش می‌دهد؟,"['بازیافت محصولات کاغذی', 'آب دادن به چمن یک بار در هفته', 'طراحی خودروهایی که بهینه سوخت هستند', 'استفاده از زغال سنگ برای تولید برق']",C,بازیافت کاغذ نیاز به قطع درختان را کاهش می‌دهد که منبعی تجدیدناپذیر است و مصرف انرژی و آب را کم می‌کند.,A,0.8456375598907471,A,0.907903790473938,False,False,False,False,[0.84563756 0.08895563 0.04761452 0.01779225],[0.9079038  0.05092119 0.03499759 0.00617744]
1078,دو دانش آموز در حال تحقیق درباره عواملی هستند که موجب ذوب شدن یخ به سرعت می‌شوند. آنها می‌خواهند تحقیقی را انجام دهند. در کدامیک از این مراحل تحقیق آنها یخ را اندازه‌گیری خواهند کرد؟,"['نشان دادن برخی از نمودارها', 'گرفته شدن نتیجه\u200cگیری', 'توسعه یک فرضیه', 'جمع\u200cآوری برخی داده\u200cها']",D,اندازه‌گیری یخ بخشی از گردآوری اطلاعات است که پیش از تحلیل و نتیجه‌گیری در فرآیند علمی انجام می‌شود.,D,0.9645529389381409,D,0.9906920790672302,True,True,True,True,[3.2780334e-02 2.1285773e-03 5.3818861e-04 9.6455294e-01],[8.4713092e-03 6.9536734e-04 1.4127245e-04 9.9069208e-01]
1079,پیاده‌رو در یک روز گرم و صاف در کجا داغ‌ترین احساس خواهد شد؟,"['زیر یک میز پیک\u200cنیک', 'در نور مستقیم خورشید', 'زیر یک برکه', 'در سایه']",B,تابش مستقیم خورشید بدون مانع، گرمای بیشتری تولید می‌کند و احساس داغی شدیدتری ایجاد می‌نماید.,B,0.7240762114524841,B,0.9551854729652405,True,True,True,True,[0.18307513 0.7240762  0.02497085 0.06787781],[0.03255722 0.9551855  0.00499281 0.0072645 ]
1080,دو جمعیت از ماهی‌های صخره‌ای در همزیستی زیستی با یکدیگر زندگی می‌کنند. کدام جمله بهترین توصیف‌کننده رابطه آنهاست؟,"['این گونه\u200cها با یکدیگر رقابت می\u200cکنند.', 'یک گونه به گونه دیگر شکار می\u200cکند.', 'این گونه\u200cها یکدیگر را نادیده می\u200cگیرند.', 'یک گونه از گونه دیگر بهره\u200cمند می\u200cشود.']",C,همزیستی رابطه‌ای است که حداقل یک گونه از آن سود می‌برد و این گزینه دقیقاً این مفهوم را نشان می‌دهد.,A,0.7793977856636047,D,0.9620498418807983,False,False,False,False,[0.7793978  0.08246944 0.00216366 0.13596912],[3.3048380e-02 4.4726115e-03 4.2922352e-04 9.6204984e-01]
1081,یک روبات اکتشافی به سیاره مریخ ارسال شد. جاذبه روی مریخ ضعیف‌تر از جاذبه روی زمین است. در مقایسه با جرم و وزن روبات روی زمین، روبات در مریخ دارای:,"['جرم و وزن کمتری است.', 'جرم کمتری اما وزن برابر دارد.', 'جرم برابری اما وزن کمتری دارد.', 'جرم و وزن برابری دارد.']",C,مقدار ماده تغییر نمی‌کند، اما نیروی گرانش در مریخ کمتر است.,A,0.7735955715179443,A,0.4901958107948303,False,False,False,False,[0.7735956  0.17193955 0.04347313 0.01099173],[0.4901958  0.4901958  0.01480263 0.00480571]
1082,سندی فهمید که درختان در حین فتوسنتز گازهایی را به هوا آزاد می‌کنند. چه گازی یک درخت آزاد می‌کند؟,"['دی\u200cاکسید کربن', 'هیدروژن', 'نیترژن', 'اکسیژن']",D,گیاهان در فتوسنتز با جذب [MASK] و آب، گازی حیاتی را تولید و به هوا می‌فرستند که برای تنفس موجودات ضروری است.,A,0.4992917776107788,D,0.7549986243247986,False,True,True,True,[4.9929178e-01 1.2522093e-03 1.6425410e-04 4.9929178e-01],[2.4320468e-01 1.4689214e-03 3.2776067e-04 7.5499862e-01]
1083,در یک بازی کشتی tug-of-war، نیروهای متعادل بهترین نمایانگری را زمانی دارند که هر دو تیم باعث شوند پرچم به,"['وسط بماند.', 'به زمین بیفتد.', 'به آرامی در یک جهت حرکت کند.', 'سریعاً در یک جهت کشیده شود.']",A,نیروهای مساوی و مخالف باعث می‌شوند پرچم در مرکز ثابت بماند و هیچ حرکتی نکند.,A,0.9166346788406372,A,0.9866276383399963,True,True,True,True,[0.9166347  0.07502184 0.00290891 0.00543456],[0.98662764 0.00593586 0.00593586 0.00150082]
1084,در چه وضعیتی ارسال یک محصول با هواپیما به جای کامیون مزیت دارد؟,"['محصول بسیار سنگین و نسبتاً بزرگ است.', 'محصول به تغییرات فشار حساس است.', 'محصول باید به فاصله طولانی به سرعت بعد از تولید تحویل داده شود.', 'محصول باید به چندین مکان که در شعاع ۵۰ مایلی قرار دارند تحویل داده شود.']",C,برای مسافت‌های دور که نیاز به تحویل فوری پس از تولید است، سرعت هواپیما برتری دارد.,A,0.6842785477638245,B,0.5256785750389099,False,False,False,False,[0.68427855 0.2830299  0.01837843 0.01431314],[0.36412692 0.5256786  0.01812881 0.0920657 ]
1085,در مقایسه با مقدار اطلاعات ارثی در یک سلول بدن انسان، چه مقدار اطلاعات ارثی در یک سلول جنسی انسان وجود دارد؟,"['یک\u200cچهارم مقدار', 'نیمه مقدار', 'همان مقدار', 'دو برابر مقدار']",B,سلول‌های جنسی هاپلوئید و دارای نیمی از کروموزوم‌های سلول‌های سوماتیک هستند، بنابراین اطلاعات ارثی آن‌ها نصف است.,C,0.4507223963737488,A,0.6179505586624146,False,False,False,False,[0.35102296 0.12913413 0.4507224  0.06912052],[0.61795056 0.37480596 0.00252542 0.00471811]
1086,چگونه جوانه‌های دانه‌های دفن شده در تاریکی مطلق در خاک به سطح خاک می‌رسند؟,"['آن\u200cها به سمت نور رشد می\u200cکنند.', 'آن\u200cها به سمت گرمای سطح رشد می\u200cکنند.', 'آن\u200cها در جهت مخالف بستر سنگی رشد می\u200cکنند.', 'آن\u200cها در جهت مخالف نیروی جاذبه رشد می\u200cکنند.']",D,جوانه‌ها در تاریکی با رشد بر خلاف جاذبه، بدون نیاز به نور یا گرما، خود را به سطح خاک می‌رسانند.,A,0.6048978567123413,D,0.7343400120735168,False,True,True,True,[0.60489786 0.13444474 0.06350721 0.1971502 ],[0.18567023 0.06830426 0.01168548 0.73434   ]
1087,در یک اکوسیستم مرتع، موجودات از همان گونه یک غذای مشابه می‌خورند. زمانی که باران کم می‌شود، کدام یک بیشتر احتمال دارد که افزایش یابد؟,"['ظرفیت حمایتی', 'چگالی جمعیت', 'رقابت برای فضا', 'رقابت برای منابع']",D,کاهش بارندگی منابع را محدود می‌کند و رقابت بین اعضای یک گونه را برای به دست آوردن آنها افزایش می‌دهد.,A,0.46191835403442383,D,0.5297847390174866,False,True,True,True,[0.46191835 0.21904877 0.03776874 0.2812642 ],[0.03440135 0.07169857 0.3641154  0.52978474]
1088,زمانی که مولکول‌های آب شروع به کند شدن می‌کنند، وارد مرحله‌ای می‌شوند که دیگر قادر به عبور آسان از یکدیگر نیستند. آب در حال عبور از یک تغییر فاز است و  ,"['به عنوان یک مخلوط باقی می\u200cماند.', 'به عنوان یک ترکیب باقی می\u200cماند.', 'به یک عنصر تبدیل می\u200cشود.', 'به یک ترکیب تبدیل می\u200cشود.']",B,در تغییر فاز، ماهیت شیمیایی آب تغییر نمی‌کند و همچنان ترکیب شیمیایی خود را حفظ می‌کند، فقط حالت فیزیکی آن عوض می‌شود.,A,0.5025479197502136,B,0.9406325221061707,False,True,True,True,[0.5025479  0.1260752  0.16188376 0.20949313],[0.0411272  0.9406325  0.001096   0.01714437]
1089,کدام فرآیند در طول میلیون سال گذشته نواحی کوهستانی نوادا را به سمت بالا مجبور کرد؟,"['فرسایش مواد اطراف', 'فعالیت لرزه\u200cای در امتداد خطوط گسل', 'چندین فوران آتشفشانی', 'رسوب\u200cگذاری رسوبات بادبرده']",B,فرسایش تدریجی مواد اطراف طی میلیون‌ها سال با کاهش وزن، باعث بالا آمدن کوهستان‌ها از طریق ایزوستازی می‌شود.,B,0.8931683897972107,A,0.9790650606155396,True,False,False,False,[0.03924308 0.8931684  0.0647009  0.00288753],[9.7906506e-01 1.7792653e-02 2.4079736e-03 7.3439046e-04]
1090,مدارهای برق انرژی لازم برای لامپ‌ها را تأمین می‌کنند. کدام‌یک از این موارد مانع از جریان الکترون‌ها می‌شود؟,"['مداری که بسته است', 'مدار سری', 'مداری که باز است', 'مدار موازی']",C,شکاف در مسیر، حرکت الکترون‌ها را متوقف می‌کند و جریان برق قطع می‌شود.,A,0.7702807188034058,C,0.6855347752571106,False,True,True,True,[0.7702807  0.15256861 0.03857538 0.03857538],[0.2857734  0.02345771 0.6855348  0.00523412]
1091,به منظور اینکه دانش‌آموزان بتوانند آزمایش‌های آزمایشگاهی را به‌طور ایمن و دقیق انجام دهند، باید,"['از دیگر دانش\u200cآموزان تقلید کنند.', 'از معلم بخواهند ابتدا تمام آزمایش را نشان دهد.', 'پس از حفظ کردن دستورات، آزمایش را انجام دهند.', 'تمامی دستورالعمل\u200cها را قبل از شروع آزمایش بخوانند و درک کنند.']",D,برای ایمنی و دقت، درک کامل راهنماها پیش از آغاز آزمایش ضروری است.,B,0.38907867670059204,D,0.5537225008010864,False,True,True,True,[0.01520454 0.38907868 0.20663813 0.38907868],[0.03567593 0.2053008  0.2053008  0.5537225 ]
1092,یک دریاچه برای بیش از یک قرن برای آبیاری محصولات استفاده شده است. این عمل چگونه به احتمال زیاد بر این منبع تأثیر گذاشته است؟,"['محتوای نمک آب کاهش یافته است.', 'نرخ تبخیر آب افزایش یافته است.', 'تعداد ماهی ها در دریاچه افزایش یافته است.', 'حجم دریاچه کاهش یافته است.']",D,استفاده مداوم از آب برای آبیاری بدون جایگزینی کافی، حجم آب را کاهش می‌دهد.,B,0.504971444606781,D,0.9638494253158569,False,True,True,True,[0.18576862 0.50497144 0.0029793  0.30628067],[2.2316137e-02 1.3535421e-02 2.9903642e-04 9.6384943e-01]
1093,تعامل انسان با محیط زیست منجر به افزایش مقادیر باران اسیدی شده است. کدام جمعیت بیشتر تحت تأثیر منفی انسان‌ها قرار گرفته‌اند با مشارکت در تولید باران اسیدی؟,"['قورباغه\u200cها در یک اکوسیستم برکه', 'ماهی\u200cها در یک اکوسیستم اقیانوسی', 'خرس\u200cها در یک اکوسیستم توندرا', 'شیرها در یک اکوسیستم مرتع']",A,باران اسیدی ناشی از فعالیت‌های انسانی، آب‌های شیرین را اسیدی می‌کند و برای دوزیستان با پوست حساس و وابستگی به آب، آسیب‌زا است.,B,0.7845489978790283,B,0.8798766136169434,False,False,False,False,[0.17539878 0.784549   0.01631463 0.02373764],[0.0719431  0.8798766  0.01819006 0.02999034]
1094,سوال: در یک جنگل بارانی استوایی، تفاوت دما در روز و شب نسبتاً کم است. در بیابان، تفاوت دما در روز و شب بسیار زیاد است. کدام عامل به کاهش تغییرات دما در جنگل بارانی کمک می‌کند؟,"['الف) پوشش گیاهی در جنگل بارانی گرما را منعکس می\u200cکند.', 'ب) موجودات در جنگل بارانی رطوبت را جذب می\u200cکنند.', 'ج) تابش خورشیدی در جنگل بارانی کمتر شدید است.', 'د) پوشش ابر در جنگل بارانی به حفظ گرما کمک می\u200cکند.']",D,رطوبت و پوشش ابری با جذب و حفظ گرما در شب، از کاهش شدید دما جلوگیری می‌کند و اختلاف دمای شب و روز را کم نگه می‌دارد.,A,0.426111102104187,D,0.40544191002845764,False,True,True,True,[0.4261111  0.12304038 0.2928616  0.15798698],[0.13162771 0.24591295 0.21701743 0.4054419 ]
1095,چرا زغال‌سنگ، نفت و گاز طبیعی به عنوان سوخت‌های فسیلی شناخته می‌شوند؟,"['زیرا آنها زمانی فسیل بودند.', 'زیرا در زمان\u200cهای پیشاتاریخی شکل گرفته\u200cاند.', 'زیرا برای گرم کردن خانه\u200cها و کسب\u200cوکارهای ما استفاده می\u200cشوند.', 'زیرا از بقایای گیاهان و حیوانات پیشاتاریخی تشکیل شده\u200cاند.']",D,زیرا از بقایای موجودات زنده باستانی تشکیل شده‌اند که طی میلیون‌ها سال تحت فشار و گرما تغییر شکل داده‌اند.,A,0.5735320448875427,A,0.5537975430488586,False,False,False,False,[0.57353204 0.02866624 0.00207658 0.39572522],[0.55379754 0.01292272 0.00198176 0.43129796]
1096,یک معلم در جلوی کلاس درس یک قوطی غذا را باز می‌کند. به زودی، همه دانش‌آموزان در کلاس می‌توانند بوی غذا را استشمام کنند. کدام یک از جملات زیر ویژگی‌ای از یک گاز را که باعث می‌شود همه دانش‌آموزان بتوانند بوی غذا را احساس کنند، شناسایی می‌کند؟,"['الف) گاز هیچ جرمی ندارد.', 'ب) گاز دارای جرم زیاد است.', 'ج) گاز شکل ظرف خود را می\u200cگیرد.', 'د) گاز شکل خود را در هنگام قرار گرفتن در ظرف حفظ می\u200cکند.']",C,گازها به سرعت در فضا پخش شده و تمام محیط را پر می‌کنند، بنابراین بوی غذا در کلاس منتشر می‌شود.,C,0.4174540936946869,D,0.4116465747356415,True,False,False,False,[0.17266652 0.04434443 0.4174541  0.36553502],[0.24967627 0.01808649 0.32059067 0.41164657]
1097,تمام جانداران طبقه‌بندی شده در قلمرو جانوری همچنین باید به کدام یک از موارد زیر طبقه‌بندی شوند؟,"['آرکئا', 'ایوباکتریا', 'یوکاریوتا', 'پروتیستا']",C,همه جانوران سلول‌های یوکاریوتی دارند که ویژگی اصلی این حوزه است.,A,0.5362152457237244,C,0.9719886183738708,False,True,True,True,[0.53621525 0.10476536 0.28701535 0.07200411],[2.6105775e-02 8.9329056e-04 9.7198862e-01 1.0122308e-03]
1098,برخی از نیروگاه‌ها آب گرم را به رودخانه‌ها تخلیه می‌کنند. این عمل انرژی حرارتی را به رودخانه اضافه می‌کند که احتمالاً,"['مقدار مواد مغذی در رودخانه را افزایش می\u200cدهد.', 'محیط بهتری برای رشد ارگانیسم\u200cهای بومی فراهم می\u200cکند.', 'رودخانه را در تعادل با طبیعت نگه می\u200cدارد.', 'وجود ارگانیسم\u200cهای آبزی را تهدید می\u200cکند.']",D,افزایش دما اکسیژن آب را کاهش داده و شرایط زندگی موجودات آبزی را به خطر می‌اندازد.,B,0.41605132818222046,D,0.904703676700592,False,True,True,True,[0.13507208 0.41605133 0.2523479  0.19652873],[0.06605053 0.01280448 0.01644128 0.9047037 ]
1099,کدام یک نمونه‌ای از محصول ساخت بشر است؟,"['کیک', 'گوجه\u200cفرنگی', 'گندم', 'زغال سنگ']",A,این ماده از طریق فرآیند پخت و ترکیب مواد توسط انسان تولید می‌شود، در حالی که سایر موارد طبیعی هستند.,C,0.7451468706130981,A,0.9805209636688232,False,True,True,True,[0.10045151 0.00824556 0.7451469  0.14615607],[0.98052096 0.00315757 0.01415125 0.00217016]
1100,جهشی که در یک ارگانیسمی که جنسی تولید مثل می‌کند، رخ می‌دهد، احتمالاً بر ویژگی‌های نسل تأثیر خواهد گذاشت اگر آن جهش,"['در سلول\u200cهای سیستم عصبی واقع شده باشد.', 'DNA در یک گامت از والد را تغییر دهد.', 'رفتار ارگانیسم\u200cها را تغییر دهد.', 'نزدیک به لنگر یک کروموزوم واقع شده باشد.']",B,تنها تغییرات در سلول‌های تولیدمثلی به نسل بعد منتقل می‌شوند و بر صفات آنها تأثیر می‌گذارند.,B,0.7561337351799011,B,0.8195840120315552,True,True,True,True,[0.0700572  0.75613374 0.00575064 0.16805847],[0.05925462 0.819584   0.01045906 0.11070221]
1101,یک اتم شامل ۸ الکترون، ۸ پروتون و ۸ نوترون است. جرم این اتم چقدر است؟,"['۸', '۱۶', '۲۴', '۳۲']",B,جرم اصلی اتم از ذرات هسته‌ای تشکیل شده که مجموع آن‌ها [MASK] است.,C,0.6207780838012695,D,0.607007622718811,False,False,False,False,[0.04567717 0.04030997 0.6207781  0.2932348 ],[0.1354417  0.03424503 0.22330563 0.6070076 ]
1102,گیاهان باتلاقی می‌میرند، به زمین می‌افتند و توسط گیاهان در حال مرگ دیگر دفن می‌شوند. تقریباً چقدر طول می‌کشد تا گیاهان ممکن است به سوخت فسیلی تبدیل شوند؟,"['۱,۰۰۰,۰۰۰ سال', '۱۰۰,۰۰۰ سال', '۱۰,۰۰۰ سال', '۱,۰۰۰ سال']",A,تشکیل سوخت‌های فسیلی فرآیندی بسیار کند است که به میلیون‌ها سال زمان و شرایط زمین‌شناسی خاص نیاز دارد.,A,0.9463245868682861,A,0.9193336367607117,True,True,True,False,[0.9463246  0.02835414 0.0081236  0.01719766],[0.91933364 0.03592601 0.00403079 0.0407095 ]
1103,اگر یک جسم جامد از زمین به فاصله دوری به فضا برده شود، کدام یک از اندازه‌گیری‌های زیر متعلق به آن جسم بیشترین تغییر را خواهد داشت؟,"['چگالی', 'جرم', 'حجم', 'وزن']",D,[MASK] به گرانش وابسته است و با دور شدن از زمین کاهش می‌یابد، در حالی که سایر کمیت‌ها ثابت می‌مانند.,D,0.4034004807472229,D,0.8335718512535095,True,True,True,True,[0.21761823 0.31663266 0.06234867 0.40340048],[0.08717411 0.07693088 0.00232311 0.83357185]
1104,یک گونه پرنده از دهه ۱۹۰۰ تاکنون مشاهده نشده است و به عنوان منقرض شده در نظر گرفته می‌شود. کدام شواهد بهترین دلیل را برای رد این ادعا که پرنده منقرض شده است ارائه می‌دهد؟,"['یک پرنده\u200cنگر تصویری از پرنده می\u200cکشد.', 'یک دانشمند بقایای فسیلی پرنده را کشف می\u200cکند.', 'یک محقق عکسی از پرنده می\u200cگیرد.', 'یک جنگل\u200cبان زیستگاه مناسبی برای پرنده پیدا می\u200cکند.']",C,عکسی که یک پژوهشگر می‌گیرد، شاهد مستقیمی از حیات پرنده در زمان ثبت تصویر است و انقراض آن را نقض می‌کند.,B,0.7063865065574646,A,0.3969613313674927,False,False,False,False,[0.25986508 0.7063865  0.01687423 0.01687423],[0.39696133 0.39696133 0.18751125 0.01856613]
1105,کدام منبع داده درباره منابع نوادا احتمالاً جدیدترین و قابل اعتمادترین است؟,"['یک دانشنامه علمی', 'یک مقاله در یک روزنامه محلی', 'یک وب\u200cسایت متعلق به دولت', 'یک ارائه در کلاس توسط یک دانش\u200cآموز']",C,منابع دولتی اغلب اطلاعات رسمی و به‌روز را ارائه می‌دهند و به دلیل مسئولیت مستقیم، قابل اعتمادتر هستند.,C,0.727082371711731,C,0.996723473072052,True,True,True,True,[0.2685255  0.00140909 0.7270824  0.00298305],[3.1476649e-03 7.6375822e-05 9.9672347e-01 5.2492283e-05]
1106,چرا سنگ‌ها و شن‌ریزه‌هایی که در بستر رودخانه‌ها یافت می‌شوند معمولاً صاف هستند؟,"['الف) سنگ\u200cها و شن\u200cریزه\u200cهای بستر رودخانه خیلی قدیمی نیستند.', 'ب) سنگ\u200cها و شن\u200cریزه\u200cها هنگام جریان آب به یکدیگر ساییده می\u200cشوند.', 'ج) رودخانه\u200cها فقط می\u200cتوانند بر روی سنگ\u200cها و شن\u200cریزه\u200cهای صاف جریان داشته باشند.', 'د) موجودات در رودخانه\u200cها سنگ\u200cها و شن\u200cریزه\u200cها را تجزیه می\u200cکنند.']",B,به دلیل سایش مداوم ناشی از حرکت آب و برخورد با یکدیگر، لبه‌های تیز آن‌ها صاف می‌شود.,B,0.7462354898452759,B,0.9288994073867798,True,True,True,True,[0.10178409 0.7462355  0.00388541 0.14809497],[6.7289248e-02 9.2889941e-01 8.0825755e-04 3.0030410e-03]
1107,کدام سازگاری اغلب به یک جانور کمک می کند تا جفتی را جذب کند؟,"['خواب زمستانی', 'پنهان کاری', 'رنگ آمیزی', 'مهاجرت']",C,رنگ‌های جذاب در فرآیند انتخاب جنسی برای نمایش سلامت و جلب توجه کاربرد دارند.,C,0.7705058455467224,C,0.997345507144928,True,True,True,True,[0.03372168 0.17259598 0.77050585 0.02317655],[1.3284376e-03 1.1723420e-03 9.9734551e-01 1.5377782e-04]
1108,کدام پروتیست یک خودتغذیه دوflagellate است؟,"['آمیب', 'اگلن', 'پرامیسیوم', 'ولوکسا']",D,دارای کلروپلاست و دو تاژک است و از طریق فتوسنتز غذاسازی می‌کند.,D,0.38812074065208435,C,0.36924752593040466,True,False,False,False,[0.26675123 0.18333524 0.1617928  0.38812074],[0.19919409 0.17578816 0.36924753 0.2557703 ]
1109,در یک تحقیق دربارهٔ چرخهٔ آب، چه چیزی بیشتر احتمال دارد که اندازه‌گیری شود؟,"['سرعت باد', 'لایهٔ اوزون', 'انتشار گازهای طبیعی', 'مقادیر بارش']",D,چرخه آب شامل فرآیندهای بارش است که به طور مستقیم در تحقیقات مرتبط اندازه‌گیری می‌شود.,A,0.7993223071098328,D,0.8450868725776672,False,True,True,True,[0.7993223  0.01865197 0.00367279 0.17835292],[0.14800586 0.0044001  0.0025071  0.8450869 ]
1110,در حال حاضر، قطب جنوب سردترین و خشک‌ترین نقطه زمین است. دیرینه‌شناسان فسیل‌های دایناسور را در لایه‌های سنگی زیر یخ پیدا کرده‌اند. بر اساس این شواهد، کدام یک از نتیجه‌گیری‌های زیر درباره آب و هوای قطب جنوب در گذشته منطقی است؟,"['الف) قطب جنوب همیشه دارای آب و هوای یکسانی با حال حاضر بوده است.', 'ب) در زمانی در گذشته، قطب جنوب یک بیابان داغ و خشک بوده است.', 'ج) در زمانی در گذشته، قطب جنوب بسیار گرمتر و مرطوب\u200cتر بوده است.', 'د) در زمانی در گذشته، قطب جنوب سردتر و مرطوب\u200cتر از حالا بوده است.']",C,کشف فسیل‌های دایناسور در این منطقه نشان می‌دهد که قبلاً شرایط گرم‌تر و مرطوب‌تری داشته، زیرا این جانوران در چنین محیطی زندگی می‌کردند.,D,0.7437968254089355,C,0.9677590727806091,False,True,True,True,[0.05409134 0.10105594 0.10105594 0.7437968 ],[0.01237413 0.00584513 0.9677591  0.01402173]
1111,یک جسم کروی بزرگ و جامد در سیستم خورشیدی به عنوان قمر طبقه‌بندی شده است. کدام ویژگی این جسم، آن را به این طبقه‌بندی می‌رساند؟,"['این جسم حول محور خود می\u200cچرخد.', 'این جسم فاقد آب مایع است.', 'این جسم به دور یک سیاره نزدیک می\u200cچرخد.', 'این جسم نوری را از یک ستاره منعکس می\u200cکند.']",C,جسمی که به دور سیاره می‌چرخد، بر اساس تعریف اخترشناسی قمر محسوب می‌شود.,C,0.9543191194534302,C,0.9885707497596741,True,True,True,True,[0.04176639 0.00207943 0.9543191  0.00183509],[1.0982029e-02 3.2142541e-04 9.8857075e-01 1.2587200e-04]
1112,میگل در حال انجام یک آزمایش بود. او جملات زیر را در دفترچه‌اش نوشت: دمای اولیه آب 10 درجه سلسیوس بود. یک جسم به وزن 5 گرم در آب قرار داده شد. دمای آب به 15 درجه افزایش یافت. این جسم باید گرم‌تر از 10 درجه بوده باشد. در کدام جمله میگل نتیجه‌گیری کرده است؟,"['جمله 1', 'جمله 2', 'جمله 3', 'جمله 4']",D,این جمله بر اساس داده‌های قبلی استنباط منطقی ارائه می‌دهد، نه گزارش مستقیم مشاهده.,A,0.7630428671836853,A,0.7034409642219543,False,False,False,False,[0.76304287 0.1514305  0.02981843 0.05570817],[0.70344096 0.13851574 0.10787617 0.05016708]
1113,کدام تغییر احتمالاً تعداد سمندرها را افزایش می‌دهد؟,"['سیلاب', 'خشکسالی', 'آتش\u200cسوزی', 'رانش زمین']",A,[MASK] زیستگاه‌های آبی جدیدی ایجاد می‌کند که برای تولیدمثل و زندگی سمندرها مناسب است.,A,0.7082639932632446,B,0.4949893355369568,True,False,False,False,[0.708264   0.20212992 0.03124074 0.05836539],[0.43682656 0.49498934 0.00906605 0.05911805]
1114,پوست بزرگترین اندام در بدن انسان است. چرا پوست به عنوان یک اندام شناخته می‌شود؟,"['به دلیل اینکه از سلول\u200cها ساخته شده است.', 'زیرا به عنوان یک مانع عمل می\u200cکند.', 'چون از بافت\u200cها ساخته شده است.', 'زیرا بخشی از یک موجود زنده است.']",C,پوست از چندین نوع بافت مختلف تشکیل شده که با هم عملکردهای ویژه‌ای انجام می‌دهند و این ویژگی آن را به یک اندام تبدیل می‌کند.,D,0.8804804682731628,C,0.5105908513069153,False,True,True,True,[0.07241554 0.04392224 0.00318172 0.88048047],[0.08872738 0.18783589 0.51059085 0.21284594]
1115,کدام غذا بیشترین انرژی را برای بدن در کوتاه‌ترین زمان تأمین می‌کند؟,"['سیب\u200cزمینی', 'گوشت', 'شیر', 'میوه']",D,[MASK]‌ها قندهای ساده دارند که بدون هضم پیچیده سریع جذب شده و انرژی فوری می‌دهند.,B,0.958398163318634,B,0.8865278959274292,False,False,False,False,[0.03279458 0.95839816 0.00385603 0.00495124],[0.10588066 0.8865279  0.00286606 0.00472533]
1116,جغدهای زوزه‌کش دو نوع رنگی دارند-قرمز و خاکستری. جغد زوزه‌کش خاکستری در زیستگاهی که از درختان با پوست تیره تشکیل شده چه مزیتی نسبت به جغد زوزه‌کش قرمز دارد؟,"['لانه\u200cسازی', 'تغذیه', 'تولید مثل', 'استتار']",D,همرنگ شدن با محیط تاریک، پنهان‌ماندن و شکار آسان‌تر را فراهم می‌کند.,A,0.7588270902633667,A,0.4946756660938263,False,False,False,False,[0.7588271  0.1022957  0.00752697 0.13135028],[4.9467567e-01 1.0306848e-02 3.4183011e-04 4.9467567e-01]
1117,یک دانشمند در حال اندازه‌گیری مقدار حرکت در امتداد یک گسل است. بهترین ابزاری که برای انجام این اندازه‌گیری مورد استفاده قرار می‌گیرد کدام است؟,"['بارومتر', 'ساعت\u200cسنج', 'چوب\u200cخط کشی', 'لنز بزرگ\u200cنما']",C,برای اندازه‌گیری دقیق جابجایی زمین در طول زمان، ابزاری که زمان وقوع حرکات را ثبت می‌کند مناسب است.,C,0.9203548431396484,C,0.760186493396759,True,True,True,False,[0.0358257  0.00799379 0.92035484 0.0358257 ],[0.04936239 0.17229167 0.7601865  0.01815941]
1118,یک ستاره‌شناس مشاهده می‌کند که یک سیاره پس از برخورد شهاب‌سنگ سریع‌تر می‌چرخد. اثر احتمالی این افزایش در چرخش کدام است؟,"['چگالی سیاره کاهش خواهد یافت.', 'سال\u200cهای سیاره طولانی\u200cتر خواهند شد.', 'روزهای سیاره کوتاه\u200cتر خواهند شد.', 'گرانش سیاره قوی\u200cتر خواهد شد.']",C,افزایش سرعت چرخش، مدت زمان هر دور کامل را کاهش می‌دهد و در نتیجه طول روز کوتاه‌تر می‌شود، بدون تأثیر بر سایر ویژگی‌ها.,C,0.9018405675888062,C,0.9709458351135254,True,True,True,True,[0.05077909 0.04481239 0.90184057 0.00256795],[2.5573378e-02 3.0543045e-03 9.7094584e-01 4.2647647e-04]
1119,گروهی از مهندسان می‌خواستند بدانند که طراحی‌های مختلف ساختمان در زمان زلزله چگونه عمل خواهند کرد. آنها چندین مدل ساختمانی ساختند و هر یک را برای قابلیت مقاومت در برابر شرایط زلزله آزمایش کردند. کدام یک از موارد زیر احتمالاً نتیجه آزمایش طراحی‌های مختلف ساختمان خواهد بود؟,"['ساختمان\u200cها سریع\u200cتر ساخته خواهند شد', 'ساختمان\u200cها ایمن\u200cتر خواهند شد', 'طراحی\u200cهای ساختمان زیباتر خواهند بود', 'مواد ساختمانی ارزان\u200cتر خواهند بود']",B,آزمایش‌ها برای بهبود مقاومت در برابر زلزله انجام شده و ایمنی را افزایش می‌دهند.,B,0.9635913372039795,B,0.995984673500061,True,True,True,True,[0.02921182 0.96359134 0.00271712 0.00447978],[2.4881621e-03 9.9598467e-01 1.0372204e-03 4.8994820e-04]
1120,نتیجه نهایی در فرایند فتوسنتز تولید قند و اکسیژن است. کدام مرحله آغاز فتوسنتز را مشخص می‌کند؟,"['انرژی شیمیایی از طریق ریشه\u200cها جذب می\u200cشود.', 'انرژی نوری به انرژی شیمیایی تبدیل می\u200cشود.', 'کلروفیل در برگ انرژی نوری را جذب می\u200cکند.', 'نور خورشید به کلروفیل تبدیل می\u200cشود.']",C,آغاز فرآیند با جذب نور توسط رنگدانه‌های گیاهی صورت می‌گیرد.,C,0.7202625870704651,C,0.9973437190055847,True,True,True,True,[0.01319207 0.2649698  0.7202626  0.00157557],[1.9480215e-03 5.5811752e-04 9.9734372e-01 1.5021529e-04]
1121,یک فیزیکدان می‌خواهد سرعتی را تعیین کند که یک خودرو باید به آن برسد تا از روی یک رمپ پرش کند. این فیزیکدان سه آزمایش انجام می‌دهد. در آزمایش‌های دوم و سوم، سرعت خودرو به میزان 20 مایل در ساعت افزایش می‌یابد. هنگامی که فیزیکدان سرعت را تغییر می‌دهد، به چه چیزی تحقیق می‌کند؟,"['کنترل', 'بیان فرضیه', 'متغیر وابسته (پاسخ\u200cدهنده)', 'متغیر مستقل (دستکاری شده)']",D,فیزیکدان با تغییر سرعت، تأثیر آن بر پرش را بررسی می‌کند که متغیر دستکاری‌شده است.,C,0.7617670893669128,C,0.9724063277244568,False,False,False,False,[0.09062541 0.01574833 0.7617671  0.13185918],[0.01071839 0.00128013 0.9724063  0.01559517]
1122,یک فضانورد یک جسم ۱.۰ کیلوگرمی و یک جسم ۵.۰ کیلوگرمی را در ماه رها می‌کند. هر دو جسم مسافت کل ۲.۰ متر را به طور عمودی سقوط می‌کنند. کدام یک از گزینه‌های زیر بهترین توصیف را از وضعیت اشیاء بعد از سقوط به مسافت ۱.۰ متر ارائه می‌دهد؟,"['هر کدام از آنها انرژی جنبشی خود را از دست داده\u200cاند.', 'هر کدام از آنها مقدار یکسانی از انرژی پتانسیل را به دست آورده\u200cاند.', 'هر کدام از آنها مقدار یکسانی از انرژی پتانسیل را از دست داده\u200cاند.', 'هر کدام از آنها نیمی از حداکثر انرژی جنبشی خود را به دست آورده\u200cاند.']",D,در ماه، شتاب گرانش برای همه اجسام یکسان است و با سقوط مسافت برابر، هر دو کاهش ارتفاع یکسان دارند، بنابراین انرژی پتانسیل یکسانی از دست می‌دهند.,C,0.8697333931922913,B,0.5081776976585388,False,False,False,False,[0.11793573 0.00655033 0.8697334  0.00578064],[0.2381781  0.5081777  0.2381781  0.01546599]
1123,بیماری تومور صورت شیاطین (DFTD) بیماری است که در حال کاهش جمعیت شیاطین تاسمانی است. این بیماری از یک حیوان به حیوان دیگر از طریق گزش منتقل می‌شود و توسط انگل‌ها ایجاد می‌شود. انگل‌ها تومورهای سرطانی ایجاد می‌کنند که در سرتاسر بدن حیوان آلوده پخش می‌شوند و آن را از بین می‌برند. بهترین توضیح برای DFTD چیست؟,"['بیماری غیر واگیر، بیماری چرخه سلولی', 'بیماری واگیر، بیماری چرخه سلولی', 'بیماری غیر واگیر، بیماری مزمن', 'بیماری واگیر، بیماری مزمن']",B,از طریق گزش منتقل می‌شود و اثرات کشنده و پیشرونده دارد.,B,0.6812297701835632,B,0.54976487159729,True,True,True,False,[0.15319508 0.68122977 0.01238006 0.15319508],[0.22917609 0.5497649  0.01881192 0.2022472 ]
1124,نوعی از پستاندار کوچک از مناطق کوهستانی غرب ایالات متحده خانه خود را از توده‌های سنگ می‌سازد. در ماه‌های تابستان، این پستاندار علف‌ها و دانه‌ها را در مکان‌های محافظت‌شده در توده‌های سنگ قرار می‌دهد. دلیل احتمالی این رفتار کدام یک از موارد زیر است؟,"['برای آماده شدن برای مهاجرت قبل از زمستان', 'برای تأمین گرما در ماه\u200cهای سرد زمستان', 'برای ذخیره\u200cسازی غذا که در طول ماه\u200cهای زمستان خورده خواهد شد', 'برای محافظت از علف\u200cها و دانه\u200cها در برابر فساد قبل از زمستان']",C,این جانور غذا را برای فصل زمستان که منابع غذایی کم‌یاب می‌شوند، ذخیره می‌کند.,C,0.9558550715446472,C,0.927594780921936,True,True,True,False,[0.03248474 0.00235319 0.9558551  0.00930703],[0.05906796 0.00905837 0.9275948  0.00427887]
1125,درختان نخل سنگ‌واره در سنگ‌های رسوبی نزدیک به یخچال‌ها یافت می‌شوند. وجود درختان نخل سنگ‌واره به احتمال زیاد شواهدی برای کدام یک از جملات زیر ارائه می‌دهد؟,"['الف) در گذشته آب بیشتری در این منطقه وجود داشته است.', 'ب) این منطقه زمانی دشت علفی بوده است.', 'ج) آب و هوای این منطقه زمانی گرمسیری بوده است.', 'د) در این منطقه گسل\u200cهای فعال وجود دارد.']",C,این گیاهان در آب‌وهوای گرم رشد می‌کنند، بنابراین وجود فسیل‌شان در مناطق سرد نشان‌دهنده اقلیم گرم گذشته است.,A,0.9446613788604736,C,0.8694693446159363,False,True,True,True,[0.9446614  0.01991457 0.01991457 0.01550948],[0.11675417 0.01249959 0.86946934 0.00127691]
1126,کشاورزان در وایومینگ نگران بودند زیرا برخی از مرغ‌هایشان توسط بازها که در مناطق اطراف مزرعه‌هایشان زندگی می‌کردند، مورد شکار قرار می‌گرفتند. کشاورزان جمع شدند و به شکار بازها پرداختند تا زمانی که دیگر در منطقه آن‌ها نباشند. کدامیک از موارد زیر بیشترین احتمال را دارد که در مرحله بعدی اتفاق بیفتد؟,"['جمعیت مرغ\u200cها کاهش می\u200cیابد.', 'جمعیت موش\u200cها و رت\u200cها افزایش می\u200cیابد.', 'پرنده شکارچی دیگری جایگزین باز خواهد شد.', 'مرغ\u200cها نرخ بیماری کمتری خواهند داشت.']",B,حذف شکارچی طبیعی باعث کاهش کنترل جمعیت جوندگان و افزایش سریع آن‌ها می‌شود.,A,0.57087641954422,B,0.7996397614479065,False,True,True,True,[0.5708764  0.30437684 0.1128522  0.01189453],[0.05769988 0.79963976 0.13841482 0.00424559]
1127,مسئله: مس یک عنصر است که در سیم‌های الکتریکی مورد استفاده قرار می‌گیرد. کوچک‌ترین واحد مس که هنوز ویژگی‌های مس را حفظ می‌کند، چیست؟,"['الف) اتم', 'ب) الکترون', 'ج) هسته', 'د) پروتون']",A,کوچک‌ترین ذره‌ای که هویت و ویژگی‌های شیمیایی یک عنصر مانند مس را حفظ می‌کند، اتم آن است.,A,0.9408041834831238,A,0.9947291016578674,True,True,True,True,[0.9408042  0.02824385 0.01740053 0.01355155],[9.9472910e-01 1.3069613e-03 3.5526892e-03 4.1125363e-04]
1128,بر اساس طبقه‌بندی سلول‌ها، سلول‌های پروکاریوتیک از سلول‌های یوکاریوتیک جدا می‌شوند. کدام ویژگی معمولاً برای تمایز سلول‌های پروکاریوتیک از سلول‌های یوکاریوتیک استفاده می‌شود؟,"['فرآیندهای زندگی', 'تفاوت\u200cهای اندازه', 'غشای پلاسمایی', 'مولکول\u200cهای انرژی']",B,سلول‌های پروکاریوتیک فاقد هسته غشادار هستند، در حالی که یوکاریوتیک‌ها هسته واقعی دارند.,C,0.8773237466812134,C,0.9980461597442627,False,False,False,False,[0.02628671 0.09174964 0.87732375 0.00463988],[1.3241881e-03 5.6952616e-04 9.9804616e-01 6.0027622e-05]
1129,کدام عبارت بهترین توصیف از تأثیر خورشید بر اقیانوس‌ها است؟,"['خورشید بر تشکیل امواج تأثیر می\u200cگذارد.', 'خورشید ذرات آب ایجاد می\u200cکند.', 'پرتوهای خورشید باعث می\u200cشوند موجودات به سطح آب بیایند.', 'خورشید مواد معدنی را فراهم می\u200cکند.']",A,خورشید با ایجاد باد، نیروی اصلی تشکیل امواج است و بر حرکت آن‌ها تأثیر می‌گذارد.,A,0.9868507981300354,A,0.9997149109840393,True,True,True,True,[0.9868508  0.0085421  0.00244735 0.00215978],[9.9971491e-01 1.9734471e-04 1.9539773e-05 6.8200505e-05]
1130,در یک شهر، دمای صبح ۴۱ درجه فارنهایت است. اگر پیش‌بینی شود که روزی آفتابی و ملایم خواهد بود، کدام دما برای ساعت ۲:۰۰ بعد از ظهر محتمل‌ترین است؟,"['۳۲ درجه فارنهایت', '۴۱ درجه فارنهایت', '۷۸ درجه فارنهایت', '۹۸ درجه فارنهایت']",C,صبح سرد است و با آفتابی شدن هوا، دمای بعد از ظهر افزایش منطقی می‌یابد.,C,0.6832651495933533,A,0.4891716539859772,True,False,False,False,[0.28371686 0.01246565 0.68326515 0.02055238],[0.48917165 0.01015243 0.48917165 0.01150422]
1131,کلاسی برنامه‌ریزی دارد تا بررسی کند کدام مارک لامپ بیشترین عمر را دارد. کدام یک از این مراحل باید اول انجام شود؟,"['بررسی را تکرار کنید.', 'گزارشی از نتایج بنویسید.', 'جدولی برای ثبت داده\u200cها تهیه کنید.', 'مشاهدات روزانه\u200cای از لامپ\u200cها انجام دهید.']",C,اولین گام در تحقیق علمی، برنامه‌ریزی برای ثبت منظم داده‌ها است تا اطلاعات به درستی جمع‌آوری شوند.,C,0.9883906841278076,C,0.9709157347679138,True,True,True,False,[0.00845989 0.00101039 0.9883907  0.00213899],[1.2317884e-02 9.4985322e-04 9.7091573e-01 1.5816476e-02]
1132,کدام یک از این گازها فراوان‌ترین گاز گلخانه‌ای در جو پایینی زمین است؟,"['اوزون', 'متان', 'بخار آب', 'دی\u200cاکسید کربن']",C,بیشترین سهم در گازهای گلخانه‌ای جو پایین را دارد و از طریق تبخیر طبیعی تولید می‌شود.,C,0.8591350317001343,C,0.9960277080535889,True,True,True,True,[0.00506885 0.13072732 0.85913503 0.00506885],[1.7034938e-03 1.4122460e-03 9.9602771e-01 8.5657049e-04]
1133,در کدام دما آب یخ می‌زند؟,"['A) ۰ درجه سلسیوس', 'B) ۳۲ درجه سلسیوس', 'C) ۱۰۰ درجه سلسیوس', 'D) ۲۱۲ درجه سلسیوس']",A,آب در فشار استاندارد در دمای صفر درجه منجمد می‌شود.,A,0.7540410161018372,A,0.97552889585495,True,True,True,True,[0.754041   0.10165051 0.02912336 0.11518511],[0.9755289  0.01783257 0.0021298  0.00450878]
1134,سؤالات: استخوان‌ها و دندان‌های فسیلی دایناسورها در قرن گذشته مورد تحقیق قرار گرفته‌اند. کشفیات اخیر دایناسورهای فسیلی همچنین جزئیاتی از بافت‌های نرم مانند پوست را فاش کرده‌اند. بهترین کاری که یک دانشمند باید انجام دهد وقتی به تحقیق در مورد دایناسورها گزارش می‌دهد چیست؟,"['تحقیقات در مورد دندان\u200cها یا استخوان\u200cها را حذف کند', 'پیش\u200cبینی کند کشف بعدی چه خواهد بود', 'داده\u200cهای جدید را به محض در دسترس بودن تجزیه و تحلیل کند', 'گزارش\u200cهای قبلی که یافته\u200cهای جدید را نداشتند حذف کند']",C,تجزیه و تحلیل یافته‌های تازه برای تکمیل و به‌روزرسانی دانش موجود ضروری است.,C,0.9862998127937317,C,0.9582549333572388,True,True,True,False,[1.0914085e-02 2.4352614e-03 9.8629981e-01 3.5083268e-04],[3.7155576e-02 4.4376007e-03 9.5825493e-01 1.5184634e-04]
1135,مالی در حال تهیه چای یخ زده بود و کیسه‌های چای را در آب جوش می‌ریخت. او نیاز داشت تا چای داغ را به سرعت سرد کند، بنابراین آن را در یک پارچ پر از یخ ریخت. کدام گزینه بهترین توصیف را از جریان انرژی حرارتی ارائه می‌دهد؟,"['از یخ به چای', 'از چای به یخ', 'از پارچ به چای', 'از یخ به پارچ']",B,گرما از جسم گرم‌تر به سردتر منتقل می‌شود، بنابراین از چای داغ به یخ جریان می‌یابد.,A,0.9720811247825623,A,0.7282801866531372,False,False,False,False,[9.7208112e-01 7.4400729e-03 2.5458529e-04 2.0224215e-02],[7.2828019e-01 2.6896790e-01 1.5590119e-04 2.5959879e-03]
1136,شرکت‌های چوب‌بری در یک جنگل درختان را قطع کرده و آن‌ها را به کارخانه‌های چوب دور از جنگل ارسال می‌کنند. کارخانه‌ها تخته‌هایی تولید می‌کنند که در ساخت و ساز استفاده می‌شوند. برخی از شرکت‌های چوب‌بری پس از قطع درختان نهال‌های درختی نمی‌کارند. عدم کاشت نهال‌های درختی ممکن است بر افرادی که به تخته‌ها در آینده نیاز دارند تأثیر بگذارد زیرا,"['قیمت تخته\u200cها افزایش خواهد یافت', 'قیمت تخته\u200cها کاهش خواهد یافت', 'تعداد بیشتری تخته در دسترس خواهد بود', 'تعداد بیشتری درخت برای چوب\u200cبری وجود خواهد داشت']",A,کمبود منابع آینده عرضه را کاهش داده و قیمت‌ها را بالا می‌برد.,B,0.7007980346679688,A,0.999290943145752,False,True,True,True,[0.2578092  0.70079803 0.02696143 0.01443141],[9.9929094e-01 5.6139589e-04 6.9177542e-05 7.8388417e-05]
1137,روزی تصور می‌شد که موجودات زنده می‌توانند از ماده غیر زنده به وجود آیند. به عنوان مثال، مردم معتقد بودند که مگس‌ها از گوشت متعفن شکل می‌گیرند. این نظریه بعداً عمدتاً به دلیل چه چیزی رد شد؟,"['کشف اتم.', 'تکنیک\u200cهای جراحی بهتر.', 'تجربیات مداوم.', 'اختراع میکروسکوپ.']",C,با مشاهده میکروارگانیسم‌ها و آزمایش‌های دقیق، ثابت شد که حیات از پیش موجود است و از ماده بی‌جان پدید نمی‌آید.,D,0.6712392568588257,D,0.9218767285346985,False,False,False,False,[0.31831196 0.00650393 0.00394483 0.67123926],[0.07567225 0.00130201 0.00114902 0.9218767 ]
1138,سلول‌ها برای تأمین انرژی، غذا مصرف می‌کنند. بخشی از سلول که به هضم غذا کمک می‌کند، لیزوزوم است. نقش اصلی لیزوزوم‌ها در فرآیند هضم غذا چیست؟,"['ترکیب پروتئین\u200cها', 'شکستن زباله\u200cها', 'کنترل فعالیت\u200cهای سلول', 'تبدیل انرژی از یک شکل به شکل دیگر']",B,این بخش سلول با آنزیم‌هایش مواد را تجزیه می‌کند تا سلول بتواند از آنها استفاده کند.,B,0.9819104075431824,B,0.7667887210845947,True,True,True,False,[0.01414365 0.9819104  0.00116098 0.00278505],[0.11805109 0.7667887  0.01098046 0.10417973]
1139,زمانی که یک جریان الکتریکی از طریق آب (H_{2}O) با استفاده از یک دستگاه خاص عبور داده می‌شود، گازهای هیدروژن (H_{2}) و اکسیژن (O_{2}) تشکیل می‌شوند. چگونه می‌توان این واکنش را در یک معادله شیمیایی نشان داد؟,"['H_{2}O -> H + O + H', '2H_{2}O(l) -> 2H_{2}(g) + O_{2}(g)', 'H:O:H -> H_{2}O', 'H_{2}O(l) -> 2H(g) + O(g)']",B,واکنش تجزیه آب با الکترولیز است که باید موازنه اتمی و حالت گازی محصولات را نشان دهد. این گزینه این شرایط را به درستی برآورده می‌کند.,B,0.9895495176315308,B,0.9926706552505493,True,True,True,True,[9.625707e-03 9.895495e-01 3.471572e-05 7.901261e-04],[6.6494863e-03 9.9267066e-01 6.1239654e-05 6.1849854e-04]
1140,کدام یک از موارد زیر حقیقتی دربارهٔ پنگوئن‌هاست؟,"['پنگوئن\u200cها می\u200cتوانند در آب و هوای بسیار سرد زندگی کنند.', 'پنگوئن\u200cها رقبای سرسختی هستند.', 'پنگوئن\u200cها از زیباترین پرندگان هستند.', 'پنگوئن\u200cها حیوانات خانگی فوق\u200cالعاده\u200cای هستند.']",A,پنگوئن‌ها در مناطق سردسیر زندگی می‌کنند و بدنشان برای تحمل سرمای شدید سازگار شده است.,A,0.992550253868103,A,0.9969105124473572,True,True,True,True,[9.9255025e-01 3.5379904e-03 3.1222657e-03 7.8943238e-04],[9.9691051e-01 2.4423050e-03 4.8091836e-04 1.6620095e-04]
1141,یک لیوان آب با دمای ۱۱۰ درجه فارنهایت در اتاقی در کنار یک لیوان آب با دمای ۵۰ درجه فارنهایت قرار داده شده است. دمای اتاق در تمام زمان‌ها ۷۳ درجه فارنهایت است. اگر هر دو لیوان در اتاق به مدت یک شب باقی بمانند، دمای هر دو لیوان آب روز بعد تقریباً چقدر خواهد بود؟,"['۴۳ درجه فارنهایت.', '۵۰ درجه فارنهایت.', '۷۳ درجه فارنهایت.', '۹۰ درجه فارنهایت.']",C,با گذشت زمان، دمای هر دو لیوان به دلیل تعادل حرارتی با محیط اطراف، برابر با دمای اتاق می‌شود.,A,0.7521860003471375,C,0.9543637037277222,False,True,True,True,[0.752186   0.0905404  0.1317355  0.02553809],[0.04259215 0.00128617 0.9543637  0.00175799]
1142,برف، باران، تگرگ و مه همگی اشکال مختلف,"['الف) گاز.', 'ب) آب.', 'ج) باد.', 'د) ابر.']",B,همه این پدیده‌ها از تغییر حالت آب در طبیعت تشکیل می‌شوند.,D,0.6947486996650696,D,0.7130009531974792,False,False,False,False,[0.01277457 0.29074785 0.00172885 0.6947487 ],[2.6229841e-01 2.4019301e-02 6.8137515e-04 7.1300095e-01]
1143,اسکات یک سینی را با آب‌میوه پر کرد و آن را در فریزر قرار داد. روز بعد، اسکات فریزر را باز کرد. آب‌میوه احتمالاً چگونه تغییر کرده است؟,"['به حالت مایع درآمده است.', 'بخار شده است.', 'به گاز تبدیل شده است.', 'به حالت جامد درآمده است.']",D,آب‌میوه در دمای پایین فریزر منجمد می‌شود و از مایع به جامد تبدیل می‌گردد.,B,0.7347015142440796,D,0.9850218892097473,False,True,True,True,[0.1861248  0.7347015  0.00158533 0.07758836],[1.2327153e-02 2.1421383e-03 5.0880242e-04 9.8502189e-01]
1144,در تاریخ 21 اوت، هشدار سیلاب ناگهانی برای منطقه لاس وگاس صادر شد. کدام یک از بیانیه‌ها بهترین توصیف را از این هشدار در مورد آب و هوا و اقلیم ارائه می‌دهد؟,"['این یک ویژگی دائمی اقلیمی در طول سال است.', 'این یک ویژگی فصلی آب و هوایی با وقوع\u200cهای نامنظم است.', 'این یک ویژگی مداوم آب و هوایی در فصل وقوع آن است.', 'این یک رویداد نادر است که با اقلیم و آب و هوای محلی سازگار نیست.']",B,سیلاب‌های ناگهانی در مناطق خشک مانند لاس وگاس معمولاً در تابستان و همراه با باران‌های موسمی رخ می‌دهند که الگویی فصلی اما با زمان‌بندی غیرقابل پیش‌بینی دارند.,B,0.7129558324813843,B,0.9935433864593506,True,True,True,True,[0.14038932 0.71295583 0.14038932 0.00626541],[6.00086013e-03 9.93543386e-01 3.49291920e-04 1.06528016e-04]
1145,دانش‌آموزان در یک نمایش کلاسی سه شیء را به دماهای مختلف گرم کردند. هر شیء نوری از یک رنگ متفاوت ساطع کرد که در زیر نشان داده شده است. شیء ۱: نور آبی شیء ۲: نور قرمز شیء ۳: نور نارنجی، کدام لیست اشیاء را از بالاترین دما به پایین‌ترین دما ارائه می‌دهد؟,"['شیء ۱، شیء ۲، شیء ۳', 'شیء ۱، شیء ۳، شیء ۲', 'شیء ۲، شیء ۱، شیء ۳', 'شیء ۲، شیء ۳، شیء ۱']",B,بر اساس قانون وین، نور آبی با کوتاه‌ترین طول‌موج داغ‌ترین است و پس از آن نارنجی و قرمز با طول‌موج بلندتر و دمای کمتر قرار می‌گیرند.,A,0.6249129772186279,A,0.6349987387657166,False,False,False,False,[0.624913   0.2605025  0.03994935 0.07463522],[0.63499874 0.33989036 0.00805615 0.01705487]
1146,موجودات ریز به نام پلانکتون در اقیانوس‌ها زندگی می‌کنند. برخی از پلانکتون‌ها می‌توانند انرژی را از خورشید گرفته و به غذا تبدیل کنند. پلانکتون‌ها برای حیواناتی که در اقیانوس زندگی می‌کنند، چگونه بیشترین منفعت را دارند؟,"['الف) پلانکتون\u200cها رنگارنگ هستند.', 'ب) پلانکتون\u200cها آب را پاک می\u200cکنند.', 'ج) پلانکتون\u200cها اکسیژن آزاد می\u200cکنند.', 'د) پلانکتون\u200cها به سرعت تولید مثل می\u200cکنند.']",C,پلانکتون‌ها با تولید اکسیژن و تشکیل پایه زنجیره غذایی، برای حیات دریایی ضروری هستند.,C,0.5735918283462524,C,0.9730737209320068,True,True,True,True,[0.03210801 0.08727863 0.5735918  0.3070216 ],[0.00968991 0.00968991 0.9730737  0.00754651]
1147,کدام یک از بیانات بهترین توضیح را برای اینکه چرا یک شاخه درخت روی آب شناور است، ارائه می‌دهد؟,"['چوب متخلخل است.', 'چوب دارای خاصیت شناوری است.', 'چوب سبک است.', 'چوب مغناطیسی است.']",B,چگالی کمتر چوب نسبت به آب به دلیل ساختار متخلخل آن باعث شناوری می‌شود.,B,0.9664153456687927,C,0.9244847297668457,True,False,False,False,[0.01754562 0.96641535 0.01366455 0.00237454],[6.6708356e-02 7.9671778e-03 9.2448473e-01 8.3973433e-04]
1148,دانش‌آموزان در یک آزمایشگاه به تماشای دو فسیل می‌پردازند. معلم به آن‌ها می‌گوید که این فسیل‌ها در لایه‌های مختلف سنگی پیدا شده‌اند. دانش‌آموزان با مشاهده فسیل‌ها چه چیزی را می‌توانند به احتمال زیاد تعیین کنند؟,"['چگونه هر موجود زنده مرده است', 'سن دقیق فسیل\u200cها', 'زمانی که فسیل\u200cها کشف شدند', 'نوع محیطی که موجودات در آن زندگی می\u200cکردند']",D,مقایسه ویژگی‌های فسیل‌های یافت‌شده در لایه‌های مختلف، شرایط محیط زندگی موجودات را نشان می‌دهد.,D,0.598371148109436,D,0.8213592767715454,True,True,True,True,[3.8552605e-02 3.6293045e-01 1.4571520e-04 5.9837115e-01],[1.1115889e-01 6.7421272e-02 6.0527080e-05 8.2135928e-01]
1149,فاصله زمین از خورشید موجب می‌شود که آب به راحتی برای موجودات فراهم باشد. کدام ویژگی آب برای این موجودات از اهمیت بیشتری برخوردار است؟,"['توانایی آن در یخ زدن', 'ظرفیت حرارتی خاص آن', 'توانایی آن در حالت مایع بودن', 'کشسانی بالا آن']",C,فاصله مناسب زمین از خورشید امکان ماندگاری آب به صورت مایع را فراهم می‌کند که برای حیات ضروری است.,A,0.5066702961921692,C,0.9608126282691956,False,True,True,True,[0.5066703  0.44713497 0.02858438 0.01761033],[3.2877199e-02 5.8031706e-03 9.6081263e-01 5.0707540e-04]
1150,کدام عبارت به درستی یک ویژگی از نوعی ماده را توصیف می‌کند؟,"['هوا ترکیبی از گازها است.', 'یخ ترکیبی از گازها است.', 'هوا یک مایع است.', 'یخ یک مایع است.']",A,هوا از گازهای مختلف تشکیل شده، در حالی که یخ جامد است و هوا مایع نیست.,A,0.6733576655387878,A,0.9995504021644592,True,True,True,True,[0.67335767 0.24771444 0.05570607 0.02322175],[9.9955040e-01 2.6916762e-04 9.3021838e-05 8.7385932e-05]
1151,کدام یک از بیانات زیر تأثیر مثبت یک کشف علمی را توصیف می‌کند؟,"['این موضوع برخی از مردم را ناراحت می\u200cکند.', 'این کشف مدت زیادی طول می\u200cکشد تا مفید باشد.', 'این کشف به توضیح نحوه عملکرد چیزها کمک می\u200cکند.', 'این کشف باعث می\u200cشود کار دشوارتر شود.']",C,چون علم به درک جهان کمک می‌کند و پیشرفت دانش را تسهیل می‌نماید.,C,0.9798933267593384,C,0.9810545444488525,True,True,True,True,[1.8052842e-02 1.6791758e-03 9.7989333e-01 3.7467477e-04],[1.7759299e-02 1.0665288e-03 9.8105454e-01 1.1966122e-04]
1152,کدام رویداد طبیعی با بیشترین فراوانی اتفاق می‌افتد؟,"['طلوع خورشید', 'اعتدال', 'ماه کامل', 'خورشیدگرفتگی']",A,این پدیده هر روز رخ می‌دهد، در حالی که سایر موارد با فواصل زمانی طولانی‌تر تکرار می‌شوند.,A,0.45959073305130005,B,0.8875870108604431,True,False,False,False,[0.45959073 0.45959073 0.02592834 0.05489029],[0.09282296 0.887587   0.00682996 0.01276005]
1153,یک دانشمند یک منطقه طولانی را که زلزله‌ها در آن رخ می‌دهد نقشه‌برداری می‌کند و مشخص می‌کند که این منطقه یک مرز صفحات تبدیل است. کدام شواهد می‌تواند باعث شود که دانشمند این تعیین را بازنگری کند؟,"['آتشفشان\u200cزایی نیز ویژگی این منطقه است.', 'مرکز زلزله\u200cها در این منطقه در عمق\u200cهای کم رخ می\u200cدهند.', 'این منطقه نشان\u200cدهنده شکستگی\u200cهای گسترده رسوبات است.', 'چگالی\u200cهای مساوی پوسته در دو طرف منطقه یافت می\u200cشود.']",A,وجود فعالیت‌های آتشفشانی با ماهیت مرزهای تبدیل که در آن صفحات به صورت افقی می‌لغزند، ناسازگار است و نیاز به بازبینی دارد.,A,0.5815748572349548,A,0.9799112677574158,True,True,True,True,[0.58157486 0.10066855 0.04196489 0.2757917 ],[0.97991127 0.00966317 0.00586101 0.00456456]
1154,سوالی که بهترین توصیف را از مقایسه خورشید با ستاره‌ای در اندازه‌ای متفاوت، در صورتی که هر دو در کنار هم قرار داشته باشند، ارائه می‌دهد چیست؟,"['خورشید در کنار یک ستاره معمولی بسیار بزرگ خواهد بود.', 'خورشید در کنار یکی از بزرگترین ستاره\u200cها بسیار کوچک خواهد بود.', 'خورشید در کنار یک ستاره معمولی بسیار روشن خواهد بود.', 'خورشید در کنار یکی از کوچکترین ستاره\u200cها بسیار کم نور خواهد بود.']",B,خورشید ستاره‌ای متوسط است و در مقایسه با بزرگترین ستاره‌ها بسیار کوچک به نظر می‌رسد.,A,0.6436293721199036,B,0.9212183952331543,False,True,True,True,[0.6436294  0.18368398 0.04644258 0.12624402],[0.07561821 0.9212184  0.001385   0.00177837]
1155,کدام یک از بیانات زیر دربارهٔ سیستم خورشیدی درست است؟,"['سیارات گازی به خورشید نزدیک\u200cترند.', 'سیارات جامد به خورشید نزدیک\u200cترند.', 'سیارات به ترتیب اندازهٔ رو به رشد مرتب شده\u200cاند.', 'سیارات جامد بزرگ\u200cتر از سیارات گازی هستند.']",B,سیارات سنگی نزدیک‌تر به خورشید هستند، در حالی که سیارات گازی در فاصله دورتری قرار گرفته‌اند.,A,0.5425782203674316,B,0.9451074004173279,False,True,True,True,[0.5425782  0.2562958  0.10683998 0.09428596],[0.04120197 0.9451074  0.00641803 0.00727258]
1156,عملکرد اصلی سلول‌های فتوسنتزی در یک گیاه چیست؟,"['تبدیل اکسیژن به دی\u200cاکسید کربن', 'شکستن قند به مواد شیمیایی قابل استفاده', 'تبدیل انرژی خورشید به انرژی غذایی', 'اجازه دادن به عبور دی\u200cاکسید کربن به درون گیاه']",C,این سلول‌ها انرژی نور خورشید را گرفته و به شکل انرژی شیمیایی در غذا ذخیره می‌کنند.,C,0.9332731366157532,C,0.9389828443527222,True,True,True,True,[0.01955955 0.04619347 0.93327314 0.00097381],[5.2767262e-02 8.0921222e-03 9.3898284e-01 1.5777125e-04]
1157,کدام یک از موارد زیر تفاوت اصلی بین سیستم‌های هیدرولیکی و پنوماتیکی است؟,"['سیستم\u200cهای هیدرولیکی تحت فشار هستند و سیستم\u200cهای پنوماتیکی نیستند.', 'سیستم\u200cهای هیدرولیکی شامل مایعات هستند و سیستم\u200cهای پنوماتیکی شامل گازها هستند.', 'سیستم\u200cهای هیدرولیکی سیستم\u200cهای باز هستند و سیستم\u200cهای پنوماتیکی سیستم\u200cهای بسته هستند.', 'سیستم\u200cهای هیدرولیکی شامل سیالات در حال حرکت هستند و سیستم\u200cهای پنوماتیکی شامل سیالات در سکون هستند.']",B,تفاوت اصلی در نوع سیال است: هیدرولیک از مایعات غیرقابل تراکم و پنوماتیک از گازهای قابل تراکم استفاده می‌کند.,B,0.8018630146980286,B,0.9969684481620789,True,True,True,True,[0.02765344 0.801863   0.01134895 0.1591346 ],[1.3435886e-03 9.9696845e-01 1.6556261e-04 1.5224854e-03]
1158,در بهار و اوایل تابستان، خرس‌ها اغلب پشت خود را به درختان می‌کشند تا خز زمستانی خود را بردارند. این نمونه‌ای از یک حیوان است که,"['چرخهٔ زندگی خود را کامل می\u200cکند', 'به خواب زمستانی می\u200cرود', 'به محیط خود واکنش نشان می\u200cدهد', 'برای مهاجرت آماده می\u200cشود']",C,این رفتار واکنش مستقیم به تغییر فصل و نیاز فیزیکی برای سازگاری با محیط است.,B,0.9498597979545593,C,0.9794936776161194,False,True,True,True,[0.02859937 0.9498598  0.01210974 0.00943107],[1.5708836e-02 4.5006564e-03 9.7949368e-01 2.9685049e-04]
1159,کدام رویداد روزی یک‌بار اتفاق می‌افتد؟,"['ماه طلوع می\u200cکند.', 'ماه جدید اتفاق می\u200cافتد.', 'ماه در مراحل خود چرخش می\u200cکند.', 'ماه در برابر خورشید عبور می\u200cکند.']",A,ظاهر شدن ماه در افق به دلیل گردش زمین، تقریباً هر روز رخ می‌دهد.,C,0.6854861974716187,A,0.4765480160713196,False,True,True,True,[0.1956294  0.02647556 0.6854862  0.09240879],[0.47654802 0.02061344 0.17531222 0.32752636]
1160,جرم یک اتم کربن که دارای ۶ پروتون، ۷ نوترون و ۶ الکترون است، چیست؟,"['۶', '۷', '۱۳', '۱۹']",C,جرم اتمی از مجموع ذرات هسته به دست می‌آید که در اینجا برابر با [MASK] است.,D,0.8384662866592407,D,0.8405910730361938,False,False,False,False,[0.04693492 0.01523754 0.09936122 0.8384663 ],[0.0292164  0.00128368 0.12890883 0.8405911 ]
1161,سرعت یک موج صوتی در حین عبور از مواد مختلف تغییر می‌کند. کدام عامل بیشترین تأثیر را بر سرعت موج صوتی خواهد داشت؟,"['فرکانس موج', 'طول موج موج', 'منبعی که صدا را تولید کرده است', 'فاصله بین مولکول\u200cها در محیط']",D,سرعت صوت به ویژگی‌های فیزیکی محیط مانند تراکم وابسته است که مستقیماً تحت تأثیر فاصله مولکولی قرار می‌گیرد.,D,0.8478487730026245,D,0.9403563737869263,True,True,True,True,[0.10126109 0.04783235 0.00305782 0.8478488 ],[0.04645325 0.01052835 0.00266198 0.9403564 ]
1162,کدام جمله بهترین توصیف را از تغییرات انرژی که در حین سوار شدن یک کودک بر روی سورتمه در یک تپه شیب‌دار و پوشیده از برف اتفاق می‌افتد ارائه می‌دهد؟,"['انرژی جنبشی کاهش می\u200cیابد و انرژی پتانسیل افزایش می\u200cیابد.', 'انرژی جنبشی افزایش می\u200cیابد و انرژی پتانسیل کاهش می\u200cیابد.', 'هر دو انرژی پتانسیل و انرژی جنبشی کاهش می\u200cیابد.', 'هر دو انرژی پتانسیل و انرژی جنبشی افزایش می\u200cیابد.']",B,با کاهش ارتفاع، انرژی پتانسیل کم و با افزایش سرعت، انرژی جنبشی زیاد می‌شود.,A,0.9382428526878357,A,0.6276148557662964,False,False,False,False,[0.93824285 0.02497892 0.02497892 0.01179921],[0.62761486 0.3346283  0.01887844 0.01887844]
1163,بهترین روش برای جدا کردن نمک از آب استفاده از,"['روغن.', 'حرارت.', 'مغناطیس.', 'الکل مالشی.']",B,با تبخیر آب، نمک به صورت جامد باقی می‌ماند و این روش برای جداسازی آن از آب مؤثر است.,B,0.8756556510925293,B,0.9836021661758423,True,True,True,True,[0.01799704 0.87565565 0.00115051 0.10519674],[0.00657588 0.98360217 0.00137838 0.0084436 ]
1164,کدام یک از تجهیزات بهترین ابزار برای تعیین توپوگرافی ایالات متحده است؟,"['رادار', 'ترازو', 'ماهواره', 'رادیو']",C,[MASK]‌ها با پوشش وسیع و دقت بالا، داده‌های دقیق از ناهمواری‌ها را برای نقشه‌برداری کل کشور فراهم می‌کنند.,A,0.9421560764312744,A,0.9635823965072632,False,False,False,False,[0.9421561  0.00637304 0.04709078 0.00438012],[0.9635824  0.00509607 0.02932588 0.00199565]
1165,کدام ابزار بهترین گزینه برای تعیین زمان جوش آمدن آب در یک فنجان است؟,"['ترازوی وزن', 'پلیت گرمایی', 'کرنومتر', 'ترمومتر']",C,برای تشخیص جوشیدن آب، باید دمای آن را اندازه گرفت که تنها با ابزار سنجش دما امکان‌پذیر است و سایر وسایل این قابلیت را ندارند.,D,0.9810933470726013,D,0.9951249957084656,False,False,False,False,[0.00655911 0.0057884  0.00655911 0.98109335],[0.00148447 0.00215989 0.00123067 0.995125  ]
1166,برای تعیین نزدیکی ارتباط موجودات زنده، دانشمندان همه موارد زیر را در نظر می‌گیرند به استثنای,"['ساختارهای جنینی.', 'ساختارهای هم\u200cریخت.', 'ساختارهای مشابه.', 'ساختارهای بازمانده.']",C,این ساختارها شکل مشابه دارند ولی عملکرد و منشأ متفاوت، و نشان‌دهنده نزدیکی تکاملی نیستند.,B,0.3749188780784607,B,0.8852500319480896,False,False,False,False,[0.33086476 0.37491888 0.00222935 0.29198712],[0.06362826 0.88525003 0.01252915 0.03859249]
1167,کدام یک نمونه‌ای از رفتار آموخته شده است؟,"['الف) یک ببر، آهویی را شکار می\u200cکند.', 'ب) یک موش از یک کایوت فرار می\u200cکند.', 'ج) یک سالمون در جهت بالای رودخانه مهاجرت می\u200cکند.', 'د) یک دارکوب بر روی درختی برای یافتن حشرات ضربه می\u200cزند.']",A,این رفتار از طریق تجربه و یادگیری کسب می‌شود، در حالی که سایر موارد غریزی هستند.,A,0.5327250957489014,A,0.541888952255249,True,True,True,True,[0.5327251  0.09257374 0.1526283  0.22207285],[0.54188895 0.06471941 0.06471941 0.32867226]
1168,فرض کنید ۲۰ گرم مایع پراکسید هیدروژن حرارت داده شود تا کاملاً به آب مایع و گاز اکسیژن تجزیه شود. کدام گزینه بهترین توصیف را از کل جرم آب و اکسیژنی که تولید شده است ارائه می‌دهد؟,"['بیشتر از ۲۰ گرم به خاطر اضافه کردن گرما', 'بیشتر از ۲۰ گرم به خاطر اینکه اکنون دو ماده وجود دارد', 'کمتر از ۲۰ گرم به خاطر اینکه گاز اکسیژن بسیار سبک است', '۲۰ گرم زیرا هیچ ماده\u200cای اضافه یا حذف نشده است']",D,طبق قانون پایستگی جرم، در واکنش بسته، جرم کل محصولات با مواد اولیه برابر است و هیچ ماده‌ای اضافه یا کم نمی‌شود.,D,0.6054122447967529,D,0.5163450241088867,True,True,True,False,[0.37008107 0.02087855 0.00362815 0.60541224],[0.3548784  0.10009805 0.02867857 0.516345  ]
1169,هوا رنگ ندارد و قابل مشاهده نیست، اما فضایی را اشغال می‌کند. چه چیزی می‌تواند انجام شود تا نشان دهد که هوا فضای را اشغال می‌کند؟,"['مشاهده تشکیل ابرها', 'اندازه\u200cگیری دمای هوا', 'باد کردن یک توپ ساحلی یا بادکنک', 'وزن کردن یک لیوان قبل و بعد از پر شدن آن با آب']",C,با پر کردن یک جسم انعطاف‌پذیر، انبساط آن نشان می‌دهد که هوا فضا اشغال می‌کد، در حالی که روش‌های دیگر این ویژگی را مستقیماً اثبات نمی‌کنند.,A,0.6677206158638,A,0.4609442949295044,False,False,False,False,[0.6677206  0.01075062 0.19055933 0.13096938],[0.4609443  0.00451894 0.21773466 0.31680208]
1170,کدام فرآیند زمین‌شناسی احتمال بیشتری دارد که باعث تشکیل آتشفشان کوه سنت هلنز شده باشد؟,"['مرزهای همگرا', 'مرزهای واگرا', 'گسل\u200cهای انتقالی', 'منطقه\u200cهای شکاف']",A,این کوه در ناحیه‌ای با فرورانش صفحه اقیانوسی زیر قاره قرار دارد که ماگما و آتشفشان‌های انفجاری ایجاد می‌کند.,A,0.6651927828788757,A,0.6744768619537354,True,True,True,True,[0.6651928  0.27675256 0.04244138 0.01561331],[0.67447686 0.3186003  0.00241361 0.00450922]
1171,کدام مثال رابطه‌ای بین یک موجود زنده و یک موجود غیر زنده را نشان می‌دهد؟,"['الف) یک حشره غذای یک ماهی سالمان است.', 'ب) آب یک سنگ را به پایین دست می\u200cبرد.', 'پ) یک درخت گازی را از هوا حذف می\u200cکند.', 'ت) یک گل برای یک پروانه غذا درست می\u200cکند.']",C,این مورد تنها رابطه‌ای را توصیف می‌کند که هر دو طرف آن غیرزنده هستند.,B,0.6915063858032227,A,0.6290290355682373,False,False,False,False,[0.223624   0.6915064  0.02080027 0.06406935],[0.62902904 0.2332218  0.04052787 0.09722131]
1172,تصاویر ارسالی از فضاپیماهای وویجر و گالیله شواهدی را ارائه می‌دهند که اروپا (یکی از قمرهای مشتری) یک اقیانوس مایع زیر سطح یخ خود دارد و این امر تا حدی ناشی از الگوهای خاص ترک‌خوردگی سطحی است که نتیجه چه رویدادهایی می‌باشد؟,"['فوران\u200cهای آتشفشانی', 'حرکت\u200cهای تکتونیکی', 'برخوردهای سیارکی', 'پرتواشعه\u200cهای خورشیدی']",C,این ترک‌ها عمدتاً در اثر نیروهای کششی و فشاری روی پوسته یخی ایجاد می‌شوند که ناشی از جزر و مد گرانشی مشتری و حرکت صفحات یخی است.,B,0.6507759690284729,A,0.7676230072975159,False,False,False,False,[0.23847374 0.65077597 0.01055998 0.10019033],[0.767623   0.02976397 0.00852752 0.1940855 ]
1173,تمام منابع طبیعی روی زمین یا تجدیدپذیر هستند یا ناتجدیدپذیر. اینکه یک منبع تجدیدپذیر است یا ناتجدیدپذیر بستگی به سرعت یا کندی جایگزینی آن منبع دارد. اگر منبع سریع‌تر از آنچه که جایگزین می‌شود مصرف شود، در نهایت منبع ناپدید خواهد شد. کدام فعالیت استفاده از یک منبع طبیعی ناتجدیدپذیر را نشان می‌دهد؟,"['گروهی از افراد در یک رودخانه شنا می\u200cکنند.', 'یک گروه ساخت و ساز یک پل آهنی می\u200cسازد.', 'یک کشاورز سبزیجاتی را برای فروش در یک بازار محلی می\u200cکارد.', 'یک فرد با استفاده از برق تولید شده توسط یک نیروگاه برق آبی، یک کیک می\u200cپزد.']",B,آهن که در ساخت پل به کار می‌رود، منبعی است که تشکیل آن میلیون‌ها سال طول می‌کشد و با مصرف سریع پایان می‌پذیرد.,B,0.4351786971092224,B,0.9909993410110474,True,True,True,True,[0.26394922 0.4351787  0.00177848 0.29909366],[5.8070077e-03 9.9099934e-01 8.5461907e-05 3.1082674e-03]
1174,دانشمندان جمعیت‌های ماهی بزرگ دهان را در چندین مکان جغرافیایی مختلف مطالعه کردند. آن‌ها اطلاعاتی درباره اندازه، تعداد و وزن ماهی‌ها در هر جمعیت ثبت کردند. کدام یک از موارد زیر برای ثبت این داده‌ها مناسب‌تر است؟,"['نقشه', 'نمودار', 'جدول', 'گراف']",C,داده‌های عددی ساختاریافته مانند اندازه و وزن، به‌طور مؤثر در قالب منظم ثبت و مقایسه می‌شوند.,C,0.9548804759979248,C,0.858853280544281,True,True,True,False,[0.01549461 0.0175577  0.9548805  0.01206722],[0.00666069 0.13170943 0.8588533  0.00277659]
1175,یک آهنربای میله‌ای به سرعت به جلو و عقب در یک حلقه سیم مسی حرکت کرد. انتهای سیم به یک لامپ کوچک متصل شد. این دستگاه برای چه چیزی ایجاد شد؟,"['برای تولید جریان الکتریکی', 'برای افزایش قدرت آهنربا', 'برای گرم کردن سیم مسی', 'برای انتقال پروتون\u200cها به لامپ']",A,حرکت آهنربا در سیم، جریان الکتریکی تولید می‌کند و لامپ را روشن می‌نماید.,A,0.9995692372322083,A,0.9972549080848694,True,True,True,False,[9.9956924e-01 3.4010006e-04 3.1634234e-05 5.9100526e-05],[9.97254908e-01 2.48890370e-03 1.36094241e-04 1.20102755e-04]
1176,کدام یک از ویژگی‌های زیر بیشتر تحت تأثیر محیط قرار دارد؟,"['وزن بدن', 'رنگ چشم', 'گروه خونی', 'نابینایی رنگ']",A,عوامل محیطی مانند تغذیه و فعالیت بر این ویژگی تأثیر مستقیم دارند، برخلاف سایر موارد که عمدتاً ژنتیکی و ثابت هستند.,B,0.2929464876651764,B,0.4871416389942169,False,False,False,False,[0.1555827  0.2929465  0.25852436 0.2929465 ],[0.10869599 0.48714164 0.10869599 0.29546633]
1177,کدام یک از اقدامات زیر نیروی گرانش بین دو جرم m_{1} و m_{2} را بیشتر افزایش می‌دهد؟,"['نصف کردن جرم m_{1} و نصف کردن فاصله بین m_{1} و m_{2}.', 'نصف کردن جرم m_{1} و دو برابر کردن فاصله بین m_{1} و m_{2}.', 'دو برابر کردن جرم m_{1} و نصف کردن فاصله بین m_{1} و m_{2}.', 'دو برابر کردن جرم m_{1} و دو برابر کردن فاصله بین m_{1} و m_{2}.']",C,نیروی گرانش با جرم‌ها رابطه مستقیم و با مربع فاصله رابطه معکوس دارد. کاهش فاصله تأثیر بیشتری از افزایش جرم دارد و نیرو را بیشتر می‌کند.,A,0.33311891555786133,C,0.4420835077762604,False,True,True,True,[0.33311892 0.25943327 0.33311892 0.07432888],[0.3901373  0.12665905 0.4420835  0.04112018]
1178,محصولات در واکنش زیر چیست؟ HCl + NaOH ->,"['Na + Cl_{2}', 'NaCl + OH', 'NaOH + Cl', 'NaCl + H_{2}O']",D,این واکنش خنثی‌سازی، نمک و آب تولید می‌کند.,D,0.9776556491851807,D,0.9874008297920227,True,True,True,True,[1.8082112e-02 4.0346640e-03 2.2762020e-04 9.7765565e-01],[8.4225768e-03 3.9785439e-03 1.9808003e-04 9.8740083e-01]
1179,چرا بیشتر برگ‌های درختان جنگلی در بالای درخت رشد می‌کنند؟,"['برای پراکنده کردن دانه\u200cها', 'برای جذب نور خورشید', 'برای سایه انداختن بر روی تنه', 'برای جمع\u200cآوری آب']",B,برگ‌ها در بالا قرار می‌گیرند تا نور خورشید را برای فتوسنتز بهتر جذب کنند و در رقابت جنگلی برتری یابند.,A,0.6990680694580078,B,0.9911755323410034,False,True,True,True,[0.69906807 0.1764072  0.12124278 0.00328189],[7.5235059e-03 9.9117553e-01 1.0181959e-03 2.8274275e-04]
1180,اصطلاحات تعویض گاز، دیافراگم و استنشاق بیشتر به کدام سیستم در بدن انسان مرتبط است؟,"['گردش خون', 'گوارش', 'اخراجی', 'تنفسی']",D,این واژه‌ها به فرآیند تبادل هوا و گازها در بدن اشاره دارند که عملکرد اصلی دستگاه مربوطه است.,D,0.6948044896125793,A,0.6509305834770203,True,False,False,False,[0.2896376  0.0087463  0.00681162 0.6948045 ],[6.5093058e-01 1.8070294e-03 2.0274307e-04 3.4705967e-01]
1181,کدام یک از اندام‌های ماهی همان وظیفه را به عنوان ریه انسان دارد؟,"['کلیه', 'قلب', 'تنفس (خارجی)', 'پوست']",C,اندامی که در ماهی مسئول تبادل گازها با محیط است، مشابه عملکرد ریه در انسان می‌باشد.,B,0.5491011142730713,B,0.38820016384124756,False,False,False,False,[0.1399234  0.5491011  0.20200302 0.10897245],[0.07584628 0.38820016 0.30233058 0.23362297]
1182,دومینیک در حال مشاهده یک کلنی ولواکس و یک پارامسیوم زیر میکروسکوپ است. او در دفترچه یادداشت خود یادداشتی می‌نویسد که کلنی ولواکس و پارامسیوم به این دلیل که دارای بسیاری از آندازه‌های حرکتی هستند، مشابه هستند. دومینیک احتمالاً چه چیزی را در مورد حرکت کلنی ولواکس و پارامسیوم متوجه خواهد شد؟,"['هر دو با همان سرعت حرکت می\u200cکنند.', 'هر دو از نور دور می\u200cشوند.', 'هر دو در یک جهت حرکت می\u200cکنند.', 'هر دو به سمت یک منبع انرژی حرکت می\u200cکنند.']",D,هر دو موجود تک‌سلولی برای تأمین نیازهای خود به سمت منابع انرژی مانند نور یا غذا حرکت می‌کنند.,C,0.9039616584777832,D,0.9879177212715149,False,True,True,True,[0.07478367 0.01129064 0.90396166 0.00996396],[6.2532378e-03 9.5896510e-04 4.8700264e-03 9.8791772e-01]
1183,چرا تولید مثل جنسی باعث ایجاد تنوع ژنتیکی بیشتر نسبت به تولید مثل غیرجنسی می‌شود؟,"['ویژگی\u200cها از دو والد ترکیب می\u200cشوند.', 'ارگانیسم\u200cهای بیشتری به این روش تولید مثل می\u200cکنند.', 'نسل\u200cها در محیط\u200cهای مختلف رشد می\u200cکنند.', 'نسل\u200cها از والدین یکسان می\u200cآیند.']",A,ترکیب مواد ژنتیکی دو والد در این روش، نوترکیبی و تنوع بیشتری نسبت به تک‌والدی ایجاد می‌کند.,A,0.9948509335517883,A,0.9962133765220642,True,True,True,True,[0.99485093 0.00117055 0.00280801 0.00117055],[9.9621338e-01 9.2273473e-04 1.3425710e-03 1.5213323e-03]
1184,برخی از دانش‌آموزان در حال انجام آزمایش‌های سختی بر روی چندین ماده هستند. X، Y را خراش می‌دهد. Y، Z را خراش می‌دهد. Z، W را خراش می‌دهد. کدام‌یک از این بیانات بهترین توصیف از سختی ماده W است؟,"['W نرم\u200cترین ماده از میان چهار ماده آزمایش شده است.', 'W سخت\u200cترین ماده از میان چهار ماده آزمایش شده است.', 'W می\u200cتواند Y را خراش دهد.', 'W می\u200cتواند X را خراش دهد.']",A,از آنجا که هر ماده‌ای ماده بعدی را خراش می‌دهد، زنجیره‌ای از سختی ایجاد می‌شود که در آن هر کدام از قبلی سخت‌تر است. بنابراین، آخرین ماده نرم‌ترین خواهد بود.,B,0.7223660945892334,B,0.8326192498207092,False,False,False,False,[0.23543581 0.7223661  0.02500938 0.01718868],[0.16395245 0.83261925 0.00203186 0.00139648]
1185,دانشمندان به بررسی تولید محصولات در دره‌های کوهستانی پرداخته‌اند. در برخی مناطق، این دره‌ها از دیگری‌ها بیشتر تولید می‌کنند. افزایش کدام عامل به احتمال زیاد مسئول بالاتر بودن عملکرد در برخی مناطق دره‌های کوهستانی است؟,"['شسته شدن خاک', 'نرخ تبخیر', 'جاری شدن آب ناشی از باران', 'مقادیر نور خورشید']",C,انتقال مواد مغذی توسط رواناب باران، حاصلخیزی خاک را در این مناطق افزایش می‌دهد و منجر به عملکرد بهتر محصولات می‌شود.,A,0.48688846826553345,C,0.9783345460891724,False,True,True,True,[0.48688847 0.10949157 0.37918913 0.02443087],[2.0225525e-02 1.0069696e-03 9.7833455e-01 4.3309224e-04]
1186,نمک در آب اقیانوس از منابع زیر ناشی می‌شود به جز,"['زمین فرسوده.', 'یخ\u200cهای ذوب شده یخچالی.', 'انتشارهای آتشفشانی.', 'واکنش\u200cها بر روی کف دریا.']",B,یخ‌های ذوب‌شده آب شیرین هستند و سهم ناچیزی در شوری دریا دارند.,B,0.5241879224777222,B,0.9338878989219666,True,True,True,True,[0.24857795 0.5241879  0.03364136 0.1935927 ],[5.2276343e-02 9.3388790e-01 6.1819208e-04 1.3217529e-02]
1187,علت اصلی بارش باران چیست؟,"['زمین توسط خورشید گرم می\u200cشود.', 'کوه\u200cها هوای مرطوب را به سمت بالا هدایت می\u200cکنند.', 'آب وقتی خنک می\u200cشود، قطرات را تشکیل می\u200cدهد.', 'بیشتر زمین با آب پوشیده شده است.']",A,بخار آب در جو سرد شده و به قطرات تبدیل می‌شود که منجر به بارندگی می‌گردد.,B,0.8042324781417847,B,0.6080420017242432,False,False,False,False,[0.09642781 0.8042325  0.09642781 0.00291187],[0.13567251 0.608042   0.25346962 0.00281579]
1188,گیاهان باغ در زمین برای زنده ماندن به چهار منبع نیاز دارند: خاک، هوا، آب و نور خورشید. چه تعداد از این منابع برای وجود زندگی در ماه یا سیاره‌ای دیگر لازم است؟,"['۴', '۳', '۲', '۱']",A,آب، هوا و نور خورشید برای حیات ضروری هستند، اما خاک تنها محیط رشد است و حیات بدون آن ممکن است.,A,0.9462826251983643,B,0.9797475337982178,True,False,False,False,[0.9462826  0.04748214 0.00414894 0.00208622],[0.00854296 0.97974753 0.00968044 0.00202913]
1189,کدام یک برای دانشجویی که می‌خواهد پیچ‌های آلومینیومی را از پیچ‌های فولادی جدا کند، بیشتر مفید است؟,"['یک قیف بزرگ', 'یک فیلتر صفحه\u200cای', 'یک آهنربای هفت\u200cتیر', 'یک ذره\u200cبین']",C,فولاد خاصیت مغناطیسی دارد ولی آلومینیوم ندارد، بنابراین با استفاده از آهنربا می‌توان آن‌ها را به راحتی جدا کرد.,A,0.5652453899383545,C,0.971051037311554,False,True,True,True,[0.5652454  0.267003   0.02483515 0.14291641],[0.02557615 0.00209942 0.97105104 0.00127336]
1190,برخی از دانشمندان پیش‌بینی می‌کنند که با تغییر گازهای گلخانه‌ای بر آب‌وهوای زمین، تعداد و شدت طوفان‌های دریایی افزایش خواهد یافت. برای وقوع این امر، تغییر آب‌وهوایی باید بر زمین تأثیر بگذارد و,"['عمق اقیانوس\u200cها را تغییر دهد.', 'سرعت جریان\u200cها در اقیانوس\u200cها را تغییر دهد.', 'ترکیب شیمیایی اقیانوس\u200cها را تغییر دهد.', 'مقدار اکسیژن حل\u200cشده در اقیانوس\u200cها را تغییر دهد.']",B,طوفان‌ها از گرمای سطح دریا انرژی می‌گیرند و تغییر جریان‌ها این گرما را توزیع می‌کند.,B,0.7311369180679321,B,0.9305353760719299,True,True,True,True,[0.23829442 0.7311369  0.02492059 0.0056481 ],[6.7013942e-02 9.3053538e-01 1.9309764e-03 5.1971525e-04]
1191,در طول یک دوره طولانی، آب جاری در یک رودخانه بستر رودخانه را فرسایش می‌دهد. این فرسایش باعث می‌شود رودخانه,"['جاری نشود.', 'موج ایجاد کند.', 'سریع\u200cتر و پاک\u200cتر حرکت کند.', 'عمیق\u200cتر و وسیع\u200cتر شود.']",D,فرسایش مداوم توسط آب، بستر رود را عمیق‌تر و پهن‌تر می‌کند.,A,0.4374525249004364,D,0.9748923182487488,False,True,True,True,[0.43745252 0.0596671  0.34068838 0.16219199],[2.2615945e-02 2.3837029e-03 1.0805717e-04 9.7489232e-01]
1192,سوال: کدام یک بهتر توضیح می‌دهد که دانشمندان زمانی که از اصطلاح حفاظت استفاده می‌کنند به چه چیزی اشاره دارند؟,"['الف) اجزای غیرزنده محیط زیست', 'ب) موجودات زنده در محیط زیست', 'ج) سلامت موجودات زنده در محیط زیست', 'د) حفاظت، مدیریت و تجدید منابع']",D,این اصطلاح به مدیریت و احیای منابع طبیعی، شامل موجودات زنده و غیرزنده، برای پایداری اشاره دارد.,D,0.8127486705780029,D,0.920686662197113,True,True,True,True,[0.14013544 0.03543179 0.01168416 0.8127487 ],[0.05885753 0.0102279  0.0102279  0.92068666]
1193,کدام اشیاء در سامانه خورشیدی ما نور خود را ساطع می‌کنند؟,"['تنها خورشید', 'خورشید و ماه', 'خورشید، ماه و برخی سیارات', 'خورشید، ماه، برخی سیارات و دنباله\u200cدارها']",A,[MASK] منبع نور ذاتی دارد و سایر اجرام نور آن را بازتاب می‌دهند.,C,0.7086632251739502,C,0.6623504161834717,False,False,False,False,[0.13845813 0.09516078 0.7086632  0.05771793],[0.08963938 0.2150337  0.6623504  0.03297649]
1194,یک دانش‌آموز نمودارهای دو سلول متفاوت را بررسی کرد. یکی از سلول‌ها پروکاریوتی و دیگری یوکاریوتی بود. این دانش‌آموز باید چه کاری انجام دهد تا یک تفاوت عمده بین نمودارها را شناسایی کند؟,"['شکل\u200cهای دو سلول را مقایسه کند', 'بررسی کند که کدام نمودار هسته را نشان می\u200cدهد', 'بررسی کند که کدام نمودار سیتوپلاسم را نشان می\u200cدهد', 'تعداد واکوئل\u200cها در دو سلول را مقایسه کند']",B,سلول‌های پروکاریوتی هستهٔ واقعی ندارند و مادهٔ ژنتیکی آن‌ها در سیتوپلاسم پراکنده است، در حالی که یوکاریوتی‌ها هستهٔ غشادار دارند. بررسی این ویژگی تفاوت اصلی را مشخص می‌کند.,B,0.3361584544181824,C,0.8570864200592041,True,False,False,False,[0.29665878 0.33615845 0.03102428 0.33615845],[0.07910106 0.05436531 0.8570864  0.00944727]
1195,در کدام شرایط، یک سازگاری که زمان دگردیسی بچه‌ماهی را کوتاه می‌کند، مفیدتر خواهد بود؟,"['زمانی که بچه\u200cماهی\u200cها نیاز به شنا کردن فوراً دارند', 'زمانی که مقدار آب در محیط آنها محدود است', 'زمانی که تعداد شکارچیان کاهش می\u200cیابد', 'زمانی که بچه\u200cماهی\u200cها نیاز به مخلوط شدن با محیط اطراف خود دارند']",B,زیرا کاهش زمان تکامل به ماهی‌های جوان امکان حرکت سریع‌تر برای فرار از خطر یا یافتن غذا را فراهم می‌کند.,A,0.8887758851051331,A,0.7713353037834167,False,False,False,False,[0.8887759  0.03439434 0.02678634 0.05004347],[0.7713353  0.1965537  0.00863597 0.02347499]
1196,یک جسم 20 نیوتنی بر روی یک سطح قرار می‌گیرد و شروع به سرخوردن می‌کند. محتمل‌ترین دلیل حرکت جسم چیستی است؟,"['گرانش نیروی متعادل بر روی جسم اعمال می\u200cکند.', 'یک نیروی نامتعادل باعث شتاب می\u200cشود.', 'سایش بر روی جسم اعمال می\u200cشود.', 'نیروهای وارد بر جسم در تعادل هستند.']",B,طبق قانون اول نیوتن، حرکت ناشی از نیروی خالص است که شتاب ایجاد می‌کند.,B,0.9628396034240723,B,0.983991265296936,True,True,True,True,[2.5484003e-02 9.6283960e-01 1.0790606e-02 8.8574685e-04],[1.40358815e-02 9.83991265e-01 1.57478219e-03 3.98167322e-04]
1197,کدام یک از موارد در طبیعت کمترین زمان را برای تجزیه نیاز دارد؟,"['چمن برش خورده', 'فنجان های کاغذی', 'روزنامه ها', 'درختان بریده شده']",A,چمن به دلیل ساختار نرم و آلی، سریع‌تر توسط میکروارگانیسم‌ها تجزیه می‌شود و زمان کمتری نیاز دارد.,A,0.8485440611839294,A,0.5893380045890808,True,True,True,False,[0.84854406 0.13038285 0.01053655 0.01053655],[0.589338   0.35745156 0.0158285  0.03738193]
1198,کدام فرآیند در چرخه کربن بیشترین زمان را برای تکمیل نیاز دارد؟,"['انتشار زباله', 'تنفس در حیوانات', 'فتوسنتز در گیاهان', 'تشکیل سوخت های فسیلی']",D,تشکیل این مواد میلیون‌ها سال طول می‌کشد، در حالی که سایر فرآیندها در زمان کوتاه‌تری انجام می‌شوند.,D,0.9192970991134644,D,0.9919662475585938,True,True,True,True,[7.531326e-02 4.814616e-03 5.750239e-04 9.192971e-01],[6.7099761e-03 1.0290082e-03 2.9481578e-04 9.9196625e-01]
1199,برخی از موجودات دریایی که در عمق اقیانوس زندگی می‌کنند، می‌توانند نور خود را تولید کنند. نور تولیدی آن‌ها بیشتر برای کدامیک از این فعالیت‌ها استفاده می‌شود؟,"['حرکت در آب', 'تولید اکسیژن', 'جلب طعمه', 'فرار از شکارچیان']",C,برای جذب شکار در تاریکی اعماق دریا از نور استفاده می‌کنند.,A,0.5078872442245483,C,0.6690390110015869,False,True,True,True,[0.50788724 0.16618007 0.2117189  0.11421378],[0.31603163 0.0120639  0.669039   0.00286543]
1200,وقتی دمای یک نمونه آب ۲۵ لیتر برابر -۵ درجه سانتیگراد است، آب چیست؟,"['الف) گاز است.', 'ب) مایع است.', 'ج) جامد است.', 'د) بخار است.']",C,آب در دمای زیر صفر درجه منجمد می‌شود و جامد است.,B,0.8960768580436707,B,0.9759793877601624,False,False,False,False,[0.06491159 0.89607686 0.00371973 0.03529182],[0.01067406 0.9759794  0.00392677 0.00941982]
1201,توماس ادیسون احتمالاً لامپ برق را با استفاده از چه چیزی اختراع کرد؟,"['شمع\u200cهای روشن.', 'مدل\u200cهای اتمی.', 'نور بازتابی.', 'روش علمی.']",D,ادیسون با آزمایش‌های مکرر و روشمند، ماده مناسب را برای رشته لامپ یافت که منطبق بر اصول علمی است.,A,0.35516852140426636,D,0.8900325298309326,False,True,True,True,[0.35516852 0.01796126 0.3134351  0.3134351 ],[0.10588481 0.00185054 0.00223218 0.89003253]
1202,یک دانش آموز اثرات کود روی گیاهان ذرت را با انجام مراحل زیر بررسی می کند. 1. گروه‌های گیاهان ذرت را در همان نوع و مقدار خاک در نور کامل خورشید بکارید. 2. همان مقدار از مارک‌های مختلف کود را به هر گروه اضافه کنید. 3. گیاهان را به مدت 5 دقیقه هر روز آبیاری کنید. 4. ارتفاع گیاهان را هر روز اندازه‌گیری کنید. متغیر مستقل در این تحقیق چیست؟,"['نوع گیاه', 'ارتفاع گیاه', 'مقدار کود', 'نوع کود']",D,محقق تنها [MASK] را تغییر می‌دهد و سایر عوامل ثابت هستند تا تأثیر آن بر رشد گیاه بررسی شود.,C,0.9266993999481201,C,0.9397313594818115,False,False,False,False,[1.3296338e-02 4.1426002e-04 9.2669940e-01 5.9590053e-02],[2.3525713e-02 3.0554569e-04 9.3973136e-01 3.6437340e-02]
1203,دوره چرخش هر سیاره در منظومه شمسی ما متفاوت است. دوره چرخش زمین برابر است با,"['۲۴ ساعت', '۲۸ روز', '۱۳ هفته', '۱ سال']",A,دوره چرخش زمین به دور محورش حدود [MASK] است که چرخه روز و شب را ایجاد می‌کند.,A,0.9947828650474548,A,0.9824382662773132,True,True,True,False,[9.9478287e-01 1.5014492e-03 2.8050763e-03 9.1067492e-04],[0.98243827 0.00275947 0.01236707 0.00243522]
1204,تا اوایل قرن ۱۶۰۰، دانشمندان متوجه شدند که قاره‌ها به نظر می‌رسد مانند قطعات یک پازل به هم می‌خورند. ایده‌ای که قاره‌ها زمانی با هم بوده و جدا شده‌اند به‌طور گسترده‌ای پذیرفته نشده بود. در دهه ۱۹۴۰، فناوری استفاده‌شده در زیردریایی‌ها به شواهدی از حرکت قاره‌ها منجر شد. این فناوری به دانشمندان اجازه داد تا کدام یک از این‌ها را انجام دهند؟,"['مکانیسمی که باعث حرکت قاره\u200cها شده را توضیح دهند', 'شواهد یخچالی را به عنوان منسوخ در نظر بگیرند', 'نابودی دایناسورها را توضیح دهند', 'آن را غیرمحتمل بدانند که قاره\u200cها زمانی با هم بوده\u200cاند']",A,فناوری زیردریایی‌ها با کشف پدیده‌های اقیانوسی، مکانیسم جدایی قاره‌ها را نشان داد و چگونگی حرکت آن‌ها را توضیح داد.,A,0.9954560995101929,A,0.999077320098877,True,True,True,True,[9.9545610e-01 2.4686940e-03 3.7858653e-04 1.6967070e-03],[9.9907732e-01 3.2738928e-04 8.8115630e-05 5.0707045e-04]
1205,کدام یک از جملات زیر یک فرضیه علمی است؟,"['استفاده از نخ دندان به عنوان یک روش موثر برای بهبود سلامت دهان و دندان اثبات شده است.', 'بسیاری از بیماری\u200cهای عفونی، مانند بیماری لثه، ناشی از میکروارگانیسم\u200cها هستند.', 'به طور کلی، هر روشی که باکتری\u200cها را در دهان کاهش دهد، سلامت دهان و دندان را بهبود می\u200cبخشد.', 'فردی که روزانه از نخ دندان استفاده می\u200cکند، نسبت به کسی که هفته\u200cای یک بار از نخ دندان استفاده می\u200cکند، کمتر در معرض بیماری لثه قرار خواهد گرفت.']",D,این جمله رابطه‌ای بین دو متغیر را پیشنهاد می‌دهد که قابل آزمون است، برخلاف سایر موارد که حقایق ثابت یا تعمیم‌های کلی هستند.,A,0.5512818098068237,C,0.41588303446769714,False,False,False,False,[0.5512818  0.178975   0.22980845 0.03993472],[0.19644924 0.06377773 0.41588303 0.32389003]
1206,یک پرتاب کننده یک توپ بیسبال به وزن ۰.۱۵ کیلوگرم را با سرعت ۴۰ متر در ثانیه به سمت گیرنده پرتاب می‌کند. در حین حرکت با سرعت ۴۰ متر در ثانیه، اندازه‌势 حرکت توپ بیسبال چقدر است؟,"['۰.۰۲۵ کیلوگرم × متر/ثانیه', '۳.۸ کیلوگرم × متر/ثانیه', '۶.۰ کیلوگرم × متر/ثانیه', '۲۷۰ کیلوگرم × متر/ثانیه']",C,تکانه حاصل ضرب جرم در سرعت است که برابر با ۶ واحد می‌شود.,A,0.8353095054626465,A,0.7878425121307373,False,False,False,False,[0.8353095  0.11304685 0.02261079 0.02903283],[0.7878425  0.01141494 0.19919778 0.00154484]
1207,کدام عمل توضیح می‌دهد که چگونه جهش در یک سلول سوماتیک می‌تواند به یک ارگانیسم آسیب برساند؟,"['ایجاد یک آلل غالب', 'تأثیر بر تشکیل گامت', 'منجر به تومورها در بافت شود', 'به نسل\u200cهای آینده منتقل شود']",C,جهش در سلول‌های غیرجنسی باعث رشد غیرطبیعی سلول‌ها و آسیب به بافت‌های بدن می‌شود.,C,0.9905990958213806,C,0.9863921403884888,True,True,True,False,[7.5007961e-03 1.4769942e-03 9.9059910e-01 4.2316594e-04],[1.0915107e-02 2.1493118e-03 9.8639214e-01 5.4343115e-04]
1208,چه چیزی را می‌توان در یک شب صاف بدون استفاده از تلسکوپ مشاهده کرد؟,"['کهکشان راه شیری', 'ماه\u200cهای سیارات دیگر', 'سیارک\u200cها', 'پلوتو']",A,راه شیری به صورت نوار روشنی در آسمان تاریک با چشم غیرمسلح دیده می‌شود، در حالی که اجرام دیگر به دلیل فاصله زیاد یا کم‌نوری نیاز به ابزار دارند.,A,0.7692584991455078,A,0.9756893515586853,True,True,True,True,[0.7692585  0.06326803 0.04927319 0.11820025],[0.97568935 0.01806337 0.00168016 0.00456714]
1209,ساقه بخش مهمی از بسیاری از گیاهان است. کدام یک از گزینه‌های زیر بیشترین شباهت را به نقشی که ساقه گیاه ایفا می‌کند دارد؟,"['یک لنگر که قایق را در جای خود نگه می\u200cدارد', 'یک شرکت تنقلات که بارهای انرژی\u200cزا تولید می\u200cکند', 'یک تابلو رنگارنگ که مردم را به داخل فروشگاه جذب می\u200cکند', 'یک آسانسور که ملزومات را از یک طبقه به طبقه دیگر منتقل می\u200cکند']",D,ساقه مواد را بین قسمت‌های مختلف گیاه منتقل می‌کند، مشابه عملکرد یک وسیله جابه‌جایی عمودی.,A,0.6003825664520264,D,0.8876063823699951,False,True,True,True,[0.60038257 0.13501415 0.01236357 0.25223964],[0.10600947 0.00536102 0.00102317 0.8876064 ]
1210,دانش‌آموزان نمک را در یک شیشه آب می‌ریزند و فلفل را در یک شیشه آب دیگر می‌ریزند. کدام جمله به بهترین وجه دو شیشه را مقایسه می‌کند؟,"['فقط نمک و آب یک مخلوط است.', 'فقط فلفل و آب یک محلول است.', 'هر دو شیشه شامل محلول هستند.', 'هر دو شیشه شامل مخلوط هستند.']",D,هر دو ماده با آب ترکیب فیزیکی شده‌اند، نه شیمیایی، بنابراین هر دو مخلوط محسوب می‌شوند.,C,0.9093552827835083,D,0.9547508358955383,False,True,True,True,[0.03964336 0.04492181 0.9093553  0.00607951],[0.03687538 0.00186483 0.00650889 0.95475084]
1211,دانش‌آموزان در یک کلاس می‌خواهند ۲۰ قایق کاغذی برای یک مسابقه بسازند. دانش‌آموزان یک طراحی را انتخاب خواهند کرد و مواد لازم برای ساخت قایق‌ها را جمع‌آوری می‌کنند. بهترین راه برای اطمینان از اینکه قایق‌های کاغذی در آب وا نمی‌افتند و شناور می‌مانند کدام است؟,"['ساخت یک نمونه اولیه از قایق برای آزمایش', 'محاسبه کل جرم تمام قایق\u200cهای آماده شده', 'تعیین کل میزان وزنی که هر قایق می\u200cتواند حمل کند', 'آزمایش قدرت هر ماده\u200cای که برای ساخت قایق\u200cها استفاده می\u200cشود']",A,آزمایش نمونه اولیه در آب، عملکرد واقعی را نشان می‌دهد و مشکلات را قبل از تولید انبوه شناسایی می‌کند.,A,0.995753288269043,A,0.9995619654655457,True,True,True,True,[9.9575329e-01 3.1630804e-03 7.0577860e-04 3.7777607e-04],[9.9956197e-01 1.1770688e-04 2.3408807e-04 8.6116190e-05]
1212,یک دستگاه تشخیص مونوکسید کربن در خانه‌ها به منظور,"['آگاهی دادن به ساکنان درباره احتمال آتش سوزی.', 'هشدار دادن به ساکنان زمانی که گاز خطرناک وجود دارد.', 'گفتن به افراد که وقت بررسی دستگاه دودکش است.', 'اطلاع دادن به افراد در مورد افزایش دما در خانه.']",B,این دستگاه برای شناسایی گاز سمی و بی‌بو طراحی شده تا افراد را از خطر مسمومیت آگاه کند.,A,0.9512956738471985,B,0.9973710775375366,False,True,True,True,[9.5129567e-01 4.7594048e-02 5.2052503e-04 5.8983220e-04],[2.4577924e-03 9.9737108e-01 6.9722206e-05 1.0144521e-04]
1213,گازها به آسانی فشرده می‌شوند و قادرند تا ظرف‌های خود را پر کنند. این توصیفات از گازها نمونه‌هایی از,"['A) تغییرات حالت.', 'B) حالات ماده.', 'C) خواص ماده.', 'D) تغییرات خواص.']",C,این ویژگی‌ها مربوط به خصوصیات ذاتی مواد است که رفتار آن‌ها را توصیف می‌کنند.,A,0.9747893214225769,B,0.7795528173446655,False,False,False,False,[9.7478932e-01 2.3003338e-02 1.6663562e-03 5.4098666e-04],[1.9633338e-01 7.7955282e-01 2.3448680e-02 6.6518784e-04]
1214,آزمایش‌ها نشان می‌دهند که موش‌ها می‌توانند یاد بگیرند که برای به‌دست آوردن غذا، اهرمی را فشار دهند. این قابلیت یادگیری می‌تواند به موش‌ها در بقا در حیات وحش کمک کند و به آنها این امکان را می‌دهد که,"['بهترین محیط را برای سازگاری\u200cهای خود انتخاب کنند.', 'ژن\u200cهای رفتار مفید را به نسل\u200cهای بعدی خود منتقل کنند.', 'رفتار خود را بر اساس تجربیات گذشته تغییر دهند.', 'محیط خود را به شکل\u200cهای سودمند تغییر دهند.']",C,موش با دریافت پاداش پس از عمل، از تجربه یاد می‌گیرد و رفتارش را اصلاح می‌کند تا با شرایط جدید سازگار شود.,C,0.8980301022529602,C,0.9189385771751404,True,True,True,True,[0.09446699 0.00613417 0.8980301  0.00136872],[7.572630e-02 4.765967e-03 9.189386e-01 5.692136e-04]
1215,سنگ‌های رسوبی چگونه تشکیل می‌شوند؟,"['ماگما یا گدازه سرد می\u200cشود.', 'مواد به هم فشرده می\u200cشوند.', 'واکنش\u200cهای شیمیایی مواد معدنی را تغییر می\u200cدهند.', 'زلزله\u200cها باعث می\u200cشوند قطعات کوچک بیفتند.']",B,این سنگ‌ها از فشرده شدن و سیمان شدن ذرات در لایه‌های زیرین زمین تشکیل می‌شوند.,A,0.5903270244598389,B,0.9806699752807617,False,True,True,True,[0.590327   0.35805145 0.03773834 0.01388316],[1.7961597e-02 9.8066998e-01 1.2223020e-03 1.4598315e-04]
1216,کدام ساختارها برای هر دو نوع سلول گیاهی و جانوری مشترک هستند؟,"['واکیول، کلروپلاست، هسته', 'غشاء سلولی، هسته، میتوکندری', 'هسته، دیواره سلولی، غشاء سلولی', 'میItoکندری، باکیول، دیواره سلولی']",B,غشا، هسته و میتوکندری در هر دو سلول وجود دارند، برخلاف برخی اجزای اختصاصی که فقط در یک نوع یافت می‌شوند.,A,0.8635546565055847,B,0.9915094375610352,False,True,True,True,[0.86355466 0.11744146 0.01237824 0.00662559],[7.6296423e-03 9.9150944e-01 4.3043494e-04 4.3043494e-04]
1217,یک توپ فلزی صیقلی در یک روز آفتابی بسیار درخشان و روشن به نظر می‌رسد. چه چیزی باعث می‌شود توپ درخشان به نظر بیاید؟,"['توپ نور تولید می\u200cکند.', 'توپ نور را منعکس می\u200cکند.', 'توپ نور را جذب می\u200cکند و سپس آن را آزاد می\u200cکند.', 'توپ نور را جذب می\u200cکند و آن را درون خود نگه می\u200cدارد.']",B,سطح صاف فلزی نور خورشید را به شدت بازتاب می‌دهد و درخشندگی ایجاد می‌کند.,B,0.9441701173782349,B,0.9921571016311646,True,True,True,True,[5.3370569e-02 9.4417012e-01 6.6142052e-04 1.7979273e-03],[7.5752130e-03 9.9215710e-01 1.7815194e-04 8.9580411e-05]
1218,سوال: اتومبیل‌های برقی هزینه‌های بالایی دارند و ایستگاه‌های شارژ به راحتی در دسترس نیستند. بر خلاف اتومبیل‌هایی که با سوخت‌های فسیلی کار می‌کنند، اتومبیل‌های برقی هنگام رانندگی هیچ مونوکسید کربنی تولید نمی‌کنند. کدام یک از موارد زیر به بهترین نحو توضیح می‌دهد که چرا مردم تصمیم به استفاده از این فناوری می‌گیرند؟,"['فناوری یک پیشرفت علمی است.', 'اتومبیل\u200cهای برقی انرژی را در باتری\u200cها ذخیره می\u200cکنند.', 'این فناوری دوستدار محیط زیست است.', 'همه در حال خرید اتومبیل برقی هستند.']",C,مزیت اصلی این فناوری کاهش آلودگی هواست که با وجود معایب، انگیزه‌ای قوی برای پذیرش آن ایجاد می‌کند.,C,0.9564734697341919,C,0.9791340827941895,True,True,True,True,[4.2354114e-02 7.6371589e-04 9.5647347e-01 4.0878766e-04],[2.0242054e-02 5.9245067e-04 9.7913408e-01 3.1398733e-05]
1219,چرا یک میله پلاستیکی پس از مالیدن با یک تکه پش‌مو بار منفی پیدا می‌کند؟,"['پش\u200cمو پروتون\u200cها را به میله می\u200cدهد.', 'میله الکترون\u200cها را به هوا می\u200cدهد.', 'پش\u200cمو پروتون\u200cها را از میله می\u200cگیرد.', 'میله الکترون\u200cها را از پش\u200cمو می\u200cگیرد.']",D,انتقال الکترون از پشم به میله باعث بار منفی می‌شود.,A,0.6284646391868591,D,0.5391778945922852,False,True,True,True,[0.62846464 0.00700894 0.29802758 0.06649894],[0.32702792 0.03936425 0.09442993 0.5391779 ]
1220,لیزرها در جراحی برای,"['ایجاد برش\u200cهای دقیق.', 'روشن کردن میدان\u200cهای جراحی.', 'دوختن زخم\u200cها.', 'ضدعفونی کردن ابزارها.']",A,لیزرها به دلیل تمرکز انرژی بالا، برای برش دقیق بافت‌ها با حداقل آسیب به کار می‌روند که کاربرد اصلی آن‌هاست.,B,0.9007987380027771,A,0.9929119944572449,False,True,True,True,[0.0576424  0.90079874 0.00194184 0.039617  ],[9.9291199e-01 5.2563194e-03 3.2568685e-04 1.5059607e-03]
1221,بهترین توصیف تروپوسفر لایه‌ای از جو است که دارای,"['بیشترین اوزون است.', 'بیشترین چگالی است.', 'بیشترین ارتفاع است.', 'سردترین دما است.']",B,این لایه پایین‌ترین و متراکم‌ترین بخش جو است که بیشترین جرم را در خود جای داده است.,B,0.7953529953956604,B,0.9967898726463318,True,True,True,True,[0.17816183 0.795353   0.00256127 0.02392394],[2.7671591e-03 9.9678987e-01 1.4214200e-04 3.0091457e-04]
1222,دانش‌آموزان از انبرک و ذره‌بین برای بررسی یک تکه کپک روی نان استفاده می‌کنند. برای ایمنی در این تحقیق، آنها باید از چه چیزی استفاده کنند؟,"['نور روشن', 'عینک آفتابی', 'ماسک تنفسی', 'صفحات داغ']",C,هاگ‌های کپک می‌توانند مشکلات تنفسی ایجاد کنند، بنابراین محافظت از راه‌های هوایی ضروری است.,C,0.9580013751983643,C,0.9962224960327148,True,True,True,True,[0.01782272 0.02288483 0.9580014  0.00129107],[2.7548021e-03 7.8926404e-04 9.9622250e-01 2.3330600e-04]
1223,زمانی که آب بدن شما به شدت کم باشد، کلیه‌های شما هورمون ضد ادراری (ADH) ترشح می‌کنند. در پاسخ به ADH چه اتفاقی می‌افتد؟,"['شما تشنه می\u200cشوید و بیشتر ادرار می\u200cکنید.', 'شما تشنه می\u200cشوید و کمتر ادرار می\u200cکنید.', 'شما گرسنه می\u200cشوید و بیشتر عرق می\u200cکنید.', 'شما گرسنه می\u200cشوید و کمتر عرق می\u200cکنید.']",B,این هورمون بازجذب آب در کلیه‌ها را افزایش می‌دهد و مرکز تشنگی را فعال می‌کند، در نتیجه ادرار کاهش و تشنگی افزایش می‌یابد.,A,0.4968176484107971,B,0.9937194585800171,False,True,True,True,[0.49681765 0.49681765 0.0007587  0.00560606],[5.9902119e-03 9.9371946e-01 8.5445790e-05 2.0497378e-04]
1224,رابرت دو قطره از یک نشانگر به سرکه اضافه کرد و رنگ آن قرمز شد. سپس قطره‌هایی از محلول آمونیاک اضافه کرد تا رنگ ناپدید شود. چه فرآیندی اتفاق افتاد؟,"['زنگ زدن', 'ذوب شدن', 'تبخیر', 'خنثی\u200cسازی']",D,افزودن باز به اسید باعث تغییر رنگ نشانگر به بی‌رنگی می‌شود که مشخصه واکنش [MASK] است.,D,0.7025152444839478,D,0.9452909231185913,True,True,True,True,[2.9228052e-01 4.7613275e-03 4.4287241e-04 7.0251524e-01],[5.2914649e-02 1.4323340e-03 3.6215072e-04 9.4529092e-01]
1225,کرم‌های نواری در روده‌های سگ زندگی می‌کنند و مواد مغذی موجود در غذایی را که سگ می‌خورد جذب می‌کنند. کدام یک به بهترین وجه نتیجه این رابطه را توصیف می‌کند؟,"['سگ و کرم نواری هر دو بیمار می\u200cشوند.', 'سگ بیمار می\u200cشود و کرم نواری بهره\u200cمند می\u200cشود.', 'کرم نواری و سگ بهیکدیگر در بقا کمک می\u200cکنند.', 'کرم نواری به سگ در بقا کمک می\u200cکند.']",B,کرم نواری با تغذیه از مواد غذایی سگ، به آن آسیب می‌زند و خود سود می‌برد.,D,0.7564584016799927,D,0.9245923161506653,False,False,False,False,[0.02284306 0.00396953 0.21672897 0.7564584 ],[0.0244478  0.03613151 0.01482834 0.9245923 ]
1226,در برخی از پارک‌های ملی ایالات متحده، خرس‌های سیاه ترس خود را از انسان‌ها از دست داده‌اند و به دنبال غذا در نزدیکی کمپ‌ها در کنار جاده‌ها هستند. این مثال از یک حیوان چیست؟,"['هرمی شدن به یک گیاه\u200cخوار.', 'استفاده از ویژگی\u200cهای وراثتی خود.', 'پیدا کردن یک اکوسیستم جدید.', 'یادگیری یک رفتار جدید.']",D,خرس‌ها با تجربه و تعامل با محیط، رفتاری نو برای یافتن غذا آموخته‌اند.,B,0.4824340045452118,D,0.9584352970123291,False,True,True,True,[0.13821965 0.482434   0.00362632 0.37572   ],[3.2667994e-02 8.2597621e-03 6.3692447e-04 9.5843530e-01]
1227,کدام یک از موارد زیر هم بر روی زمین و هم بر روی ماه وجود دارد؟,"['تپه\u200cها', 'جو ضخیم', 'طوفان رعد و برق', 'اقیانوس\u200cها']",A,این پدیده در هر دو مکان دیده می‌شود، در حالی که سایر موارد تنها در زمین وجود دارند.,A,0.7648040652275085,C,0.5138425827026367,True,False,False,False,[0.76480407 0.05529412 0.15030499 0.02959681],[0.3531585  0.11555301 0.5138426  0.0174459 ]
1228,در گیاهان نخود، صفت دانه‌های گرد بر صفت دانه‌های چروکیده غالب است. اگر یک گیاه خالص غالب با دانه‌های گرد با یک گیاه با دانه‌های چروکیده تلاقی کند، چه چیزی می‌توان در مورد گیاهان نسل بعد پیش‌بینی کرد؟,"['آنها همیشه دانه\u200cهای گرد تولید خواهند کرد.', 'آنها فقط دانه\u200cهای چروکیده تولید خواهند کرد.', 'هر گیاه نسل بعد تعدادی دانه گرد و تعدادی دانه چروکیده خواهد داشت.', 'مگر اینکه گیاه با دانه\u200cهای چروکیده خالص مغلوب باشد، نمی\u200cتوان پیش\u200cبینی کرد.']",A,با توجه به غالبیت کامل، تمام فرزندان نسل اول ژنوتیپ ناهمگن دارند و فنوتیپ غالب را نشان می‌دهند.,D,0.9735686182975769,D,0.9830650091171265,False,False,False,False,[2.5793150e-02 5.0288637e-04 1.3535003e-04 9.7356862e-01],[1.5766112e-02 4.7609527e-04 6.9271453e-04 9.8306501e-01]
1229,یک دانش‌آموز قصد دارد نرخ تبخیر یک مایع فرّار را در دمای اتاق اندازه‌گیری کند. کدامیک از تجهیزات زیر برای این تحقیق بهترین گزینه است؟,"['ترازو', 'میکروسکوپ', 'چوب متر', 'کاغذ لیتموس']",A,برای سنجش نرخ تبخیر، باید کاهش تدریجی جرم را در بازه‌های زمانی مشخص اندازه گرفت. تنها وسیله‌ای که این تغییر را با دقت ثبت می‌کند، ابزار سنجش جرم است.,D,0.8607606291770935,A,0.9882688522338867,False,True,True,True,[0.09107859 0.04302248 0.0051383  0.8607606 ],[9.8826885e-01 3.9762123e-03 3.2638741e-04 7.4285432e-03]
1230,هنگامی که هوای سرد در بالای کوه‌ها قرار دارد، هوای,"['به سمت مناطق با فشار کمتر در دره\u200cها جریان خواهد یافت.', 'به سمت مناطق با فشار بیشتر در دره\u200cها جریان خواهد یافت.', 'کم\u200cچگال\u200cتر از هوای گرم\u200cتر در نظر گرفته می\u200cشود.', 'از اتم\u200cهای اکسیژن آزاد در نظر گرفته می\u200cشود.']",A,هوای سرد سنگین‌تر است و به دلیل چگالی بالاتر به سمت مناطق کم‌فشار دره‌ها حرکت می‌کند.,A,0.550043523311615,A,0.9855800867080688,True,True,True,True,[0.5500435  0.42837432 0.01465816 0.00692403],[9.8558009e-01 1.3894757e-02 2.6256981e-04 2.6256981e-04]
1231,کدام ماده، وقتی با آب مخلوط شود، بهترین هادی الکتریسیته را تولید خواهد کرد؟,"['نمک طعام', 'شکر دانه\u200cای', 'دی\u200cاکسید کربن', 'روغن موتور']",A,[MASK] در آب به یون‌های متحرک تجزیه می‌شود که بار الکتریکی را منتقل می‌کنند و رسانایی ایجاد می‌نمایند.,A,0.996740996837616,A,0.9965307116508484,True,True,True,False,[9.9674100e-01 7.9160510e-04 7.9160510e-04 1.6758279e-03],[9.9653071e-01 9.1227499e-04 3.6859242e-04 2.1884341e-03]
1232,پ plantsهای نیروگاهی با سوخت زغال‌سنگ به طور خاص برای تبدیل طراحی شده‌اند,"['الف) انرژی الکتریکی به انرژی حرارتی.', 'ب) انرژی شیمیایی به انرژی الکتریکی.', 'ج) انرژی الکتریکی به انرژی تابشی.', 'د) انرژی جنبشی به انرژی پتانسیل.']",B,زغال‌سنگ با سوختن انرژی شیمیایی را آزاد می‌کند که در نهایت به برق تبدیل می‌شود.,B,0.971489429473877,B,0.9131909608840942,True,True,True,False,[2.3116557e-02 9.7148943e-01 8.4202056e-04 4.5519201e-03],[8.5606180e-02 9.1319096e-01 2.8111468e-04 9.2173967e-04]
1233,چه اتفاقی می‌افتد زمانی که یک اتم یک الکترون جذب می‌کند؟,"['اتم یک پروتون از دست می\u200cدهد.', 'اتم الکترون\u200cهای اضافی را جذب می\u200cکند.', 'اتم در جرم اتمی افزایش می\u200cیابد.', 'اتم بار منفی پیدا می\u200cکند.']",D,افزایش الکترون با بار منفی، اتم را به یون منفی تبدیل می‌کند و بار کلی منفی می‌شود.,B,0.7620967030525208,B,0.6308917999267578,False,False,False,False,[0.13191624 0.7620967  0.08001125 0.02597585],[0.05219292 0.6308918  0.01890302 0.29801217]
1234,با کاهش سرعت جریانات، کدام عامل احتمالاً افزایش خواهد یافت؟,"['فرسایش بستر جویبار', 'رسوب مواد در جویبار', 'مقدار مواد حمل شده به پایین\u200cدست', 'اندازه ذرات حمل شده به پایین\u200cدست']",B,کاهش انرژی جریان باعث ته‌نشینی بیشتر ذرات در بستر می‌شود.,A,0.6047548055648804,B,0.7732487320899963,False,True,True,True,[0.6047548  0.3224399  0.04944776 0.02335747],[0.1732104  0.77324873 0.02344148 0.03009945]
1235,کدام جمله در مورد سنگ‌ها درست است؟,"['مواد معدنی از سنگ\u200cها ساخته شده\u200cاند.', 'بلورهای از سنگ\u200cها ساخته شده\u200cاند.', 'سنگ\u200cها از یک یا چند ماده معدنی تشکیل شده\u200cاند.', 'ماگما از سنگ جامد تشکیل شده است.']",C,سنگ‌ها از ترکیب مواد معدنی طبیعی تشکیل می‌شوند، نه برعکس، و ماگما مذاب است که پس از سرد شدن سنگ می‌شود.,C,0.9219374060630798,C,0.9925228953361511,True,True,True,True,[0.05859316 0.00912705 0.9219374  0.01034231],[6.7400183e-03 3.6854687e-04 9.9252290e-01 3.6854687e-04]
1236,هواپیما در یک خط مستقیم بین دو شهر که 840 کیلومتر از هم فاصله دارند پرواز می‌کند. اگر زمان پرواز هواپیما 4 ساعت باشد، سرعت متوسط آن چقدر است؟,"['84 کیلومتر در ساعت', '105 کیلومتر در ساعت', '180 کیلومتر در ساعت', '210 کیلومتر در ساعت']",D,سرعت متوسط با تقسیم مسافت بر زمان محاسبه می‌شود که برابر با ۲۱۰ است.,D,0.9034428596496582,D,0.9981200098991394,True,True,True,True,[0.04497977 0.03503028 0.01654713 0.90344286],[1.7543940e-03 9.8976139e-05 2.6639067e-05 9.9812001e-01]
1237,کدام‌یک از موارد زیر بهترین توضیح را در مورد اهمیت داشتن یک سیستم طبقه‌بندی استاندارد شده در تعیین ارتباط میان ارگانیسم‌ها ارائه می‌دهد؟,"['به کمک به دانشمندان در تلاش\u200cهای حفاظتی', 'برای تعیین زیستگاه\u200cهای جغرافیایی تمامی ارگانیسم\u200cها', 'برای داشتن یک تعریف ثابت برای تمامی دانشمندان', 'برای درک نقش ارگانیسم\u200cها در زنجیره غذایی']",C,زبان مشترک جهانی برای جلوگیری از سردرگمی و تسهیل ارتباط دقیق درباره موجودات زنده فراهم می‌کند.,B,0.5803543925285339,B,0.9533770084381104,False,False,False,False,[0.10164145 0.5803544  0.00736288 0.31064135],[0.01978671 0.953377   0.00441501 0.02242128]
1238,جیزل یک مدل می‌سازد، با استفاده از توپ‌های فومی، تا رویدادهای یک خورشیدگرفتگی را نشان دهد. برای بهترین نمایش این پدیده، مدل توپ فومی باید دارای کدام ویژگی باشد؟,"['توانایی چرخش вокруг توپ مرکزی', 'مغناطیس در هر توپ', 'نمایش اقیانوس\u200cها بر روی هر توپ', 'منبع انرژی حرارتی']",A,برای نمایش صحیح گرفتگی، مدل باید حرکت مداری و قرارگیری اجرام در مسیر نور را شبیه‌سازی کند که با چرخش امکان‌پذیر است.,A,0.9840898513793945,A,0.9997162222862244,True,True,True,True,[0.98408985 0.00840459 0.00509764 0.00240796],[9.9971622e-01 1.7924650e-04 6.1945924e-05 4.2574771e-05]
1239,استخراج سطحی نوعی از معدن‌کاری است که در سطح زمین انجام می‌شود. علاوه بر تأمین مواد معدنی ارزشمند برای صنعت، استخراج سطحی ممکن است همچنین,"['از زباله\u200cدان\u200cها جلوگیری کند.', 'سطح زمین را افزایش دهد.', 'آلودگی آب\u200cهای زیرزمینی را از بین ببرد.', 'مخزن\u200cها و دریاچه\u200cهای تفریحی ایجاد کند.']",D,حفره‌های ایجادشده پس از استخراج می‌توانند با آب پر شده و به عنوان منابع تفریحی و ذخیره آب مورد استفاده قرار گیرند.,A,0.5424134731292725,D,0.9593536853790283,False,True,True,True,[0.5424135  0.22523005 0.05694707 0.17540933],[0.02576642 0.00651477 0.00836513 0.9593537 ]
1240,طوفان‌های گردبادی در نواحی استوایی شکل می‌گیرند. دلیل این امر چیست؟,"['الف) گرم شدن خورشیدی در نزدیکی استوا بیشتر است.', 'ب) صفحه مداری ماه نزدیک به استوا است.', 'ج) فعالیت\u200cهای آتشفشانی زمین در اطراف استوا متمرکز است.', 'د) سرعت چرخش سطح زمین در استوا کمتر است.']",A,گرمای شدید خورشید در این مناطق تبخیر زیاد و سیستم‌های کم‌فشار ایجاد می‌کند که برای شکل‌گیری طوفان ضروری است.,A,0.872981071472168,A,0.6636989116668701,True,True,True,False,[0.8729811  0.09147397 0.00584774 0.02969725],[0.6636989  0.0612532  0.0612532  0.21379468]
1241,کدام عملکرد سیستم ایمنی توسط آنتی‌بادی‌ها انجام می‌شود؟,"['آنتی\u200cبادی\u200cها پروتئین\u200cهایی تولید می\u200cکنند که به ویروس مهاجم متصل می\u200cشوند.', 'آنتی\u200cبادی\u200cها به ویروس مهاجم به عنوان علامت هدف متصل می\u200cشوند.', 'آنتی\u200cبادی\u200cها ویروس مهاجم را به عنوان یک مکانیزم دفاعی بلعیده و از بین می\u200cبرند.', 'آنتی\u200cبادی\u200cها آنزیم\u200cهایی آزاد می\u200cکنند که ویروس مهاجم را تخریب می\u200cکنند.']",B,آنتی‌بادی‌ها با اتصال به عوامل بیماری‌زا، آن‌ها را برای تخریب توسط سایر سلول‌های ایمنی علامت‌گذاری می‌کنند.,B,0.9678407907485962,B,0.9958702921867371,True,True,True,True,[0.02922626 0.9678408  0.00164883 0.00128411],[3.5463599e-03 9.9587029e-01 2.7346591e-04 3.0987748e-04]
1242,اگر یک سلول عصبی از کار بیفتد، این سلول چه خواهد کرد؟,"['الف) شروع به تولید اکسیژن خواهد کرد.', 'ب) شروع به تقسیم به سلول\u200cهای بیشتر خواهد کرد.', 'ج) به نوع دیگری از سلول تبدیل خواهد شد.', 'د) ارسال سیگنال به مغز را متوقف خواهد کرد.']",D,سلول عصبی مسئول انتقال پیام است و با از کار افتادن، این عملکرد متوقف می‌شود.,D,0.49077802896499634,D,0.9568406939506531,True,True,True,True,[0.20458671 0.12408812 0.18054715 0.49077803],[0.03248649 0.00724872 0.00342405 0.9568407 ]
1243,کدام عنصر زیر در اکثر موجودات زنده به کمترین مقدار یافت می‌شود؟,"['آهن', 'کربن', 'نیتروژن', 'هیدروژن']",A,این عنصر برای عملکردهای خاص به مقدار بسیار کمی لازم است، در حالی که سایر عناصر به وفور در مولکول‌های زیستی وجود دارند.,D,0.37320175766944885,D,0.6858653426170349,False,False,False,False,[0.12116087 0.3293494  0.17628802 0.37320176],[0.06329895 0.19497451 0.05586113 0.68586534]
1244,کدام فرایند در چرخه آب، آب را به جو بازمی‌گرداند؟,"['تراکم', 'تبخیر', 'بارش', 'تعریق']",B,بازگشت آب به جو به‌صورت بخار با دریافت انرژی خورشید صورت می‌گیرد.,C,0.7005414366722107,B,0.9187217950820923,False,True,True,True,[0.08432396 0.2007085  0.70054144 0.01442613],[0.02477171 0.9187218  0.05162867 0.00487784]
1245,منبع مواد مغذی برای برخی از قارچ‌ها چیست؟,"['نور خورشید', 'اکسیژن', 'دی\u200cاکسید کربن', 'ارگانیزم\u200cهای مرده']",D,قارچ‌ها تجزیه‌کننده هستند و مواد مغذی را از تجزیه موجودات مرده به دست می‌آورند، نه از فتوسنتز.,D,0.5839990377426147,D,0.9560685157775879,True,True,True,True,[0.35421333 0.05432038 0.00746723 0.58399904],[0.03736155 0.00210779 0.0044622  0.9560685 ]
1246,کدام مرحله در تولید مثل غیرجنسی را انتظار دارید که در ولواکس وجود داشته باشد اما در آمیباها نباشد؟,"['تقسیم سلول\u200cها', 'تکثیر DNA', 'تشکیل صفحه سلولی', 'جداسازی کروماتیدها']",C,ولواکس به عنوان یک جلبک کلونی برای جداسازی سلول‌های جدید نیاز به تشکیل صفحه دارد، در حالی که آمیبا با تقسیم ساده سیتوپلاسم این مرحله را ندارد.,A,0.6535245776176453,C,0.980192244052887,False,True,True,True,[0.6535246  0.08810012 0.11312279 0.14525254],[1.8235562e-02 9.0789527e-04 9.8019224e-01 6.6423032e-04]
1247,کدام ویژگی را یک کودک از یکی یا هر دو والدین خود به ارث نخواهد برد؟,"['لک های صورت', 'مدل مو', 'رنگ چشم', 'چال']",B,ویژگی‌هایی مانند [MASK] و لک‌ها ارثی هستند، اما [MASK] تحت تأثیر عوامل محیطی و سبک زندگی قرار می‌گیرد و به طور قطعی به ارث نمی‌رسد.,A,0.5544857978820801,A,0.37569984793663025,False,False,False,False,[0.5544858  0.12469287 0.26192054 0.05890074],[0.37569985 0.22787347 0.13821225 0.25821447]
1248,کدام مجموعه از عناصر فقط شامل فلزات است؟,"['ید، آهن، نیکل', 'هلیوم، کربن، طلا', 'سدیم، کروم، مس', 'فسفر، نیتروژن، اکسیژن']",C,این مجموعه تنها شامل عناصری است که همگی در دسته فلزات قرار می‌گیرند.,C,0.9348580241203308,C,0.6946191191673279,True,True,True,False,[5.9588645e-02 4.8913336e-03 9.3485802e-01 6.6197000e-04],[0.28843144 0.01614556 0.6946191  0.00080384]
1249,بافت خاک با چه چیزی بهبود می‌یابد؟,"['لغزش آب.', 'فرسایش تپه\u200cهای شنی.', 'فشرده شدن لایه\u200cهای سنگی.', 'تجزیه\u200cی گیاهان و حیوانات.']",D,مواد آلی حاصل از پوسیدگی موجودات زنده، ساختار خاک را تقویت و حاصلخیزی آن را افزایش می‌دهد.,A,0.4648842215538025,D,0.48201459646224976,False,True,True,True,[0.46488422 0.3620522  0.11754114 0.05552251],[0.4253764  0.01868973 0.07391933 0.4820146 ]
1250,تغییر بسیار جزئی در گرانش در قله کوه وجود دارد. کدام ویژگی احتمالاً در قله کوه کمتر خواهد بود؟,"['الف) جرم', 'ب) وزن', 'ج) چگالی بدن', 'د) دمای بدن']",B,وزن به گرانش وابسته است و با کاهش آن در ارتفاع بالا، کمتر می‌شود.,A,0.29807472229003906,B,0.8660383224487305,False,True,True,True,[0.29807472 0.14080052 0.26305002 0.29807472],[0.05536398 0.8660383  0.01586205 0.06273561]
1251,کدام یک از این موارد به عنوان موانع حفاظتی در سواحل عمل می‌کنند و معمولاً هنگام برخورد با طوفان‌های شدید تخریب می‌شوند؟,"['فرسایش زمین entlang der Küste', 'تجمع تپه\u200cهای شنی در طول زمان در کنار سواحل', 'ساخت و ساز جدید ساختمان\u200cها در طول سواحل', 'تجمع مواد ارگانیک از دکل\u200cهای نفتی در کنار سواحل']",B,تپه‌های شنی به عنوان سد طبیعی عمل کرده و در برابر طوفان‌ها آسیب‌پذیر هستند.,A,0.7195670008659363,B,0.890596330165863,False,True,True,True,[0.719567   0.23452352 0.00547254 0.04043693],[0.10595188 0.89059633 0.00125293 0.00219896]
1252,بخشی از سواحل شرقی آمریکای جنوبی و سواحل غربی آفریقا دارای فسیل‌های مشابه در همان سری از لایه‌های سنگی هستند. این شواهد حاکی از آن است که این دو قاره در گذشته یکی بودند,"['از هم جدا شده توسط یک اقیانوس بسیار بزرگتر', 'به هم پیوسته به عنوان یک توده زمینی واحد', 'واقع در نزدیکی قطب شمال', 'در نیمکره\u200cای متفاوت']",B,فسیل‌های یکسان در لایه‌های سنگی مشابه نشان می‌دهد که این مناطق زمانی بخشی از یک خشکی واحد بوده‌اند.,B,0.8468134999275208,B,0.8784012198448181,True,True,True,True,[0.14773007 0.8468135  0.0009954  0.00446106],[1.1981106e-01 8.7840122e-01 1.0863147e-03 7.0137746e-04]
1253,پت مقداری نمک خوراکی را در آب حل می‌کند. او سپس یک قطره از آب را روی لام میکروسکوپ می‌گذارد و لامپ را روشن می‌کند. در حین تبخیر آب، پت مشاهدۀ تشکیل ساختارهای مکعبی کوچکی را می‌کند. چه فرآیندی را پت از طریق میکروسکوپ مشاهده می‌کند؟,"['پاک\u200cسازی یک ماده معدنی', 'رشد یک کریستال', 'تبدیل مایع به جامد', 'رسوب\u200cگذاری ذرات']",B,با تبخیر آب، یون‌های نمک به تدریج به هم متصل شده و ساختارهای منظم مکعبی تشکیل می‌دهند که نشان‌دهنده رشد بلور است.,B,0.9854208827018738,B,0.9954929351806641,True,True,True,True,[1.2587664e-02 9.8542088e-01 1.5033820e-03 4.8807671e-04],[2.6267255e-03 9.9549294e-01 1.6959416e-03 1.8442508e-04]
1254,کدام پرسش درباره لاله‌ها می‌تواند به بهترین شکل از طریق تحقیقات علمی پاسخ داده شود؟,"['آیا لاله\u200cها از سایر گل\u200cها بهترند؟', 'کدام ژن\u200cها رنگ گلبرگ لاله را تعیین می\u200cکنند؟', 'چرا مردم دوست دارند به لاله\u200cها نگاه کنند؟', 'کدام رنگ لاله\u200cها زیباترین است؟']",B,این پرسش بر اساس داده‌های عینی و قابل آزمایش علمی است، نه ترجیحات ذهنی یا ارزشی.,B,0.963551938533783,B,0.9693384170532227,True,True,True,True,[0.02895502 0.96355194 0.00398035 0.00351264],[0.02270778 0.9693384  0.00447143 0.00348235]
1255,یک مهندس در حال استفاده از کامپیوتر برای طراحی یک پل است. کدام آزمایش برای اهداف ایمنی از اهمیت بالاتری برخوردار است؟,"['حداکثر باری که پل می\u200cتواند تحمل کند', 'هزینه مواد استفاده شده برای ساخت پل', 'درصد موادی که می\u200cتوانند بازیافت شوند', 'سرعتی که پل می\u200cتواند ساخته شود']",A,آزمایش بار تحملی مستقیماً ایمنی سازه را ارزیابی کرده و از شکست آن جلوگیری می‌کند، در حالی که سایر عوامل تأثیر کمتری بر محافظت از جان افراد دارند.,A,0.9987383484840393,A,0.9998328685760498,True,True,True,True,[9.9873835e-01 7.1309821e-04 5.8534672e-05 4.9010478e-04],[9.9983287e-01 9.4605770e-05 1.8628980e-05 5.3904740e-05]
1256,سوال: چه ویژگی فیزیکی عناصری را که در سمت چپ جدول تناوبی عناصر قرار دارند از عناصری که در سمت راست آن هستند متمایز می کند؟,"['الف) تعداد پروتون\u200cها', 'ب) حالت ماده', 'ج) جرم اتمی', 'د) دما']",B,فلزات چپ تمایل به از دست دادن الکترون دارند، در حالی که غیرفلزات راست الکترون جذب می‌کنند که ناشی از تفاوت در تعداد پروتون‌ها و ساختار الکترونی است.,A,0.5124594569206238,A,0.86142498254776,False,False,False,False,[0.51245946 0.31082237 0.08835909 0.08835909],[0.861425   0.0379965  0.07098681 0.02959171]
1257,در سال 1903 ماری اندرسون اولین برف‌پاک‌کن را اختراع کرد. این اختراع چگونه احتمالاً به مردم کمک کرد؟,"['این به مردم کمک کرد تا مصرف بنزین کمتری داشته باشند.', 'این به جلوگیری از سرعت گرفتن بیش از حد مردم کمک کرد.', 'این باعث شد تا خرید خودرو برای مردم آسان\u200cتر شود.', 'این باعث شد تا رانندگی در هوای بد برای مردم ایمن\u200cتر باشد.']",D,این اختراع با پاک کردن شیشه، دید راننده را در شرایط بد آب و هوایی بهبود بخشید و ایمنی را افزایش داد.,D,0.6049549579620361,D,0.9449703693389893,True,True,True,True,[0.25316975 0.09241116 0.04946413 0.60495496],[0.0416816  0.01175684 0.00159111 0.94497037]
1258,خودروها زمانی به طور کامل به صورت دستی مونتاژ می‌شدند. اکنون ربات‌های صنعتی بخش‌های زیادی از خودرو را مونتاژ می‌کنند. یک اثر مثبت از استفاده از ربات‌ها چیست؟,"['مونتاژ زمان بیشتری می\u200cبرد.', 'نیاز به کارگران بیشتری برای مونتاژ است.', 'آسیب\u200cهای کمتری به کارگران وارد می\u200cشود.', 'اشتباهات بیشتری در حین مونتاژ رخ می\u200cدهد.']",C,ربات‌ها کارهای خطرناک را انجام می‌دهند و از آسیب دیدن افراد جلوگیری می‌کنند، که یک مزیت مهم است.,C,0.9495183229446411,C,0.9727140069007874,True,True,True,True,[0.04699755 0.0014192  0.9495183  0.00206493],[2.5720224e-02 1.3631220e-03 9.7271401e-01 2.0260998e-04]
1259,کدام تغییر در سطح زمین به طور مستقیم با چرخه آب مرتبط است؟,"['تجمع رسوبات', 'بلند شدن کوه', 'تشکیل خندق\u200cهای اقیانوسی', 'حرکت صفحات تکتونیکی']",A,چرخه آب با فرسایش و جابجایی مواد مرتبط است که منجر به انباشته شدن آنها می‌شود.,C,0.7860198020935059,A,0.9463792443275452,False,True,True,True,[0.19834915 0.01277949 0.7860198  0.00285149],[0.94637924 0.01538669 0.03257362 0.00566045]
1260,دو ترکیب در یک بشر که قطرات آب در خارج از پایین آن وجود دارد واکنش می‌دهند. قطرات آب یخ می‌زنند. کدام عبارت بهترین توصیف‌کننده این واکنش است؟,"['اندوترمیک زیرا انرژی جذب می\u200cشود.', 'اندوترمیک زیرا انرژی آزاد می\u200cشود.', 'برون\u200cگرمازی زیرا انرژی جذب می\u200cشود.', 'برون\u200cگرمازی زیرا انرژی آزاد می\u200cشود.']",A,یخ زدن آب نشان‌دهنده آزاد شدن انرژی از واکنش است که باعث خنک‌شدن موضعی می‌شود، اما همچنان واکنش برون‌گرماز محسوب می‌گردد.,B,0.558230459690094,D,0.7128258943557739,False,False,False,False,[0.23270507 0.55823046 0.00370301 0.20536152],[0.05204193 0.23142068 0.00371146 0.7128259 ]
1261,کدام یک از محصولات ساخته شده زیر را می‌توان با استفاده از نفت به عنوان مواد اولیه تولید کرد؟,"['بطری\u200cهای نوشابه پلاستیکی', 'قوطی\u200cهای آلومینیومی', 'فنجان\u200cهای چینی', 'قابلمه\u200cهای مسی']",A,نفت ماده اصلی تولید پلاستیک است، در حالی که سایر موارد از منابع معدنی به دست می‌آیند.,A,0.5743527412414551,A,0.9702264666557312,True,True,True,True,[0.57435274 0.23849241 0.09941843 0.08773646],[0.97022647 0.01986298 0.00828012 0.00163045]
1262,کدام گزینه به بهترین شکل سطح زمین را در طول میلیاردها سال توصیف می‌کند؟,"['سطح صاف به تدریج به سمت کوه\u200cهای بلندتر و بلندتر pushed می\u200cشود تا زمین با کوه\u200cها پوشانده شود.', 'کوه\u200cهای بلند به تدریج فرسوده می\u200cشوند تا بیشتر زمین در سطح دریا قرار گیرد.', 'کوه\u200cهای بلند به تدریج فرسوده می\u200cشوند در حالی که کوه\u200cهای جدید به طور مداوم شکل می\u200cگیرند، بارها و بارها.', 'کوه\u200cهای بلند و دشت\u200cهای صاف به مدت میلیاردها سال در کنار یکدیگر باقی می\u200cمانند بدون تغییر زیاد.']",C,فرسایش کوه‌های قدیمی و تشکیل مداوم کوه‌های جدید در چرخه‌ای پیوسته، سطح زمین را در طول زمان تغییر داده است.,B,0.6966538429260254,B,0.8330256938934326,False,False,False,False,[0.25528547 0.69665384 0.04436196 0.0036988 ],[2.2112835e-02 8.3302569e-01 1.4419380e-01 6.6774973e-04]
1263,یوشع به مطالعه‌ی موجودات زنده در یک اکوسیستم ساحلی پرداخت. تمام حیوانات در یک ساحل برای بقاء به چه چیزی نیاز دارند؟,"['ماسه', 'تولیدکنندگان', 'آب نمکین', 'صدف\u200cهای دریایی']",B,حیوانات برای زنده ماندن به انرژی نیاز دارند که از طریق زنجیره غذایی از موجودات تولیدکننده به دست می‌آید.,C,0.8303938508033752,B,0.9983221888542175,False,True,True,True,[0.03634272 0.12684855 0.83039385 0.00641487],[9.2288374e-04 9.9832219e-01 4.3593938e-04 3.1894006e-04]
1264,یک ستاره غول پیکر قرمز از ستاره‌های توالی اصلی به چه دلیل متفاوت است؟,"['در دمایی خنک\u200cتر می\u200cسوزد.', 'همیشه بزرگ\u200cتر از سایر خورشیدها است.', 'چگالی و گرانش بیشتری دارد.', 'هیدروژن را برای تولید هلیوم ادغام می\u200cکند.']",A,پس از اتمام هیدروژن در هسته، در لایه‌های بیرونی همجوشی ادامه می‌یابد و دمای سطح کاهش پیدا می‌کند.,C,0.6981465220451355,C,0.92540043592453,False,False,False,False,[0.17720996 0.0507715  0.6981465  0.0738721 ],[0.06703579 0.0037819  0.92540044 0.0037819 ]
1265,سلنیم چند الکترون ظرفیتی دارد؟,"['۳', '۵', '۶', '۸']",C,سلنیم در گروه شانزدهم جدول تناوبی قرار دارد که همه اعضای آن شش الکترون ظرفیتی دارند.,D,0.9421939253807068,C,0.9967742562294006,False,True,True,True,[0.04155913 0.00296386 0.0132831  0.9421939 ],[9.9050708e-04 7.1752096e-05 9.9677426e-01 2.1634665e-03]
1266,موجودات چندسلولی دارای چهار نوع اصلی بافت هستند که شامل بافت ماهیچه‌ای، پوششی، عصبی و پیوندی می‌باشد. کدام اندام عمدتاً از بافت عصبی تشکیل شده است؟,"['مغز', 'کبد', 'پوست', 'معده']",A,این اندام مرکز کنترل سیستم عصبی است و عمدتاً از نورون‌ها و سلول‌های پشتیبان تشکیل شده که جزء بافت عصبی محسوب می‌شوند.,A,0.9927041530609131,A,0.9996837377548218,True,True,True,True,[0.99270415 0.00214361 0.0040048  0.00114739],[9.9968374e-01 2.1109403e-04 6.8532194e-05 3.6682639e-05]
1267,سوالی: برندی از کود ادعا می کند که تمام مواد شیمیایی مورد نیاز یک گیاه برای رشد سریع را شامل می شود. می توان نتیجه گرفت که این کود تمام این مواد را به جز شامل می شود,"['پتاسیم.', 'فسفر.', 'کربوهیدرات ها.', 'ازت.']",C,گیاهان کربوهیدرات‌ها را خود از طریق فتوسنتز تولید می‌کنند و کودها تنها مواد معدنی ضروری را فراهم می‌کنند.,A,0.38070881366729736,C,0.9561290740966797,False,True,True,True,[0.3807088  0.157468   0.23091157 0.23091157],[0.03707315 0.00442776 0.9561291  0.00237001]
1268,برای تولید نور، اتم‌های داخل یک لامپ برق انرژی الکتریکی را به چه نوع دیگری از انرژی تبدیل می‌کنند؟,"['حرارت', 'شیمیایی', 'مکانییکی', 'الکترومغناطیسی']",D,انرژی الکتریکی با تحریک الکترون‌ها به نور تبدیل می‌شود که نوعی تابش [MASK] است.,D,0.7032641768455505,A,0.6501524448394775,True,False,False,False,[2.9373726e-01 2.8796990e-03 1.1885937e-04 7.0326418e-01],[6.5015244e-01 3.0462937e-03 1.5648043e-04 3.4664479e-01]
1269,یک فلات به احتمال زیاد چگونه تشکیل می‌شود؟,"['جریان آب از یک رودخانه.', 'فرسایش توسط امواج.', 'فرسایش بقایای سنگی.', 'تجمع لاواي سرد شده.']",D,فلات‌ها عمدتاً از انباشت و سرد شدن مواد مذاب آتشفشانی تشکیل می‌شوند که سطحی صاف و مرتفع ایجاد می‌کند.,A,0.660419225692749,D,0.9326467514038086,False,True,True,True,[0.6604192  0.1485152  0.04255032 0.1485152 ],[0.05180059 0.01155827 0.00399443 0.93264675]
1270,یک دانش آموز سرکه و جوش شیرین را برای استفاده در مدل آتشفشان مخلوط می‌کند. این مخلوط باعث می‌شود که مدل آتشفشان هنگام لمس کردن حس سردی کند. چه نوع تغییر انرژی رخ داده است؟,"['انرژی نوری به انرژی گرمایی تبدیل شده است', 'انرژی گرمایی به انرژی شیمیایی تبدیل شده است', 'انرژی شیمیایی به انرژی گرمایی تبدیل شده است', 'انرژی شیمیایی به انرژی نوری تبدیل شده است']",B,واکنش گرماگیر انرژی شیمیایی را به گرمایی تبدیل می‌کند و محیط را خنک می‌کند.,C,0.968732476234436,C,0.9529285430908203,False,False,False,False,[2.9367680e-02 1.2903259e-03 9.6873248e-01 6.0950674e-04],[4.2197138e-02 4.4475454e-03 9.5292854e-01 4.2681801e-04]
1271,چرا کفپوشی که با کاشی پوشیده شده نسبت به کفپوشی که با قالی پوشیده شده سردتر احساس می‌شود؟,"['Kafposhi ke ba kashi pushide shode sarder az kafposhi ke ba ghali pushide shode.', 'Kafposhi ke ba kashi pushide shode behtar az ghali garmaye ra motajer rehbar mikonad.', 'Qalib behtar az kafposhi ke ba kashi pushide shode garmaye ra motajer rehbar mikonad.', ""Kafposhi ke ba kashi pushide shode behtar az ghali mo'alli shode ast.""]",B,کاشی گرما را سریع‌تر از فرش انتقال می‌دهد و باعث احساس سرما می‌شود، در حالی که فرش عایق بهتری است.,A,0.9526973962783813,A,0.8896179795265198,False,False,False,False,[0.9526974  0.0154441  0.01202788 0.01983062],[0.889618   0.04403271 0.0498956  0.01645382]
1272,ویژگی‌های تطبیقی که به دلفین‌ها کمک می‌کند تا در زندگی اقیانوس بقا یابند شامل تمامی موارد زیر به جز,"['پوست نرم و لطیف آن\u200cها.', 'شنا کردن بسیار سریع.', 'شکل بدن آن\u200cها.', 'تنهایی سفر کردن.']",D,ویژگی‌های فیزیکی مانند پوست، شکل بدن و سرعت شنا به بقا کمک می‌کنند، اما سفر تنها یک رفتار اجتماعی است و نه یک سازگاری زیستی.,D,0.4106576442718506,D,0.9732913374900818,True,True,True,True,[0.24907646 0.3198205  0.02044544 0.41065764],[2.3204710e-02 3.1404160e-03 3.6352954e-04 9.7329134e-01]
1273,پایه مکمل به سیتوزین در DNA چیست؟,"['اوراچیل', 'تیمین', 'گوانین', 'آدنین']",C,سیتوزین در DNA تنها با [MASK] جفت می‌شود.,C,0.9171249270439148,C,0.7570924162864685,True,True,True,False,[0.05862983 0.01136591 0.9171249  0.01287927],[0.11520036 0.03798904 0.7570924  0.08971813]
1274,یک تغییر شیمیایی زمانی رخ می‌دهد که,"['شیشه به تکه\u200cها شکسته شود.', 'خمیر در فر پخته شود.', 'بستنی به مایع تبدیل شود.', 'الکتریسیته از طریق یک سیم عبور کند.']",B,تغییر شیمیایی با تشکیل مواد جدید و دگرگونی ساختار مولکولی همراه است، مانند پختن که واکنش‌های برگشت‌ناپذیر ایجاد می‌کند.,B,0.7175443172454834,B,0.7105737328529358,True,True,True,False,[0.05913015 0.7175443  0.20638451 0.01694107],[0.07431109 0.71057373 0.20199849 0.01311669]
1275,کدام سیستم بدنی از ضربه به مغز محافظت می‌کند؟,"['الف) سیستم گردش خون', 'ب) سیستم عصبی', 'پ) سیستم اسکلتی', 'ت) سیستم گوارش']",C,جمجمه به عنوان بخشی از این سیستم، با ساختار استخوانی خود از مغز در برابر ضربه محافظت می‌کند.,B,0.5408530235290527,C,0.9271565079689026,False,True,True,True,[0.03027539 0.540853   0.42121676 0.00765482],[0.00453493 0.06664032 0.9271565  0.00166831]
1276,کدام یک تغییر شیمیایی را نشان می‌دهد؟,"['شکستن شیشه', 'زنگ زدگی سطل زباله', 'حل شدن شکر در آب', 'تبخیر آب از پیاده\u200cرو']",B,این فرآیند باعث تشکیل ماده جدید با خواص متفاوت می‌شود و برگشت‌ناپذیر است، برخلاف تغییرات فیزیکی دیگر.,B,0.5161851644515991,C,0.9608701467514038,True,False,False,False,[0.06985807 0.51618516 0.4020054  0.01195131],[0.02520933 0.01050881 0.96087015 0.00341171]
1277,کدامیک از گزینه‌های زیر بهترین روش برای حفظ منابع طبیعی مورد استفاده در ساخت تلویزیون است؟,"['تلویزیون خراب خود را تعمیر کنید', 'تلویزیونی که در حراج است خریداری کنید', 'تلویزیون\u200cهای قدیمی را در سطل زباله بیندازید', 'یک تلویزیون جدید به مدرسه\u200cتان اهدا کنید']",A,تعمیر دستگاه موجود، نیاز به تولید جدید را کاهش داده و از مصرف منابع جلوگیری می‌کند.,C,0.6509631276130676,A,0.9045295715332031,False,True,True,True,[0.16588014 0.11400764 0.6509631  0.06914913],[0.9045296  0.04433569 0.04433569 0.0067991 ]
1278,اگر هر یک از این چیزها را دور بیندازید، کدام یک سریع‌تر تجزیه می‌شود؟,"['یک بطری شیشه\u200cای', 'یک قوطی فلزی', 'یک بطری پلاستیکی', 'هسته سیب']",D,مواد طبیعی آلی سریع‌تر توسط میکروارگانیسم‌ها تجزیه می‌شوند در مقایسه با مواد مصنوعی بادوام.,A,0.4518386721611023,C,0.836976945400238,False,False,False,False,[0.45183867 0.06067384 0.27405402 0.21343347],[0.14544478 0.01193883 0.83697695 0.00563951]
1279,دریاچه‌ای که پساب زمین‌های کشاورزی اطراف را دریافت می‌کرد، دارای جمعیتی سالم از ماهی‌ها بود. چند سال پیش، نوع جدیدی از آفت‌کش برای درمان محصولات استفاده شد. زمانی که پساب به دریاچه وارد شد، حشره‌ای که منبع غذایی اصلی ماهی‌ها بود را کشت. اگر کشاورزان منطقه استفاده از آفت‌کش را متوقف کنند، چه چیزی احتمالا رخ خواهد داد؟,"['جمعیت ماهی\u200cها افزایش خواهد یافت.', 'حشرات به آفت\u200cکش مقاوم\u200cتر خواهند شد.', 'دریاچه قادر به پشتیبانی از حیات نخواهد بود.', 'ماهی\u200cها منبع غذایی دیگری پیدا خواهند کرد.']",A,با قطع آفت‌کش، سموم ورودی متوقف شده و جمعیت حشرات بازیابی می‌شود، که منجر به تغذیه بهتر و رشد ماهی‌ها خواهد شد.,C,0.7497156858444214,A,0.9931761622428894,False,True,True,True,[0.21395972 0.03281179 0.7497157  0.0035128 ],[9.9317616e-01 1.9210294e-03 4.6083098e-03 2.9459939e-04]
1280,دانشمندان نتایج تحقیقات خود را برای بررسی به دیگران ارائه می‌دهند زیرا,"['مردم نیاز دارند که از فرآیند علمی مطلع شوند.', 'داده\u200cها اغلب از بیش از یک توضیح حمایت می\u200cکند.', 'این کار از تکرار تحقیقات دیگر دانشمندان جلوگیری می\u200cکند.', 'این کار تضمین می\u200cکند که پژوهشگران اعتبار دریافت کنند.']",B,برای جلوگیری از انجام مطالعات تکراری و صرفه‌جویی در منابع، نتایج ارائه می‌شوند.,B,0.7859190702438354,C,0.9677913188934326,True,False,False,False,[0.19832373 0.7859191  0.00150244 0.01425472],[2.9339148e-02 2.6866572e-03 9.6779132e-01 1.8282932e-04]
1281,کدام منبع انرژی جایگزین از گیاهان تولید می‌شود؟,"['سوخت زیستی', 'برق آبی', 'گرمای زمین', 'تابش خورشیدی']",A,این سوخت مستقیماً از زیست‌توده گیاهی به دست می‌آید، برخلاف سایر منابع که وابسته به گیاهان نیستند.,A,0.7447794675827026,A,0.5854126214981079,True,True,True,False,[0.74477947 0.0541628  0.01348219 0.18757558],[0.5854126  0.05445186 0.00506481 0.3550707 ]
1282,کدام بخش از اتم کمترین جرم را دارد؟,"['الف) الکترون', 'ب) هسته', 'ج) نوترون', 'د) پروتون']",A,کوچکترین ذره زیراتمی با جرم بسیار ناچیز در مقایسه با سایر اجزای سنگین‌تر است.,A,0.49618518352508545,B,0.4887903928756714,True,False,False,False,[0.49618518 0.4378819  0.00713321 0.0587997 ],[0.431356   0.4887904  0.02147595 0.05837769]
1283,دو منبع در زیست بوم‌های زمینی که اکثر مهره‌داران (حیوانات دارای ستون فقرات) برای آن رقابت می‌کنند، چیست؟,"['نور خورشید و خاک', 'اکسیژن و دی\u200cاکسید کربن', 'غذا و مناطق لانه\u200cسازی', 'خاک و آب نمک']",C,مهره‌داران برای بقا و تولیدمثل به منابعی نیاز دارند که مستقیماً بر موفقیت فردی و بقای نسل تأثیر می‌گذارند و رقابت‌برانگیز هستند.,A,0.7569226622581482,C,0.8626942038536072,False,True,True,True,[0.75692266 0.04810575 0.16922246 0.02574915],[0.11629779 0.00855725 0.8626942  0.01245073]
1284,کدام یک از این وعده‌های غذایی بیشترین مواد مغذی مورد نیاز شما را تأمین می‌کند؟,"['گوشت، شیر و تکه\u200cای شکلات', 'نان، سبزیجات و ماهی', 'سبزیجات، میوه\u200cها و آب', 'گوشت، ماهی و نان']",B,ترکیبی از کربوهیدرات، ویتامین‌ها، پروتئین و چربی‌های سالم را فراهم می‌کند و نیازهای غذایی را به طور متعادل برآورده می‌سازد.,B,0.5732746124267578,B,0.8040763139724731,True,True,True,True,[0.12791486 0.5732746  0.21089596 0.08791451],[0.05180604 0.8040763  0.05870393 0.08541371]
1285,سوال: دستهٔ یک تابهٔ سرخ‌کردنی معمولاً با لاستیک پوشش داده می‌شود زیرا لاستیک فراهم می‌کند,"['الف) عایق حرارتی.', 'ب) هدایت الکتریکی.', 'ج) نقطه ذوب پایین.', 'د) سطح نچسب.']",A,لاستیک گرما را انتقال نمی‌دهد و از سوختن دست جلوگیری می‌کند.,A,0.7018893361091614,A,0.9311323761940002,True,True,True,True,[0.70188934 0.02119522 0.01870472 0.25821066],[0.9311324  0.0168556  0.00547221 0.04653979]
1286,یک خودرو در یک خیابان هموار در حال حرکت است. چه چیزی می‌تواند باعث توقف حرکت خودرو شود؟,"['نیرویی که به سمت بالا فشار می\u200cآورد', 'نیرویی که به سمت پایین فشار می\u200cآورد', 'نیرویی که در همان جهتی که خودرو در حال حرکت است فشار می\u200cآورد', 'نیرویی که خلاف جهت حرکت خودرو فشار می\u200cآورد']",D,طبق قانون اول نیوتن، توقف خودرو مستلزم اعمال نیرویی در جهت مخالف حرکت برای ایجاد شتاب منفی است.,D,0.702840268611908,D,0.8776365518569946,True,True,True,True,[0.22817883 0.04493107 0.02404987 0.70284027],[0.08163292 0.03402966 0.00670084 0.87763655]
1287,کدام یک از این معادلات شیمیایی قانون بقای جرم را در مورد احتراق اتان نشان می‌دهد؟,"['C_{2}H_{6} + 3O_{2} -> 2CO_{2} + 3H_{2}O', 'C_{2}H_{6} + 5O_{2} -> 2CO_{2} + 3H_{2}O', '2C_{2}H_{6} + 5O_{2} -> 4CO_{2} + 4H_{2}O', '2C_{2}H_{6} + 7O_{2} -> 4CO_{2} + 6H_{2}O']",D,تعداد اتم‌های هر عنصر در دو طرف واکنش برابر است و این قانون بقای جرم را رعایت می‌کند.,A,0.408433735370636,A,0.4652273952960968,False,False,False,False,[0.40843374 0.0631266  0.28071213 0.24772759],[0.4652274  0.09160871 0.36231947 0.0808444 ]
1288,انرژی تابشی که از خورشید به زمین می‌رسد، چیست؟,"['تنها یک طول\u200cموج که ما آن را به\u200cعنوان زرد می\u200cبینیم.', 'یک باند باریک از طول\u200cموج\u200cها که کاملاً نور مرئی است.', 'عمدتاً طول\u200cموج\u200cهای بلند که به انرژی حرارتی تبدیل می\u200cشوند.', 'مجموعه\u200cای از بسیاری از طول\u200cموج\u200cها از بلند تا بسیار کوتاه.']",D,انرژی خورشیدی شامل طیف وسیعی از امواج با طول‌موج‌های متفاوت است، نه فقط نور مرئی.,C,0.9421297311782837,D,0.6650855541229248,False,True,True,True,[0.03236408 0.00818292 0.94212973 0.01732325],[0.04817864 0.00948694 0.2772489  0.66508555]
1289,کدام یک از ریسک‌های محیط زیستی با دفع روغن موتور استفاده شده از خودروها مرتبط نیست؟,"['این روغن حل نمی\u200cشود و تمیز کردن آن دشوار است.', 'این روغن در آب حل می\u200cشود و باعث باران اسیدی می\u200cشود.', 'این روغن وارد زهکش\u200cهای بارانی می\u200cشود و آب\u200cهای سطحی را آلوده می\u200cکند.', 'این روغن بر روی زمین نشت می\u200cکند و خاک و آب\u200cهای زیرزمینی را آلوده می\u200cسازد.']",B,باران اسیدی ناشی از گازهای صنعتی است، نه روغن‌های نامحلول در آب.,B,0.6266604065895081,B,0.8624851107597351,True,True,True,True,[0.15844457 0.6266604  0.03535376 0.17954122],[0.13226639 0.8624851  0.00213789 0.00311061]
1290,پزشک بیمار را معاینه می‌کند که علائم خستگی و تب را نشان می‌دهد. معاینه برای کدام بیماری احتمالاً منبع این بیماری را فاش خواهد کرد؟,"['عدم تعادل تغذیه\u200cای', 'استخوان شکسته', 'تولید غیرطبیعی سلولی', 'باکتری\u200cهای خارجی']",D,خستگی و تب نشانه عفونت هستند که اغلب توسط عوامل خارجی ایجاد می‌شوند و معاینه می‌تواند آن را تشخیص دهد.,A,0.6897904872894287,D,0.9221274256706238,False,True,True,True,[0.6897905  0.07298794 0.08270616 0.15451546],[0.06666835 0.00490549 0.00629878 0.9221274 ]
1291,کدام‌یک از حیوانات زیر برای طولانی‌ترین دوره زمانی در زمین بوده‌اند؟,"['انسان\u200cها', 'پرندگان', 'ماهی\u200cها', 'خزندگان']",C,این گروه جانوری از دوران دایناسورها تاکنون با بیش از ۲۰۰ میلیون سال حضور پیوسته روی زمین زندگی کرده‌اند.,A,0.9528619647026062,A,0.8660363554954529,False,False,False,False,[0.95286196 0.01195967 0.00266856 0.03250976],[0.86603636 0.01564662 0.00088272 0.11743441]
1292,برم (Br) در دمای اتاق مایع است. اکسیژن (O) در دمای اتاق گاز است. دمای اتاق ۲۵ درجه سانتی‌گراد است. کدام یک از بیانیه‌های زیر صحیح است؟,"['نقطه جوش اکسیژن از دمای اتاق سردتر است.', 'نقطه جوش برم از دمای اتاق سردتر است.', 'نقطه ذوب اکسیژن از دمای اتاق گرمتر است.', 'نقطه ذوب برم از دمای اتاق گرمتر است.']",A,اکسیژن در دمای اتاق گاز است، پس نقطه جوش آن باید کمتر از این دما باشد.,A,0.6577405333518982,A,0.9613026976585388,True,True,True,True,[0.65774053 0.18844582 0.0253049  0.12850888],[0.9613027  0.02576839 0.00566057 0.00726831]
1293,برخی درختان، مانند درخت سرخس، ممکن است توسط یک نوع قارچ که به برگ‌های آن‌ها آسیب می‌زند، ساکن شوند. کدام یک از گزینه‌های زیر بهترین توصیف را از رابطه بین درخت و قارچ ارائه می‌دهد؟,"['انداختن', 'سپرگی', 'همزیستی', 'همزیستی غیرمفید']",A,قارچ به درخت آسیب می‌زند بدون اینکه خود سود ببرد یا ضرر کند، که مطابق با [MASK] غیرمفید است.,C,0.9481992721557617,D,0.5443920493125916,False,False,False,False,[0.03683756 0.00931399 0.9481993  0.00564922],[0.09386496 0.13657272 0.22517033 0.54439205]
1294,نقطه ذوب یک ترکیب توسط سه دانشمند مختلف اندازه‌گیری شد. نمایش داده‌های یکسان توسط دانشمندان به شکل‌های مختلف قابل قبول است زیرا,"['روش\u200cهای متعددی برای سازماندهی داده\u200cها قابل قبول است.', 'داده\u200cهای نقطه ذوب ناسازگار است.', 'دانشمندان داده\u200cها را در مناطق مختلف جمع\u200cآوری کردند.', 'داده\u200cها با ابزارهای مختلف اندازه\u200cگیری شده است.']",A,چون شیوه‌های متفاوتی برای ارائه اطلاعات وجود دارد که هر کدام معتبر است.,A,0.6106031537055969,A,0.9528249502182007,True,True,True,True,[0.61060315 0.32683232 0.00532419 0.05724039],[9.5282495e-01 2.8885433e-02 7.6977070e-04 1.7519902e-02]
1295,منیزیم برومید یکی از ترکیبات فراوانی است که در آب دریا یافت می‌شود. کدامیک از فرمول‌های زیر به درستی منیزیم برومید را نمایش می‌دهد؟,"['MgBr', 'MgBr_{2}', 'Mg_{2}Br', 'Mg_{3}Br_{2}']",B,منیزیم دو ظرفیتی و برومید تک ظرفیتی است، پس برای خنثی بودن نیاز به دو برومید دارد.,A,0.49305957555770874,B,0.9434501528739929,False,True,True,True,[0.49305958 0.49305958 0.00074129 0.01313959],[5.3643271e-02 9.4345015e-01 2.7712988e-04 2.6293350e-03]
1296,زمزمهٔ آغازین پلنگ نشان می‌دهد که او,"['ناخرسند است.', 'مات و متحیر است.', 'مطمئن است.', 'سخاوتمند است.']",C,این صدا در حیوانات نشانه نارضایتی یا هشدار است.,B,0.7877929210662842,A,0.8418754935264587,False,False,False,False,[0.19840868 0.7877929  0.00251719 0.01128124],[0.8418755  0.14658204 0.00435777 0.00718475]
1297,بهترین مثال از شیء که نور را شکست می‌دهد کدام است؟,"['عینک', 'آینه\u200cها', 'کاسه نقره\u200cای', 'دستگاه\u200cهای تلویزیون']",A,عدسی [MASK] با تغییر مسیر نور هنگام عبور از محیط شفاف، شکست ایجاد می‌کند و بینایی را اصلاح می‌نماید.,A,0.5013259649276733,A,0.5178197622299194,True,True,True,True,[0.50132596 0.05304617 0.4406938  0.00493406],[0.51781976 0.11554121 0.35589197 0.01074701]
1298,برگ‌ها از درختان برگریز بر روی زمین جنگل می‌ریزند. این برگ‌ها به آرامی تجزیه می‌شوند و بخشی از خاک سطحی می‌گردند. کدام تغییر به احتمال زیاد تأثیر مثبتی بر مواد مغذی موجود در خاک سطحی خواهد داشت؟,"['کاهش دما', 'کاهش تنوع زیستی', 'افزایش تعداد شکارچیان', 'افزایش تعداد تجزیه\u200cکنندگان']",D,افزایش موجوداتی که مواد آلی را تجزیه می‌کنند، سرعت آزادسازی عناصر غذایی را در خاک بالا برده و حاصلخیزی آن را بهبود می‌بخشد.,D,0.8599838018417358,D,0.969525933265686,True,True,True,True,[0.13239896 0.00648956 0.00112772 0.8599838 ],[2.9334385e-02 1.0037675e-03 1.3584514e-04 9.6952593e-01]
1299,کدام فرآیند در形成 هر دو نوع سنگ دگرگونی و رسوبی دخیل است؟,"['گرما دادن', 'بازبلوریابی', 'فشرده\u200cسازی', 'هوازدگی']",C,این فرآیند سنگ‌ها را تجزیه کرده و مواد اولیه برای هر دو نوع سنگ را فراهم می‌کند.,B,0.47736814618110657,B,0.9068676233291626,False,False,False,False,[0.01843741 0.47736815 0.47736815 0.02682627],[0.02116151 0.9068676  0.02717192 0.04479892]
1300,یک لیوان آب سرد روی یک میز کار قرار دارد. بعد از آن روز، قطرات آبی بر روی سطح خارجی لیوان تشکیل شده است. محتمل ترین توضیح برای این قطرات آب این است که,"['آب از کنار لیوان چکه کرده است.', 'آب از درون لیوان نشت کرده است.', 'بخار آب بر روی سطح لیوان میعان شده است.', 'شخصی بر روی لیوان آب اسپری کرده است.']",C,بخار موجود در هوا بر اثر تماس با سطح خنک، به مایع تبدیل می‌شود.,A,0.554264485836029,C,0.8679537177085876,False,True,True,True,[0.5542645  0.09631673 0.33617842 0.01324032],[0.11655065 0.01307662 0.8679537  0.00241893]
1301,در طول یک آزمایش بر روی تنفس سلولی هوازی، یک زیست‌شناس مقدار فسفر موجود در یک کشت سلولی را محدود می‌کند. این موضوع چگونه ممکن است بر روی سلول تأثیر بگذارد؟,"['مقدار انرژی سلولی کاهش می\u200cیابد.', 'مقدار انرژی سلولی افزایش می\u200cیابد.', 'مقدار گلوکز تولید شده افزایش می\u200cیابد.', 'مقدار گلوکز تولید شده کاهش می\u200cیابد.']",A,فسفر برای تولید ATP ضروری است و محدودیت آن باعث کاهش تولید این مولکول انرژی‌زا و در نتیجه کاهش انرژی سلولی می‌شود.,A,0.851272702217102,A,0.995692789554596,True,True,True,True,[0.8512727  0.08989889 0.02575647 0.03307196],[9.9569279e-01 2.4488689e-03 1.1567638e-03 7.0161268e-04]
1302,زمانی که یک شخص از هواپیما چتر نجات می‌زند، او با سرعت حدود 67 متر بر ثانیه سفر می‌کند. وقتی که او طناب خود را می‌کشد و چتر نجاتش باز می‌شود، سرعت او به حدود 3 متر بر ثانیه کاهش می‌یابد. اگر سرعت و شتاب هر دو قبل از باز شدن چتر مثبت در نظر گرفته شوند، چگونه سرعت و شتاب او تغییر می‌کند زمانی که چتر باز می‌شود؟,"['سرعت و شتاب هر دو مثبت باقی می\u200cمانند.', 'سرعت و شتاب هر دو منفی می\u200cشوند.', 'سرعت مثبت باقی می\u200cماند اما شتاب منفی می\u200cشود.', 'سرعت منفی می\u200cشود اما شتاب مثبت باقی می\u200cماند.']",C,سرعت همچنان به سمت پایین مثبت است، اما کاهش سرعت باعث می‌شود شتاب منفی شود.,B,0.6921795010566711,C,0.6787350177764893,False,True,True,True,[0.08266906 0.6921795  0.02683871 0.19831276],[0.15144625 0.01837252 0.678735   0.15144625]
1303,آب‌های غنی از مواد مغذی ناشی از باران‌های سنگین به خلیج مکزیک وارد می‌شوند. این موضوع باعث ایجاد طغیانی از جلبک‌ها در محیط اقیانوس می‌شود. هنگامی که جلبک‌ها تجزیه می‌شوند، مقادیر زیادی اکسیژن را در امتداد ساحل مصرف می‌کنند. نتیجه‌ی این وضعیت برای منطقه چه خواهد بود؟,"['نیتروژن جایگزین اکسیژن در آب می\u200cشود.', 'دمای آب افزایش خواهد یافت.', 'عملکرد امواج جلبک\u200cهای مرده را حمل می\u200cکند.', 'موجودات کف\u200cزی خواهند مرد و ماهی\u200cها فرار خواهند کرد.']",D,کاهش اکسیژن آب باعث مرگ موجودات ساکن کف و فرار ماهی‌های متحرک می‌شود.,B,0.5314030051231384,D,0.9461641311645508,False,True,True,True,[0.2855528  0.531403   0.00984772 0.17319652],[0.04132868 0.01044953 0.00205763 0.94616413]
1304,یک توپ سافت بال به وزن ۰.۲۰ کیلوگرم به مدت ۴.۵ ثانیه (ث) به سمت جنوب ۹۷ متر (م) حرکت می‌کند. کدام یک از اطلاعات زیر سرعت را از شتاب توپ متمایز می‌کند؟,"['توپ به سمت جنوب رفت.', 'توپ به مدت ۴.۵ ثانیه پرواز کرد.', 'توپ ۹۷ متر فاصله طی کرد.', 'توپ دارای جرم ۰.۲۰ کیلوگرم است.']",A,زمان برای محاسبه سرعت متوسط از روی مسافت لازم است، اما شتاب نیازمند دانستن تغییرات سرعت در طول زمان می‌باشد.,B,0.4882928729057312,B,0.5118180513381958,False,False,False,False,[0.43091694 0.48829287 0.03537182 0.04541831],[0.1897641  0.51181805 0.27610514 0.02231272]
1305,زمانی که یک جمعیت حیوانی مسافت زیادی را به منطقه‌ای دیگر برای بقا می‌迁هد، این عمل را چه می‌نامند?,"['تولید مثل.', 'خواب زمستانی.', 'مهاجرت.', 'ناوبری.']",C,حرکت گروهی حیوانات به منطقه‌ای دیگر برای یافتن شرایط بهتر و تضمین بقا است.,C,0.9966436624526978,C,0.9984068274497986,True,True,True,True,[2.4656123e-03 1.8427799e-04 9.9664366e-01 7.0640969e-04],[1.1735896e-03 7.2716794e-05 9.9840683e-01 3.4691239e-04]
1306,عونهای آبی خانه‌های خود را در باتلاق‌ها و جوی‌ها می‌سازند. کدام ویژگی در ساخت خانه‌ها در یک محیط آبی کمترین اهمیت را دارد؟,"['پوشش خز ضد آب', 'پاهای عقبی پرده\u200cدار', 'دندان\u200cهای بزرگ و تیز', 'دم\u200cهای پهن و صاف']",C,این ویژگی برای شکار و تغذیه است، نه برای ساخت یا زندگی در خانه‌های آبی، برخلاف سایر خصوصیات که مستقیماً به سازگاری با آب کمک می‌کنند.,B,0.4037525951862335,C,0.7510099411010742,False,True,True,True,[0.31444284 0.4037526  0.13210735 0.14969723],[0.07977669 0.13152952 0.75100994 0.03768384]
1307,یک دانش‌آموز سرعت خودروها را برای یک آزمایش علمی ثبت کرده است. کدام نوع نمودار بیشترین جزئیات را در مورد خودروهایی که در یک محدوده سرعت خاص حرکت می‌کنند، ارائه می‌دهد؟,"['نمودار میله\u200cای', 'نمودار خطی', 'نمودار پخشی', 'نمودار ساقه و برگ']",C,این نمودار تمام داده‌های اصلی را حفظ می‌کند و توزیع دقیق را نشان می‌دهد، که برای تحلیل جزئیات سرعت مناسب است.,D,0.4807506203651428,C,0.44729161262512207,False,True,True,True,[0.15668774 0.03085364 0.33170795 0.48075062],[0.12915629 0.02881867 0.4472916  0.39473346]
1308,دانشجویی قرار است در چهار زمان مختلف در طول روز به بیرون برود تا سایه‌اش را مشاهده کند. در کدام زمان احتمالاً دانشجو متوجه می‌شود که سایه‌اش کوتاه‌ترین است؟,"['۸:۰۵ صبح', '۱۲:۰۵ ظهر', '۴:۰۵ بعدازظهر', '۷:۰۵ عصر']",B,سایه در ظهر که خورشید در بالاترین نقطه است، کوتاه‌ترین می‌شود و این زمان نزدیک به اوج آن است.,A,0.4924566447734833,B,0.7285651564598083,False,True,True,True,[0.49245664 0.20528647 0.20528647 0.09697046],[0.16256486 0.72856516 0.04110283 0.06776712]
1309,یک اثر هیدروسفر بر لیتوسفر چیست؟,"['فرسایش سنگ\u200cها', 'تبخیر آب', 'گرم شدن هسته', 'ذوب شدن قشر']",A,آب از طریق جریان و بارش باعث تغییر شکل سطح زمین با [MASK] می‌شود.,A,0.8793683648109436,A,0.9784166812896729,True,True,True,True,[8.7936836e-01 5.6326043e-02 4.7976061e-04 6.3825771e-02],[9.7841668e-01 9.7431121e-03 7.9976337e-04 1.1040393e-02]
1310,دانش‌آموزان تحقیقاتی با ۲۰ گیاه گوجه‌فرنگی یکسان انجام می‌دهند. هر گیاه مقدار یکسانی آب دریافت می‌کند اما مقادیر مختلفی از نور خورشید. دانش‌آموزان هر روز تعداد میوه‌ها را روی هر گیاه اندازه‌گیری می‌کنند. متغیر وابسته در این تحقیق چیست؟,"['نوع گیاه', 'مقدار آب', 'مقدار نور خورشید', 'تعداد میوه\u200cها']",D,اندازه‌گیری نتیجه آزمایش که تحت تأثیر تغییرات قرار می‌گیرد.,D,0.9754966497421265,D,0.9838044047355652,True,True,True,True,[0.01393511 0.00745893 0.00310934 0.97549665],[1.0950446e-02 4.2882562e-03 9.5683936e-04 9.8380440e-01]
1311,دانش‌آموزان می‌خواهند داده‌های بارش جمع‌آوری شده از خانه‌های دانش‌آموزان مختلف در منطقه را مقایسه کنند. یکی از راه‌هایی که دانش‌آموزان می‌توانند احتمال تأثیر متغیرهای کنترل‌نشده بر داده‌های خود را کاهش دهند چیست؟,"['با بررسی میزان بارش باران هر ساعت', 'با استفاده از باران\u200cسنج\u200cهای مشابه در هر محل', 'با جمع\u200cآوری داده\u200cهای دما همراه با بارش باران', 'با جمع\u200cآوری داده\u200cهای بارش در زمان بارندگی']",B,استفاده از ابزار یکسان در همه نقاط، خطای ناشی از تفاوت تجهیزات را حذف می‌کند و مقایسه را معتبر می‌سازد.,B,0.9576441049575806,B,0.9945288300514221,True,True,True,True,[0.0287494  0.9576441  0.01057631 0.00303016],[5.2803261e-03 9.9452883e-01 1.3219037e-04 5.8659123e-05]
1312,کدامیک از این موارد روشی است که عینک آفتابی به محافظت از چشم‌ها کمک می‌کند؟,"['بازتاب دادن پرتوهای نور از چشم\u200cها', 'شکستن پرتوهای نور بیشتری به سمت چشم\u200cها', 'بازتاب دادن پرتوهای نور بیشتری به سمت چشم\u200cها', 'شکستن پرتوهای نور به دور از چشم\u200cها']",A,با انعکاس پرتوهای مضر، نور کمتری به چشم می‌رسد و از آن محافظت می‌شود.,A,0.8563244342803955,B,0.9775533080101013,True,False,False,False,[0.85632443 0.06166953 0.06166953 0.02033645],[0.01410842 0.9775533  0.0051902  0.00314801]
1313,نیروی گرانشی بین ماه و زمین شرایطی را در زمین تحت تأثیر قرار می‌دهد، هرچند که ماه حدود ۱/۸۰ جرم و حدود ۱/۴ قطر زمین را دارد. اگر ماه اندازه و جرم مشابهی با زمین داشت، کدام یک از گزینه‌های زیر بیشتر احتمال دارد رخ دهد؟,"['پدیده جزر و مد در زمین کوچکتر می\u200cشود.', 'پدیده جزر و مد در زمین بزرگتر می\u200cشود.', 'اجسام بر روی زمین سنگین\u200cتر می\u200cشوند.', 'اجسام بر روی زمین سبک\u200cتر می\u200cشوند.']",B,افزایش جرم ماه نیروی گرانشی قوی‌تری ایجاد می‌کند که باعث بزرگ‌تر شدن جزر و مد می‌شود.,A,0.9508301615715027,A,0.6169590950012207,False,False,False,False,[0.95083016 0.03693976 0.00181061 0.01041934],[0.6169591  0.3742046  0.00600138 0.00283485]
1314,سوالی: یک دانش‌آموز می‌خواهد از عکاسی برای مطالعه‌ی فرآیندی که در طول یک سال رخ می‌دهد استفاده کند. کدامیک از این اقدامات برای مطالعه‌ی دانش‌آموز بهترین خواهد بود؟,"['مجسمه\u200cای که تحت تأثیر باران اسیدی فرسوده می\u200cشود', 'یخچالی که در حال پیشرفت و عقب\u200cنشینی است', 'تغییر رنگ برگ\u200cهای درختان', 'افزایش عمق خاک']",C,این پدیده فصلی به‌صورت چرخه‌ای در یک سال رخ داده و با عکاسی به‌راحتی قابل مشاهده و مقایسه است.,B,0.4251534044742584,C,0.7815394997596741,False,True,True,True,[0.37519655 0.4251534  0.15518804 0.04446212],[0.09334158 0.11985297 0.7815395  0.00526597]
1315,چرا آبیاری گیاهان و چمن در صبح زود روشی برای صرفه جویی در آب است؟,"['در صبح همیشه آب بیشتری وجود دارد.', 'مقدار کمتری از آب در صبح خنک تبخیر می\u200cشود.', 'آب استفاده شده در صبح می\u200cتواند برای استفاده در بعدازظهر بازیافت شود.', 'چمن تنها در صبح می\u200cتواند آب را جذب کند.']",B,به دلیل دمای پایین‌تر و تابش کمتر خورشید، تبخیر آب کاهش یافته و صرفه‌جویی می‌شود.,B,0.9178748726844788,B,0.9895825386047363,True,True,True,True,[3.5589870e-02 9.1787487e-01 4.5698296e-02 8.3699357e-04],[9.7776167e-03 9.8958254e-01 4.4323539e-04 1.9668452e-04]
1316,کدام یک از جملات بهترین توصیف از ویژگی آب است؟,"['آب مایع شکل خود را حفظ می\u200cکند.', 'آب هنگام جوش آمدن به گاز تبدیل می\u200cشود.', 'یخ هنگام یخ زدن به مایع تبدیل می\u200cشود.', 'یخ جامد با ظرف خود شکل را تغییر می\u200cدهد.']",B,آب در دمای جوش به حالت گازی تبدیل می‌شود که یک ویژگی فیزیکی صحیح است.,A,0.9508741497993469,B,0.6768996119499207,False,True,True,True,[0.95087415 0.03697757 0.00825081 0.00389741],[0.31974474 0.6768996  0.00213766 0.001218  ]
1317,گاز و نفت از رسوب‌های نفتی در عمق زمین به وجود می‌آیند. چه چیزی باعث تشکیل این رسوبات شده است؟,"['سنگ\u200cها توسط آب حل شدند.', 'ماگما رسوب کرده و سپس سرد شد.', 'بقایای گیاهان و جانوران به دام افتادند.', 'هوا، آب و Minerals با هم ترکیب شدند.']",C,این رسوبات از تجمع و دفن مواد آلی در اعماق زمین طی میلیون‌ها سال تشکیل شده‌اند.,C,0.33767879009246826,C,0.9778867363929749,True,True,True,True,[0.20481254 0.29800048 0.3376788  0.15950817],[1.5806068e-02 5.8147274e-03 9.7788674e-01 4.9245305e-04]
1318,اگرچه روش علمی بیان می دارد که نتیجه گیری ها باید بر اساس شواهد باشد، دانشمندان همیشه بر سر نتایج توافق ندارند زیرا,"['قوانین علمی غالباً تغییر می کنند.', 'تحقیقات علمی عموماً ناقص هستند.', 'دانشمندان ممکن است داده ها را به طور متفاوتی تفسیر کنند.', 'دانشمندان باور دارند که آزمایش ها باید تکرار شوند.']",C,تفسیر متفاوت داده‌ها توسط دانشمندان منجر به اختلاف نظر می‌شود، حتی با شواهد یکسان.,C,0.9726340770721436,C,0.9599063396453857,True,True,True,False,[2.5869245e-02 1.3082362e-03 9.7263408e-01 1.8846929e-04],[3.7219606e-02 2.6961793e-03 9.5990634e-01 1.7783231e-04]
1319,کدام ویژگی بیشترین تأثیر را بر شتاب یک جسم دارد؟,"['جرم', 'سرعت', 'بافت', 'حجم']",A,بر اساس قانون دوم نیوتن، شتاب با [MASK] نسبت معکوس دارد و سایر عوامل تأثیر مستقیم ندارند.,A,0.9608944058418274,A,0.9855425357818604,True,True,True,True,[0.9608944  0.02257601 0.01208407 0.00444548],[0.98554254 0.00866089 0.00409111 0.00170543]
1320,کدام ویژگی توضیح می‌دهد که چرا چای پودر شده هنگام مخلوط شدن با آب به یک محلول تبدیل می‌شود؟,"['چای بوی خاصی دارد.', 'چای به طور یکنواخت در آب پخش می\u200cشود.', 'چای و آب به راحتی از هم جدا می\u200cشوند.', 'چای به ته ظرف می\u200cنشیند.']",B,چای پودری به دلیل پخش یکنواخت در آب و تشکیل مخلوط همگن، محلول می‌شود نه ته‌نشینی یا جدایی.,B,0.993461012840271,B,0.994531512260437,True,True,True,True,[4.1079069e-03 9.9346101e-01 1.9404377e-03 4.9061951e-04],[3.5728570e-03 9.9453151e-01 1.6876981e-03 2.0796522e-04]
1321,یک ستاره انرژی را از طریق فرآیندی به نام ادغام هسته‌ای تولید می‌کند. کدام جنبه از یک ستاره باعث وقوع فرآیند ادغام می‌شود؟,"['سرعت چرخش', 'روشنایی ظاهری', 'دمای سطحی', 'ترکیب شیمیایی']",D,فشار و دمای بالای هسته، ناشی از جرم و مواد تشکیل‌دهنده، شرایط لازم برای همجوشی را ایجاد می‌کند.,A,0.7737382650375366,C,0.5695037245750427,False,False,False,False,[0.77373827 0.04373667 0.06363647 0.11888859],[0.23926646 0.00488883 0.5695037  0.1863409 ]
1322,یک دانش‌آموز ۲۵ گرم نمک را در ۱۰۰۰ گرم آب مخلوط کرد. جرم مخلوط آب‌نمک چقدر است؟,"['۹۷۵ گرم', '۱۰۰۰ گرم', '۱۰۲۵ گرم', '۲۵۰۰ گرم']",C,بر اساس پایستگی جرم، در اختلاط فیزیکی مجموع جرم اجزا بدون تغییر باقی می‌ماند.,C,0.9632704257965088,C,0.5066391229629517,True,True,True,False,[0.03245028 0.00266368 0.9632704  0.0016156 ],[0.04158747 0.44710746 0.5066391  0.00466598]
1323,مهم‌ترین راهی که یک ریف مصنوعی، مانند یک کشتی غرق شده یا واگن راه آهن، می‌تواند از توسعه یک اکوسیستم پیچیده حمایت کند چیست؟,"['با فراهم آوردن زیستگاه برای ماهی\u200cها و گیاهان بزرگ', 'با فراهم آوردن زیستگاه برای جلبک\u200cها و بی\u200cمهره\u200cهای کوچک', 'با فراهم آوردن زیستگاه برای پستانداران دریایی و گیاهان', 'با فراهم آوردن زیستگاه برای باکتری\u200cها و قارچ\u200cها']",B,سازه‌های جامد و سه‌بعدی این ریف‌ها، زیستگاه‌های امنی برای گونه‌های بزرگ دریایی فراهم می‌کنند که پایه‌ای برای زنجیره غذایی پیچیده و پایدار است.,A,0.5039649605751038,B,0.6394723653793335,False,True,True,True,[0.50396496 0.34772536 0.00335613 0.1449535 ],[0.34228492 0.63947237 0.01025567 0.00798712]
1324,در یک روز گرم، جنی با یک کیسه شکلاتی از فروشگاه مواد غذایی به خانه رفت. وقتی او به خانه رسید، شکلات ها در کیسه آب شده بودند. چرا شکلات ها آب شدند؟,"['حرارت از شکلات ها به کیسه منتقل شد.', 'حرارت از کیسه به شکلات ها تبخیر شد.', 'حرارت از محیط به شکلات ها منتقل شد.', 'حرارت از دست او به شکلات ها متراکم شد.']",C,گرمای هوا به شکلات‌ها منتقل شد و باعث ذوب آن‌ها گردید.,C,0.7681697010993958,C,0.9728768467903137,True,True,True,True,[2.20514566e-01 1.08933365e-02 7.68169701e-01 4.22380515e-04],[2.3240175e-02 3.7938545e-03 9.7287685e-01 8.9222900e-05]
1325,کدام یک از بیانات توضیح می‌دهد که چرا بیشتر ماهی‌های سالمون آب نمک را ترک کرده و به آب شیرین برمی‌گردند؟,"['این یک رفتار یادگرفته شده است که جمعیت را حفظ می\u200cکند.', 'این یک رفتار یادگرفته شده است که غلظت\u200cهای نمک را حفظ می\u200cکند.', 'این یک رفتار وراثتی است که جمعیت را حفظ می\u200cکند.', 'این یک رفتار وراثتی است که غلظت\u200cهای نمک را حفظ می\u200cکند.']",C,این رفتار ذاتی و ارثی است که به حفظ تعادل نمک در بدن ماهی کمک می‌کند و برای بقای گونه تکامل یافته است.,B,0.9493001103401184,B,0.8841049671173096,False,False,False,False,[3.2642260e-02 9.4930011e-01 8.5640041e-04 1.7201263e-02],[9.7070951e-03 8.8410497e-01 1.8343536e-04 1.0600455e-01]
1326,کدام یک از موارد زیر بهترین روش برای تعیین نسبت فامیلی دو نفر است؟,"['انواع خون آن\u200cها را مقایسه کنید.', 'قلم\u200cنویس آن\u200cها را مقایسه کنید.', 'ژن\u200cهای آن\u200cها را مقایسه کنید.', 'اثر انگشت آن\u200cها را مقایسه کنید.']",C,مقایسه اطلاعات وراثتی دقیق‌ترین روش است زیرا شباهت ژنتیکی را مستقیماً نشان می‌دهد.,C,0.6838406920433044,C,0.9475205540657043,True,True,True,True,[0.25157094 0.03827942 0.6838407  0.02630904],[0.04717427 0.00381227 0.94752055 0.0014929 ]
1327,چیزی که به یک چوب هنگام سوختن اتفاق می‌افتد چیست؟,"['کاملاً نابود می\u200cشود.', 'کاملاً به انرژی حرارتی تبدیل می\u200cشود.', 'به دیگر انواع ماده و انرژی تغییر می\u200cکند.', 'به صورت فیزیکی به فاز گازی تغییر می\u200cکند.']",C,در سوختن، چوب به مواد و انرژی‌های دیگر تبدیل می‌شود، نه نابود یا فقط به انرژی مبدل می‌گردد.,B,0.6527361273765564,C,0.8746433258056641,False,True,True,True,[0.06879788 0.6527361  0.16503754 0.11342853],[0.04896    0.07123638 0.8746433  0.00516035]
1328,دو دوچرخه سوار با سرعت ۲۰ کیلومتر در ساعت (km/h) در حال رکاب زدن بودند. طی نیم ساعت آینده، آنها مشاهده کردند که سرعت خود را به ۲۶ کیلومتر در ساعت افزایش داده‌اند. شتاب متوسط آنها چه مقدار بود؟,"['۰.۲ کیلومتر در ساعت^۲', '۳.۰ کیلومتر در ساعت^۲', '۶.۰ کیلومتر در ساعت^۲', '۱۲.۰ کیلومتر در ساعت^۲']",D,تغییر سرعت ۶ کیلومتر بر ساعت در مدت ۰.۵ ساعت رخ داده است. شتاب متوسط با تقسیم این تغییر بر زمان محاسبه می‌شود که نتیجه ۰.۲ کیلومتر بر ساعت مربع است.,A,0.4482780694961548,A,0.9995723366737366,False,False,False,False,[0.44827807 0.23994596 0.21175157 0.10002436],[9.9957234e-01 7.2517854e-05 4.9840743e-05 3.0531158e-04]
1329,برقکاران در حین کار با مدارها، چکمه‌ها و دستکش‌های لاستیکی می‌پوشند. دلیل اصلی این کار این است که,"['لاستیک به عنوان یک فرستنده استفاده می\u200cشود.', 'لاستیک به زمین\u200cسازی کمک می\u200cکند.', 'لاستیک یک عایق است.', 'لاستیک یک هادی است.']",C,لاستیک جریان برق را عبور نمی‌دهد و از برق‌گرفتگی جلوگیری می‌کند.,C,0.449215829372406,C,0.9824926853179932,True,True,True,True,[0.24044792 0.30874124 0.44921583 0.00159501],[1.2271510e-02 5.1155267e-03 9.8249269e-01 1.2030566e-04]
1330,بن می‌خواهد بداند آیا میزان هوا در یک توپ بسکتبال بر ارتفاع پرش توپ تأثیر می‌گذارد یا نه. او سه توپ بسکتبال را با هوا پر می‌کند و هر کدام را سه بار رها می‌کند. کدام قسمت از آزمایش را باید بن برای هر توپ یکسان نگه دارد؟,"['میزان هوا در هر توپ', 'فاصله\u200cای که هر توپ رها می\u200cشود', 'زمانی که طول می\u200cکشد تا هر توپ را رها کند', 'تعداد دفعاتی که توپ پرش می\u200cکند']",B,برای اطمینان از تأثیر متغیر مستقل، ارتفاع اولیه رهاسازی باید ثابت باشد تا تفاوت‌ها تنها ناشی از تغییر میزان هوا باشند.,B,0.8410690426826477,B,0.9207799434661865,True,True,True,True,[0.06958064 0.84106904 0.07884519 0.0105051 ],[0.05235428 0.92077994 0.01896146 0.00790431]
1331,کدام روش باید برای تعیین نوع ذرت بو داده که بیشترین تعداد دانه‌های پف کرده را تولید می‌کند، استفاده شود؟,"['مقالات پژوهشی درباره روش\u200cهای مختلف گرم کردن ذرت بو داده به منظور پف کردن آن.', 'طراحی یک آزمایش که انواع مختلف ذرت بو داده را با استفاده از آزمایش\u200cهای تکراری آزمایش کند.', 'حرارت دادن دانه\u200cهای برخی انواع بر روی اجاق برقی و حرارت دادن انواع دیگر بر روی اجاق گاز.', 'ساخت یک معادله ریاضی که اندازه و جرم دانه\u200cها از هر نوع را مقایسه کند.']",B,برای مقایسه عینی عملکرد انواع ذرت، نیاز به آزمایش کنترل‌شده با تکرار است تا نتایج قابل اعتماد حاصل شود.,C,0.6145227551460266,B,0.9551854729652405,False,True,True,True,[0.19950633 0.15537569 0.61452276 0.03059529],[0.03255722 0.9551855  0.0072645  0.00499281]
1332,یک کارگر ساختمانی با چکش فشاری به دیوار فولادی محکمی ضربه زد، اما دیوار حرکت نکرد. بخشی از نیرویی که کارگر وارد کرد:,"['توسط دیوار فولادی نابود شد.', 'به گرما تبدیل شد.', 'به جو ناپدید شد.', 'توسط سطح سخت متوقف شد.']",B,انرژی ضربه بر اساس قانون پایستگی به گرما تبدیل شد و دیوار حرکت نکرد.,A,0.3870224952697754,B,0.9887446165084839,False,True,True,True,[0.3870225  0.26599643 0.00543499 0.34154615],[1.086660e-02 9.887446e-01 6.070033e-05 3.281429e-04]
1333,کدام فعالیت به حفاظت از زیستگاه‌های طبیعی حیوانات کمک می‌کند؟,"['ساختن یک مجتمع آپارتمانی', 'اجازه دادن به ماهیگیری در رودخانه\u200cهای بیشتر', 'ایجاد یک باغ وحش برای گونه\u200cهای در خطر انقراض', 'محدود کردن ساخت و ساز در مناطق جنگلی']",D,جلوگیری از ساخت‌وساز در جنگل‌ها مانع تخریب زیستگاه‌ها و حفظ اکوسیستم‌های طبیعی می‌شود.,C,0.6810999512672424,D,0.9894453883171082,False,True,True,True,[0.02072875 0.01424665 0.68109995 0.2839247 ],[9.615299e-03 3.968708e-04 5.424581e-04 9.894454e-01]
1334,دو روش که یخ می‌تواند سطح زمین را تغییر دهد چیست؟,"['ترکاندن یک سنگ و ایجاد یک دره U شکل', 'ایجاد یک تپه و ایجاد یک دره U شکل', 'ایجاد یک تپه و ایجاد یک دره V شکل', 'ترکاندن یک سنگ و ایجاد یک دره V شکل']",A,یخچال‌ها با فرسایش دره‌ای خاص و رسوب‌گذاری تپه‌ای را شکل می‌دهند.,A,0.8328580856323242,A,0.8987370729446411,True,True,True,True,[0.8328581  0.07761932 0.01190331 0.07761932],[0.8987371  0.08294502 0.01140216 0.00691576]
1335,کدامیک منبع تجدیدپذیر است؟,"['الف) نفت', 'ب) زغال\u200cسنگ', 'ج) درختان', 'د) آلومینیوم']",C,درختان به دلیل امکان رشد مجدد در مدت زمان کوتاه، قابل تجدید هستند.,C,0.9251786470413208,C,0.9883756637573242,True,True,True,True,[0.04064951 0.0062338  0.92517865 0.02793797],[0.00766518 0.00113933 0.98837566 0.00281986]
1336,جرى یک توپ را به هوا پرتاب کرد. این توپ مسیری منحنی را دنبال کرد و به زودی به زمین افتاد زیرا,"['فشار هوای توپ را متوقف کرد.', 'جاذبه جهت توپ را تغییر داد.', 'توپ به اندازه کافی محکم پرتاب نشده بود.', 'توپ به طور مستقیم به بالا پرتاب نشده بود.']",B,نیروی گرانش زمین مسیر حرکت توپ را تغییر داده و باعث سقوط آن میشود.,B,0.9467675685882568,B,0.9932181239128113,True,True,True,True,[0.0219635  0.94676757 0.0286458  0.00262317],[5.9522111e-03 9.9321812e-01 5.0409668e-04 3.2546927e-04]
1337,کدام تحقیق بهترین آزمایش را برای بررسی اثرات جاذبه بر روی اجسام متحرک انجام می‌دهد؟,"['مدادهایی که از ارتفاع یکسان می\u200cافتند', 'بادکنک\u200cهایی که از ارتفاع یکسان بالا می\u200cروند', 'دوچرخه\u200cای که بر روی سطح صاف سرعت می\u200cگیرد', 'توپ\u200cای که بر روی سطح صاف کند می\u200cشود']",A,سقوط آزاد تنها تحت تأثیر گرانش است و عوامل مزاحم دیگر را حذف می‌کند، که آن را برای بررسی اثرات جاذبه ایده‌آل می‌سازد.,A,0.7211184501647949,A,0.976737916469574,True,True,True,True,[0.72111845 0.2642504  0.00430471 0.01032646],[0.9767379  0.01775036 0.00155101 0.00396064]
1338,افراد غالباً از مخلوطی از نمک و آب برای تمیز کردن لنزهای چشمی استفاده می‌کنند. کدام عبارت بهترین توصیف کننده این مخلوط است؟,"['نمک حلال است و آب محلول است.', 'نمک محلول است و آب حلال است.', 'نمک حلال است و آب محلول است.', 'نمک محلول است و آب حلال است.']",B,نمک در آب حل می‌شود و ماده حل‌شونده است، در حالی که آب نقش حلال را دارد و آن را در خود حل می‌کند.,A,0.41072916984558105,C,0.5666416883468628,False,False,False,False,[0.41072917 0.05558615 0.17121738 0.36246723],[0.09846756 0.12643485 0.5666417  0.20845583]
1339,رشته کوه‌های زیر: آلپ، آپالاش و هیمالیا از چه چیزی تشکیل شده‌اند؟,"['سنگ\u200cهای تا شده.', 'زلزله\u200cها.', 'تکتونیک صفحات.', 'رسوبگذاری یخچال.']",A,این کوه‌ها از خمیدگی و چین‌خوردگی سنگ‌ها تحت فشار صفحات زمین‌ساختی تشکیل شده‌اند.,C,0.8480652570724487,C,0.9716423153877258,False,False,False,False,[0.1292952  0.01202633 0.84806526 0.0106132 ],[2.6301153e-02 1.6813764e-03 9.7164232e-01 3.7516578e-04]
1340,یک دانش‌آموز می‌خواهد بداند که شکل‌گیری کپک بر روی نان چقدر طول می‌کشد. پس از آماده‌سازی نان برای تحقیق، دانش‌آموز باید در مرحله بعد چه کاری انجام دهد؟,"['هر روز نان را بررسی کند.', 'دمای نان را ثبت کند.', 'وزن نان را اندازه\u200cگیری کند.', 'مقدار متفاوتی نور به نان بدهد.']",A,برای مشاهده دقیق زمان شروع و رشد کپک، لازم است به صورت منظم وضعیت نان بررسی شود.,B,0.9663968682289124,B,0.9385737776756287,False,False,False,False,[0.00734976 0.96639687 0.01069385 0.01555945],[6.047161e-02 9.385738e-01 4.475012e-04 5.070853e-04]
1341,منبع اصلی انرژی برای تمامی موجودات در اکثر زنجیره های غذایی چیست؟,"['نور خورشید', 'آب', 'گیاهان سبز', 'تجزیه\u200cکنندگان']",A,انرژی اولیه از خورشید می‌آید و توسط گیاهان جذب می‌شود.,A,0.9752975106239319,A,0.9029958248138428,True,True,True,False,[9.7529751e-01 1.1458658e-03 2.3015331e-02 5.4126867e-04],[9.0299582e-01 1.1841191e-03 9.5547564e-02 2.7259969e-04]
1342,"دانش‌آموزان مشاهده کردند که یک پرنده هر چند دقیقه به یک درختچه بزرگ رفت و برگشت می‌کند. دانش‌آموزان به معلم خود گفتند: ""پرنده دارای لانه‌ای در آن درختچه است."" این بیان نمونه‌ای از چیست؟","['A) یک استنتاج انجام شده از مشاهدات.', 'B) یک مشاهده انجام شده از پیش\u200cبینی\u200cها.', 'C) یک پیش\u200cبینی انجام شده از نمونه\u200cهای داده.', 'D) یک فرضیه ارائه شده از استنتاج.']",A,از مشاهده رفتار پرنده، بدون دیدن مستقیم لانه، نتیجه‌گیری منطقی صورت گرفته است.,A,0.9795814156532288,A,0.9995794892311096,True,True,True,True,[0.9795814  0.0097072  0.00755997 0.00315147],[9.9957949e-01 3.2373771e-04 4.3813139e-05 5.2848733e-05]
1343,در سال 2003، نیروگاه‌های مریلند 56% از برق مورد استفاده در ایالت را با سوزاندن زغال‌سنگ و 5% برق را با استفاده از نیروی هیدرولیکی تولید کردند. کدام یک از جملات زیر بهترین توصیف را از زغال‌سنگ و آب به عنوان منابع ارائه می‌دهد؟,"['هر دو تجدیدپذیر هستند.', 'هر دو تجدیدناپذیر هستند.', 'زغال\u200cسنگ تجدیدناپذیر است؛ آب تجدیدپذیر است.', 'زغال\u200cسنگ تجدیدپذیر است؛ آب تجدیدناپذیر است.']",C,زغال‌سنگ در زمان انسانی جایگزین نمی‌شود، اما آب به‌طور طبیعی و پیوسته در چرخه خود تجدید می‌گردد.,C,0.6083153486251831,C,0.5593903660774231,True,True,True,False,[0.15440819 0.0143622  0.60831535 0.22291425],[0.09796987 0.00335234 0.55939037 0.3392874 ]
1344,کدام عبارت بهترین توصیف را از اینکه اینترنت چگونه به بهبود زندگی بسیاری از افراد کمک کرده ارائه می‌دهد؟,"['الف) اینترنت نیاز به کتابخانه را از بین برده است.', 'ب) مردم قادرند از مکان\u200cهای مختلف به اطلاعات دسترسی پیدا کنند.', 'ج) مردم اکنون می\u200cتوانند کار خود را از خانه انجام دهند.', 'د) اینترنت به دانش\u200cآموزان اجازه می\u200cدهد تا بیشتر بر روی تکالیف درس تمرکز کنند.']",B,اینترنت با فراهم کردن امکان دسترسی به اطلاعات از هر مکان، محدودیت‌های جغرافیایی را حذف می‌کند و زندگی را بهبود می‌بخشد.,B,0.9244354963302612,B,0.9901334047317505,True,True,True,True,[0.02444366 0.9244355  0.04566677 0.00545412],[0.00523649 0.9901334  0.00359899 0.00103113]
1345,هنگامی که دماهای سرد در یک واکنش شیمیایی تولید می‌شوند، آن واکنش به عنوان,"['بیرونی گرمازا.', 'درونی گرمازا.', 'تعلیق.', 'بخار شدن.']",B,واکنش‌هایی که دمای سرد تولید می‌کنند، انرژی آزاد کرده و گرما به محیط منتقل می‌شود.,A,0.7655007839202881,A,0.9021559953689575,False,False,False,False,[0.7655008  0.15073605 0.00307992 0.08068319],[0.902156   0.07405347 0.00257387 0.02121668]
1346,یک اتاق لباسشویی کوچک چندین قفسه بالای ماشین لباسشویی دارد. این قفسه‌ها نمونه‌ای از چیست؟,"['محکم\u200cتر کردن دیوار.', 'استفاده کارآمد از فضای ذخیره\u200cسازی.', 'استفاده از یک ماشین برای چندین هدف.', 'حل نیاز به پناهگاه به شیوه\u200cای خلاقانه.']",B,این قفسه‌ها فضای بلااستفاده را به محلی مفید برای نگهداری لوازم تبدیل می‌کنند.,B,0.9844605326652527,B,0.9974365830421448,True,True,True,True,[1.2272097e-02 9.8446053e-01 1.6444620e-04 3.1028723e-03],[1.9179988e-03 9.9743658e-01 2.2681226e-05 6.2268303e-04]
1347,در یک منطقه جنگلی، شیرهای کوهی و گرگ‌ها به جمعیت گوزن‌ها حمله می‌کنند و آنها را به مرز ناپدید شدن می‌رسانند. برای حفاظت از جمعیت گوزن‌ها، بیشتر شیرهای کوهی و گرگ‌های این منطقه از طریق شکار از بین رفتند. در نتیجه، شکار بیش از حد اتفاق افتاد و جمعیت گوزن‌ها به سرعت افزایش یافت. پس از چند سال، در غیاب شکارچیان، چه اتفاقی احتمالاً برای جمعیت گوزن‌ها خواهد افتاد؟,"['به ثبات خواهد رسید زیرا نرخ تولد برابر با نرخ مرگ و میر است.', 'از سالی به سال دیگر به طور پیوسته به افزایش ادامه خواهد داد.', 'با ورود سایر نشخوارکنندگان به منطقه افزایش خواهد یافت.', 'به دلیل ازدحام جمعیت، کاهش خواهد یافت که سبب کمبود غذا می\u200cشود.']",D,جمعیت بیش از حد افزایش می‌یابد و منابع غذایی محدود می‌شود، در نتیجه گرسنگی و کاهش جمعیت رخ می‌دهد.,A,0.9771468043327332,A,0.8101604580879211,False,False,False,False,[0.9771468  0.01413012 0.00115987 0.00756331],[0.81016046 0.02750643 0.00155181 0.16078126]
1348,اتانول نوعی از الکل است که از گیاهان تهیه می‌شود. نیشکر و ذرت، که هر دو در غذاهایی مانند غلات و نان استفاده می‌شوند، برای تهیه اتانول مورد استفاده قرار می‌گیرند. سوزاندن اتانول منبع انرژی پاکی را تأمین می‌کند زیرا محصولات جانبی اتانول آب و دی‌اکسید کربن هستند. بنابراین، مخلوط کردن اتانول با بنزین محصولات زباله مضر را کاهش می‌دهد. در دهه 1970 بسیاری از برزیلی‌ها با خودروهایی که از مخلوط بنزین و اتانول استفاده می‌کردند، رانندگی می‌کردند. این سوخت جایگزین تأمین محدود بنزینی را که در آن زمان در دسترس بود، حفظ می‌کرد. در دهه 1990، بنزین ارزان‌تر از اتانول شد و برزیلی‌ها دوباره به رانندگی با خودروهای دارای سوخت بنزین روی آوردند. اخیراً، برزیلی‌ها شروع به رانندگی با خودروهای بیشتری کردند که از مخلوط اتانول و بنزین استفاده می‌کنند. کدام گروه بیشتر بهره‌مند خواهد شد اگر رانندگان در ایالات متحده خودروهای خود را با مخلوط اتانول و بنزین سوخت‌گیری کنند؟,"['کشاورزان محصول', 'شرکت\u200cهای نفتی', 'فروشگاه\u200cهای مواد غذایی', 'تولیدکنندگان خودرو']",A,افزایش تقاضا برای اتانول باعث فروش بیشتر محصولات کشاورزی و سود بالاتر برای تولیدکنندگان آنها می‌شود.,B,0.5229421854019165,A,0.9807515144348145,False,True,True,True,[0.19162966 0.5229422  0.00660864 0.2788195 ],[0.9807515  0.00848516 0.00114834 0.00961495]
1349,برخی از باکتری‌ها از آهن موجود در سیستم‌های خود به عنوان راهی برای هدایت حرکت خود استفاده می‌کنند. کدام محرک احتمالاً این مکانیزم حرکتی را تحریک می‌کند؟,"['مغناطیس', 'اکسیژن', 'نور', 'حرارت']",A,این باکتری‌ها با میدان [MASK]ی زمین هم‌راستا می‌شوند و حرکتشان هدایت می‌شود.,A,0.4808838963508606,A,0.9762682914733887,True,True,True,True,[0.4808839  0.2573986  0.03456402 0.22715347],[0.9762683  0.01593476 0.00115431 0.0066426 ]
1350,در ترکیب Mg(OH)2 چند عنصر وجود دارد؟,"['الف) ۲', 'ب) ۳', 'پ) ۴', 'ت) ۵']",B,این ترکیب شامل سه عنصر منحصربه‌فرد است، اگرچه برخی اتم‌ها تکراری هستند.,C,0.34549015760421753,B,0.9844255447387695,False,True,True,True,[0.23745169 0.304894   0.34549016 0.11216423],[0.00800093 0.98442554 0.00402312 0.00355039]
1351,یک حیوان جوان اقیانوسی دو والد دارد. هر کدام از والدین هشت بازو دارند. احتمالاً این حیوان جوان چند بازو دارد؟,"['2', '4', '8', '16']",C,این حیوان جوان مانند والدینش، که هر دو هشت بازو دارند، این ویژگی ژنتیکی ثابت را به ارث می‌برد.,B,0.8366405367851257,C,0.5811988115310669,False,True,True,True,[0.0083313  0.83664054 0.14767583 0.00735235],[0.0612579  0.3525149  0.5811988  0.00502835]
1352,انرژی چگونه تغییر می‌کند زمانی که یک فرد شروع به دویدن می‌کند؟,"['حرکت به انرژی ذخیره شده تغییر می\u200cکند.', 'انرژی ذخیره شده به حرکت و حرارت تغییر می\u200cکند.', 'حرارت به حرکت و انرژی ذخیره شده تغییر می\u200cکند.', 'حرکت به انرژی شیمیایی تغییر می\u200cکند.']",B,انرژی ذخیره‌شده در بدن هنگام دویدن به حرکت و گرما تبدیل می‌شود.,B,0.98457932472229,B,0.9934337139129639,True,True,True,True,[1.3982687e-02 9.8457932e-01 1.1477688e-03 2.9020139e-04],[5.8383523e-03 9.9343371e-01 4.9445388e-04 2.3356346e-04]
1353,زمانی که در آزمایشگاه یک ریختگی تصادفی رخ می‌دهد، مهم‌ترین نکته این است که بدانیم,"['عینک\u200cهای ایمنی کجا نگهداری می\u200cشوند.', 'چه شماره\u200cای برای کنترل سموم باید تماس گرفته شود.', 'کپسول آتش\u200cنشانی کجا قرار دارد.', 'کدام مواد برای تمیز کردن ایمن هستند.']",D,پس از ریختگی، شناخت روش پاک‌سازی مناسب برای جلوگیری از خطرات شیمیایی و حفظ ایمنی ضروری است.,D,0.3745870292186737,D,0.9819814562797546,True,True,True,True,[0.10648581 0.29172868 0.22719853 0.37458703],[1.0951525e-02 6.6424357e-03 4.2463667e-04 9.8198146e-01]
1354,بازیافت کاغذ تعداد درختانی را که برای تولید کاغذ قطع می‌شوند کاهش می‌دهد. این کاهش چگونه احتمالاً به محیط زیست سود می‌رساند؟,"['آلودگی هوا را از بین می\u200cبرد', 'انرژی غیرقابل تجدید را صرفه\u200cجویی می\u200cکند', 'مقدار اکسیژن در هوا را کاهش می\u200cدهد', 'حیوانات را از نابودی زیستگاه\u200cهایشان حفظ می\u200cکند']",D,حفظ جنگل‌ها به عنوان زیستگاه طبیعی، از نابودی محل زندگی حیوانات جلوگیری می‌کند.,A,0.520908772945404,D,0.8159763216972351,False,True,True,True,[0.5209088  0.45970038 0.00353738 0.01585346],[1.6193546e-01 2.1915581e-02 1.7263908e-04 8.1597632e-01]
1355,دانش‌آموزان یک نمونه سنگ دارند که ممکن است حاوی کانی هماتیت باشد. آن‌ها می‌دانند که هماتیت دارای رگه‌ای قرمز یا زنگ‌زده است. چگونه می‌توانند رنگ رگه را در نمونه سنگ تعیین کنند؟,"['استفاده از یک سنگ با کانی شناخته شده برای ضربه زدن به نمونه', 'مالیدن نمونه بر روی یک تکه کاشی خاکی بدون لعاب', 'استفاده از سوهان برای شکستن یک تکه از نمونه', 'خراشیدن نمونه با یک میخ آهنی']",B,مالیدن سنگ روی سطح خشن و سفید، پودری تولید می‌کند که رنگ واقعی کانی را نشان می‌دهد.,A,0.43394795060157776,B,0.927238404750824,False,True,True,True,[0.43394795 0.26320273 0.12336064 0.17948867],[0.05231121 0.9272384  0.00373066 0.01671967]
1356,آب، یخ و بخار همگی دماهای متفاوتی دارند. ترتیب آنها از سردترین به گرمترین چگونه است؟,"['یخ، آب، بخار', 'یخ، بخار، آب', 'بخار، یخ، آب', 'بخار، آب، یخ']",A,یخ در پایین‌ترین دما جامد است، آب مایع در دمای متوسط، و بخار در بالاترین دما گاز است.,A,0.9045061469078064,A,0.9906869530677795,True,True,True,True,[0.90450615 0.07410152 0.01002855 0.01136384],[9.9068695e-01 8.5460478e-03 2.2073749e-04 5.4633053e-04]
1357,هنگام مشاهده در طبیعت، بهترین راه برای دانش‌آموزان برای نشان دادن احترام به محیط زیست چیست؟,"['روی مسیرها بمانند.', 'نمونه\u200cهایی برداشت نکنند.', 'عکس بگیرند.', 'منطقه را دقیقاً همانطور که پیدا کردند، ترک کنند.']",D,این روش تضمین می‌کهد که محیط طبیعی بدون تغییر باقی می‌ماند و کمترین تأثیر منفی را بر اکوسیستم دارد.,B,0.574437141418457,B,0.7386521100997925,False,False,False,False,[0.2121507  0.57443714 0.00126149 0.2121507 ],[0.11327597 0.7386521  0.00262269 0.14544922]
1358,پروانه آبی میامی یک گونه در حال انقراض در جنوب فلوریدا است. کدام عامل احتمالاً باعث کاهش جمعیت این پروانه شده است؟,"['افزایش تعداد پارک\u200cها', 'کاهش میزان آب دریا', 'افزایش تعداد خانه\u200cهای ساخته شده', 'کاهش تعداد شکارچیان']",C,تخریب زیستگاه طبیعی به دلیل توسعه شهری، عامل اصلی کاهش جمعیت این گونه است.,B,0.8277146816253662,C,0.861458420753479,False,True,True,True,[0.00725971 0.8277147  0.16266866 0.00235688],[0.00448534 0.13314508 0.8614584  0.00091125]
1359,دانش‌آموز برای اینکه بتواند یک آزمایش را تکرار کند، باید کدام مرحله را انجام دهد؟,"['آزمایش را چندین بار انجام دهد', 'سوابق تمام روندها را نگه\u200cداری کند', 'مدلی از تجهیزات آزمایش بسازد', 'برخی از شرایط آزمایش را تغییر دهد']",B,برای تکرارپذیری دقیق، ثبت کامل تمام مراحل و جزئیات ضروری است.,B,0.5227659940719604,B,0.8844513297080994,True,True,True,True,[0.408724   0.522766   0.00583014 0.06267986],[0.10646114 0.8844513  0.00149504 0.00759246]
1360,کدام یک از این موارد برای تولید انرژی زمین‌گرمایی ضروری‌تر است؟,"['سنگ داغ', 'سوخت فسیلی', 'پوسته ضخیم', 'اقلیم گرم']",A,این انرژی از گرمای درونی زمین حاصل می‌شود که عمدتاً توسط مواد داغ زیرسطحی تأمین می‌گردد.,B,0.6736950874328613,A,0.9080181121826172,False,True,True,True,[0.28193706 0.6736951  0.00146796 0.04289998],[9.0801811e-01 8.4129564e-02 8.3776563e-04 7.0145256e-03]
1361,سوالی: یک دانش آموز یک لیتر پر و یک لیتر میخ آهنی دارد. کدام بیانیه بهترین مقایسه را بین جرم دو نمونه انجام می‌دهد؟,"['الف) جرائم را نمی\u200cتوان بدون تراز مقایسه کرد.', 'ب) جرم پرها کمتر از جرم میخ\u200cها است.', 'ج) جرم پرها با جرم میخ\u200cها یکسان است.', 'د) جرم پرها بیشتر از جرم میخ\u200cها است.']",B,با حجم برابر، ماده با چگالی کمتر جرم کمتری دارد و پرها چگالی بسیار پایین‌تری نسبت به آهن دارند.,A,0.6211697459220886,B,0.7170805335044861,False,True,True,True,[0.62116975 0.22851558 0.01279164 0.1375231 ],[0.2637992  0.71708053 0.00446855 0.0146518 ]
1362,"دانشجویی توصیف زیر از یک منطقه را می‌خواند: ""این منطقه تابستان‌های گرمی، زمستان‌های معتدل و بارش‌های مکرر دارد."" این توصیف بهترین اطلاعات را در مورد چه چیزی ارائه می‌دهد؟","['وضعیت آب و هوای کنونی', 'پیش\u200cبینی آب و هوا', 'آب و هوای عمومی', 'تغییرات اقلیمی']",C,این توصیف الگوهای آب‌وهوایی بلندمدت و فصلی را نشان می‌دهد، نه شرایط لحظه‌ای یا پیش‌بینی کوتاه‌مدت.,C,0.9354991912841797,B,0.6981464624404907,True,False,False,False,[0.04666682 0.00621775 0.9354992  0.01161629],[0.17720994 0.69814646 0.0738721  0.0507715 ]
1363,دو شهر تنها ۵۰ کیلومتر از هم فاصله دارند و با این حال، آب و هوای این شهرها متفاوت است. کدامیک از این عوامل به احتمال زیاد علت اختلاف آب و هواست؟,"['ارتفاع', 'جمعیت', 'عرض جغرافیایی', 'طول جغرافیایی']",A,[MASK] بر دما و بارش تأثیر مستقیم دارد و در فاصله نزدیک می‌تواند باعث تفاوت آب و هوا شود.,A,0.8138752579689026,A,0.8985686302185059,True,True,True,True,[0.81387526 0.00157422 0.18195514 0.00259545],[0.89856863 0.00326616 0.09397141 0.00419383]
1364,پنج توپ بولینگ در حالتی مرتب و در حال تماس با یکدیگر بر روی یک سطح صاف قرار دارند. ضربه زدن به توپ اول با چکش باعث می‌شود توپ پنجم از گروه دور شود. نیروی چکش از طریق خط توپ‌ها به چه نوع موجی منتقل شد؟,"['الف) الکترومغناطیسی', 'ب) حرارتی', 'ج) طولی', 'د) عرضی']",C,ضربه موج فشاری ایجاد می‌کند که در راستای انتشار منتقل شده و باعث نوسان ذرات در همان جهت می‌شود.,D,0.5415070652961731,C,0.49453189969062805,False,True,True,True,[0.10662907 0.0234233  0.32844064 0.54150707],[0.05212328 0.01692195 0.4945319  0.43642285]
1365,کدام یک از موارد زیر بهترین نمونه از رویدادی است که باعث تغییر تدریجی در اکوسیستم‌ها می‌شود؟,"['فعالیت آتشفشانی', 'سوختن زغال\u200cسنگ', 'آتش\u200cسوزی جنگلی', 'نشت نفت']",B,فعالیت انسانی مداوم با انتشار آلاینده‌ها به تدریج ترکیب جو و آب را تغییر می‌دهد و اثر بلندمدت بر تنوع زیستی دارد.,C,0.5755492448806763,C,0.9217976331710815,False,False,False,False,[0.39556885 0.0254862  0.57554924 0.00339571],[0.01169473 0.05846996 0.92179763 0.00803766]
1366,سوال: دماسنج بهترین ابزار برای اندازه‌گیری چیست؟,"['الف) فشار هوا.', 'ب) انرژی جنبشی.', 'ج) انرژی پتانسیل.', 'د) حرکت باد.']",B,دماسنج دما را اندازه می‌گیرد که مستقیماً به انرژی حرکتی ذرات مربوط است و نه کمیت‌های دیگر.,A,0.8344563841819763,B,0.8430407047271729,False,True,True,True,[0.8344564  0.04707681 0.00553535 0.11293139],[0.05347438 0.8430407  0.01532067 0.08816435]
1367,مارشال برخی از تغییرات زمین را که در طول زمان طولانی اتفاق می‌افتد، بررسی کرده است. کدام یک از رویدادها به احتمال زیاد کندترین تغییر را به سطح زمین ایجاد می‌کند؟,"['زلزله', 'زمین\u200cلغزش', 'آتشفشان', 'باد']",D,[MASK] در مقیاس زمانی بسیار طولانی و تدریجی عمل می‌کند، برخلاف پدیده‌های ناگهانی دیگر.,A,0.5758797526359558,B,0.5825782418251038,False,False,False,False,[0.57587975 0.395796   0.00302194 0.02530239],[0.4003998  0.58257824 0.00310523 0.01391669]
1368,شواهدی از یخچال‌زایی گسترده به عنوان یک توضیح برای انقراض‌ها در پایان دوره پرمین پیشنهاد شده است. چنین یخچال‌زایی می‌تواند اکوسیستم‌های اقیانوسی را از طریق ایجاد کدام اثر مختل کند؟,"['کاهش شدید در شوری و چگالی اقیانوس', 'کاهش شدید در حجم و مساحت اقیانوس', 'افزایش مواجهه اقیانوس\u200cها با تابش ماوراء بنفش', 'افزایش مواجهه سونامی\u200cها با حیات اقیانوسی']",B,یخچال‌زایی آب را در خشکی ذخیره کرده و سطح دریا کاهش می‌یابد، که منجر به افت شوری و چگالی اقیانوس و شرایط نامساعد برای حیات دریایی می‌شود.,C,0.7465476989746094,A,0.9985931515693665,False,False,False,False,[0.24189565 0.00505976 0.7465477  0.00649686],[9.9859315e-01 4.3862025e-04 5.8107742e-04 3.8708100e-04]
1369,شش توله سگ به طور همزمان به دنیا آمدند. پس از ۶ ماه، یکی از توله سگ‌ها بسیار سنگین‌تر از سایرین بود. کدام یک از توضیحات زیر، دلیل احتمالی برای تفاوت اندازه آن توله سگ است؟,"['بیشتر غذا خورد.', 'بیشتر فعال بود.', 'بیشتر آب نوشید.', 'نور خورشید بیشتری دریافت کرد.']",A,افزایش وزن بیشتر ناشی از دریافت کالری اضافی است که با خوردن غذای بیشتر حاصل می‌شود، نه عوامل دیگر.,A,0.8289167284965515,A,0.6186767816543579,True,True,True,False,[0.8289167  0.07680067 0.00725607 0.08702657],[0.6186768  0.33115384 0.0053526  0.0448168 ]
1370,کدام بخش از غشای سلولی مسئول انتقال فعال مولکول‌ها به درون سلول است؟,"['کربوهیدرات', 'سیتوپلاسم', 'فسفولیپید', 'پروتئین']",D,این فرآیند نیازمند انرژی و حامل‌های تخصصی است که در غشا وجود دارند.,C,0.60938560962677,C,0.4718649685382843,False,False,False,False,[0.11999514 0.07278074 0.6093856  0.19783854],[0.04389028 0.01237982 0.47186497 0.47186497]
1371,ذرات درون یک ماده در حال حرکتی مداوم هستند. ذرات کدام یک از این مواد کمترین مقدار انرژی جنبشی را دارند؟,"['موم شمع در دمای اتاق', 'آب در یک لیوان آب یخ', 'بخار از یک فنجان قهوه', 'تکه یخ در یک لیوان چای']",D,انرژی جنبشی با دما رابطه مستقیم دارد و یخ سردترین گزینه است، بنابراین کمترین انرژی را دارد.,B,0.4738944172859192,B,0.6367346048355103,False,False,False,False,[0.3269773  0.47389442 0.1352437  0.0638846 ],[0.26543048 0.6367346  0.02178786 0.07604711]
1372,در مناطقی که بادهای غالب از اقیانوس‌ها به سمت ساحل می‌وزند، کدام یک از موارد زیر بیشتر احتمال دارد رخ دهد؟,"['بارش سنگین\u200cتر', 'شرایط خشک\u200cتر', 'دماهای سردتر', 'طوفان\u200cهای شدید مکرر']",A,بادهای مرطوب اقیانوسی با برخورد به ساحل، صعود کرده و خنک می‌شوند که باعث تراکم رطوبت و افزایش بارندگی می‌شود.,A,0.6451758146286011,A,0.9947217702865601,True,True,True,True,[0.6451758  0.04655417 0.0023178  0.30595225],[9.9472177e-01 3.2064307e-03 5.5719411e-04 1.5146106e-03]
1373,یک اتم حداقل مقدار جرم را از دست می‌دهد اگر,"['یک پروتون را از دست بدهد.', 'یک نوترون را از دست بدهد.', 'یک هسته را از دست بدهد.', 'یک الکترون را از دست بدهد.']",D,جرم الکترون بسیار ناچیز است و از دست دادن آن کمترین تأثیر را بر جرم اتم می‌گذارد.,D,0.5220105051994324,D,0.9341093301773071,True,True,True,True,[0.21760635 0.2465803  0.01380285 0.5220105 ],[0.04120253 0.02205413 0.00263399 0.93410933]
1374,گرگ‌ها، که در زمره شکارچیان برتر هستند، در دهه ۱۹۳۰ از پارک ملی یلواستون حذف شدند. در سال ۱۹۹۵، گرگ‌ها دوباره به یلواستون معرفی شدند. در دوره‌ای که گرگ‌ها از یلواستون غایب بودند، کدام یک احتمال بیشتری داشت که اتفاق بیفتد؟,"['افزایش رقابت برای منابع غذایی در میان شکارهای کوچک', 'فرصت بیشتری برای شکوفایی تولیدکنندگان اولیه', 'افزایش جمعیت مصرف\u200cکنندگان سومی', 'بالانس بیشتری در روابط شکارچی-شکار']",A,با حذف شکارچی اصلی، جمعیت گیاه‌خواران افزایش یافت و چرای شدید آن‌ها فرصت رشد برای پوشش گیاهی را کاهش داد، بنابراین عکس حالت صحیح محتمل نبود.,A,0.9923219084739685,A,0.9701560139656067,True,True,True,False,[0.9923219  0.00213913 0.00101045 0.00452854],[9.7015601e-01 2.2726933e-02 6.0565223e-04 6.5113748e-03]
1375,درختان صنوبر بالزام در ایالت مِین دارای طول سوزن مشابه هستند. چرا درختان طول سوزن مشابهی دارند؟,"['به خاطر مقدار نوری که دریافت می کنند', 'به خاطر نزدیکی آنها به دریا', 'به خاطر اطلاعات ارثی موجود در دانه ها', 'به خاطر نوع حشراتی که سوزن ها را می خورند']",C,طول سوزن درختان عمدتاً توسط ژنتیک تعیین می‌شود و این ویژگی ارثی در گونه‌های یکسان مشترک است، نه عوامل محیطی.,A,0.5599842667579651,C,0.9050996899604797,False,True,True,True,[0.55998427 0.04088328 0.33964762 0.05948482],[0.08484767 0.00534004 0.9050997  0.00471257]
1376,یک هواپیما با سرعت ثابت ۸۰۰ کیلومتر در ساعت (km/h) سفر می‌کند. به طور تقریبی، مدت زمان لازم برای سفر هواپیما به مسافت ۲۰۰ کیلومتر چقدر خواهد بود؟,"['۱۵ دقیقه', '۲۵ دقیقه', '۲ ساعت', '۴ ساعت']",A,با تقسیم مسافت بر سرعت، زمان ۰.۲۵ ساعت به دست می‌آید که معادل [MASK] است.,A,0.8103018999099731,A,0.7530271410942078,True,True,True,False,[0.8103019  0.15955791 0.01876103 0.01137914],[0.75302714 0.24256963 0.00088862 0.00351456]
1377,برخی از دریاچه‌ها در شمال شرقی ایالات متحده شاهد کاهش در سطح pH بوده‌اند که منجر به مرگ بسیاری از ماهی‌ها شده است. دلیل اصلی این تغییر در سطح pH چیست؟,"['نیروگاه\u200cهای هسته\u200cای', 'نیروگاه\u200cهای برق آبی', 'کارخانه\u200cهای ذغال\u200cسنگ\u200cسوز', 'مزارع غیرتجاری']",C,باران اسیدی ناشی از آلاینده‌های صنعتی منتشرشده در هوا، اسیدیته دریاچه‌ها را افزایش داده و باعث مرگ ماهی‌ها می‌شود.,A,0.40204763412475586,C,0.9114600419998169,False,True,True,True,[0.40204763 0.40204763 0.19140336 0.00450138],[5.2230820e-02 3.5897683e-02 9.1146004e-01 4.1144612e-04]
1378,شرکت‌های انرژی معمولاً برق را از منابع مختلف تولید می‌کنند. استفاده از کدام منبع بیشترین بهبود را در کیفیت هوا به همراه خواهد داشت؟,"['نفت', 'گاز', 'زغال\u200cسنگ', 'باد']",D,انرژی [MASK] بدون انتشار آلاینده‌ها کار می‌کند، برخلاف سوخت‌های فسیلی که هوا را آلوده می‌کنند و جایگزینی آن بهبود چشمگیری ایجاد می‌کند.,D,0.9591237902641296,D,0.9740729331970215,True,True,True,True,[3.7334818e-02 3.0171161e-03 5.2429613e-04 9.5912379e-01],[2.2908000e-02 2.1307759e-03 8.8823953e-04 9.7407293e-01]
1379,برخی افراد موهای صاف دارند و برخی موهای فر. چه چیزی تعیین می‌کند که یک فرد با موهای فر متولد شود یا با موهای صاف؟,"['نوع موی والدین آنها', 'نوع موی برادران و خواهران آنها', 'رنگ موی آنها', 'رنگ پوست آنها']",A,ویژگی‌های فیزیکی مانند مو از طریق ژن‌های والدین به ارث می‌رسند و ساختار آن را تعیین می‌کنند.,A,0.9923505187034607,A,0.9856505990028381,True,True,True,False,[9.9235052e-01 5.1921438e-03 5.4724794e-04 1.9100830e-03],[0.9856506  0.01080091 0.00241001 0.00113841]
1380,اگر یک یون سه الکترون بیشتر از پروتون‌ها داشته باشد، دارای,"['جرم +3 است.', 'جرم -3 است.', 'بار +3 است.', 'بار -3 است.']",D,الکترون‌های اضافی بار منفی ایجاد می‌کنند و تعدادشان بار کلی را تعیین می‌کند.,C,0.35126715898513794,D,0.46687301993370056,False,True,True,True,[0.16722824 0.13023749 0.35126716 0.35126716],[0.22053519 0.24989913 0.06269269 0.46687302]
1381,کدامیک از این موارد به احتمال زیاد رفتاری از حیوانات اهلی است که با حیوانات وحشی متفاوت است؟,"['انتقال به اقلیم گرمتر در زمستان', 'خوردن از دست انسان\u200cها', 'شکار غذا برای خود', 'دور ماندن از انسان\u200cها']",B,حیوانات اهلی به انسان اعتماد دارند و غذا از او می‌گیرند، برخلاف حیوانات وحشی که مستقل و دور از انسان زندگی می‌کنند.,C,0.49141204357147217,B,0.5626685619354248,False,True,True,True,[0.06598784 0.4336696  0.49141204 0.00893048],[0.02845477 0.56266856 0.38671607 0.0221606 ]
1382,چه اتفاقی می‌افتد وقتی دمای آب از ۱۰ درجه سانتی‌گراد به -۱۰ درجه سانتی‌گراد تغییر می‌کند؟,"['آب از حالت جامد به گاز تبدیل می\u200cشود.', 'آب از حالت مایع به گاز تبدیل می\u200cشود.', 'آب از حالت مایع به جامد تبدیل می\u200cشود.', 'آب از حالت جامد به مایع تبدیل می\u200cشود.']",C,با کاهش دما از بالای صفر به زیر صفر، آب مایع منجمد شده و جامد می‌شود.,C,0.9663199186325073,C,0.9872187376022339,True,True,True,True,[0.01989926 0.00646034 0.9663199  0.00732053],[9.7924368e-03 2.1849880e-03 9.8721874e-01 8.0381217e-04]
1383,نکته‌ای که برخی از گیاهان در برابر جانوران در خشکسالی دارند چیست؟,"['الف) گیاهان می\u200cتوانند از آب زیرزمینی استفاده کنند.', 'ب) گیاهان می\u200cتوانند بدون آب زندگی کنند.', 'ج) گیاهان اکسیژن آزاد می\u200cکنند.', 'د) گیاهان نمی\u200cتوانند حرکت کنند.']",A,ریشه‌های عمیق گیاهان امکان دسترسی به منابع آبی پایین‌تر را فراهم می‌کند، برخلاف جانوران که به آب سطحی وابسته‌اند.,A,0.9983277916908264,A,0.9993763566017151,True,True,True,True,[9.9832779e-01 8.1365160e-04 2.9932571e-04 5.5921404e-04],[9.9937636e-01 2.5604558e-04 2.1226924e-04 1.5529949e-04]
1384,کدام یک از گزینه‌های زیر نتیجه نامطلوبی از یک طوفان گردبادی نیست؟,"['درختان افتاده خطر آتش\u200cسوزی ایجاد می\u200cکنند.', 'زیستگاه\u200cهای جانوری دچار خسارت قابل توجهی می\u200cشوند.', 'طوفان\u200cزدگی تخم\u200cگذاری لاک\u200cپشت\u200cهای دریایی را نابود می\u200cکند.', 'زائدات زیستگاه\u200cهای اضافی برای پشه\u200cها ایجاد می\u200cکند.']",C,ایجاد زیستگاه برای پشه‌ها پیامد مثبت یا خنثی است، نه نامطلوب، برخلاف دیگر گزینه‌ها که آسیب‌های منفی دارند.,A,0.4987886846065521,A,0.4451627731323242,False,False,False,False,[0.49878868 0.05216282 0.18206614 0.26698235],[0.44516277 0.44516277 0.04140659 0.06826793]
1385,یک دانشجو سه بشر را پر کرد، هر یک با ۵۰ میلی لیتر آب مایع. دانشجو بشر ۱ را خنک کرد تا یخ تشکیل شود. دانشجو بشر ۲ را گرم کرد تا بخار آب (گاز) تشکیل شود. بشر ۳ در دما اتاق باقی ماند. چه فرآیندی رخ می‌دهد هنگامی که آب مایع به بخار (گاز) تبدیل می‌شود؟,"['تراکم', 'تبخیر', 'یخ زدن', 'آب شدن']",B,گرم کردن آب مایع باعث می‌شود مولکول‌ها انرژی گرفته و به گاز تبدیل شوند.,B,0.9947210550308228,B,0.997972309589386,True,True,True,True,[4.5840349e-03 9.9472106e-01 1.4735355e-04 5.4748484e-04],[1.8098167e-03 9.9797231e-01 1.1569770e-04 1.0210287e-04]
1386,یک جامعه سبز بسیاری از شهرها در ایالات متحده در حال توسعه «جامعه‌های سبز» هستند. یک جامعه سبز به منظور کاهش مصرف انرژی طراحی شده و شامل خانه‌ها، آپارتمان‌ها و کسب‌وکارهای نزدیک است. فروشگاه‌های مواد غذایی، رستوران‌ها و سینماها همگی در فاصله پیاده‌روی از منازل در این جامعه قرار دارند. مردم مسافت‌های کمتری را به مدارس و محل کار خود طی می‌کنند. بسیاری از ساختمان‌های یک جامعه سبز از مواد تجدیدپذیر و بازیافتی ساخته شده‌اند. انرژی خورشیدی دما را در ساختمان‌ها در سطح راحتی نگه می‌دارد. ویژگی‌های طبیعی منظر، مانند درختان و گیاهان، به دقت در مکان‌هایی قرار گرفته‌اند که سایه‌ای ایجاد کرده و دماها را کنترل کنند. باغ‌های اجتماعی به ساکنان این امکان را می‌دهند که غذا و گل پرورش دهند.,"['با چوب منازل خود را گرم می\u200cکنند', 'سبزیجات را قبل از پختن می\u200cشویند', 'با خودروهای با سوخت بنزینی رانندگی می\u200cکنند', 'در باغ جامعه گل می\u200cکارند']",C,متن اشاره می‌کند که ساکنان می‌توانند در باغ‌های مشترک گیاهان پرورش دهند، که با هدف این جوامع سازگار است.,D,0.7101852893829346,D,0.9499722123146057,False,False,False,False,[0.22966452 0.05124508 0.00890506 0.7101853 ],[0.04141405 0.00719668 0.00141711 0.9499722 ]
1387,زمانی که یخ در 0 درجه سلسیوس شروع به ذوب شدن می‌کند، مولکول‌های آب,"['شروع به از دست دادن بخشی از جرم اتمی خود می\u200cکنند.', 'به اتم\u200cهای جداگانه آب شکسته می\u200cشوند.', 'به طور آزادانه\u200cتری در رابطه با یکدیگر حرکت می\u200cکنند.', 'حرارت را به جو اطراف آزاد می\u200cکنند.']",C,ذوب یخ فقط ساختار مولکولی را تغییر می‌دهد و پیوندهای شیمیایی شکسته نمی‌شوند، بنابراین مولکول‌ها آزادتر حرکت می‌کنند.,C,0.8492134809494019,C,0.9847673773765564,True,True,True,True,[0.10202011 0.03312108 0.8492135  0.01564529],[1.2275922e-02 2.4172724e-03 9.8476738e-01 5.3936639e-04]
1388,کدام یک از موارد زیر مسیر حمل و نقل نیست؟,"['A) برج رادیویی', 'B) جاده', 'C) باند فرود', 'D) خط لوله']",A,برج رادیویی برای مخابرات است و در جابه‌جایی فیزیکی نقش ندارد، برخلاف سایر موارد که مسیرهای حمل‌ونقل هستند.,A,0.4974917769432068,A,0.8894922137260437,True,True,True,True,[0.49749178 0.08611406 0.2081971  0.2081971 ],[0.8894922  0.08338457 0.00604036 0.02108292]
1389,کدام یک از این موارد بهترین نمونه از فرسایش فیزیکی است؟,"['حشرات در حال خوردن یک درخت مرده', 'بیل مکانیکی در حال جابجایی خاک', 'یخ در حال ترک خوردن یک سنگ', 'باران اسیدی در حال حل کردن سنگ آهک']",C,یخ‌بندان آب در شکاف سنگ‌ها باعث انبساط و ترک خوردن آن‌ها می‌شود که یک فرآیند کاملاً مکانیکی بدون تغییر شیمیایی است.,B,0.7478312849998474,B,0.7812199592590332,False,False,False,False,[0.04780725 0.7478313  0.18908136 0.01528012],[0.01608753 0.78121996 0.1959862  0.00670628]
1390,لایه‌های لیتوسفر به حرکت درآمده‌اند تا شکل‌های زمینی را بر روی سطح زمین ایجاد کنند. کدام شکل زمینی به‌عنوان نتیجه‌ای از چین خوردن لایه‌ها بر روی یکدیگر رخ می‌دهد؟,"['زلزله', 'رشته\u200cکوه', 'رودخانه', 'آتش\u200cفشان']",B,چین‌خوردگی لایه‌ها در اثر فشار، شکل‌های موجی بزرگ مانند کوه‌ها را ایجاد می‌کند.,A,0.5091390013694763,B,0.994413435459137,False,True,True,True,[0.509139   0.44931358 0.00495258 0.03659489],[4.0165940e-03 9.9441344e-01 6.1596464e-04 9.5402473e-04]
1391,کدام گزینه بهترین توصیف را از مخلوط و محلول ارائه می‌دهد؟,"['یک جامد در مایع حل می\u200cشود.', 'دو ماده مختلف ترکیب می\u200cشوند.', 'ماده\u200cای با خواص جدید شکل می\u200cگیرد.', 'مواد ترکیب\u200cشده قابل جداسازی نیستند.']",B,مخلوط ترکیب فیزیکی مواد است که خواصشان حفظ می‌شود و محلول نوعی مخلوط همگن است، بنابراین این گزینه هر دو را پوشش می‌دهد.,A,0.622687578201294,A,0.8172332048416138,False,False,False,False,[0.6226876  0.03512963 0.00888216 0.33330065],[0.8172332  0.01914455 0.00332682 0.16029538]
1392,در بیابان سیاه نوادا در تاریخ ۱۵ اکتبر ۱۹۹۷، اندی گرین مسافت معینی را با سرعت میانگین ۳۳۹ متر در ثانیه در یک خودروی جت‌برقی به نام «ترست» طی کرد. اندی اولین شخص بود که,"['از اثر داپلر استفاده کرد.', 'در یک خودروی با سوخت جت رانندگی کرد.', 'از بیابان سیاه نوادا عبور کرد.', 'حالت صوتی را در زمین شکسته است.']",D,او با رسیدن به سرعت ۱۲۲۴ کیلومتر بر ساعت، برای نخستین بار دیوار صوتی را در خشکی شکست و رکورد جهانی ثبت کرد.,A,0.6807039976119995,A,0.4737435281276703,False,False,False,False,[0.680704   0.08161669 0.22185716 0.01582212],[0.47374353 0.06411421 0.4180772  0.04406501]
1393,جرمی با متوسط سرعت ۳ کیلومتر در ساعت (km/h) پیاده‌روی کرد. او در ۳۰ دقیقه چقدر راه رفته بود؟,"['۰.۱ کیلومتر', '۱.۵ کیلومتر', '۱۰ کیلومتر', '۹۰ کیلومتر']",B,سرعت متوسط ۳ کیلومتر در ساعت است و نیم ساعت نصف این مسافت را طی می‌کند.,A,0.8261343836784363,A,0.6107114553451538,False,False,False,False,[0.8261344  0.16140956 0.00334995 0.0091061 ],[0.61071146 0.37041524 0.01118557 0.00768772]
1394,کدام دو تغییر زیست محیطی معمولاً باعث مهاجرت برخی از حیوانات می‌شوند؟,"['تغییر فصل و شکارچیان کمتر', 'تغییر فصل و غذای کمتر', 'از دست دادن زیستگاه و شکارچیان کمتر', 'از دست دادن زیستگاه و غذای بیشتر']",B,تغییر فصل و کمبود غذا از عوامل طبیعی و رایجی هستند که حیوانات را به جستجوی منابع جدید وادار می‌کنند.,D,0.5852412581443787,D,0.5164297819137573,False,False,False,False,[0.3535829  0.05464897 0.00652689 0.58524126],[0.27859297 0.10248863 0.10248863 0.5164298 ]
1395,کیره متوجه می‌شود که گیاهان در باغ مدرسه در ماه جولای سبز و در حال رشد هستند، اما در دسامبر قهوه‌ای هستند. چرا گیاهان در تابستان بیشتر از زمستان رشد می‌کنند؟,"['زمین در تابستان به خورشید نزدیک\u200cتر است.', 'زمین در تابستان با سرعت بیشتری می\u200cچرخد.', 'هسته زمین در تابستان به سطح نزدیک\u200cتر است.', 'نیمکره شمالی زمین در تابستان به سمت خورشید مایل است.']",D,در تابستان، تابش مستقیم‌تر خورشید و روزهای طولانی‌تر انرژی و نور بیشتری برای فتوسنتز گیاهان فراهم می‌کنند.,A,0.810413658618927,A,0.5311333537101746,False,False,False,False,[0.81041366 0.02778505 0.0519093  0.10989198],[0.53113335 0.0122974  0.4136471  0.04292215]
1396,سیلاب‌های رودخانه‌ای می‌توانند به محیط‌ زیست کمک یا آسیب برسانند. کدام یک از این موارد می‌تواند اثر مفیدی از یک سیلاب باشد؟,"['ساحل\u200cهای رودخانه فرسوده', 'خاک\u200cهای حاصل\u200cخیزتر', 'درختان کمتر در نزدیکی رودخانه\u200cها', 'زیستگاه کمتر برای حیوانات آبزی']",B,سیلاب‌ها با افزودن مواد مغذی، خاک را برای کشاورزی و رشد گیاهان غنی می‌کنند.,A,0.6205698251724243,B,0.9393683075904846,False,True,True,True,[6.2056983e-01 3.7639463e-01 4.9939303e-04 2.5361271e-03],[6.0522798e-02 9.3936831e-01 3.7931255e-05 7.0864917e-05]
1397,زمان مورد نیاز برای یک دوچرخه برای طی مسافت 100 متر با سرعت متوسط 2 متر بر ثانیه چقدر است؟,"['0.02 ثانیه', '50 ثانیه', '100 ثانیه', '200 ثانیه']",B,زمان برابر است با تقسیم مسافت بر سرعت که نتیجه آن ۵۰ ثانیه می‌شود.,D,0.5683690905570984,B,0.9877865314483643,False,True,True,True,[0.12485412 0.29950947 0.00726738 0.5683691 ],[0.00518343 0.98778653 0.00115658 0.00587359]
1398,یک کلاس مقدار ویتامین C موجود در آب‌پرتقال تازه را آزمایش کرده و مقدار متفاوتی نسبت به کلاس قبلی که همین تحقیق را انجام داده بود محاسبه کرده است. چه کار باید انجام شود تا اطمینان حاصل شود که نتایج آنها دقیق است؟,"['آزمایش آب\u200cپرتقالی دیگر', 'تحلیل داده\u200cهای ثبت\u200cشده', 'از یک دانشمند بپرسید چه اشتباهی رخ داده است', 'تحقیق را دو بار دیگر تکرار کنید']",D,تکرار آزمایش برای تأیید صحت نتایج و کاهش خطاهای احتمالی ضروری است.,D,0.7854758501052856,D,0.8473399877548218,True,True,True,True,[1.9782512e-01 1.6112108e-02 5.8688346e-04 7.8547585e-01],[1.4667155e-01 5.6870733e-03 3.0140384e-04 8.4733999e-01]
1399,فرآیند عمده تشکیل سنگ‌های سطحی در آتشفشان‌ها چیست؟,"['سنگ به سرعت از سنگ مذاب خنک می\u200cشود.', 'سنگ توسط فشار شدید بلوری شده است.', 'سنگ به آرامی در زیر زمین سخت می\u200cشود.', 'سنگ از رسوبات جمع\u200cآوری شده تشکیل می\u200cشود.']",A,سنگ‌های سطحی آتشفشان‌ها از سرد شدن سریع گدازه در هوا یا آب تشکیل می‌شوند.,A,0.6336333751678467,A,0.7107333540916443,True,True,True,True,[0.6336334  0.234013   0.00807029 0.12428337],[0.71073335 0.23255107 0.00482644 0.05188916]
1400,یک ستاره با دو برابر جرم خورشید چه خواهد کرد؟,"['با یک فرایند شکافت زندگی خود را آغاز خواهد کرد.', 'منبع سوخت خود را بسیار سریعتر مصرف خواهد کرد.', 'شرایطی برای وقوع شعله\u200cهای خورشیدی بیشتری فراهم خواهد کرد.', 'به یک سحابی منجر خواهد شد.']",B,جرم بیشتر باعث افزایش دمای هسته و تسریع همجوشی می‌شود، بنابراین سوخت با سرعت بیشتری مصرف می‌شود.,D,0.35336583852767944,B,0.8235398530960083,False,True,True,True,[0.31184426 0.31184426 0.02294566 0.35336584],[0.16090263 0.82353985 0.00633712 0.00922046]
1401,در یک حوزه خاص، گیاهان با گل‌های آبی توسط زنبورها گرده‌افشانی می‌شوند، در حالی که گیاهان با گل‌های سفید توسط بیدها گرده‌افشانی می‌شوند. اگر جمعیت زنبورها کاهش یابد، چه چیزی احتمالاً اتفاق خواهد افتاد؟,"['جمعیت گل\u200cهای آبی به مرور زمان افزایش خواهد یافت.', 'جمعیت گل\u200cهای سفید به مرور زمان افزایش خواهد یافت.', 'بیدها شروع به گرده\u200cافشانی گل\u200cهای آبی خواهند کرد.', 'زنبورها شروع به گرده\u200cافشانی گل\u200cهای سفید خواهند کرد.']",B,با کاهش گرده‌افشانی گل‌های آبی، رقابت کمتر شده و گل‌های سفید فرصت بیشتری برای رشد و افزایش جمعیت پیدا می‌کنند.,C,0.5660594701766968,B,0.9386993646621704,False,True,True,True,[0.3905693  0.0363286  0.56605947 0.00704262],[5.9658453e-02 9.3869936e-01 1.0926827e-03 5.4943538e-04]
1402,یک اتم خاص دارای ۲۰ الکترون، ۲۱ نوترون و ۲۰ پروتون است. جرم اتمی این اتم چیست؟,"['۲۰', '۲۱', '۴۱', '۶۱']",C,جرم اتمی از مجموع پروتون‌ها و نوترون‌ها محاسبه می‌شود.,C,0.7365448474884033,C,0.6569548845291138,True,True,True,False,[0.02259198 0.00174211 0.73654485 0.2391211 ],[0.12735651 0.00240666 0.6569549  0.21328202]
1403,تمام موجودات مواد غذایی را پردازش می‌کنند. کدام جمله بهترین توصیف را از چگونگی پردازش مواد غذایی توسط گیاهان و حیوانات به‌طور مشابه ارائه می‌دهد؟,"['انرژی خورشید مواد غذایی را تولید می\u200cکند.', 'مواد غذایی قدرت دیواره\u200cهای سلولی را افزایش می\u200cدهند.', 'سلول\u200cها مواد غذایی را به اشکال قابل استفاده تجزیه می\u200cکنند.', 'مواد غذایی توسط سیستم گوارش تجزیه می\u200cشوند.']",C,هر دو موجود با استفاده از فرآیندهای سلولی، مواد غذایی را به شکل قابل مصرف درمی‌آورند.,C,0.9633567333221436,C,0.9838128089904785,True,True,True,True,[0.03312561 0.00208482 0.96335673 0.00143287],[1.4254329e-02 1.3258591e-03 9.8381281e-01 6.0702249e-04]
1404,ولتاژ در یک مدار الکتریکی ثابت نگه داشته شده است. اگر مقاومت دو برابر شود، چه اتفاقی برای جریان در این مدار می‌افتد؟,"['جریان سه برابر می\u200cشود.', 'جریان دو برابر می\u200cشود.', 'جریان نصف می\u200cشود.', 'جریان ثابت باقی می\u200cماند.']",C,با ثابت بودن ولتاژ و افزایش مقاومت، جریان طبق قانون اهم کاهش می‌یابد.,C,0.45578956604003906,C,0.9018919467926025,True,True,True,True,[0.35496926 0.16637075 0.45578957 0.0228704 ],[0.02146049 0.07374318 0.90189195 0.00290436]
1405,اگر یک بدنه آب دارای سطح کدورت بالایی باشد، چه نتیجه‌ای می‌توان گرفت؟,"['pH آن پایین است.', 'برای نوشیدن ایمن نیست.', 'برای نوشیدن خیلی داغ است.', 'دارای مقدار زیادی مواد شیمیایی است.']",B,کدورت بالا نشان‌دهنده آلودگی و ذرات مضر است که نوشیدن را خطرناک می‌کند.,A,0.5840376615524292,B,0.9287630915641785,False,True,True,True,[0.58403766 0.10149053 0.00185886 0.31261286],[2.4558086e-02 9.2876309e-01 7.5758180e-05 4.6603058e-02]
1406,یک مدرسه تمام لامپ‌های خود را با نوع جدیدی از لامپ‌ها تعویض کرد. لامپ‌های جدید انرژی کمتری مصرف می‌کنند. این لامپ‌های جدید چگونه احتمالاً به محیط زیست کمک خواهند کرد؟,"['مقدار آلودگی نوری کاهش خواهد یافت.', 'دستگاه تهویه مطبوع در مدرسه کمتر کار خواهد کرد.', 'منابع طبیعی کمتری برای تولید برق مصرف خواهد شد.', 'پول بیشتری در قبض برق مدرسه صرفه\u200cجویی خواهد شد.']",C,مصرف کمتر انرژی باعث کاهش نیاز به تولید برق و در نتیجه حفظ منابع طبیعی می‌شود که برای محیط زیست مفید است.,C,0.8649135828018188,C,0.9694631695747375,True,True,True,True,[0.1326388  0.00145064 0.8649136  0.00099701],[2.9275252e-02 8.5683702e-04 9.6946317e-01 4.0474118e-04]
1407,سال‌هاست که بسیاری از ستاره‌شناسان معتقد بودند که منظومه شمسی ما از یک ابر غبار و گاز که به آرامی متراکم می‌شود تشکیل شده است. شواهد جدید نشان می‌دهد که ممکن است منظومه شمسی ما زمانی تشکیل شده باشد که ستاره‌های بزرگ و کوتاه‌مدت در یک سحابی منفجر شدند. محتمل‌ترین نتیجه شواهد جدید چیست؟,"['فرضیه قدیمی منسوخ خواهد شد.', 'فرضیه جدید به دلیل تعارض رد خواهد شد.', 'شواهد مربوط به فرضیه قدیمی نادیده گرفته خواهد شد.', 'شواهد قبل از اصلاح فرضیه قدیمی تأیید خواهد شد.']",D,شواهد جدید فرضیه قبلی را تکمیل می‌کنند، نه اینکه آن را به طور کامل رد کنند.,A,0.9766094088554382,A,0.9952062964439392,False,False,False,False,[0.9766094  0.00661901 0.00275921 0.01401245],[0.9952063  0.00133598 0.00151387 0.00194385]
1408,کدام یک از معادلات شیمیایی زیر به درستی نوشته شده و اصل بقای ماده را نشان می‌دهد؟,"['Mg + HCl -> H_{2} + MgCl_{2}', 'H_{2}O + CO_{2} -> H_{2}CO_{3}', 'KClO_{3} -> KCl + O_{2}', 'H_{2} + O_{2} -> H_{2}O']",B,تعداد اتم‌های هر عنصر در دو طرف این معادله برابر است و اصل بقای ماده را رعایت می‌کند.,A,0.5327250957489014,A,0.3721425533294678,False,False,False,False,[0.5327251  0.1526283  0.09257374 0.22207285],[0.37214255 0.1358382  0.37214255 0.11987679]
1409,استفاده از پنل‌های خورشیدی برای تبدیل انرژی خورشیدی به برق ممکن است به کُند شدن کاهش کدام منبع کمک کند؟,"['نور خورشید', 'آب', 'زغال\u200cسنگ', 'مس']",C,پنل‌های خورشیدی با تولید برق از انرژی تجدیدپذیر، مصرف سوخت‌های فسیلی را کاهش داده و ذخایر آن‌ها را حفظ می‌کنند.,C,0.5416057705879211,C,0.936023473739624,True,True,True,True,[0.421803   0.01288749 0.5416058  0.02370372],[0.05937231 0.00230211 0.9360235  0.00230211]
1410,کلاس جفرسون در حال مطالعه گل آفتابگردان‌ها بود. آنها آموختند که گل آفتابگردان‌ها قادرند غذا تولید کنند. کدام بخش‌های گل آفتابگردان بیشترین تابش نور خورشید را که برای تولید غذا نیاز است، جمع‌آوری می‌کنند؟,"['گل\u200cها', 'برگ\u200cها', 'دانه\u200cها', 'ریشه\u200cها']",B,[MASK] نور خورشید را برای فتوسنتز جذب می‌کنند و غذا تولید می‌شود.,B,0.9679979085922241,B,0.9833986759185791,True,True,True,True,[2.9117044e-02 9.6799791e-01 7.7594287e-04 2.1092314e-03],[1.5833190e-02 9.8339868e-01 2.8999496e-04 4.7812093e-04]
1411,در فرآیند فتوسنتز، گیاهان سبز از انرژی نور خورشید برای ساخت کدام محصول استفاده می‌کنند؟,"['دی\u200cاکسید کربن', 'کلروفیل', 'قند', 'دی\u200cان\u200cای']",C,گیاهان با استفاده از نور خورشید، مواد غذایی شیرین تولید می‌کنند که منبع انرژی است.,C,0.7738617658615112,A,0.5494323968887329,True,False,False,False,[0.10411894 0.11798221 0.77386177 0.00403713],[0.5494324  0.02113802 0.42789838 0.00153123]
1412,یک شکارچی حیوانی است که از حیوانات دیگر تغذیه می‌کند. کدام یک از این‌ها یک شکارچی است؟,"['گوزن', 'گرگ', 'گاو', 'بز']",B,این حیوان گوشتخوار است و با شکار حیوانات دیگر تغذیه می‌کند.,B,0.9766793251037598,B,0.9855402112007141,True,True,True,True,[2.0429317e-02 9.7667933e-01 4.5134235e-04 2.4399336e-03],[1.2406120e-02 9.8554021e-01 3.7463239e-04 1.6789859e-03]
1413,دانشمندان غالباً نتیجه‌گیری‌ها را زمانی که اطلاعات جدید موجود می‌شود تغییر می‌دهند. کدام یک از این بیانی‌ها به دلیل در دسترس بودن اطلاعات جدید تغییر کرده است؟,"['ماه در فضای خارج است.', 'گیاهان غذای خود را تولید می\u200cکنند.', 'خورشید به دور زمین می\u200cچرخد.', 'محصولات کاغذی از چوب به دست می\u200cآیند.']",C,این باور قدیمی با پیشرفت علم و مشاهدات دقیق‌تر نجوم، به طور کامل رد شد و نتیجه‌گیری جدید جایگزین آن گردید.,B,0.49462974071502686,C,0.9557203650474548,False,True,True,True,[0.14226845 0.49462974 0.34128425 0.02181757],[4.2155772e-02 1.4424912e-03 9.5572037e-01 6.8138458e-04]
1414,شپشک‌ها حشرات کوچک و نرم‌بدنی هستند که از برخی انواع گیاهان تغذیه می‌کنند. کدام سطح از یک شبکه غذایی توسط یک شپشک اشغال می‌شود؟,"['تولیدکننده', 'پوسیده\u200cخوار', 'مشتری سطح اول', 'مشتری سطح دوم']",C,این حشره مستقیماً از گیاهان تغذیه می‌کند و در رده مصرف‌کنندگان اول قرار دارد.,B,0.8142079710960388,B,0.47141173481941223,False,False,False,False,[0.09762387 0.814208   0.03591382 0.05225429],[0.03037271 0.47141173 0.47141173 0.02680382]
1415,تعداد موجودات زنده در دریاچه و اطراف آن در طول ماه ژوئن نسبتاً ثابت باقی ماند. در ماه ژوئیه، یک دوره سه هفته‌ای با دماهای بالا و بدون بارش باران وجود داشت. این منجر به فراوانی بیش از حد جلبک‌های سبز شد که تقریباً سطح دریاچه را پوشانده بود. این احتمالاً منجر به چه چیزی خواهد شد؟,"['کاهش تعداد باکتری\u200cها.', 'کاهش مقدار اکسیژن.', 'افزایش دماى آب.', 'افزایش جمعيت ماهي\u200cها.']",B,رشد بیش‌ازحد جلبک‌ها با تجزیه، اکسیژن آب را مصرف کرده و سطح آن را کاهش می‌دهد.,B,0.9892471432685852,B,0.9994182586669922,True,True,True,True,[4.0904828e-03 9.8924714e-01 7.1081927e-04 5.9516169e-03],[3.37897014e-04 9.99418259e-01 1.03052764e-04 1.40856428e-04]
1416,یک کشاورز سه مزرعه بزرگ دارد که برنامه‌ریزی کرده است تا علف‌ها را برای برداشت کاه رشد دهد. علف‌ها باید تنها پس از دو سال رشد برداشت شوند. کشاورز چه کاری می‌تواند انجام دهد تا مطمئن شود هر سال محصول کاه دارد؟,"['هر مزرعه را با فاصله یک ساله بکارید.', 'علف\u200cها را به نزدیکی هم بکارید.', 'تمام مزرعه\u200cها را همزمان بکارید، اما با انواع مختلفی از علف\u200cها.', 'علف\u200cهای فصل گرم و علف\u200cهای فصل خنک را در هر مزرعه همزمان بکارید.']",A,کاشت متناوب مزارع هر سال، برداشت مستمر را تضمین می‌کند زیرا محصول هر دو سال یک‌بار آماده می‌شود.,C,0.4440339207649231,A,0.8405828475952148,False,True,True,True,[0.30517977 0.16335095 0.44403392 0.08743546],[0.84058285 0.03284856 0.11287523 0.01369332]
1417,راوی، که در استو، ماساچوست زندگی می‌کند، می‌خواهد پیامی به دوستش در هند بفرستد. کدام ابزار در ارسال این پیام کمترین کمک را خواهد کرد؟,"['مداد', 'کامپیوتر', 'تلفن', 'رادیو AM/FM']",D,برای ارسال پیام به هند، انتقال فیزیکی ابزار نوشتاری زمان‌بر و غیرعملی است، برخلاف ابزارهای ارتباطی سریع.,B,0.3818158507347107,B,0.4118112623691559,False,False,False,False,[0.16041286 0.38181585 0.16041286 0.29735848],[0.1179859  0.41181126 0.2204267  0.24977615]
1418,خاک ترکیبی از مواد مختلف است که ممکن است شامل موارد زیر باشد,"['خورشید، آب، خاک رس و شن', 'شن، خاک رس، باد و سنگریزه\u200cها', 'شن، خاک رس، گیاهان مرده و حیوانات مرده', 'برگ\u200cها، شاخه\u200cها، خورشید و باد']",C,خاک از مواد معدنی مانند شن و رس و همچنین بقایای ارگانیک گیاهان و جانوران تشکیل شده است که با این ترکیب مطابقت دارد.,B,0.5747529864311218,C,0.6505058407783508,False,True,True,True,[0.3950216  0.574753   0.02525288 0.00497259],[3.0727720e-01 4.1585445e-02 6.5050584e-01 6.3144165e-04]
1419,وظیفه اصلی دیواره سلولی در یک سلول گیاهی چیست؟,"['حفاظت در برابر بیماری', 'ایجاد حمایت ساختاری', 'نگهداری اجزای سلول', 'کمک به تقسیم سلولی']",B,این بخش عمدتاً استحکام و شکل سلول را فراهم می‌کند تا در برابر فشارهای فیزیکی مقاومت نماید، نه عملکردهای دیگر سلولی.,B,0.8750349879264832,B,0.9794189929962158,True,True,True,True,[0.02976712 0.875035   0.01428242 0.08091543],[0.01092295 0.979419   0.00215086 0.00750722]
1420,حذف مواد گیاهی، مانند باقیمانده‌های چمن، به احتمال زیاد بر روی یک اکوسیستم چگونه تأثیر خواهد گذاشت؟,"['کاهش پتانسیل فرسایش خاک.', 'افزایش غذاهای موجود برای مصرف\u200cکنندگان.', 'کاهش مواد مغذی موجود برای گیاهان جدید.', 'افزایش تجمع مواد آلی.']",C,حذف بقایای گیاهی چرخه بازگشت مواد مغذی به خاک را مختل کرده و رشد گیاهان جدید را با کمبود تغذیه مواجه می‌کند.,A,0.8277896046638489,C,0.9271007776260376,False,True,True,True,[0.8277896  0.08724838 0.05996488 0.02499708],[6.6897124e-02 5.4912507e-03 9.2710078e-01 5.1076588e-04]
1421,کدام مورد را می‌توان پس از یک بررسی با اطمینان دوباره استفاده کرد؟,"['شیشه\u200cآلاتی که برای گرم کردن مایعات استفاده شده\u200cاند', 'کاغذ فیلتر که برای فیلتر کردن آب استفاده شده است', 'دستمال کاغذی که برای جذب آب استفاده شده است', 'مواد شیمیایی پودری که از نشت تمیز شده\u200cاند']",A,شیشه‌آلات پس از شستشو و استریل‌سازی قابلیت استفاده مجدد ایمن دارند، برخلاف سایر موارد که یک‌بار مصرف یا آلوده می‌شوند.,A,0.6060500144958496,A,0.5088520050048828,True,True,True,False,[0.60605    0.17499807 0.13628864 0.08266325],[0.508852   0.44906032 0.0223574  0.01973033]
1422,زمانی که یک سگ یک گربه را می‌بیند، پیامی از چشم‌های سگ به,"['مغز سگ', 'بینی سگ', 'پاهای سگ', 'عضلات سگ']",A,پیام‌های بینایی برای پردازش و تفسیر به مرکز اصلی سیستم عصبی منتقل می‌شوند.,A,0.7358705401420593,B,0.5919812321662903,True,False,False,False,[0.73587054 0.16387454 0.00085993 0.09939493],[4.0686238e-01 5.9198123e-01 3.7101045e-04 7.8542909e-04]
1423,سیستم گوارش غذا را به مولکول‌هایی تجزیه می‌کند که توسط سلول‌های بدن ما استفاده می‌شود. کدام سیستم دیگر بدن سرعت عملکرد سیستم گوارش را تنظیم می‌کند؟,"['سیستم گردش خون', 'سیستم دفع', 'سیستم ایمنی', 'سیستم عصبی']",D,[MASK] با ارسال سیگنال‌ها، سرعت گوارش را از طریق کنترل حرکات و ترشحات تنظیم می‌کند.,A,0.6933748126029968,D,0.7823724150657654,False,True,True,True,[0.6933748  0.01621135 0.00080712 0.2896067 ],[1.9627532e-01 2.0687265e-02 6.6499109e-04 7.8237242e-01]
1424,اگر الگوهای آب و هوایی تغییر کنند و سردتر بمانند، یکی از روش‌هایی که یک پستاندار احتمالاً به این تغییر عادت می‌کند کدام است؟,"['کمتر بخورد', 'خواب زمستانی برود', 'پوده\u200cاش را ضخیم تر کند', 'دمای بدنش را افزایش دهد']",C,ضخیم‌تر شدن پوشش بدن، سازگاری تکاملی رایج برای سرمای پایدار است و عایق‌بندی بهتری ایجاد می‌کند.,B,0.9768062829971313,B,0.9803137183189392,False,False,False,False,[0.0203722  0.9768063  0.00114932 0.00167225],[9.6671358e-03 9.8031372e-01 9.6671358e-03 3.5212538e-04]
1425,کدام یک از این موارد، مزیت میکروارگانیسم‌ها نیست؟,"['آن\u200cها مواد مغذی را در خاک آزاد می\u200cکنند.', 'آن\u200cها به تولید آنتی\u200cبیوتیک\u200cها کمک می\u200cکنند.', 'آن\u200cها باعث فاسد شدن غذا می\u200cشوند.', 'آن\u200cها زباله\u200cها را تجزیه می\u200cکنند.']",C,فاسد کردن غذا اثر منفی است، نه سودمندی، برخلاف نقش‌های مفید دیگر میکروارگانیسم‌ها.,C,0.9928587675094604,C,0.994472324848175,True,True,True,True,[5.8979918e-03 6.2164373e-04 9.9285877e-01 6.2164373e-04],[4.5339218e-03 5.5868877e-04 9.9447232e-01 4.3510724e-04]
1426,یک قابلمه به شعله یک اجاق گاز تماس دارد و ماده داخل قابلمه به دلیل تماس در حال گرم شدن است. این مثال از کدام نوع انتقال انرژی است؟,"['تشعشع', 'کنوکسیون', 'رسانش', 'تبخیر']",C,انتقال گرما از طریق تماس مستقیم دو جسم با دمای متفاوت رخ می‌دهد.,B,0.8523818850517273,B,0.7014896869659424,False,False,False,False,[0.11580884 0.8523819  0.02245057 0.00935879],[0.06576046 0.7014897  0.22952655 0.00322326]
1427,برخی از محققان بر این باورند که بتا کاروتن، که در هویج وجود دارد، ممکن است به انسان‌ها کمک کند طولانی‌تر زندگی کنند. چند دانشمند یک آزمایش طراحی کردند که در آن از صد نفر خواسته می‌شد روزانه به مدت دو سال دوز دوبرابری از بتا کاروتن مصرف کنند و صد نفر دیگر به مدت همان زمان یک دارونما، یعنی قرص قند، دریافت کردند. پس از گذشت دو سال، دانشمندان برنامه‌ریزی کردند تا داده‌ها را جمع‌آوری کرده و نتیجه‌گیری کنند. این یک مثال خوب از یک مطالعه علمی نیست و به‌دلیل زیر انجام نشده است:,"['الف) گروه کنترل وجود ندارد.', 'ب) متغیرهای زیادی وجود دارد.', 'ج) گروه آزمایشی وجود ندارد.', 'د) فرضیه\u200cای که قابل آزمون باشد، وجود ندارد.']",B,مطالعه فاقد گروه پایه برای مقایسه است و هر دو گروه تحت مداخله قرار گرفته‌اند، که ارزیابی دقیق اثر را ناممکن می‌کند.,A,0.991904616355896,A,0.9979956150054932,False,False,False,False,[9.9190462e-01 3.8712568e-04 1.7178599e-04 7.5363964e-03],[9.9799562e-01 9.0473745e-04 5.8414240e-04 5.1550387e-04]
1428,قانون اول نیوتن در حرکت بیان می‌کند که یک جسم در آرامش در حالت آرامش باقی می‌ماند مگر آنکه تحت تأثیر یک نیروی خارجی قرار گیرد. کدام فعالیت مثالی از این قانون است؟,"['یک توپ فوتبال از روی تکیه\u200cگاه ضربه زده می\u200cشود.', 'یک بازیکن بیس\u200cبال به سمت پایه دوم سر می\u200cخورد.', 'یک چوب شناور از روی آبشار عبور می\u200cکند.', 'یک دوچرخه وقتی به سمت پایین می\u200cرود سریع\u200cتر حرکت می\u200cکند.']",A,این قانون بیان می‌کند که جسم متحرک بدون نیروی خارجی به حرکت خود ادامه می‌دهد. عبور از آبشار بدون نیروی اضافی، نمونه‌ای از حفظ حرکت یکنواخت است.,A,0.8343139290809631,C,0.9801133871078491,True,False,False,False,[0.8343139  0.09925611 0.04688527 0.01954469],[1.7742261e-02 1.4563736e-03 9.8011339e-01 6.8794214e-04]
1429,کدامیک از موارد زیر از اتم‌ها ساخته شده است؟,"['جاذبه', 'نور', 'حرارت', 'هوا']",D,[MASK] ماده‌ای است که از اتم‌ها تشکیل شده، برخلاف پدیده‌های فیزیکی دیگر.,B,0.5855885148048401,B,0.4762265086174011,False,False,False,False,[0.21626912 0.5855885  0.00728559 0.19085683],[0.09377456 0.4762265  0.00973053 0.42026842]
1430,یک جسم با شتاب ۳ متر بر ثانیه به توان دو زمانی که نیروی ۱۰ نیوتن به آن اعمال می‌شود، شتاب می‌گیرد. کدام نیروی زیر باعث می‌شود این جسم با شتاب ۶ متر بر ثانیه به توان دو شتاب بگیرد؟,"['۵ نیوتن', '۱۰ نیوتن', '۲۰ نیوتن', '۳۰ نیوتن']",C,جرم از نسبت نیرو به شتاب اولیه محاسبه شده و با ضرب در شتاب جدید، نیروی لازم به دست می‌آید.,C,0.8208619952201843,C,0.8564356565475464,True,True,True,True,[0.08651821 0.04630987 0.820862   0.04630987],[0.06203999 0.03320761 0.85643566 0.04831679]
1431,سوال: ۲۲ سندی در حال انجام تحقیقی است تا ببیند کدام غذا برای سگش بهتر است. کدام متغیر دستکاری شده در تحقیق اوست؟,"['A) رنگ ظرف غذای سگش', 'B) نوع غذایی که به سگش می\u200cدهد', 'C) مقدار غذایی که به سگش می\u200cدهد', 'D) زمان روز که به سگش غذا می\u200cدهد']",B,محقق مستقیماً نوع غذا را تغییر می‌دهد تا تأثیر آن بر سلامت سگ را بررسی کند، زیرا هدف اصلی مقایسه غذاهای مختلف است.,C,0.5279256701469421,B,0.8519459366798401,False,True,True,True,[0.15125324 0.28257826 0.52792567 0.03824281],[0.05467624 0.85194594 0.07955346 0.01382432]
1432,مت سوال: مت پسر قدبلندی است که یازده سال سن دارد. او بر روی گونه راستش یک زخم دارد. او باهوش و درامر بسیار خوبی است. کدامیک از ویژگی‌های او احتمالاً به ارث برده شده است؟,"['قد او', 'زخم او بر روی گونه راستش', 'هوش او', 'توانایی او در نواختن درام']",A,قد معمولاً از طریق ژنتیک منتقل می‌شود، در حالی که سایر ویژگی‌ها تحت تأثیر محیط یا اکتساب هستند.,B,0.4813756048679352,C,0.5231564044952393,False,False,False,False,[0.2014526  0.4813756  0.2931118  0.02406008],[0.19096076 0.28002545 0.5231564  0.00585732]
1433,تمامی موارد زیر از شیوه‌های ایمن آزمایشگاهی هستند به جز,"['نگهداری میز منظم.', 'پوشیدن عینک ایمنی در حین آزمایشات.', 'مخلوط کردن مواد شیمیایی قبل از خواندن دستورالعمل\u200cها.', 'شستن دست\u200cها به\u200cخوبی پس از اتمام آزمایش.']",C,ترکیب مواد بدون مطالعه راهنما خطرناک است و ممکن است باعث واکنش‌های غیرمنتظره یا آزاد شدن گازهای سمی شود.,C,0.7960686087608337,C,0.5740844011306763,True,True,True,False,[0.12208108 0.07404592 0.7960686  0.00780438],[0.07708926 0.34819978 0.5740844  0.00062654]
1434,کدام جمله نمی‌تواند توضیح دهد که چرا شناگر نفر اول سریع‌تر از شناگر نفر دوم بود؟,"['برنده مقاومت آب کمتری را تجربه کرد.', 'کشیدگی گرانشی بیشتری بر روی برنده وجود داشت.', 'سایش سبقت را برای شناگر نفر دوم کاهش داد.', 'نیروی بیشتری در ضربه\u200cها و حرکات برنده وجود داشت.']",B,گرانش بر همه یکسان اثر می‌گذارد و تفاوت سرعت را توضیح نمی‌دهد.,C,0.5702845454216003,B,0.5091848969459534,False,True,True,True,[0.18442246 0.20897804 0.57028455 0.03631494],[0.3965536  0.5091849  0.02535082 0.06891068]
1435,یک لیوان به طور نیمه پر از آب است. پنج تکه یخ در لیوان قرار داده می‌شوند که باعث می‌شود سطح آب به لبه لیوان برسد. کدام یک از عبارات زیر بهترین توضیح را برای افزایش سطح آب ارائه می‌دهد؟,"['حجم یخ غوطه\u200cور برابر با حجم آبی است که جابجا شده است.', 'جرم آب در لیوان کمتر از جرم یخ است.', 'وزن یخ کمتر از وزن آب در لیوان است.', 'چگالی آب در لیوان بیشتر از چگالی یخ است.']",A,بر اساس اصل ارشمیدس، حجم بخش غوطه‌ور یخ برابر با حجم آب جابجا شده است که باعث افزایش سطح آب می‌شود.,D,0.5872631072998047,A,0.9959414601325989,False,True,True,True,[0.40519935 0.00569025 0.00184735 0.5872631 ],[9.9594146e-01 7.9212961e-04 1.3341638e-04 3.1329333e-03]
1436,کدام ماده بیشترین مقدار انرژی را از خورشید حفظ خواهد کرد؟,"['برف', 'شن', 'علف', 'آب']",B,به دلیل رنگ تیره و ساختار متراکم، انرژی خورشیدی را بهتر جذب و نگه می‌دارد، برخلاف سایر موارد که بازتاب یا اتلاف دارند.,D,0.7514098286628723,D,0.42284688353538513,False,False,False,False,[0.10209028 0.13108651 0.01541333 0.7514098 ],[0.22633363 0.0943499  0.2564696  0.42284688]
1437,در اقیانوس آرام استوائی، جابه‌جایی آب‌های سرد و عمیق به سطح آب رخ می‌دهد. این آب سرشار از مواد مغذی و گاز دی‌اکسید کربن حل شده است. در طول یک رویداد النینو، جابه‌جایی آب کاهش می‌یابد. این باعث می‌شود دمای آب‌های سطح افزایش یابد. کدام یک از موارد زیر در اقیانوس آرام استوائی در سال النینو محتمل‌تر است؟,"['کاهش در آزادسازی دی\u200cاکسید کربن به جو', 'افزایش در فتوسنتز توسط جلبک\u200cها در آب\u200cهای سطحی', 'افزایش در اکسیژن حل\u200cشده در آب\u200cهای سطحی', 'کاهش در بارش بر روی آب\u200cهای اقیانوس']",A,با کاهش جابجایی آب عمیق، ورود دی‌اکسید کربن حل‌شده به سطح کمتر شده و آزادسازی آن به جو کاهش می‌یابد.,A,0.7124109268188477,A,0.9433887600898743,True,True,True,True,[0.7124109  0.23038426 0.02159715 0.03560767],[0.94338876 0.05343066 0.00207173 0.00110892]
1438,ریشه‌های یک گیاه می‌توانند از طریق ترک‌ها در یک جاده رشد کنند و در نهایت باعث شکستن جاده شوند. چه نوع فرآیندی در حال وقوع است؟,"['فرسایش', 'لایه\u200cلایه شدن', 'هوازدگی', 'رسوب\u200cگذاری']",C,رشد ریشه‌ها در ترک‌ها فشار فیزیکی وارد کرده و با تخریب سازه، [MASK] بیولوژیک رخ می‌دهد.,A,0.9942724704742432,A,0.9933932423591614,False,False,False,False,[9.9427247e-01 4.1002361e-03 7.1251416e-04 9.1488624e-04],[9.9339324e-01 4.0916125e-03 1.6022983e-03 9.1296213e-04]
1439,یک دانشمند در حال انجام آزمایش برای تعیین نقطه ذوب یک ماده جدید است. کدام عمل می‌تواند احتمال به دست آوردن نتایج دقیق را افزایش دهد؟,"['تکرار آزمایش سه بار', 'آزمایش با چندین ماده', 'نوشتن مراحل بعد از آزمایش', 'استفاده از سه نوع دماسنج در آزمایش']",A,تکرار آزمایش خطاهای تصادفی را کاهش داده و دقت نتایج را افزایش می‌دهد.,A,0.5201152563095093,A,0.9485307931900024,True,True,True,True,[5.2011526e-01 2.0404780e-02 4.7987443e-04 4.5900011e-01],[9.4853079e-01 2.8755253e-02 3.1944201e-04 2.2394614e-02]
1440,کدام یک از رفتارهای آموزشی برای راسو بیشترین احتمال را دارد؟,"['ساختن آشیانه در درون یک درخت توخالی', 'باز کردن سطل زباله به دنبال غذا', 'حرکت چهار پا هنگام دویدن', 'داشتن یک زایمان از چهار بچه']",B,راسوها به طور طبیعی چهارپا حرکت می‌کنند، که رفتاری ذاتی و شایع برای این جانور است.,A,0.4869193732738495,C,0.9827672243118286,False,False,False,False,[0.48691937 0.37921318 0.05861033 0.07525716],[1.5884953e-02 1.0477261e-03 9.8276722e-01 3.0017860e-04]
1441,سوالی: یک دانش‌آموز در حال مطالعه منابع غیرقابل تجدید است. کدام‌یک از این منابع ممکن است دانش‌آموز در حال مطالعه باشد؟,"['الف) زغال\u200cسنگ', 'ب) درختان', 'ج) آب', 'د) باد']",A,زغال‌سنگ طی میلیون‌ها سال تشکیل می‌شود و در زمان کوتاه قابل جایگزینی نیست، برخلاف منابع طبیعی دیگر که تجدیدپذیرند.,D,0.36793088912963867,A,0.7302618622779846,False,True,True,True,[0.28431496 0.28431496 0.06343924 0.3679309 ],[0.73026186 0.18463911 0.01717411 0.06792494]
1442,حیوانات می‌توانند از طریق فعالیت‌های جستجوی غذا و بزرگ کردن فرزندان خود بر محیط‌زیست خود تأثیر بگذارند. گاهی اوقات این فعالیت‌ها تأثیر مثبت بر محیط‌زیست سایر موجودات دارند. بهترین مثال از فعالیتی که تأثیر مثبت دارد کدام است؟,"['فیل\u200cها پوست درختان را می\u200cتراشند', 'ویروس\u200cها سلول\u200cهای برخی از پرندگان را آلوده می\u200cکنند', 'بیورهای بند ساختن سد برای ایجاد دریاچه\u200cها برای خانه\u200cهای خود', 'پستانداران نیمه\u200cآبی به ریشه\u200cهای گیاهان آبزی تغذیه می\u200cکنند']",C,ایجاد زیستگاه‌های جدید برای گونه‌های دیگر توسط این حیوان، تنوع زیستی را افزایش می‌دهد و به اکوسیستم کمک می‌کند.,C,0.9568611979484558,C,0.9005520343780518,True,True,True,False,[0.0325507  0.00126213 0.9568612  0.00932593],[0.09491748 0.00133293 0.90055203 0.00319754]
1443,یک شرط لازم برای تولید الماس چیست؟,"['ارتفاع زیاد', 'فشار شدید', 'سرمازدگی سریع', 'دمای پایین']",B,تشکیل الماس نیازمند فشار زیاد برای تغییر ساختار کربن است.,B,0.9627447724342346,B,0.9991142153739929,True,True,True,True,[0.01550065 0.9627448  0.00185129 0.01990323],[7.1511033e-04 9.9911422e-01 6.4469154e-05 1.0629166e-04]
1444,یک دانشمند یک سنگ را به عنوان سنگ آتش‌فشانی بیرونی دسته‌بندی کرد. یک دانشمند دیگر می‌تواند همان سنگ را به‌طور دقیق به عنوان,"['سنگ آتش\u200cفشانی درونی.', 'سنگ رسوبی کلاستیک.', 'سنگ دگرگونی.', 'سنگ آتش\u200cفشانی.']",D,طبقه‌بندی کلی‌تر با منشأ ماگمایی سازگار است و جزئیات قبلی را نقض نمی‌کند.,A,0.6753779649734497,A,0.6852734088897705,False,False,False,False,[0.67537796 0.17143063 0.00190442 0.151287  ],[0.6852734  0.13599667 0.00410674 0.17462318]
1445,کدام یک از این موارد سریعترین روند تشکیل خاک جدید را دارد؟,"['چوبی که در جنگل در حال تجزیه است.', 'آبی که در یک جوی در حال جریان است.', 'سنگی که در باغ نشسته است.', 'موج هایی که بر روی یک ساحل شکسته می شوند.']",A,تجزیه مواد آلی توسط میکروارگانیسم‌ها سریع‌تر از هوازدگی فیزیکی یا شیمیایی سنگ‌ها و فرسایش آبی است.,A,0.9963533878326416,A,0.9953521490097046,True,True,True,False,[9.96353388e-01 2.50309939e-03 1.00136574e-04 1.04344706e-03],[9.9535215e-01 2.2072964e-03 1.9479324e-03 4.9251440e-04]
1446,ایرین نیاز دارد دو تخته را به هم متصل کند. کدامیک برای اتصال تخته‌ها استفاده نمی‌شود؟,"['چسب', 'پیچ\u200cها', 'میخ\u200cها', 'اره']",D,این وسیله برای بریدن چوب به کار می‌رود، نه متصل کردن قطعات به هم.,D,0.40148845314979553,D,0.44071269035339355,True,True,True,True,[0.27593872 0.07905777 0.24351506 0.40148845],[0.38892758 0.02839479 0.14196502 0.4407127 ]
1447,گابرو و بازالت به عنوان سنگ‌های آتشفشانی طبقه‌بندی می‌شوند. با اینکه نام‌ها متفاوت هستند، آنها از نظر ترکیب شیمیایی مشابه هستند. زمین‌شناسان معمولاً از کدام ویژگی برای شناسایی و تفکیک این دو نوع سنگ استفاده می‌کنند؟,"['رنگ', 'بافت', 'سختی', 'مبدأ']",D,تفاوت اصلی در اندازه دانه‌هاست که ناشی از شرایط تشکیل متفاوت آنها است.,B,0.9242721199989319,B,0.9925023317337036,False,False,False,False,[0.0461969  0.9242721  0.01476542 0.01476542],[5.5009285e-03 9.9250233e-01 8.4359472e-04 1.1530572e-03]
1448,یک فروشگاه مهمانی بادکنک‌های پر از هلیوم را به منازل و کسب‌وکارها تحویل می‌دهد. صاحبان فروشگاه از تجربه متوجه می‌شوند که در روزهای گرم تابستان باید بادکنک‌ها را فقط تا سه‌چهارم پر کنند. در روزهای سرد زمستان می‌توانند بادکنک‌ها را به‌طور کامل پر کنند. بهترین فرضیه برای توضیح این مشاهده کدام است؟,"['الف) گاز هلیوم در فصل زمستان فعال\u200cتر است.', 'ب) هوای خارج از بادکنک\u200cها به داخل بادکنک\u200cها نشت می\u200cکند.', 'ج) با افزایش دما، هلیوم داخل بادکنک\u200cها منبسط می\u200cشود.', 'د) فشار هوای بیرون در تابستان کمتر از فشار هوای داخل است.']",C,با افزایش دما، گاز داخل بادکنک منبسط می‌شود و نیاز به فضای خالی دارد تا از ترکیدن جلوگیری شود.,C,0.5494056940078735,C,0.955896258354187,True,True,True,True,[0.09622119 0.23082264 0.5494057  0.12355046],[0.03677569 0.00235099 0.95589626 0.00497705]
1449,درختان یک منبع طبیعی تجدیدپذیر هستند. کدامیک از این صنایع کمترین نیاز را به درختان دارد؟,"['الف) تولید خودرو', 'ب) ساخت و ساز خانه', 'ج) منظر سازی', 'د) روزنامه']",A,این صنعت عمدتاً از مواد مصنوعی استفاده می‌کند و کمترین وابستگی به چوب دارد.,B,0.4258861839771271,C,0.4181874692440033,False,False,False,False,[0.17753577 0.42588618 0.25831303 0.138265  ],[0.2536435  0.17432646 0.41818747 0.15384258]
1450,یک یون آلومینیوم بار +3 دارد و یک یون اکسید بار -2. محصول واکنش بین این دو عنصر چه خواهد بود؟,"['Al_{2}O', 'Al_{2}O_{3}', '2AlO_{3}', 'Al_{3}O_{2}']",B,برای خنثی شدن بار کل، دو یون مثبت و سه یون منفی لازم است.,B,0.8919864296913147,B,0.9520906805992126,True,True,True,True,[1.0674086e-01 8.9198643e-01 2.2631080e-04 1.0464506e-03],[4.7217000e-02 9.5209068e-01 2.2210146e-04 4.7018880e-04]
1451,چرا ایجاد یک اکوسیستم تراریوم که بدون کمک انسان برای مدت طولانی دوام بیاورد دشوار است؟,"['اکوسیستم\u200cهای تراریوم نمی\u200cتوانند نور خورشید کافی دریافت کنند.', 'اکوسیستم\u200cهای تراریوم نمی\u200cتوانند اکسیژن کافی دریافت کنند.', 'اکوسیستم\u200cهایی با تعداد کمی از گونه\u200cها ضعیف و ناپایدار هستند.', 'تمام اکوسیستم\u200cها نیاز به مدیریت فکری انسان دارند.']",C,تنوع زیستی کم در این محیط‌های بسته، تعادل طبیعی را برهم زده و باعث ناپایداری می‌شود.,A,0.5722960829734802,C,0.8768553137779236,False,True,True,True,[0.5722961  0.39333296 0.02871642 0.0056546 ],[0.07197667 0.05024781 0.8768553  0.00092032]
1452,یک پژوهشگر از چندین روش برای جدا کردن یک نمونه سنگ به مواد شیمیایی مختلف استفاده می‌کند. یک جرم 50 گرمی از یک ماده شیمیایی تولید می‌شود. اگر این ماده شیمیایی نتواند به مواد شیمیایی دیگری جدا شود، بهترین توصیف برای آن چیست؟,"['یک ترکیب.', 'یک مخلوط.', 'یک محلول.', 'یک عنصر.']",D,این ماده با روش‌های شیمیایی به اجزای ساده‌تر تجزیه نمی‌شود، بنابراین یک عنصر است.,A,0.9276211857795715,D,0.8837217688560486,False,True,True,True,[9.2762119e-01 6.6934675e-02 5.1910052e-04 4.9250885e-03],[1.04724154e-01 1.10378442e-02 5.16246888e-04 8.83721769e-01]
1453,در مسابقه‌ی لاستیکی، اردک برنده ۳۰۰ متر را در ۱۰ دقیقه پیمود. سرعت متوسط اردک چقدر بود؟,"['۰.۵ متر بر ثانیه', '۱.۰ متر بر ثانیه', '۷.۵ متر بر ثانیه', '۳۰ متر بر ثانیه']",A,با تقسیم مسافت بر زمان به ثانیه، مقدار صحیح به دست می‌آید.,C,0.8408451080322266,C,0.760915219783783,False,False,False,False,[0.14611697 0.00811555 0.8408451  0.00492233],[0.21800587 0.01249273 0.7609152  0.00858612]
1454,یک پژوهشگر تفاوت‌هایی در اشکال برگ‌ها بر روی درختان مختلف از همان گونه متوجه می‌شود. بهترین و دقیق‌ترین روش برای ثبت این تفاوت‌ها چیست؟,"['تعداد برگ\u200cها را در یک جدول داده\u200cها ثبت کنید', 'از هر نوع برگ با استفاده از دوربین عکاسی کنید', 'اندازه\u200cهای برگ\u200cهای مختلف را در یک دفتر یادداشت ثبت کنید', 'درصدهای تمام انواع برگ\u200cها را با استفاده از ماشین حساب محاسبه کنید']",B,ثبت تصویری دقیق‌ترین روش برای نشان دادن جزئیات ظاهری و مقایسه شکل برگ‌ها است.,B,0.944477379322052,B,0.9899216294288635,True,True,True,True,[5.3076033e-02 9.4447738e-01 8.1860839e-04 1.6279970e-03],[9.7048497e-03 9.8992163e-01 2.5862551e-04 1.1476436e-04]
1455,کدامیک از مجموعه‌های زیر تنها شامل اشیایی است که به دلیل نور بازتاب شده می‌درخشند؟,"['ماه\u200cها، سیارات و دنباله\u200cدارها', 'ماه\u200cها، دنباله\u200cدارها و ستاره\u200cها', 'سیارات، ستاره\u200cها و دنباله\u200cدارها', 'سیارات، ستاره\u200cها و ماه\u200cها']",A,اجرامی که نور خورشید را بازتاب می‌کنند و خود منبع نور نیستند، در این مجموعه قرار دارند.,B,0.43495991826057434,A,0.803639829158783,False,True,True,True,[0.16001281 0.43495992 0.26381654 0.14121081],[0.8036398  0.06545342 0.06545342 0.06545342]
1456,یک ساختمان در حال از دست دادن گرما به خارج در ماه‌های زمستان است. بهترین راه‌حل برای اصلاح این مشکل طراحی چیست؟,"['افزایش مقدار گرمایش', 'افزایش مساحت دیوارها', 'افزایش تعداد پنجره\u200cها', 'افزایش ضخامت عایق']",D,افزایش مقاومت حرارتی با کاهش انتقال گرما، اتلاف انرژی را بهینه می‌کند.,D,0.8948842883110046,D,0.9683145880699158,True,True,True,True,[0.09450451 0.0077574  0.00285379 0.8948843 ],[2.6108887e-02 5.1411446e-03 4.3540692e-04 9.6831459e-01]
1457,یک دانش‌آموز آزمایشی را برای یادگیری اینکه کدام رنگ‌های نور توسط یک منشور انکسار می‌شوند، تنظیم می‌کند. چه روشی احتمالا دانش‌آموز برای جمع آوری داده‌ها استفاده خواهد کرد؟,"['تحقیق', 'مصاحبه', 'مشاهده', 'اندازه\u200cگیری']",C,چون پدیده بصری انکسار نور نیازمند دیدن مستقیم طیف رنگ‌ها برای جمع‌آوری داده‌های کیفی است.,C,0.9585714340209961,C,0.9867201447486877,True,True,True,True,[0.0288335  0.00308689 0.95857143 0.00950828],[1.0961470e-02 5.2894885e-04 9.8672014e-01 1.7894109e-03]
1458,چه تغییری در مورد زیر اتفاق افتاده است؟ K -> K^+,"['از دست دادن یک پروتون', 'بدست آوردن یک پروتون', 'از دست دادن یک الکترون', 'بدست آوردن یک الکترون']",C,اتم خنثی با از دست دادن ذره منفی، بار مثبت پیدا می‌کند.,A,0.41675007343292236,C,0.6771305799484253,False,True,True,True,[0.41675007 0.3245653  0.10537092 0.15331379],[0.13333492 0.17120542 0.6771306  0.01832909]
1459,کدام عمل مقدار اکسیژن را در یک آکواریوم افزایش می‌دهد؟,"['افزودن ماهی\u200cهای بیشتر', 'افزودن گیاهان بیشتر', 'قرار دادن غذا در آکواریوم', 'قرار دادن بخاری آب در آکواریوم']",B,گیاهان در فتوسنتز گاز اکسیژن آزاد می‌کنند که مستقیماً سطح آن را در آب بالا می‌برد.,B,0.8527966737747192,B,0.9974774718284607,True,True,True,True,[0.02565183 0.8527967  0.00658793 0.11496352],[1.7159986e-03 9.9747747e-01 1.7530029e-04 6.3128059e-04]
1460,یک دانش‌آموز می‌خواهد نشان دهد که ماده در یک سیب کامل برابر با ماده در تکه‌های همان سیب است. کدام فرآیند بهتر می‌تواند رابطه بین ماده در سیب کامل و تکه‌های سیب را نشان دهد؟,"['مشاهده تکه\u200cهای سیب', 'برش سیب به تکه\u200cهای بیشتر', 'مشاهده رنگ سیب کامل، سپس مشاهده رنگ تکه\u200cهای سیب', 'تعیین جرم سیب کامل، سپس تعیین جرم تکه\u200cهای سیب']",D,جرم کمیتی پایدار است و با برش تغییر نمی‌کند، بنابراین اندازه‌گیری آن برابری ماده را اثبات می‌نماید.,D,0.9579369425773621,D,0.9721364378929138,True,True,True,True,[0.03692625 0.00348876 0.00164798 0.95793694],[2.5604738e-02 2.1017648e-03 1.5708432e-04 9.7213644e-01]
1461,گذر ال کاهون در کالیفرنیا با نرخ تقریباً ۱ سانتیمتر در هر سال در حال افزایش ارتفاع است. کدام یک از بیانیه‌ها در مورد این منطقه صحیح است؟,"['فرسایش در گذر ال کاهون کندتر از بالا آمدن است.', 'صفحه\u200cها در گذر ال کاهون در حال جدایی هستند.', 'ساخت کوه\u200cها در گذر ال کاهون کندتر از فرسایش است.', 'فرسایش و بالا آمدن در گذر ال کاهون متعادل هستند.']",A,افزایش ارتفاع نشان‌دهنده غلبه فرآیند بالا آمدن بر فرسایش است.,D,0.47894781827926636,D,0.35937464237213135,False,False,False,False,[0.37300494 0.08322866 0.06481854 0.47894782],[0.27988124 0.04359709 0.31714702 0.35937464]
1462,بسیاری از حیوانات صحرا فقط در شب فعال هستند. چگونه فعال بودن فقط در شب به آنها در بقا در یک اقلیم گرم صحرا کمک می‌کند؟,"['آنها می\u200cتوانند حشرات را که در شب نورانی می\u200cشوند ببینند.', 'بدن آنها در هوای خنک شب آب کمتری از دست می\u200cدهد.', 'آنها می\u200cتوانند با نور ماه غذاهای گیاهی بیشتری پیدا کنند.', 'بدن آنها در روز در حالی که خوابند، نور خورشید را جذب می\u200cکند.']",B,فعالیت شبانه از هدر رفتن آب بدن در گرمای روز جلوگیری کرده و با هوای خنک‌تر، بقا در خشکی را ممکن می‌سازد.,A,0.7361669540405273,B,0.9905641078948975,False,True,True,True,[0.73616695 0.07789511 0.02231732 0.16362065],[8.5533373e-03 9.9056411e-01 4.0004490e-04 4.8254622e-04]
1463,کدام یک از ویژگی‌های زیر کمترین احتمال را دارد که یک شیر به نسل خود منتقل کند؟,"['رنگ\u200cهای پشمش', 'طول دمش', 'زخم\u200cهای پایش', 'اندازه بدنش']",C,زخم‌ها ویژگی اکتسابی هستند و از طریق ژنتیک منتقل نمی‌شوند، برخلاس صفات ارثی دیگر.,A,0.45722508430480957,A,0.33292484283447266,False,False,False,False,[0.45722508 0.40192664 0.02569431 0.1151539 ],[0.33292484 0.25928214 0.33292484 0.0748682 ]
1464,چرا کاهش تنوع زیستی به دلیل از دست رفتن جمعیت‌های گیاهی به‌ویژه به اکوسیستم آسیب می‌زند؟,"['گیاهان بیشترین توده زیستی را دارند.', 'گیاهان در برابر بیماری مقاوم هستند.', 'گیاهان تولیدکنندگان اولیه هستند.', 'گیاهان بخشی از شبکه غذایی هستند.']",C,گیاهان پایه زنجیره غذایی هستند و کاهش آن‌ها کل اکوسیستم را مختل می‌کند.,D,0.5179949998855591,C,0.7969200015068054,False,True,True,True,[0.02275911 0.00211693 0.45712897 0.517995  ],[0.0240649  0.00119812 0.79692    0.1778169 ]
1465,سوال: یک دانش‌آموز از کدام ابزار برای اندازه‌گیری جرم یک آجر استفاده می‌کند؟,"['الف) ترازوی دیجیتال', 'ب) متر', 'ج) دماسنج', 'د) سیلندر مدرج']",A,جرم با ابزاری که وزن را مستقیماً اندازه می‌گیرد سنجیده می‌شود، در حالی که سایر موارد برای کمیت‌های دیگر مناسب هستند.,A,0.8928903341293335,A,0.9968180656433105,True,True,True,True,[0.89289033 0.09447829 0.00134766 0.01128382],[9.9681807e-01 1.9318431e-03 4.4473555e-04 8.0531201e-04]
1466,کدام یک مثالی از تغییر فیزیکی و مثالی از تغییر شیمیایی را نشان می‌دهد؟,"['جوشاندن آب و ذوب کردن موم', 'زنگ زدن آهن و پختن کیک', 'حل کردن پودر و ریز کردن کاغذ', 'یخ زدن آب و سوزاندن زغال سنگ']",D,یخ زدن آب فقط حالت ماده را تغییر می‌دهد، در حالی که سوزاندن زغال سنگ ماده جدید تولید می‌کند.,A,0.7106224894523621,D,0.8044116497039795,False,True,True,True,[0.7106225  0.15825193 0.0078789  0.12324671],[0.05182764 0.14088213 0.00287858 0.80441165]
1467,در مجموع هشت سیاره وجود دارد که به دور خورشید مدار می‌زنند. چند تا از سیارات دیگر در همان جهت زمین مدار می‌زنند؟,"['۰', '۱', '۴', '۷']",D,تمام سیارات منظومه شمسی در یک جهت به دور خورشید می‌چرخند، مشابه زمین.,B,0.6055247187614441,A,0.4908680319786072,False,False,False,False,[0.22102655 0.6055247  0.08131113 0.09213758],[0.49086803 0.49086803 0.01163465 0.00662922]
1468,رابرت در حال فکر کردن به خرید یک یخچال جدید است. یخچال قدیمی او تقریباً با ۴۳٪ کارایی عمل می‌کند. کدام یک احتمالاً علت ۵۷٪ باقی‌مانده انرژی است؟,"['این انرژی توسط نور یخچال مصرف می\u200cشود.', 'این انرژی به عنوان گرما به محیط اطراف آزاد می\u200cشود.', 'این انرژی به انرژی مکانیکی تبدیل می\u200cشود.', 'این انرژی به صورت انرژی پتانسیل ذخیره می\u200cشود.']",B,بر اساس قوانین ترمودینامیک، انرژی ورودی در فرآیند خنک‌سازی به شکل گرما در محیط پخش می‌شود.,B,0.741355836391449,B,0.8616810441017151,True,True,True,True,[0.21240202 0.74135584 0.03690993 0.00933229],[0.09153283 0.86168104 0.04323705 0.00354911]
1469,کدام ویژگی پارک ملی بیگ باسیند بهترین شواهد را ارائه می‌دهد که نشان دهد یخچال‌ها بر روی چشم‌انداز حرکت کرده‌اند؟,"['دشت\u200cهای گل\u200cآلود', 'دریاچه\u200cهای شور کم عمق', 'مناطق مملو از مریم\u200cگلی', 'توده\u200cهای زباله\u200cهای سنگی']",D,این رسوبات در اثر حرکت یخچال‌ها تشکیل شده و شواهد مستقیم فعالیت آن‌ها را نشان می‌دهند.,B,0.5592163801193237,D,0.6557815670967102,False,True,True,True,[0.18084317 0.5592164  0.0277332  0.23220724],[0.06147559 0.27551448 0.00722838 0.65578157]
1470,یک کلاس علم زمین در حال برنامه‌ریزی برای یک سفر میدانی به یک جنگل است. هر دانش‌آموز باید در این سفر چه وسیله‌ای را با خود ببرد؟,"['آتش\u200cنشانی', 'جعبه کمک\u200cهای اولیه', 'آب بطری شده', 'قرص\u200cهای ید']",C,دسترسی به آب سالم در طبیعت ضروری است، زیرا منابع طبیعی ممکن است آلوده یا ناکافی باشند و هیدراتاسیون را تضمین می‌کند.,B,0.9464524984359741,B,0.5786274671554565,False,False,False,False,[0.0252221  0.9464525  0.02260895 0.00571644],[0.02208799 0.57862747 0.39768445 0.00160005]
1471,یک ویژگی که مختص آب است این است که,"['ظرفیت حرارتی ویژه پایینی دارد.', 'می\u200cتواند از حالت مایع به حالت جامد تبدیل شود.', 'بسیاری از مواد را حل می\u200cکند.', 'به طور طبیعی در سه حالت در زمین وجود دارد.']",D,تنها ماده‌ای که در طبیعت به طور همزمان در سه شکل جامد، مایع و گاز یافت می‌شود و این ویژگی منحصر به فرد است.,A,0.6592550873756409,D,0.5214327573776245,False,True,True,True,[0.6592551  0.2434756  0.00839662 0.08887263],[0.08990628 0.35558623 0.03307467 0.52143276]
1472,یک صدف فسیلی بر روی یک کوه یافت شده است. این صدف نشان می‌دهد که این کوه زمانی ___ بوده است.,"['بسیار داغ\u200cتر', 'بسیار سردتر', 'بالای سطح دریا', 'پوشیده از آب']",D,فسیل صدف نشان می‌دهد که قبلاً این منطقه زیر آب بوده است.,A,0.6661615371704102,A,0.4329196512699127,False,False,False,False,[0.66616154 0.31344563 0.00243087 0.01796187],[0.43291965 0.18046775 0.12403356 0.26257905]
1473,شان احساس کرد که اتاق خنک‌تر می‌شود. بدن او تنظیم شده است تا بتواند زنده بماند. کدام پاسخ به شان کمک کرد تا بدنش به درستی کار کند؟,"['افزایش تنفس سلولی که تولید گرما را افزایش می\u200cدهد', 'تعریق از پوست برای کاهش دمای داخلی', 'باز شدن مویرگ\u200cها در پوست برای کسب گرما بیشتر', 'افزایش متابولیسم که گرما را از سلول\u200cها کاهش می\u200cدهد']",A,بدن با افزایش فعالیت متابولیک، گرمای داخلی تولید می‌کند تا در برابر سرمای محیط مقاومت کند.,C,0.3761043846607208,A,0.8679080605506897,False,True,True,True,[0.25849253 0.22811884 0.37610438 0.13728434],[0.86790806 0.02049113 0.10406253 0.00753827]
1474,سوال: یک مرد 60 کیلوگرمی و یک پسر 25 کیلوگرمی که هر دو روی اسکیت‌های ریلی هستند، با استفاده از دستان خود به یکدیگر تکان می‌دهند. کدامیک از گزینه‌های زیر حرکت این دو نفر را توصیف می‌کند؟,"['الف) مرد بیش\u200cتر و سریع\u200cتر از پسر حرکت می\u200cکند.', 'ب) پسر بیش\u200cتر و سریع\u200cتر از مرد حرکت می\u200cکند.', 'ج) مرد بیش\u200cتر حرکت می\u200cکند اما با همان سرعت پسر.', 'د) پسر سریع\u200cتر حرکت می\u200cکند اما با همان فاصله مرد.']",B,نیروی برابر بر هر دو وارد می‌شود، اما فرد سبک‌تر برای حفظ تکانه، سرعت و جابجایی بیشتری خواهد داشت.,A,0.5109596848487854,A,0.4584207832813263,False,False,False,False,[0.5109597  0.27349702 0.06915087 0.1463924 ],[0.45842078 0.24537498 0.21654265 0.07966159]
1475,کدام گروه در جدول تناوبی شامل عناصری است که کمترین واکنش‌پذیری را دارند؟,"['گروه ۱ (۱A)', 'گروه ۳ (۳B)', 'گروه ۱۶ (۶A)', 'گروه ۱۸ (۸A)']",D,گازهای نجیب به دلیل داشتن لایه والانس کامل، بسیار پایدار بوده و تمایل کمی به واکنش‌پذیری دارند.,D,0.634568452835083,A,0.6352386474609375,True,False,False,False,[0.2997489  0.02479787 0.04088477 0.63456845],[0.63523865 0.1112537  0.04565843 0.2078493 ]
1476,کدام یک از تغییرات زیر فعالیت تکتونیکی زمین را پایان می‌دهد؟,"['پوسته زمین به یک جامد سردتر تبدیل می\u200cشود.', 'منطقه گوشته زمین به یک نیمه مایع گرم\u200cتر تبدیل می\u200cشود.', 'منطقه گوشته زمین سردتر و جامدتر می\u200cشود.', 'هسته خارجی زمین گرم\u200cتر می\u200cشود.']",C,با سرد و جامد شدن گوشته، جریان‌های همرفتی متوقف شده و حرکت صفحات زمین پایان می‌یابد.,B,0.6565707325935364,A,0.8769378662109375,False,False,False,False,[0.2736994  0.65657073 0.03268873 0.03704119],[0.87693787 0.11868063 0.00191829 0.00246314]
1477,هنگامی که دماهای زمستان و تابستان زیر حد نرمال و میزان بارش‌ها بالای حد نرمال باشد، چه چیزی بیشتر احتمال دارد اتفاق بیافتد؟,"['آب ذوب شده کاهش می\u200cیابد و اندازه یخچال کاهش می\u200cیابد.', 'آب ذوب شده کاهش می\u200cیابد و اندازه یخچال افزایش می\u200cیابد.', 'آب ذوب شده افزایش می\u200cیابد و اندازه یخچال کاهش می\u200cیابد.', 'آب ذوب شده افزایش می\u200cیابد و اندازه یخچال افزایش می\u200cیابد.']",B,دماهای پایین‌تر ذوب را کاهش می‌دهد و بارش بیشتر برف باعث انباشت یخ و در نتیجه کوچک شدن یخچال می‌شود.,A,0.5613563060760498,A,0.7809851765632629,False,False,False,False,[0.5613563  0.34047982 0.07656717 0.02159676],[0.7809852  0.03888296 0.17426135 0.00587045]
1478,علت اصلی جابجایی قاره‌ها، زلزله‌ها و فوران‌های آتشفشانی چیست؟,"['جریان\u200cهای همرفتی در زیر پوسته زمین.', 'چرخش زمین حول محور خود.', 'سقوط تدریجی پوسته زمین.', 'گرمای خورشید که زمین را گرم می\u200cکند.']",A,حرکت لایه‌های زیرین زمین به دلیل گرمای درونی، موجب پدیده‌های زمین‌ساختی می‌شود.,A,0.5278836488723755,A,0.8675978183746338,True,True,True,True,[0.52788365 0.4658557  0.00407795 0.00218277],[0.8675978  0.10402533 0.01242405 0.0159528 ]
1479,کدام فعالیت مثال خوبی از یک عادت سلامتی است؟,"['دوچرخه\u200cسواری بدون کلاه ایمنی', 'سیگار کشیدن', 'پوشیدن کلاه در زیر آفتاب', 'خوردن با دست\u200cهای کثیف']",C,این کار از پوست در برابر اشعه‌های مضر محافظت کرده و خطر بیماری‌های پوستی را کاهش می‌دهد.,C,0.9998107552528381,C,0.9993247985839844,True,True,True,False,[1.3604388e-04 3.1994457e-06 9.9981076e-01 5.0047747e-05],[5.9996208e-04 4.3461103e-05 9.9932480e-01 3.1796826e-05]
1480,کدامیک از این عبارت‌ها به سفینه‌ای بدون سرنشین اطلاق می‌شود که برای جمع‌آوری اطلاعات در حال گردش به دور سیارات غیر از زمین طراحی شده است؟,"['پروب فضایی', 'شاتل فضایی', 'ایستگاه فضایی', 'تلسکوپ فضایی']",A,سفینه‌های بدون سرنشین برای کاوش و گردش به دور سیارات و ارسال داده طراحی شده‌اند که با تعریف سؤال مطابقت دارد.,A,0.9262158274650574,A,0.9755645990371704,True,True,True,True,[0.9262158  0.01317311 0.0015733  0.05903778],[9.7556460e-01 8.3094332e-03 6.0193328e-04 1.5524065e-02]
1481,یک دانش‌آموز یک گیاه زنده و سبز را در یک ظرف شفاف و غیرقابل نفوذ پر از هوای اتاق قرار داد. این ظرف به مدت یک هفته در معرض نور خورشید قرار گرفت. در پایان هفته، دانش‌آموز باید مشخص کند که کدام گازها در غلظت افزایش یافته‌اند. با فرض اینکه به اندازه کافی آب و دی‌اکسید کربن برای رشد مناسب گیاه موجود باشد، کدام گاز را انتظار دارید که در غلظت افزایش یافته باشد؟,"['ج', 'NO_{2}', 'O_{2}', 'CO']",C,گیاه در نور خورشید با فتوسنتز، اکسیژن تولید می‌کند که در ظرف بسته ت[MASK]مع می‌یابد.,A,0.44241243600845337,C,0.7764219641685486,False,True,True,True,[0.44241244 0.00440556 0.16275445 0.3904276 ],[2.2244862e-01 2.0604125e-04 7.7642196e-01 9.2341279e-04]
1482,برای تعیین اینکه آیا دو اتم اتم‌های مس (Cu) هستند، چه چیزی باید برای هر کدام یکسان باشد؟,"['تعداد الکترون\u200cهای ظرفیت', 'تعداد پروتون\u200cها', 'بار اتم', 'اندازه اتم']",B,اتم‌های یک عنصر با [MASK]ی هسته مشخص می‌شوند و مس عدد اتمی ثابتی دارد.,B,0.8723418116569519,B,0.9943684935569763,True,True,True,True,[0.11794339 0.8723418  0.00103648 0.00867834],[4.5690043e-03 9.9436849e-01 5.8088376e-04 4.8156953e-04]
1483,همهٔ ماده‌ها در جهان دارای ویژگی‌های قابل اندازه‌گیری هستند. در شرایط مناسب، کدام یک از ویژگی‌های یک نمونه ماده ممکن است برابر با صفر باشد؟,"['جرم آن', 'وزن آن', 'چگالی آن', 'حجم آن']",B,وزن به گرانش بستگی دارد و در شرایط بی‌وزنی می‌تواند صفر شود، برخلاف سایر ویژگی‌های ذاتی ماده.,C,0.5538808703422546,B,0.9700798988342285,False,True,True,True,[0.1798188  0.03540842 0.5538809  0.2308919 ],[2.8952591e-02 9.7007990e-01 4.5357697e-04 5.1397004e-04]
1484,کدام یک از فعالیت‌های زیر باید از تحقیق علمی حذف شود؟,"['تغییر داده\u200cها به\u200cمنظور انطباق با نتایج پیش\u200cبینی\u200cشده', 'طراحی و اجرای تحقیقات', 'فرمول\u200cبندی فرضیات دقیق', 'ارتباط نتایج با دیگران']",A,تغییر داده‌ها برای هماهنگی با پیش‌بینی‌ها، نقض صداقت علمی است و نتایج را گمراه‌کننده می‌کند.,A,0.8978201150894165,A,0.9840277433395386,True,True,True,True,[0.8978201  0.08351028 0.00415773 0.01451191],[0.98402774 0.01106042 0.00132098 0.00359079]
1485,زمانی که یک توده هوای گرم و مرطوب که به سمت شمال حرکت می‌کند با یک توده هوای سرد و قوی که به سمت جنوب حرکت می‌کند برخورد می‌کند، چه مشاهداتی احتمالاً انجام خواهد شد؟,"['م Fog غلیظ شکل می\u200cگیرد.', 'دمای هوا افزایش می\u200cیابد.', 'ابری شروع به تشکیل می\u200cشود.', 'وزش باد آرام می\u200cشود.']",C,هوای گرم مرطوب به بالا رانده شده، سرد و متراکم می‌شود و ابر تشکیل می‌دهد.,A,0.8151162266731262,C,0.9027699828147888,False,True,True,True,[0.8151162  0.05231258 0.12549137 0.00707974],[9.4780296e-02 2.2290188e-03 9.0276998e-01 2.2070277e-04]
1486,کدام تحقیق نیاز به طولانی‌ترین دوره مشاهده دارد؟,"['تخم\u200cمرغ\u200cهای مرغ هچ شدن', 'رنگ پریدن رنگ به رنگ روشن\u200cتر', 'سیب\u200cها درخت رویاندن', 'سنگ\u200cهای بزرگ در حال فرسایش به شن']",D,این فرآیند زمین‌شناسی بسیار کند است و هزاران سال طول می‌کشد، برخلاف سایر پدیده‌های کوتاه‌مدت.,D,0.5293009877204895,D,0.8811681270599365,True,True,True,True,[0.3637829  0.09270012 0.01421602 0.529301  ],[0.09287444 0.02348234 0.00247502 0.8811681 ]
1487,در یک سال چهار فصل وجود دارد. کدام دلیل بیشتر مسئول تغییر فصول در زمین است؟,"['روش کج شدن زمین بر روی محورش', 'روش چرخش زمین بر روی محورش', 'تغییرات در فاصله بین زمین و خورشید', 'تغییرات در میزان انرژی که خورشید تولید می\u200cکند']",A,تغییر زاویه تابش خورشید به دلیل انحراف محور چرخش زمین، باعث تفاوت در دریافت نور و گرما در طول سال می‌شود.,B,0.7729456424713135,B,0.9469373226165771,False,False,False,False,[0.19466934 0.77294564 0.02655226 0.00583276],[0.04714523 0.9469373  0.00489203 0.00102543]
1488,آنا در ۲۰ ثانیه ۱۰۰ متر دوید. سرعت متوسط او چه بود؟,"['۲ متر بر ثانیه', '۵ متر بر ثانیه', '۲۰ متر بر ثانیه', '۲۵ متر بر ثانیه']",B,سرعت متوسط با تقسیم مسافت بر زمان محاسبه می‌شود که نتیجه ۵ واحد است.,B,0.6701677441596985,B,0.9889352917671204,True,True,True,True,[0.27936748 0.67016774 0.020556   0.02990881],[7.6695187e-03 9.8893529e-01 1.9809746e-04 3.1971312e-03]
1489,جان به مدت یک ساعت با سرعت 80 کیلومتر در ساعت کامیون راند. در ساعت بعدی، او با سرعت 100 کیلومتر در ساعت رانندگی کرد. میانگین سرعت او در طول آن دو ساعت چه بود؟,"['80 کیلومتر در ساعت', '90 کیلومتر در ساعت', '100 کیلومتر در ساعت', '180 کیلومتر در ساعت']",B,میانگین سرعت از تقسیم کل مسافت بر کل زمان به‌دست می‌آید که برابر ۹۰ است.,B,0.7533157467842102,B,0.9963752627372742,True,True,True,True,[0.1019502  0.75331575 0.02920922 0.11552472],[1.4747654e-03 9.9637526e-01 2.5627582e-04 1.8936363e-03]
1490,کدام گزینه بیشتر شبیه به نحوه‌ای است که یک یخچال طبیعی یک دره را تشکیل می‌دهد؟,"['یک بولدوزر توده\u200cای از خاک را هل می\u200cدهد.', 'یک کفش در خاک ردپایی به جا می\u200cگذارد.', 'ریشه یک درخت سنگی را از هم می\u200cشکند.', 'یک مته در یک تخته سوراخی ایجاد می\u200cکند.']",A,یخچال طبیعی با جابجایی تدریجی حجم زیادی از مواد، دره را شکل می‌دهد که مشابه حرکت و تغییر شکل زمین توسط یک ماشین سنگین است.,C,0.8120353817939758,C,0.946412980556488,False,False,False,False,[0.12356056 0.04545539 0.8120354  0.01894863],[0.03669641 0.00637688 0.946413   0.0105137 ]
1491,دانش‌آموزان به‌وسیله‌ی دستور زیر لیموناد تهیه کردند: ۱۰۰ گرم آب‌لیمو، ۱۰۰ گرم شکر و ۱۰۰۰ گرم آب. دانش‌آموزان آب‌لیمو را با شکر و آب در یک ظرف ترکیب کردند. آن‌ها لیموناد را هم زدند تا تمام شکر حل شود. سپس لیموناد را در یک سینی پلاستیکی ریختند و سینی را در فریزر قرار دادند. روز بعد، دانش‌آموزان سینی را از فریزر خارج کردند و مشاهده کردند که لیموناد به حالت جامد درآمده است. کدام عبارت بهترین توضیح را برای این موضوع ارائه می‌دهد که چرا لیموناد به حالت جامد تبدیل شد؟,"['لیموناد به دمای ۱۰۰ درجه سلسیوس سرد شد.', 'لیموناد به دمای ۱۰۰ درجه سلسیوس گرم شد.', 'لیموناد به دمای زیر ۰ درجه سلسیوس سرد شد.', 'لیموناد به دمای بالای ۰ درجه سلسیوس گرم شد.']",C,آب در دماهای زیر صفر منجمد می‌شود و فریزر این شرایط را فراهم می‌کند، حتی با وجود مواد حل‌شده.,C,0.981134295463562,C,0.9732459187507629,True,True,True,False,[1.8181928e-02 1.8390758e-04 9.8113430e-01 4.9991265e-04],[2.6241852e-02 3.4082215e-04 9.7324592e-01 1.7137614e-04]
1492,اولین قدمی که دانش‌آموزان احتمالاً برای یک پروژه بازیافت انجام می‌دهند چیست؟,"['مواد را در آتش\u200cسوزی بسوزانند', 'مواد را به یک محل دفن زباله ببرند', 'مواد را در سطل زباله بریزند', 'مواد را به تفکیک پلاستیک، کاغذ و قوطی مرتب کنند']",D,هدف پروژه بازیافت، جداسازی مواد است و ابتدا باید آن‌ها را بر اساس نوع دسته‌بندی کرد.,D,0.8140724301338196,D,0.8744505047798157,True,True,True,True,[0.05204191 0.00904353 0.12484206 0.81407243],[0.01814864 0.00296268 0.10443822 0.8744505 ]
1493,کدام یک از موارد زیر احتمالاً توسط دانشمندان هنگام مطالعه تعاملات حیوانات در زیستگاه طبیعی آنها انجام می‌شود؟,"['جمع\u200cآوری نمونه\u200cهایی از انواع درختان', 'مشاهده و ثبت رفتارها', 'انجام آزمایش\u200cها در یک آزمایشگاه', 'تغییر محیط و مشاهده واکنش\u200cها']",B,مشاهده مستقیم رفتارها در طبیعت، اطلاعات واقعی بدون دستکاری فراهم می‌کند و برای درک پویایی طبیعی اکوسیستم ضروری است.,B,0.7294949889183044,B,0.998427152633667,True,True,True,True,[0.03205177 0.729495   0.00162089 0.23683235],[1.1736135e-03 9.9842715e-01 1.0254920e-04 2.9673596e-04]
1494,کدام یک از موارد زیر باید مواد مغذی را از یک سیستم حمل و نقل دریافت کند؟,"['آمیبا', 'اگلنار', 'سلول پوست', 'سلول باکتری']",C,سلول‌های پوست به‌طور مستقیم به سیستم گردش خون متصل نیستند و مواد مغذی را از طریق انتشار دریافت می‌کنند.,A,0.389864981174469,A,0.7447343468666077,False,False,False,False,[0.38986498 0.38986498 0.01159038 0.20867969],[0.74473435 0.21504344 0.03297798 0.0072443 ]
1495,برای حفظ جعبه‌ای سنگین که بر روی یک کفپوش فرش شده با سرعت ثابت سر می‌خورد، یک شخص باید به طور مداوم نیرویی به جعبه وارد کند. این نیرو عمدتاً برای غلبه بر کدام یک از نیروهای زیر استفاده می‌شود؟,"['مقاومت هوا', 'وزن جعبه', 'نیروی اصطکاکی که کف بر جعبه وارد می\u200cکند', 'نیروی گرانشی که زمین بر جعبه وارد می\u200cکند']",C,نیروی خالص صفر است و تنها اصطکاک در مقابل حرکت مقاومت می‌کند، زیرا وزن و گرانش عمودی هستند و [MASK] ناچیز است.,C,0.8235233426094055,C,0.7176928520202637,True,True,True,False,[0.09912726 0.0681291  0.82352334 0.00922027],[0.18146117 0.08571619 0.71769285 0.01512981]
1496,مقدار جاذبه گرانشی بین ماه و یک فضانورد که بر روی سطح آن ایستاده است به فاصله فضانورد از مرکز ماه و فضانورد وابسته است؟,"['ارتفاع.', 'جرم.', 'شکل.', 'وزن.']",B,نیروی گرانش با جرم هر دو جسم رابطه مستقیم دارد و این عامل تعیین‌کننده اصلی است.,A,0.7589936852455139,B,0.8308328986167908,False,True,True,True,[0.7589937  0.14945471 0.00090269 0.09064887],[1.6264489e-01 8.3083290e-01 2.1579408e-04 6.3064271e-03]
1497,کدامیک نمونه‌ای از جریان برق در یک مدار برای تولید صدا است؟,"['فشردن دکمه\u200cای برای به صدا درآمدن زنگ در', 'قدم گذاشتن روی یک فرش برای باز شدن در', 'تبدیل کردن یک کلید برای روشن کردن یک چراغ', 'کشیدن اهرم برای روشن کردن یک پتو برقی']",A,این عمل با عبور جریان برق از یک مدار، ارتعاش ایجاد کرده و مستقیماً صدا تولید می‌کند، برخلاف سایر موارد که نور یا گرما می‌دهند.,A,0.8998709917068481,A,0.9880656003952026,True,True,True,True,[0.899871   0.01460199 0.07415501 0.01137204],[0.9880656  0.00318187 0.00594451 0.00280799]
1498,کدام ویژگی‌ها به احتمال زیاد یک گونه از شکارچیان شب‌زی را در طول زمان برای بقا در طبیعت توسعه می‌دهد؟,"['اندازه کوچک', 'دندان\u200cهای صاف و آسیاب\u200cکننده', 'بینایی و شنوایی تیز', 'مقاومت در برابر تغییرات آب و هوایی']",C,شکارچیان شب‌زی برای بقا در تاریکی به حواس قوی مانند دیدن و شنیدن نیاز دارند تا طعمه را پیدا کنند و از خطر دوری کنند.,B,0.37446752190589905,C,0.99787437915802,False,True,True,True,[0.22712603 0.37446752 0.37446752 0.02393891],[1.7066521e-03 3.2572026e-04 9.9787438e-01 9.3320421e-05]
1499,چرا یک شهر در بیابان به ندرت نسبت به یک شهر در کنار سواحل، مه صبحگاهی زودهنگام را تجربه می‌کند؟,"['باران در بیابان کمتر است.', 'دما در بیابان بیشتر متغیر است.', 'بخار آب در هوای بیابان کمتر است.', 'گیاهان در بیابان کمتر هستند.']",C,مه نیاز به رطوبت دارد و هوای خشک بیابان کمتر به نقطه شبنم می‌رسد، بنابراین تشکیل مه نادر است.,C,0.591585099697113,C,0.8815484642982483,True,True,True,True,[0.16817297 0.19205956 0.5915851  0.04818236],[0.09291452 0.0158958  0.88154846 0.00964129]
1500,اکثر کشاورزان از کودها در مزارع ذرت خود استفاده می‌کنند. کدام عبارت بهترین توضیح را برای این‌که چرا کشاورزان نباید از مقدار زیاد کود استفاده کنند، ارائه می‌دهد؟,"['کودها ممکن است به درون جویبارها شسته شوند.', 'کودها ممکن است توسط علف\u200cهای هرز مصرف شوند.', 'کودها ممکن است به هوا بخار شوند.', 'کودها ممکن است از مواد طبیعی تهیه شده باشند.']",A,مصرف زیاد کود باعث روان‌آب و آلودگی آب‌ها می‌شود که برای محیط زیست مضر است.,B,0.833708643913269,A,0.9779970049858093,False,True,True,True,[0.12835376 0.83370864 0.0286396  0.00929792],[0.977997   0.01791264 0.00242421 0.00166614]
1501,کدام یک بیان مربوط به آب و هواست؟,"['میانگین بارش سالانه 51 سانتی\u200cمتر است.', 'میانگین دمای بالای بهار 22 درجه سانتی\u200cگراد است.', 'میانگین دمای روز دوشنبه 17 درجه سانتی\u200cگراد بود.', 'میانگین تعداد روزهای آفتابی در سال 285 روز است.']",C,میانگین دمای یک فصل، الگوی بلندمدت و قابل پیش‌بینی آب‌وهوا را نشان می‌دهد.,A,0.6238889694213867,B,0.6365635991096497,False,False,False,False,[0.62388897 0.17874719 0.07451291 0.12285102],[0.30304968 0.6365636  0.01937332 0.04101332]
1502,سوال: کدام یک از گزینه‌های زیر به احتمال زیاد نتیجه یک سیستم آب و هوایی با فشار کم خواهد بود؟,"['الف) دماهای گرم', 'ب) شرایط ابری', 'ج) شرایط صاف', 'د) دماهای خنک']",B,سیستم‌های کم‌فشار باعث صعود هوا و تشکیل ابر می‌شوند.,B,0.5994521975517273,B,0.8883656859397888,True,True,True,True,[0.17309295 0.5994522  0.13480492 0.09264998],[0.03872832 0.8883657  0.03872832 0.03417762]
1503,یک دانش‌آموز در حال تحقیق در مورد چگونگی رفتار نور هنگام برخورد با سطوح مختلف است. او یک پنجره شیشه‌ای مات، یک پنجره شیشه‌ای شفاف، یک آینه و یک تکه مقوا دارد. کدام یک از این اشیاء بیشترین نور را پخش می‌کند؟,"['آینه، زیرا بازتابنده است', 'تکه مقوا، زیرا غیرشفاف است', 'شیشه پنجره شفاف، زیرا شفاف است', 'شیشه پنجره مات، زیرا نیمه\u200cشفاف است']",D,سطوح ناهموار و غیربراق نور را در جهات مختلف پراکنده می‌کنند، در حالی که سطوح صاف آن را منظم بازتاب می‌دهند.,C,0.8339493274688721,C,0.7890587449073792,False,False,False,False,[0.09921274 0.02547994 0.8339493  0.04135802],[0.17744368 0.00985549 0.78905874 0.02364208]
1504,یک دانش‌آموز یک تحقیق انجام داد و پی برد که نتایج از فرضیه حمایت می‌کند. برای اطمینان از قابل اعتماد بودن نتایج، دانش‌آموز باید,"['یک نمودار تهیه کند.', 'یک گزارش بنویسد.', 'از رویه\u200cای متفاوت استفاده کند.', 'همان رویه را تکرار کند.']",D,تکرار دقیق آزمایش برای تأیید نتایج اولیه و اطمینان از عدم تصادفی بودن آنها ضروری است.,B,0.7476051449775696,D,0.9785997271537781,False,True,True,True,[0.03700361 0.74760514 0.00078008 0.2146112 ],[1.4068456e-02 7.0740646e-03 2.5767277e-04 9.7859973e-01]
1505,چگونه یک معادله شیمیایی متعادل، قانون بقاء جرم را تأمین می‌کند؟,"['در طول یک واکنش شیمیایی، مقدار کل ماده ثابت می\u200cماند.', 'در طول یک واکنش شیمیایی، ماده نابود می\u200cشود.', 'در طول یک واکنش شیمیایی، یک یا چند ماده جدید تشکیل می\u200cشود.', 'در طول یک واکنش شیمیایی، تعداد کل اتم\u200cها افزایش می\u200cیابد.']",A,تعداد اتم‌ها در دو طرف واکنش برابر است، بنابراین جرم کل تغییر نمی‌کند.,A,0.9972151517868042,A,0.9981616139411926,True,True,True,True,[9.9721515e-01 1.8998652e-03 3.4062707e-04 5.4432050e-04],[9.9816161e-01 1.0273770e-03 5.1659759e-04 2.9434843e-04]
1506,از سالی به سال دیگر، کشاورزان محصولات مختلفی را در مزارع می‌چرخانند تا مواد مغذی خاک را بهبود بخشند. چرا چرخش محصولات همچنین یک روش مؤثر مدیریت آفات است؟,"['این امکان را فراهم می\u200cکند که مواد شیمیایی آفات بیشتری را از بین ببرند.', 'این محصولات مقاوم در برابر آفات تولید می\u200cکند.', 'این امر چرخه\u200cهای زندگی آفات را مختل می\u200cکند.', 'این امکان را فراهم می\u200cکند که آفات بیش از حد زیاد شوند.']",C,با تغییر گیاهان کشت‌شده، چرخه زندگی و تکثیر آفات مختل شده و جمعیت آن‌ها کاهش می‌یابد.,C,0.9633737802505493,C,0.9661941528320312,True,True,True,True,[2.57735234e-02 1.07440026e-02 9.63373780e-01 1.08674045e-04],[2.9405370e-02 4.2362451e-03 9.6619415e-01 1.6425706e-04]
1507,آب‌های سرشار از مواد مغذی که ناشی از بارش‌های شدید است، به خلیج مکزیک سرازیر می‌شوند. این پدیده باعث ایجاد شکوفایی جلبک‌ها در محیط اقیانوس می‌شود. با تجزیه جلبک‌ها، مقادیر زیادی اکسیژن در نوار ساحلی مصرف می‌شود. به عنوان نتیجه، کدام یک از موارد زیر احتمالاً برای منطقه پیش خواهد آمد؟,"['نیترات جایگزین اکسیژن در آب می\u200cشود.', 'دماي آب افزایش می\u200cیابد.', 'حرکت موج جلبک\u200cهای مرده را به اطراف می\u200cبرد.', 'جانوران کف دریا می\u200cمیرند و ماهی\u200cها فرار می\u200cکنند.']",D,کمبود شدید اکسیژن ناشی از تجزیه جلبک‌ها باعث مرگ موجودات ثابت کف‌زی می‌شود، در حالی که ماهی‌های متحرک قادر به فرار از منطقه هستند.,C,0.652434229850769,D,0.7369101643562317,False,True,True,True,[0.3081881  0.02866596 0.65243423 0.01071169],[0.2392397  0.00831525 0.01553493 0.73691016]
1508,جمعیت شیر دریایی استلر در بخشی از آلاسکا در حال کاهش است. شواهد جدید نشان می‌دهد که شیرهای دریایی استلر برای بقا به ماهی هیرینگ نیاز دارند. ماهی پولوک، نوع دیگری از ماهی، نیز از هیرینگ تغذیه می‌کند. کدام گزینه به احتمال زیاد به افزایش جمعیت شیر دریایی استلر کمک خواهد کرد؟,"['افزایش تعداد ماهی\u200cهای پولوک', 'تغییر رژیم غذایی شیرهای دریایی', 'بهبود زیستگاه\u200cهای هیرینگ', 'تغییر مکان شیرهای دریایی']",C,افزایش دسترسی به غذای اصلی شیرهای دریایی از طریق بهبود شرایط زیستگاه آن، منابع تغذیه‌ای را مستقیماً تقویت می‌کند.,A,0.6518435478210449,C,0.9539391398429871,False,True,True,True,[0.65184355 0.06924266 0.2717288  0.00718498],[4.2077202e-02 3.4539073e-03 9.5393914e-01 5.2967388e-04]
1509,چندین نظریه در مورد نحوه انقراض دایناسورها وجود دارد. اگر شواهد جدیدی پیدا شود که به نظر می‌رسد نظریه خاصی در مورد انقراض دایناسورها را به چالش می‌کشد، چه اتفاقی برای نظریه قدیمی می‌افتد؟,"['جایگزین می\u200cشود.', 'تعدیل می\u200cشود.', 'به قانون تبدیل می\u200cشود.', 'مشکوک می\u200cشود.']",B,در علم، نظریه‌ها با شواهد جدید به‌روز می‌شوند و اصلاح می‌گردند، نه کاملاً کنار گذاشته می‌شوند.,D,0.38799363374710083,B,0.8997396230697632,False,True,True,True,[0.26666388 0.34240317 0.00293931 0.38799363],[0.05774355 0.8997396  0.00283031 0.03968652]
1510,یک لایه سنگی حاوی فسیل یک ماهی و فسیل یک دایناسور زمینی در بسیار نزدیکی یکدیگر یافت شده است. توضیح احتمالاً مناسب برای این موضوع چیست؟,"['ماهی و دایناسور هر دو در نزدیکی ساحل زندگی می کردند.', 'ماهی توسط یک موج عظیم به عمق زمین حمل شده است.', 'ماهی و دایناسور در زمان های بسیار متفاوتی فسیل شده اند.', 'دایناسور در حال شنا از یک قاره به قاره دیگر بود که مرد.']",A,یک رویداد ناگهانی مانند موج بزرگ می‌تواند ماهی را از دریا به خشکی منتقل کرده و همراه با دایناسور در رسوبات دفن کند.,A,0.7539132237434387,B,0.8145548701286316,True,False,False,False,[7.5391322e-01 2.9061606e-02 2.1642204e-01 6.0315442e-04],[1.8104318e-01 8.1455487e-01 3.8166023e-03 5.8529491e-04]
1511,کودهایی که از طریق آب‌های زائد مزارع به دریا وارد می‌شوند، می‌توانند باعث افزایش در چه چیزی شوند؟,"['بارش باران.', 'جمعیت حیوانات.', 'تولید مثل جلبک\u200cها.', 'تبخیر آب دریا.']",C,مواد مغذی کودها که به دریا راه می‌یابند، مانند تقویت‌کننده عمل کرده و باعث رشد سریع و انبوه موجودات ریز گیاهی می‌شوند.,C,0.6812670826911926,C,0.8898932337760925,True,True,True,True,[0.2828872  0.01262493 0.6812671  0.02322079],[0.06446365 0.04430518 0.88989323 0.0013379 ]
1512,یک دانش‌آموز مشاهده می‌کند که یک گیاه در زمان‌های مختلف با سرعت‌های متفاوتی رشد می‌کند. این دانش‌آموز اعلام می‌کند که این تغییرات باید ناشی از تغییرات در مقدار نوری باشد که گیاه دریافت می‌کند. کدام توصیف از بیان دانش‌آموز دقیق‌ترین است؟,"['این یک نظر است و نه یک واقعیت.', 'این درست است زیرا بر مبنای مشاهده است.', 'این یکی از چندین توضیح ممکن برای شواهد است.', 'این نامعتبر است زیرا بر مبنای روش علمی نیست.']",C,این ایده بر اساس مشاهده است، اما تنها دلیل ممکن نیست و عوامل دیگری نیز می‌توانند بر رشد گیاه تأثیر بگذارند.,C,0.8301206231117249,C,0.9576075077056885,True,True,True,True,[0.0465586  0.07676215 0.8301206  0.0465586 ],[0.02903042 0.00504473 0.9576075  0.00831736]
1513,در هنگام بررسی اینکه آیا تحقیق علمی صحیح است، همه این موارد مهم هستند به جز,"['سایر شواهد حمایت\u200cکننده از یافته\u200cهای تحقیق.', 'طریقه طراحی تحقیق.', 'زمان انجام تحقیق.', 'احساس نویسنده نسبت به تحقیق.']",D,احساسات شخصی نویسنده معیار عینی برای ارزیابی صحت علمی نیست و بر بی‌طرفی و تکرارپذیری تحقیق تأثیر منفی می‌گذارد.,B,0.547684371471405,D,0.8499283790588379,False,True,True,True,[0.426537   0.5476844  0.00152636 0.0242523 ],[7.0313558e-02 7.9675697e-02 8.2328705e-05 8.4992838e-01]
1514,کدام یک از عبارت‌های زیر بهترین توضیح را برای این که چرا پایین‌ترین لایهٔ گوشتی زمین از لایهٔ بالایی گوشتی بسیار سفت‌تر و متراکم‌تر است، ارائه می‌دهد؟,"['لایهٔ پایین\u200cتر از لایهٔ بالایی قدیمی\u200cتر است.', 'لایهٔ پایین\u200cتر از لایهٔ بالایی سردتر است.', 'لایهٔ پایین\u200cتر تحت فشار بیشتری نسبت به لایهٔ بالایی قرار دارد.', 'لایهٔ پایین\u200cتر از لایهٔ بالایی دورتر از هسته است.']",C,فشار ناشی از وزن لایه‌های بالایی باعث افزایش تراکم و سفتی در عمق بیشتر می‌شود.,C,0.8361995816230774,C,0.9721730351448059,True,True,True,True,[0.14644937 0.00921705 0.8361996  0.00813402],[2.6315520e-02 1.0861711e-03 9.7217304e-01 4.2535074e-04]
1515,ماهی‌ها اکسیژنی را که در آبی که شنا می‌کنند، تنفس می‌کنند. بهترین توصیف برای اکسیژنی که ماهی‌ها تنفس می‌کنند کدام است؟,"['A) اکسیژن یک محلول است که آب را حل می\u200cکند.', 'B) اکسیژن یک ماده است که آب را حل می\u200cکند.', 'C) اکسیژن یک حلّال است که در آب حل شده است.', 'D) اکسیژن یک محلول است که در آب حل شده است.']",C,ماهی‌ها گاز حل‌شده در آب را تنفس می‌کنند، که در این حالت آب حلال است و گاز حل‌شونده است.,D,0.5389758348464966,A,0.4542953372001648,False,False,False,False,[0.4197548  0.03017031 0.01109904 0.53897583],[0.45429534 0.01361177 0.13117863 0.40091422]
1516,فرآیند تخریب جنگل‌های بارانی بر اکوسیستم‌ها در مقیاس جهانی تأثیر می‌گذارد. حیات وحش، مردم و آب و هوا ممکن است تحت تأثیر قرار گیرند. یکی از اثرات بلندمدت تخریب جنگل این است که,"['ارگانیسم\u200cها ممکن است منقرض شوند.', 'تنوع زیستی به افزایش خود ادامه خواهد داد.', 'پ Plants دارویی بیشتری کشف شود.', 'تعداد ژن\u200cها برای ارگانیسم\u200cهای آینده افزایش خواهد یافت.']",A,تخریب زیستگاه‌ها و تغییرات آب‌وهوایی ناشی از جنگل‌زدایی، فشار زیادی بر گونه‌ها وارد کرده و خطر انقراض را افزایش می‌دهد.,A,0.9904587268829346,A,0.9973776340484619,True,True,True,True,[9.9045873e-01 8.4734494e-03 6.9554313e-04 3.7229739e-04],[9.9737763e-01 2.4602099e-03 1.2248664e-04 3.9765589e-05]
1517,"پیش‌بینی برای ""مخلوط برفی"" نشان می‌دهد که بخار در هوا هم باران و هم برف تشکیل خواهد داد. کدام یک از این اصول به درستی این رویداد را توصیف می‌کند؟","['آب زیادی در جو زمین وجود ندارد.', 'بیشتر آب روی زمین به صورت بخار وجود دارد.', 'آب در تمامی سه حالت در زمین وجود دارد.', 'آب روی زمین به مرور زمان تمایل به تشکیل یک جامد دارد.']",C,این پدیده نشان می‌دهد که آب در جو زمین می‌تواند همزمان به صورت مایع، جامد و گاز وجود داشته باشد.,B,0.8753535747528076,A,0.39520248770713806,False,False,False,False,[0.08157974 0.8753536  0.00453106 0.03853554],[0.3952025  0.27161843 0.27161843 0.06156068]
1518,فعالیت‌های انسانی به طرق مختلف بر محیط طبیعی تأثیر می‌گذارند. کدام اقدام تأثیر مثبتی بر محیط طبیعی خواهد داشت؟,"['استفاده از گاز طبیعی برای گرم کردن خانه\u200cها', 'ساخت سدها برای تولید برق', 'قطع درختان برای ساخت خانه\u200cهای جدید', 'بازیافت کاغذ برای کاهش قطع درختان']",D,بازیافت کاغذ نیاز به قطع درختان را کاهش داده و به حفظ منابع طبیعی و کاهش آلودگی کمک می‌کند.,D,0.859953761100769,D,0.7257960438728333,True,True,True,False,[0.13136403 0.00752776 0.00115442 0.85995376],[0.20957497 0.05298885 0.01164011 0.72579604]
1519,اگرچه مدلی برای انتقال ویژگی‌های ژنتیکی در قرن نوزدهم پیشنهاد شد، اما تا قرن بیستم دانشمندان نقش DNA و ژن‌ها در وراثت ویژگی‌ها را یاد نگرفتند. این پیشرفت در درک علمی احتمالاً ناشی از کدام یک از موارد زیر است؟,"['ادامه تحقیقات', 'رد فرضیه\u200cهای قدیمی\u200cتر', 'پیشرفت در روش علمی', 'بحث در مورد نتایج موجود']",A,پیشرفت ابزار و روش‌های تحقیق در قرن بیستم امکان مطالعه مستقیم مولکول‌های وراثتی را فراهم کرد.,B,0.9504231810569763,C,0.8365528583526611,False,False,False,False,[0.0472726  0.9504232  0.00125977 0.00104439],[3.2947477e-02 1.3030981e-01 8.3655286e-01 1.8988526e-04]
1520,بسیاری از مردم آب شیرین را از چاه‌هایی که به آب ذخیره شده در زیر زمین می‌رسند، تأمین می‌کنند. زمانی که بارندگی کم است، آب می‌تواند شروع به کم شدن کند. بهترین راه برای اینکه آب مدت بیشتری دوام بیاورد چیست؟,"['استفاده از sprinklerها به مدت کمتر در هر هفته', 'شستن خودروها در وسط روز', 'پاشیدن آب برای تمیز کردن روغن از پارکینگ\u200cها', 'اجازه دادن به شیرآلات در حین مسواک زدن بر روی آب بریزد']",A,کاهش دفعات آبیاری غیرضروری، مصرف را کم کرده و منابع آب زیرزمینی را برای مدت بیشتری حفظ می‌کند.,C,0.854947030544281,A,0.9756683111190796,False,True,True,True,[0.09028693 0.00643896 0.85494703 0.04832711],[0.9756683  0.01773092 0.00211766 0.00448308]
1521,آب در زیرزمین در بسیاری از مناطق یافت می‌شود. پمپاژ مقادیر زیادی آب از یک ناحیه سنگ آهکی زیرزمینی احتمالاً باعث چه چیزی خواهد شد؟,"['شکستگی در سنگ آهک', 'سیلابی شدن جویبارهای اطراف منطقه', 'فرورفتگی زمین بالای سنگ آهک', 'تغییر در نوع سنگی که در آن منطقه شکل می\u200cگیرد']",C,کاهش فشار آب زیرزمینی باعث خالی شدن فضاهای سنگ و نشست زمین در بالا می‌شود.,C,0.9097324013710022,C,0.9381789565086365,True,True,True,True,[7.4675381e-02 1.4936016e-02 9.0973240e-01 6.5624272e-04],[6.0446169e-02 1.2545201e-03 9.3817896e-01 1.2039265e-04]
1522,یک دانش‌آموز علوم متوجه می‌شود که محتوای یکی از لوله‌های آزمایش در یک آزمایش به جوش آمده و رنگ آن تغییر می‌کند. قبل از اتمام آزمایش، دانش‌آموز ثبت می‌کند که ماده در این لوله آزمایش خاص در حال انجام یک تغییر شیمیایی است. اظهارنظر دانش‌آموز مثال خوبی از چیست؟,"['یک مشاهده.', 'یک فرضیه.', 'یک نتیجه\u200cگیری.', 'یک استنباط.']",D,دانش‌آموز با ترکیب مشاهدات و دانش قبلی، نتیجه‌ای منطقی درباره پدیده غیرمستقیم ارائه می‌دهد.,D,0.7234641313552856,D,0.936388373374939,True,True,True,True,[0.14162625 0.11029863 0.02461095 0.72346413],[0.01708369 0.04098164 0.00554626 0.9363884 ]
1523,بخشی از زمین در تمام زمان‌ها توسط خورشید گرم می‌شود. اگر زمین تمام انرژی که از خورشید دریافت می‌کند را جذب می‌کرد، شرایط محیطی در سیاره تغییر می‌کند و اکوسیستم‌های موجود پایدار نخواهند بود. کدام یک از راه‌هایی است که زمین انرژی را از خورشید از دست می‌دهد؟,"['اقیانوس\u200cها انرژی را جذب می\u200cکنند.', 'ابرها انرژی را به فضا انعکاس می\u200cدهند.', 'گیاهان انرژی را به شکل مواد شیمیایی ذخیره می\u200cکنند.', 'جو توسط انرژی گرم می\u200cشود.']",B,زمین با بازتاباندن بخشی از انرژی خورشید به فضا از گرمایش بیش‌ازحد جلوگیری می‌کند که ابرها در این فرآیند نقش کلیدی دارند.,C,0.46778255701065063,B,0.9824967980384827,False,True,True,True,[0.36430943 0.13402195 0.46778256 0.03388606],[0.01076635 0.9824968  0.00508566 0.00165107]
1524,کدام یک از این موارد بهترین توصیف را از زمان وقوع کسوف ماه ارائه می‌دهد؟,"['زمانی که زمین بین ماه و خورشید قرار دارد', 'زمانی که ماه بین زمین و خورشید قرار می\u200cگیرد', 'زمانی که خورشید بین زمین و ماه قرار دارد', 'زمانی که زمین در زاویه ۹۰ درجه\u200cای با ماه و خورشید قرار دارد']",A,زمین در میان خورشید و ماه قرار می‌گیرد و سایه آن روی ماه می‌افتد.,C,0.5501667261123657,C,0.39875340461730957,False,False,False,False,[0.20239504 0.13910393 0.5501667  0.10833425],[0.27405894 0.27405894 0.3987534  0.05312875]
1525,در کدام شرایط، یک سازگاری که اجازه می‌دهد قورباغه‌های ریز دوره متابولیسم را کوتاه‌تر طی کنند، مفید خواهد بود؟,"['زمانی که قورباغه\u200cهای ریز نیاز به شنا کردن فوری دارند', 'زمانی که مقدار آب در محیط آن\u200cها محدود است', 'زمانی که تعداد شکارچیان کاهش می\u200cیابد', 'زمانی که قورباغه\u200cهای ریز نیاز به هم\u200cخوانی با محیط اطراف خود دارند']",B,این سازگاری کاهش از دست‌دادن آب را تسهیل می‌کند و در شرایط کمبود منابع آبی، بقا را بهبود می‌بخشد.,A,0.8192861676216125,B,0.9868588447570801,False,True,True,True,[0.81928617 0.14320724 0.03195386 0.00555275],[1.2471341e-02 9.8685884e-01 2.4315243e-04 4.2674580e-04]
1526,یک دانش‌آموز رشد گیاهان را در انواع مختلف خاک مورد مطالعه قرار داد. بهترین روش برای سازماندهی داده‌ها چیست؟,"['تاریخ و زمان.', 'تاریخ و ارتفاع گیاه.', 'ارتفاع گیاه و نوع خاک', 'تاریخ، ارتفاع گیاه و نوع خاک.']",D,برای تحلیل تأثیر خاک بر رشد گیاه، باید نوع خاک، ارتفاع گیاه و تاریخ اندازه‌گیری را ثبت کرد تا تغییرات در طول زمان بررسی شود.,C,0.5504716038703918,D,0.7846753001213074,False,True,True,True,[0.05847433 0.09640787 0.5504716  0.29464623],[0.01442808 0.1991735  0.00172319 0.7846753 ]
1527,کدام یک از واحدها برای بیان مسافت سفر یک هواپیما در ۲ ساعت مناسب‌ترین است؟,"['متر', 'کیلومتر', 'میلی\u200cمتر', 'سانتی\u200cمتر']",B,مسافت طولانی هواپیما در دو ساعت با واحد بزرگتری مانند کیلو[MASK] به‌طور مناسب بیان می‌شود.,B,0.9967719912528992,B,0.9977555871009827,True,True,True,True,[2.2061320e-03 9.9677199e-01 3.4906078e-04 6.7283225e-04],[1.5000649e-03 9.9775559e-01 2.0945599e-04 5.3486461e-04]
1528,ارتفاع معمولی برای یک درخت کاج سفید شرقی بالغ 100 فوت است، اما در آنتوناجون، میشیگان، یک درخت کاج سفید شرقی وجود دارد که به 150 فوت رسیده است. درخت کاج در میشیگان چند برابر بزرگتر از درخت کاج سفید معمولی است؟,"['1.5 برابر', '2 برابر', '2.5 برابر', '3 برابر']",A,نسبت ارتفاع درخت غیرمعمولی به معمولی ۱.۵ است.,B,0.6177599430084229,A,0.9826325178146362,False,True,True,True,[0.1769912  0.61775994 0.08360472 0.12164415],[0.9826325  0.01091606 0.0024357  0.00401579]
1529,یک نمونه از یک ماده ناشناخته، حجمی دارد که مستقل از ظرف خود است. چه اطلاعات اضافی برای تعیین وضعیت نمونه مورد نیاز است؟,"['جرم نمونه', 'چگالی نمونه', 'آیا نمونه شکل ثابتی دارد', 'آیا نمونه برق را هدایت می\u200cکند']",C,حجم مستقل از ظرف نشان‌دهنده گاز است، اما برای تشخیص دقیق حالت ماده باید ثبات شکل آن بررسی شود.,B,0.6051636934280396,C,0.992893636226654,False,True,True,True,[0.22437337 0.6051637  0.1542094  0.01625355],[6.4842328e-03 4.6971627e-04 9.9289364e-01 1.5249454e-04]
1530,اگر یک کشاورز تصمیم بگیرد که محصول گندم را با یک آفت‌کش گرد و غبار کند، چه اتفاقی احتمالاً برای این زنجیره غذایی رخ خواهد داد؟ گندم -> حشرات -> گنجشک‌ها -> دلیجان‌ها,"['چمن سبزتر خواهد شد.', 'پرندگان بیشتری به مزارع خواهند آمد.', 'دلیجان\u200cها بیشتر از چمن خواهند خورد.', 'گنجشک\u200cهای کمتری در مزارع دیده خواهند شد.']",D,سمپاشی حشرات را کاهش می‌دهد و در نتیجه غذای پرندگان کم شده و جمعیت آن‌ها کمتر می‌شود.,A,0.39410316944122314,B,0.3969475030899048,False,False,False,False,[0.39410317 0.30692786 0.02810613 0.27086288],[0.24076083 0.3969475  0.01198678 0.35030493]
1531,جو آن یک بشر بزرگ از آب تمیز برداشت و به آرامی یک قطره رنگ غذای آبی را به لبه سطح آب اضافه کرد. او بشقاب را لمس نکرد و حرکت نداد. در ابتدا، او streakهای آبی را مشاهده کرد که رنگ غذا به تدریج در آب غرق می شد، اما کم کم رنگ تمام بشر آب به طور یکنواخت آبی شد. چه چیزی باعث شد رنگ غذای آبی در سراسر آب ترکیب شود؟,"['مولکول های آب که به مولکول های رنگ غذا برخورد کردند باعث مخلوط شدن شدند.', 'نور که بر روی سطح آب می درخشید باعث مخلوط شدن شد.', 'یک واکنش شیمیایی بین آب و رنگ غذا یک ترکیب جدید و روشن آبی ایجاد کرد.', 'آب با رنگ غذا تعامل کرد و باعث شد رنگ آبی محو شود.']",A,حرکت طبیعی ذرات در مایع به دلیل انرژی جنبشی باعث پخش شدن رنگ بدون نیاز به نیروی خارجی یا واکنش شیمیایی می‌شود.,A,0.9841054081916809,A,0.9701665639877319,True,True,True,False,[9.8410541e-01 1.0313753e-03 1.4237697e-02 6.2556076e-04],[9.7016656e-01 3.9257322e-04 2.9296491e-02 1.4441961e-04]
1532,کدام یک از این اشیا نیمه شفاف است؟,"['الف) دفتر یادداشت یک دانش\u200cآموز', 'ب) یک آینه در اتوبوس', 'ج) یک دیوار آجری مدرسه', 'د) لنزهای عینک آفتابی یک دانش\u200cآموز']",D,لنزهای عینک آفتابی نور را تا حدی عبور می‌دهند، در حالی که سایر موارد یا کدر هستند یا بازتابنده.,B,0.6658303737640381,D,0.8333414196968079,False,True,True,True,[0.0377106  0.6658304  0.01781323 0.27864572],[0.0470139  0.08783354 0.0318112  0.8333414 ]
1533,سلول‌های گیاهی و سلول‌های انسانی چگونه مشابه هستند؟,"['آن\u200cها می\u200cتوانند اکسیژن خود را تولید کنند.', 'آن\u200cها غذای خود را از نور خورشید می\u200cسازند.', 'آن\u200cها می\u200cتوانند مواد مغذی را از طریق دیواره سلولی دریافت کنند.', 'آن\u200cها از میتوکندری برای آزاد کردن انرژی از قندها استفاده می\u200cکنند.']",D,هر دو نوع سلول از اندامک مشترکی برای آزادسازی انرژی از مواد قندی استفاده می‌کنند.,C,0.7572497129440308,D,0.6739173531532288,False,True,True,True,[0.14795092 0.0050626  0.7572497  0.08973677],[0.10334858 0.00394513 0.21878892 0.67391735]
1534,یک دانش‌آموز می‌خواهد تعیین کند کدام نوع صابون دست باکتری‌های بیشتری را از بین می‌برد. معلم او به او می‌گوید که تنها نوع صابون دست را تغییر دهد. نوع باکتری آزمایش شده باید یکسان باشد. تنها یک متغیر آزمایش می‌شود؛ زیرا این امر,"['تجربه را تسریع می\u200cکند.', 'قابلیت اطمینان نتایج را بهبود می\u200cبخشد.', 'خواندن نمودارها را آسان\u200cتر می\u200cکند.', 'اطمینان حاصل می\u200cکند که دانش\u200cآموزان چیزی یاد می\u200cگیرند.']",B,تغییر تنها یک عامل، دقت نتایج را تضمین کرده و از تأثیر متغیرهای دیگر جلوگیری می‌کند.,A,0.5876887440681458,B,0.9731430411338806,False,True,True,True,[0.58768874 0.4039122  0.00187048 0.00652863],[2.6034884e-02 9.7314304e-01 2.9840230e-04 5.2371237e-04]
1535,کدام یک از این مواد گزینه مناسبی برای استفاده به عنوان عایق است؟,"['هوای', 'آهن', 'شیشه', 'آلومینیوم']",A,هوا رسانایی حرارتی بسیار کمی دارد و در مصالح عایق استفاده می‌شود، برخلاف فلزات که رسانای خوبی هستند.,C,0.7045592665672302,C,0.8127509355545044,False,False,False,False,[0.06604821 0.02753299 0.70455927 0.20185961],[0.17993797 0.00551922 0.81275094 0.00179183]
1536,یک دانشمند تعداد تخم هایی که یک گونه پرنده در هر سال می گذارد را مطالعه کرد. او متوجه شد که متداول ترین تعداد تخم هایی که در یک سال گذاشته می شود، سه عدد است. این دانشمند کدام اندازه گیری آماری را یافته است؟,"['میانگین تعداد تخم های گذاشته شده در سال', 'میانه تعداد تخم های گذاشته شده در سال', 'مد تعداد تخم های گذاشته شده در سال', 'دامنه تعداد تخم های گذاشته شده در سال']",C,پرکاربردترین مقدار در داده‌ها، مد نامیده می‌شود.,C,0.8738933205604553,C,0.989035427570343,True,True,True,True,[0.03832128 0.08112614 0.8738933  0.00665924],[9.5458375e-03 1.0710132e-03 9.8903543e-01 3.4770710e-04]
1537,دانش‌آموزان یک تحقیق علمی دربارهٔ انواع خاک‌های موجود در حیاط مدرسه انجام دادند. دانش‌آموزان برای اطمینان از اینکه تحقیق آن‌ها در سال آینده توسط کلاس درک شود، باید چه کاری انجام دهند؟,"['نام\u200cهای دانش\u200cآموزانی که در تحقیق همکاری کرده\u200cاند را درج کنند.', 'همهٔ داده\u200cها را در جداول و نمودارهای خود به\u200cدرستی علامت\u200cگذاری کنند.', 'عکسی از دانش\u200cآموزان در حال انجام مطالعه بگیرند.', 'گزارش را به معلم تحویل دهند.']",B,مستندسازی دقیق داده‌ها برای درک و تکرار تحقیق در آینده ضروری است، برخلاف مواردی که اطلاعات علمی ارائه نمی‌دهند.,D,0.7597545385360718,B,0.7100390791893005,False,True,True,True,[1.4931263e-01 9.0562686e-02 3.7010899e-04 7.5975454e-01],[8.5133977e-02 7.1003908e-01 6.0115720e-04 2.0422581e-01]
1538,در کلاس علوم، یک دانش‌آموز ۲۰ میلی‌لیتر از یک محلول اسید بدست می‌آورد. مقدار کمی اسید به یک ماده افزوده می‌شود تا وجود مس را تشخیص دهد. چه کار باید با محلول اضافی اسید انجام شود؟,"['الف) اسید را به سطل زباله بریزید.', 'ب) قبل از ریختن آن در سینک، اسید را خنثی کنید.', 'ج) اسید را به بطری اصلی معلم برگردانید.', 'د) اجازه دهید آب از محلول اسید تبخیر شود.']",B,برای جلوگیری از آسیب به محیط و لوله‌ها، باید قبل از دفع، اسید را بی‌خطر کرد.,B,0.5096887350082397,B,0.6113884449005127,True,True,True,True,[0.30914184 0.50968874 0.12786663 0.05330274],[0.28879943 0.61138844 0.08339139 0.01642074]
1539,برخی از عملیات زغال‌سنگ‌کاری در زیر زمین انجام می‌شود و به زمین‌های بالایی آسیب نمی‌زند. زغال‌سنگ‌کاری که در زیر زمین انجام می‌شود چگونه می‌تواند برای محیط زیست کمتر آسیب‌رسان باشد نسبت به زغال‌سنگ‌کاری سطحی؟,"['زغال\u200cسنگ\u200cکاری زیرزمینی آلودگی را افزایش می\u200cدهد.', 'زغال\u200cسنگ\u200cکاری زیرزمینی باعث کاهش از بین رفتن زیستگاه می\u200cشود.', 'زغال\u200cسنگ\u200cکاری زیرزمینی رشد جنگل را افزایش می\u200cدهد.', 'زغال\u200cسنگ\u200cکاری زیرزمینی جمعیت حیوانات را کاهش می\u200cدهد.']",B,این روش با عدم تخریب سطح زمین، زیستگاه‌های طبیعی را کمتر نابود می‌کند و آسیب زیست‌محیطی کاهش می‌یابد.,B,0.5972737073898315,B,0.7670075297355652,True,True,True,True,[0.11715165 0.5972737  0.2810322  0.00454246],[0.15103275 0.7670075  0.080842   0.00111767]
1540,یک معلم به یک دانش‌آموز یک مایع ناشناخته می‌دهد و می‌خواهد که دانش‌آموز نقطه جوش این مایع را پیدا کند. دانش‌آموز تحقیق را انجام می‌دهد و متوجه می‌شود که نقطه جوش ۵۰ درجه سانتی‌گراد است و سپس آزمایش را تکرار می‌کند و متوجه می‌شود که نقطه جوش ۷۰ درجه سانتی‌گراد است. بهترین راه شناسایی نقطه جوش چیست؟,"['استفاده از نقطه جوش دوم', 'میانگین دو عدد را حساب کند', 'استفاده از نقطه جوش اول', 'تحقیقات را تکرار کند']",D,با توجه به تفاوت نتایج، تکرار آزمایش با کنترل دقیق‌تر متغیرها برای اطمینان از دقت ضروری است.,A,0.9227849245071411,A,0.8125807046890259,False,False,False,False,[0.9227849  0.05231478 0.01167301 0.01322725],[0.8125807  0.09704893 0.03150717 0.05886315]
1541,کدام یک تغییر شیمیایی است؟,"['عنصر ۱ صیقل داده می\u200cشود تا سطحی صاف تشکیل شود.', 'عنصر ۲ گرم شده و بخار می\u200cشود.', 'عنصر ۳ پس از قرار گرفتن در هوا، سطحی سفید و پودری توسعه می\u200cدهد.', 'عنصر ۴ از یک مخلوط با فرآیند تصفیه جدا می\u200cشود.']",C,تشکیل ماده جدید با خواص متفاوت در اثر واکنش با هوا، برخلاف تغییرات فیزیکی دیگر.,A,0.6476091146469116,C,0.5056359171867371,False,True,True,True,[0.6476091  0.1433766  0.18409921 0.02491512],[0.44622213 0.0363431  0.5056359  0.01179888]
1542,اعضا و سیستم‌های اعضا در انسان‌ها چه زمانی شروع به توسعه می‌کنند؟,"['قبل از بارور شدن', 'قبل از تولد', 'در دوران کودکی', 'در دوران بزرگسالی']",B,توسعه اندام‌ها در مرحله جنینی و پیش از تولد آغاز می‌شود.,A,0.7704982161521912,B,0.9662245512008667,False,True,True,True,[0.7704982  0.04321458 0.1722575  0.01402972],[3.2933488e-02 9.6622455e-01 3.1786293e-04 5.2406738e-04]
1543,یک شرکت داروسازی دارویی را برای کمک به تسکین سردردها توسعه داده است. اخیراً این شرکت داروسازی متوجه شد که این دارو ممکن است در تعداد کمی از افرادی که ممکن است دارو را مصرف کنند، باعث حالت تهوع شود. بهترین و اخلاقی‌ترین اقداماتی که این شرکت داروسازی می‌تواند انجام دهد چیست؟,"['استفاده از دارو را متوقف کند.', 'مردم را از عوارض جانبی احتمالی آگاه کند.', 'مقدار دارو را که به مردم داده می\u200cشود کاهش دهد.', 'دارو را اصلاح کند تا دارویی که حالت تهوع را جلوگیری می\u200cکند، شامل شود.']",B,اطلاع‌رسانی شفاف درباره عوارض جانبی، حق انتخاب آگاهانه بیماران را حفظ کرده و مزایای دارو برای اکثریت را تضمین می‌کند.,A,0.6593547463417053,B,0.9846921563148499,False,True,True,True,[0.65935475 0.31145713 0.01188927 0.01729879],[1.2590645e-02 9.8469216e-01 2.3792592e-04 2.4792450e-03]
1544,کدام یک از بلاهای طبیعی زیر بیشترین احتمال را دارد که باعث تخریب در یک نوار باریک در میان جنگل شود؟,"['سیل', 'توفان گردبادی', 'توفان گرمسیری', 'زلزله']",B,به دلیل تمرکز تخریب در مسیری خطی و باریک، برخلاف سایر بلایای طبیعی که گسترده‌تر عمل می‌کنند.,A,0.502094030380249,A,0.6974325776100159,False,False,False,False,[0.50209403 0.2677038  0.14329152 0.0869107 ],[0.6974326  0.06487134 0.2264232  0.01127295]
1545,ترازوی معیاری برای اندازه‌گیری چیست؟,"['جرم.', 'طول.', 'حجم.', 'دمای.']",A,ترازو برای سنجش کمیت فیزیکی جرم طراحی شده است.,B,0.5393000841140747,A,0.9934240579605103,False,True,True,True,[0.42000732 0.5393001  0.00192988 0.03876275],[9.9342406e-01 5.8840862e-03 1.7768399e-04 5.1414571e-04]
1546,هر دانش‌آموز در کلاس علوم خانم جورדן یک کره شیشه‌ای دریافت کرد که حاوی چندین ماده بود که به‌خوبی هم زده شده بودند. مکسول باید محتویات کره شیشه‌ای خود را به عنوان یک ترکیب یا یک مخلوط طبقه‌بندی کند. کدام یک از موارد زیر نشان می‌دهد که کره شیشه‌ای حاوی یک مخلوط است؟,"['A) مواد اولیه چگالی\u200cهای متفاوتی داشتند.', 'B) محتویات کره شیشه\u200cای واکنش داده و یک ماده جدید تشکیل دادند.', 'C) مواد اولیه دارای جرم بیشتری نسبت به محتویات کره شیشه\u200cای بودند.', 'D) محتویات کره شیشه\u200cای به راحتی می\u200cتوانند به مواد اولیه جدا شوند.']",D,در مخلوط‌ها، اجزاء بدون واکنش شیمیایی ترکیب شده و به آسانی از هم جدا می‌شوند، برخلاف ترکیبات که مواد جدید می‌سازند.,A,0.3669421076774597,B,0.8739312291145325,False,False,False,False,[0.3669421  0.32382527 0.02345782 0.2857748 ],[0.07229929 0.8739312  0.00407885 0.04969052]
1547,وجود ارگانیسم‌های فسیلی در سنگ‌ها می‌تواند اطلاعاتی درباره محیط در زمان رسوب‌گذاری رسوبات ارائه دهد زیرا,"['فسیل\u200cها تنها در سنگ\u200cهای رسوبی یافت می\u200cشوند.', 'بسیاری از ارگانیسم\u200cها به مدت میلیون\u200cها سال زنده می\u200cمانند.', 'فسیل\u200cها تحت فرسایش شیمیایی یا فیزیکی قرار نمی\u200cگیرند.', 'ارگانیسم\u200cهای مختلف معمولاً در محیط\u200cهای خاصی زندگی می\u200cکنند.']",D,فسیل‌ها نشان‌دهنده شرایط محیطی گذشته هستند زیرا هر گونه در زیستگاه خاصی زندگی می‌کند.,D,0.9335336089134216,D,0.7703170776367188,True,True,True,False,[0.02204053 0.0249752  0.0194507  0.9335336 ],[0.0263588  0.19476666 0.00855745 0.7703171 ]
1548,یک گروه از دوستان تصمیم گرفتند که در آخر هفته به طبیعت بروند. آن‌ها چند شاخه درخت جمع‌آوری کردند و آتش اردو روشن کردند. چه نوع انرژی از شاخه‌های درخت توسط دوستان استفاده شده است؟,"['انرژی حرارتی', 'انرژی جنبشی', 'انرژی شیمیایی', 'انرژی مکانیکی']",C,انرژی ذخیره‌شده در چوب هنگام سوختن آزاد می‌شود.,C,0.8800468444824219,C,0.7977243065834045,True,True,True,False,[1.1817454e-01 1.1585423e-03 8.8004684e-01 6.2012300e-04],[2.0169629e-01 3.7738594e-04 7.9772431e-01 2.0200013e-04]
1549,انتقال جنین نوعی بیوتکنولوژی است. این روش در پرورش گاو، گوسفند و بز مورد استفاده قرار می‌گیرد. این روش امکان انتقال یک جنین از مادر طبیعی به یک ماده دیگر را فراهم می‌کند. این امر به مادر طبیعی اجازه می‌دهد تا فرزندان بیشتری نسبت به حالت عادی تولید کند. محتمل‌ترین دلیل انتخاب یک ماده خاص به عنوان مادر طبیعی که جنین‌های زیادی برای انتقال به سایر ماده‌ها تولید کند، چیست؟,"['او یک ویژگی مطلوب دارد.', 'او فرزندان دیگری داشته است.', 'او از یک بیماری بهبودیافته است.', 'او با موفقیت بافت\u200cهای دیگری اهدا کرده است.']",A,انتخاب مادر طبیعی برای انتقال جنین به دلیل دارا بودن صفات ژنتیکی برتر و مطلوب است که باعث تولید فرزندان با کیفیت می‌شود.,A,0.94636470079422,A,0.9893002510070801,True,True,True,True,[0.9463647  0.04162099 0.00489385 0.00712051],[0.98930025 0.00767235 0.00160821 0.00141924]
1550,مینا می‌خواست بداند که در یک روز چقدر آب از یک استوانه مدرج تبخیر می‌شود. در روز اول، مینا استوانه مدرجی را با ۱۵۰ میلی‌لیتر آب پر کرد. در روز دوم، او مشاهده کرد که حجم آب به ۱۴۸.۵ میلی‌لیتر کاهش یافته است. اگر چگالی آب ۱.۰ گرم به ازای میلی‌لیتر باشد، جرم آب تبخیر شده چه مقدار بود؟,"['۱.۰ گرم', '۱.۵ گرم', '۱۴۸.۵ گرم', '۲۹۸.۵ گرم']",B,اختلاف حجم در میلی‌لیتر برابر با جرم تبخیرشده بر حسب گرم است، زیرا چگالی آب یک است.,B,0.6688047647476196,B,0.5610446929931641,True,True,True,False,[0.21543941 0.66880476 0.01398947 0.10176637],[0.26501873 0.5610447  0.01319451 0.160742  ]
1551,سوالی: یک مرد به بالای یک کوه بسیار بلند climbed کرد. هنگامی که در بالای کوه بود، تمام آب در بطری پلاستیکی خود را نوشید و سپس درپوش را دوباره گذاشت. وقتی به کمپ در دره برگشت، متوجه شد که بطری خالی جمع شده است. کدام یک از موارد زیر بهترین توضیح را برای این پدیده ارائه می‌دهد؟,"['الف) دما در دره نسبت به بالا کوه پایین\u200cتر است.', 'ب) دما در دره نسبت به بالا کوه بالاتر است.', 'ج) فشار هوا در دره نسبت به بالا کوه پایین\u200cتر است.', 'د) فشار هوا در دره نسبت به بالا کوه بالاتر است.']",D,فشار کم در ارتفاع بالا باعث می‌شود بطری هنگام بازگشت به فشار بیشتر دره فشرده شود.,B,0.37102314829826355,D,0.48181989789009094,False,True,True,True,[0.32742676 0.37102315 0.01259691 0.28895313],[0.12182315 0.06520723 0.33114967 0.4818199 ]
1552,کدام عامل بیشتر احتمال دارد که تعداد موش‌ها در یک منطقه را محدود کند؟,"['منابع فراوان', 'آب و هوای پایدار', 'شکارچیان بیشتر', 'رقابت کمتر']",C,شکارچیان با تغذیه مستقیم از موش‌ها، جمعیت آن‌ها را کاهش می‌دهند و محدود می‌کنند.,C,0.9437767863273621,C,0.9897848963737488,True,True,True,True,[0.04671336 0.0082454  0.9437768  0.00126447],[9.7796153e-03 2.7742633e-04 9.8978490e-01 1.5807275e-04]
1553,در سال 1879، ماری کُرنو کشف کرد که نور خورشید دارای کاهش در نور فرابنفش (UV) است. دو سال بعد، والتر هارتلی دریافت که اوزون برخی از طول موج‌های نور فرابنفش را جذب می‌کند. چه چیزی چارلز فابری و آنگر بویسون را به انجام تحقیقاتی که منجر به کشف لایه اوزون در جو زمین شد، ترغیب کرد؟,"['بررسی علل پدید\u200cه\u200cهای مشاهده شده', 'یافتن گزینه\u200cهایی برای جایگزینی طول\u200cموج\u200cهای گم\u200cشده نور', 'نگرانی\u200cهای بهداشتی در مورد اثرات تابش فرابنفش', 'پیش\u200cبینی تغییرات آینده در تولید نور فرابنفش']",A,آن‌ها برای درک علت کاهش نور فرابنفش که قبلاً مشاهده شده بود، تحقیق کردند.,A,0.618354320526123,A,0.986560583114624,True,True,True,True,[0.6183543  0.00539177 0.37505087 0.00120307],[9.8656058e-01 1.0767123e-03 1.2322320e-02 4.0464194e-05]
1554,دو ورقه کاغذ یکسان در یک آزمایش استفاده می‌شود؛ یکی به شکل توپ در آمده و دیگری صاف است. احتمالاً وقتی هر دو از یک ارتفاع همزمان رها شوند، چه اتفاقی خواهد افتاد؟,"['ورقه صاف به لبه خود خواهد افتاد', 'هر دو با همان سرعت خواهند افتاد', 'ورقه مچاله شده سریع\u200cتر خواهد افتاد', 'ورقه مچاله شده به صورت افقی حرکت خواهد کرد']",C,ورقه مچاله شده مقاومت هوای کمتری دارد و سریع‌تر سقوط می‌کند.,A,0.9104719758033752,C,0.752874493598938,False,True,True,True,[0.910472   0.03097262 0.03976964 0.01878585],[2.4537919e-01 1.4590782e-03 7.5287449e-01 2.8730952e-04]
1555,کدام یک تغییر شیمیایی را توصیف می‌کند؟,"['حل شدن شکر در چای', 'تابش آفتاب بر روی پیاده\u200cرو', 'قیچی کردن کاغذ به قطعات', 'اسید در معده غذا را هضم می\u200cکند']",D,هضم غذا با اسید، ساختار مولکولی را تغییر داده و ماده جدید تولید می‌کند، برخلاف تغییرات فیزیکی دیگر.,C,0.794336199760437,C,0.7986792325973511,False,False,False,False,[0.10834487 0.01293995 0.7943362  0.08437906],[0.06504939 0.01474305 0.79867923 0.12152828]
1556,کدام یک از این موارد در چرخه زندگی همه گیاهان رخ می‌دهد؟,"['الف) بارور شدن', 'ب) جوانه\u200cزنی', 'ج) بلوغ', 'د) تولید مثل جنسی']",C,همه گیاهان توانایی تولید مثل جنسی را حفظ می‌کنند، حتی آنهایی که روش‌های غیرجنسی هم دارند، زیرا برای تنوع ژنتیکی ضروری است.,B,0.4873858392238617,D,0.5604350566864014,False,False,False,False,[0.3336691  0.48738584 0.0398511  0.13909398],[0.33992106 0.09738901 0.00225486 0.56043506]
1557,کدام یک ترتیب صحیح تغییراتی که در بهار برای یک گیاه اتفاق می‌افتد را لیست می‌کند؟,"['بَرخاست، شکوفه\u200cها باز می\u200cشوند، میوه\u200cها رشد می\u200cکنند', 'شکوفه\u200cها می\u200cمیرند، میوه\u200cها رشد می\u200cکنند، برخواست\u200cها شکل می\u200cگیرند', 'بذرها می\u200cریزد، شکوفه\u200cها باز می\u200cشوند، برخواست\u200cها شکل می\u200cگیرند', 'بذرها می\u200cریزد، شکوفه\u200cها می\u200cمیرند، میوه\u200cها رشد می\u200cکنند']",A,ابتدا جوانه می‌زند، سپس گل‌ها باز شده و در نهایت میوه تشکیل می‌شود.,A,0.5554824471473694,D,0.5926597714424133,True,False,False,False,[0.55548245 0.26239133 0.02421627 0.15790989],[0.14868173 0.09018003 0.16847847 0.5926598 ]
1558,کلاس آقای فرناندز در حال مطالعهٔ محلول‌ها است. کدام جمله بهترین توصیف کنندهٔ یک محلول است؟,"['الف) محلول مخلوطی است که اجزای آن در تمام نقاط مشابه هستند.', 'ب) محلول محصول مایع یک واکنش شیمیایی است.', 'ج) محلول از ترکیب دو یا چند مایع تشکیل می\u200cشود.', 'د) محلول شامل دو جزء با حجم\u200cهای متفاوت است.']",A,محلول یک مخلوط همگن است که اجزای آن به طور یکنواخت پخش شده‌اند و در نتیجه ویژگی‌های آن در تمام قسمت‌ها یکسان است. این تعریف علمی دقیق را ارائه می‌دهد.,A,0.7290847301483154,A,0.9890809059143066,True,True,True,True,[0.72908473 0.04642712 0.12620199 0.0982862 ],[0.9890809  0.00316035 0.00459828 0.00316035]
1559,یک کالسکه با باتری یک بار 800 گرمی را بر روی زمین می کشد. اگر بار به 400 گرم کاهش یابد و نیروی مورد استفاده برای حرکت دادن کالسکه ثابت بماند، کالسکه:,"['کندتر حرکت می کند', 'سریعتر حرکت می کند', 'با همان سرعت حرکت می کند', 'متوقف می شود']",B,با کاهش جرم و ثابت ماندن نیرو، شتاب افزایش می‌یابد و سرعت بیشتر می‌شود.,A,0.8227768540382385,B,0.9676542282104492,False,True,True,True,[0.82277685 0.06806734 0.08740019 0.02175563],[2.9334992e-02 9.6765423e-01 2.1250197e-03 8.8583998e-04]
1560,در یک اکوسیستم جنگلی، جایگاه جمعیت سنجاب چیست؟,"['تجزیه و تحلیل مواد. ', 'گرده\u200cافشانی گل\u200cها. ', 'بازچرخه\u200cسازی مواد مغذی در خاک. ', 'جمع\u200cآوری بلوط\u200cها و دفن آن\u200cها در خاک.']",D,سنجاب‌ها با دفن دانه‌ها به پراکندگی بذر کمک می‌کنند که رشد درختان جدید را تسهیل می‌نماید.,C,0.811613142490387,C,0.631552517414093,False,False,False,False,[0.16012855 0.01324724 0.81161314 0.01501109],[0.09609801 0.00907927 0.6315525  0.26327026]
1561,کدام واقعیت بهترین توضیح را دربارهٔ اینکه چرا بیشتر تبخیر در اقیانوس‌ها اتفاق می‌افتد، ارائه می‌دهد؟,"['آب اقیانوس\u200cها شور است.', 'در بستر اقیانوس رشته\u200cکوه\u200cهایی وجود دارد.', 'حدود ۹۷ درصد از آب\u200cهای زمین آب اقیانوس است.', 'ابرهای کمتری نور خورشید را بر فراز اقیانوس مسدود می\u200cکنند.']",C,حجم عظیم آب در اقیانوس‌ها سطح تبخیر گسترده‌ای ایجاد می‌کند.,C,0.8141981959342957,C,0.9911994338035583,True,True,True,True,[0.18238321 0.00202609 0.8141982  0.00139251],[8.5088201e-03 2.2675237e-04 9.9119943e-01 6.4965643e-05]
1562,استفاده از کاغذ بازیافتی مهم است زیرا این کاغذ,"['در رنگ\u200cهای مختلف وجود دارد.', 'ظاهر صاف\u200cتری دارد.', 'آلودگی کمتری ایجاد می\u200cکند.', 'تعداد درختان بریده شده را کاهش می\u200cدهد.']",D,استفاده مجدد از کاغذ مصرف‌شده، نیاز به قطع درختان برای تولید کاغذ تازه را کم می‌کند و منابع طبیعی حفظ می‌شود.,C,0.9724392294883728,D,0.7112349271774292,False,True,True,True,[0.01381702 0.01219348 0.9724392  0.00155023],[0.04618374 0.01167708 0.23090418 0.7112349 ]
1563,توسعه یک نیروگاه هسته‌ای در یک مکان دریایی انتظار می‌رود که مقدار بسیار زیادی برق برای یک جمعیت بزرگ تولید کند. آب دریا برای خنک‌کردن نیروگاه استفاده شده و سپس به دریا بازگردانده می‌شود. چه عواقب ناخواسته‌ای باید پیش از آغاز ساخت و ساز مورد تجزیه و تحلیل قرار گیرد؟,"['تعداد کیلووات تولید شده به ازای هر خانه', 'تأثیر آب گرم شده بر زندگی آبزیان', 'تأثیر سایر منابع تولید انرژی', 'مصرف انرژی به ازای هر نفر']",B,بازگرداندن آب گرم‌شده به دریا می‌تواند دمای محیط آبی را تغییر داده و بر اکوسیستم و موجودات دریایی تأثیر منفی بگذارد، بنابراین تحلیل این اثر ضروری است.,B,0.9642577767372131,B,0.9872133135795593,True,True,True,True,[0.03283437 0.9642578  0.00127313 0.00163473],[1.2427182e-02 9.8721331e-01 2.8326741e-04 7.6240394e-05]
1564,چرا آب از سفره آب زیرزمینی به احتمال بیشتری تمیزتر از آب از منابع دیگر است؟,"['زیرا در جایی تشکیل می\u200cشود که آب\u200cهای شیرین و شور ملاقات می\u200cکنند', 'زیرا به\u200cطور مستقیم از بارش آب دریافت می\u200cکند', 'زیرا به سطح زمین نزدیک اقیانوس بالا می\u200cآید', 'زیرا آلاینده\u200cها توسط سنگ و خاک در عمق زمین فیلتر می\u200cشوند']",D,به دلیل فیلتر شدن طبیعی آب هنگام عبور از لایه‌های خاک و سنگ.,D,0.6514033675193787,D,0.7065725326538086,True,True,True,True,[0.30770117 0.02545575 0.01543969 0.65140337],[0.2599335  0.01882952 0.01466445 0.70657253]
1565,جیک و مالی هرکدام چند شی مختلف دارند. آنها می‌خواهند ببینند کدام اشیاء می‌توانند بر روی آب شناور بمانند. بهترین روش برای مقایسه نتایج تحقیقاتشان با یکدیگر چیست؟,"['هر شی را در مایعات مختلف بیندازید.', 'رفتار هر شی را در یک جدول ثبت کنید.', 'طول و جرم هر شی را اندازه\u200cگیری کنید.', 'اشیاء را از کوچکترین به بزرگترین گروه بندی کنید.']",B,ثبت نتایج در جدول امکان مقایسه ساختاریافته و تحلیل آسان داده‌های شناوری را فراهم می‌کند.,A,0.816967785358429,B,0.9813558459281921,False,True,True,True,[8.1696779e-01 1.8157947e-01 3.5605091e-04 1.0967139e-03],[1.8186033e-02 9.8135585e-01 2.3619534e-04 2.2188498e-04]
1566,کدام سازگاری به یک کرم کمک می‌کند تا در خاک حرکت کند؟,"['پوست مرطوب', 'بدن لوله\u200cای شکل', 'پوستی که تنفس می\u200cکند', 'دهان بسیار کوچک']",B,شکل استوانه‌ای با انقباض عضلات، حرکت در خاک را از طریق حفاری و عبور از ذرات تسهیل می‌کند.,B,0.9086632132530212,B,0.9834635853767395,True,True,True,True,[0.07429683 0.9086632  0.01157321 0.0054668 ],[1.5803339e-02 9.8346359e-01 2.9863633e-04 4.3451329e-04]
1567,کدام یک از موارد زیر بهترین نمایش درصد هشت عنصر فراوان در قشر زمین را ارائه می‌دهد؟,"['نمودار خطی', 'نمودار دایره\u200cای', 'نمودار میله\u200cای', 'جدول داده\u200cها']",D,برای نمایش سهم نسبی اجزای یک کل، این نوع نمودار مناسب‌ترین است و مقایسه درصدها را آسان می‌کند.,B,0.9611097574234009,B,0.9929959177970886,False,False,False,False,[2.5813589e-02 9.6110976e-01 8.8329252e-04 1.2193477e-02],[4.5805555e-03 9.9299592e-01 5.1392411e-04 1.9094597e-03]
1568,یک دانش‌آموز در تلاش است تا ۲۰ گرم شکر را در یک لیوان حاوی ۲۵۰ میلی‌لیتر آب در دمای اتاق حل کند. چه کاری می‌تواند انجام دهد تا شکر سریع‌تر در آب حل شود؟,"['دماي آب را کاهش دهد', 'از قطعات بزرگتر شکر استفاده کند', 'به سرعت هم بزند', 'از آب کمتری استفاده کند']",C,هم زدن سریع، برخورد مولکول‌ها را افزایش داده و انحلال را تسریع می‌کند.,B,0.9392960667610168,C,0.9793294668197632,False,True,True,True,[0.05257908 0.93929607 0.00431595 0.00380882],[1.6589055e-02 3.4772546e-03 9.7932947e-01 6.0425623e-04]
1569,در فرایند طراحی، یک معامله زمانی رخ می‌دهد که یک مشکل حل می‌شود اما یک ویژگی قربانی می‌شود. کدامیک از موارد زیر مثالی از یک معامله است؟,"['مصرف سوخت یک خودرو افزایش یافته و قدرت موتور کمتر می\u200cشود.', 'یک هواپیما از موتور کارآمدتری استفاده می\u200cکند و عملکرد بالاتری دارد.', 'طعم یک نوشیدنی ورزشی بهبود یافته و محتواهای تغذیه\u200cای همانند باقی می\u200cماند.', 'یک شرکت کامپیوتری سخت\u200cافزار را ارتقاء می\u200cدهد و قیمت ثابت می\u200cماند.']",A,یک ویژگی بهبود می‌یابد و دیگری بدتر می‌شود، که تعریف دقیق معامله در طراحی است.,A,0.9804463982582092,A,0.9957006573677063,True,True,True,True,[9.8044640e-01 9.5543760e-04 1.4040054e-02 4.5581381e-03],[9.9570066e-01 4.4157572e-05 4.1011162e-03 1.5412507e-04]
1570,یک ستاره‌شناس داده‌هایی از مشاهدات یک ستاره جمع‌آوری می‌کند. ستاره‌شناس بر این باور است که داده‌ها نشان می‌دهند که یک سیاره بزرگ به دور آن ستاره می‌چرخد. ستاره‌شناس چگونه باید نتایج را گزارش کند تا به بهترین نحو از اعتبار علمی داده‌ها حمایت کند؟,"['با نوشتن یک پست در یک وبلاگ علمی مرتبط با ستاره\u200cشناسی', 'با ارسال یک مقاله به یک نشریه علمی معتبر در زمینه ستاره\u200cشناسی', 'با ایجاد یک وب\u200cسایت شخصی که بر روی ستاره\u200cشناسی متمرکز باشد', 'با بحث درباره داده\u200cها با یک خبرنگار که ستاره\u200cشناسی را درک می\u200cکند']",B,انتشار در مجله معتبر، تضمین بررسی دقیق و پذیرش علمی است، برخلاف روش‌های غیررسمی دیگر.,B,0.9719346761703491,B,0.9951425790786743,True,True,True,True,[2.2768600e-02 9.7193468e-01 2.1634786e-04 5.0803609e-03],[4.6084244e-03 9.9514258e-01 5.2820076e-05 1.9625039e-04]
1571,ساحل‌های شنی در بسیاری از رودها به دلیل چه چیزی تشکیل می‌شوند؟,"['فرسایش صخره\u200cها.', 'آب که به دریاچه\u200cای می\u200cریزد.', 'سدهایی که توسط بیورها ساخته می\u200cشوند.', 'رسوباتی که توسط آب به پایین دست منتقل می\u200cشوند.']",D,شن‌ها در اثر حرکت آب به پایین‌دست منتقل و در مناطق با سرعت کم انباشته می‌شوند.,A,0.6569215059280396,D,0.8541626930236816,False,True,True,True,[0.6569215  0.24072574 0.01379468 0.08855806],[1.3150276e-01 1.3860291e-02 4.7427308e-04 8.5416269e-01]
1572,به چه شکلی بهترین توصیف برای هر مشاهدهٔ واحد از سرعت باد است؟,"['این یک اشاره به وضعیت آب و هوای آینده است.', 'این یک اشاره به میزان رطوبت است.', 'این یک اشاره به وضعیت آب و هوا در یک زمان مشخص است.', 'این یک اشاره به اقلیم موجود است.']",C,سرعت باد یک داده لحظه‌ای است که شرایط جوی را در یک زمان خاص توصیف می‌کند.,C,0.9603885412216187,C,0.9906274080276489,True,True,True,True,[0.0326707  0.00390196 0.96038854 0.00303885],[8.4707560e-03 4.0875870e-04 9.9062741e-01 4.9305713e-04]
1573,ماهی‌های استرژن خلیجی، نوعی ماهی، در آب‌های شور در امتداد سواحل خلیج فلوریدا زندگی می‌کنند. آنها برای تولید مثل به آب‌های شیرین و سالم در بالای رودخانه شنا می‌کنند. پس از گذشت چند سال، استرژن‌های جوان به محیط‌های آبی شور ساحلی مهاجرت می‌کنند. اگر سدهایی در امتداد این رودها ساخته شوند، احتمالاً چه تأثیری بر روی استرژن‌های خلیجی خواهد داشت؟,"['A) استرژن\u200cهای خلیجی در طول زمان به یک گونه جدید تبدیل خواهند شد.', 'B) استرژن\u200cهای خلیجی از رودخانه\u200cهای ساحلی به اقیانوس منتقل خواهند شد.', 'C) جمعیت استرژن خلیجی به دلیل از دست دادن زیستگاه کاهش خواهد یافت.', 'D) جمعیت استرژن خلیجی به تولید مثل در آب\u200cهای شور سازگار خواهد شد.']",C,سدها مانع دسترسی به محل تخم‌گذاری می‌شوند و چرخه تولید مثل را مختل می‌کنند، که منجر به کاهش جمعیت می‌گردد.,C,0.8679080605506897,C,0.8981251120567322,True,True,True,True,[0.10406253 0.02049113 0.86790806 0.00753827],[9.5032185e-02 5.9810174e-03 8.9812511e-01 8.6164719e-04]
1574,پرندگان در رنگ‌ها، اشکال و اندازه‌های متفاوتی وجود دارند. چه چیزی معمولاً رنگ، شکل و اندازه‌ی یک پرنده را تعیین می‌کند؟,"['زمانی که به دنیا آمده است', 'نوع غذایی که پرنده می\u200cخورد', 'الگوهای مهاجرتی پرنده', 'چیستی که پرنده از والدین خود به ارث برده است']",D,ویژگی‌های ظاهری پرندگان عمدتاً از طریق وراثت و ژنتیک از والدین منتقل می‌شوند.,B,0.7438226342201233,D,0.9855560064315796,False,True,True,True,[0.03696049 0.74382263 0.00652391 0.21269293],[0.01165466 0.00148172 0.00130762 0.985556  ]
1575,پرسش: جاذبه و مغناطیس هر دو,"['الف) نیروهای مشترک', 'ب) چرخه\u200cهای طبیعی', 'ج) حالت\u200cهای ماده', 'د) اشکال انرژی']",A,هر دو نیروی اساسی هستند که از راه دور بر اجسام تأثیر می‌گذارند.,A,0.5823449492454529,A,0.8307780623435974,True,True,True,True,[0.58234495 0.03693835 0.3117068  0.06900994],[0.83077806 0.05994673 0.02205317 0.08722199]
1576,در سال ۲۰۱۴، یک ترکیدگی در لوله آب طوفانی هزاران گالن خاکستر زغال سنگ را از یک نیروگاه الکتریکی بازنشسته به یک رودخانه ریخت. این spill در بالادست کارخانه‌های تصفیه آب که به جوامع در沿 رود خدمت می‌کنند، رخ داد. خاکستر زغال سنگ شامل چندین فلز خطرناک از جمله آرسنیک است. کدام مرحله از فرآیند تصفیه آب بیشتر احتمال دارد که فلزات خطرناک را از آب حذف کند؟,"['الف) هوازی شدن', 'ب) لخته\u200cسازی', 'ج) ضدعفونی', 'د) اسمز معکوس']",B,اسمز معکوس با استفاده از غشا، یون‌های فلزات محلول را به طور مؤثر حذف می‌کند و برای آلاینده‌هایی مانند آرسنیک مناسب است.,B,0.6144627928733826,D,0.9663166999816895,True,False,False,False,[0.17467654 0.6144628  0.05670916 0.1541515 ],[0.02895315 0.00127211 0.00345796 0.9663167 ]
1577,مصریان باستان فکر می‌کردند که منظومه شمسی یک جعبه مستطیلی‌است. مردم در یونان باستان جهان را به شکل یک مجموعه کره‌های شفاف تصور می‌کردند. بعد از آن، منظومه شمسی به عنوان یک مجموعه سیارات در حال گردش به دور خورشید دیده شد. چرا مدل منظومه شمسی در طول قرن‌ها تغییر کرده است؟,"['دانشمندان مدل\u200cهای جدیدتر را ترجیح می\u200cدادند.', 'شواهد جدید باعث تجدیدنظر شد.', 'مدل\u200cهای جدیدتر رسم کردن را آسان\u200cتر بودند.', 'اطلاعات در نهایت در کتاب\u200cها گردآوری شد.']",B,با پیشرفت ابزارهای علمی و کشف داده‌های دقیق‌تر، نادرستی مدل‌های قدیمی آشکار شد و نیاز به ارائه توصیف‌های صحیح‌تر به وجود آمد.,B,0.9789772033691406,B,0.992159903049469,True,True,True,True,[2.0042129e-02 9.7897720e-01 2.9496057e-04 6.8580394e-04],[7.6795132e-03 9.9215990e-01 8.5311687e-05 7.5287295e-05]
1578,کدام موقعیت می‌تواند به‌طور مثبت بر نیش یک موجود زنده تأثیر بگذارد؟,"['کاهش در زیستگاه مناسب', 'کاهش در دمای عادی', 'افزایش در مقدار طعمه\u200cهای در دسترس', 'افزایش در تعداد رقبای غذایی']",C,دسترسی بیشتر به غذا، وضعیت جسمانی را بهبود بخشیده و توانایی شکار را افزایش می‌دهد، در حالی که سایر موارد شرایط را نامساعد می‌کنند.,C,0.9417212605476379,C,0.9679188132286072,True,True,True,True,[0.05302461 0.00141306 0.94172126 0.00384109],[0.02900116 0.00144388 0.9679188  0.00163613]
1579,عفونتی که ناشی از زخم در پوست است، نتیجه مستقیم کدام یک است؟,"['موتاسیون ژنی.', 'یک واکنش آلرژیک.', 'افزایش بیش از حد بافت.', 'نفوذ سلول\u200cهای خارجی.']",D,عفونت زخم پوستی مستقیماً ناشی از ورود عوامل بیماری‌زا به بدن است که از راه شکاف‌های پوست نفوذ می‌کنند.,B,0.5114122033119202,D,0.9873090386390686,False,True,True,True,[0.2406322  0.5114122  0.00732345 0.2406322 ],[7.5973202e-03 4.6080076e-03 4.8568044e-04 9.8730904e-01]
1580,یک گیاه در ناحیه‌ای مرطوب و باتلاقی که پر از گیاهان غیرعروقی و گیاهان عروقی بدون دانه است، رشد می‌کند. کدام ویژگی نشان می‌دهد که این گیاه به عنوان یک گیاه عروقی بدون دانه طبقه‌بندی می‌شود؟,"['قد آن ۱۸ سانتیمتر است.', 'اسپور تولید می\u200cکند.', 'در خاک فقیر رشد می\u200cکند.', 'گامتوفیت آن صاف است.']",A,گیاهان بدون دانه به جای تولید دانه، اسپور تولید می‌کنند که برای تکثیر استفاده می‌شود.,B,0.856308102607727,B,0.9990274906158447,False,False,False,False,[0.01214322 0.8563081  0.00099678 0.1305519 ],[4.8762056e-04 9.9902749e-01 5.4709511e-05 4.3032365e-04]
1581,در طول یک آزمایش، یک کلاس یک بادکنک را که محیط اولیه آن ۲۵ سانتی‌متر بود گرم کرد. محیط بادکنک به ۲۷ سانتی‌متر افزایش یافت. بهترین نتیجه‌ای که می‌توان از این آزمایش گرفت چیست؟,"['الف) مولکول\u200cهای درون بادکنک انرژی خود را به بیرون از دست دادند.', 'ب) مولکول\u200cهای درون بادکنک از حرارت انرژی کسب کردند.', 'ج) انرژی مولکول\u200cهای درون بادکنک همان\u200cطور که بود باقی ماند.', 'د) مولکول\u200cهای درون بادکنک به بیرون فرار کردند.']",B,گرمایش باعث افزایش انرژی و حرکت مولکول‌ها و در نتیجه انبساط بادکنک می‌شود.,A,0.7756533622741699,B,0.6094805598258972,False,True,True,True,[0.77565336 0.15363276 0.02669737 0.04401653],[0.36966866 0.60948056 0.01107616 0.00977467]
1582,باکتری‌ها موجوداتی هستند که به صورت غیرجنسی تولید مثل می‌کنند. ویژگی‌های به ارث رسیده توسط یک باکتری تازه تولید شده چگونه خواهد بود؟,"['مختلف از ویژگی\u200cهای والد تنها', 'مشابه ویژگی\u200cهای والد تنها', 'مختلف از ویژگی\u200cهای دو والد', 'مشابه ویژگی\u200cهای دو والد']",B,تولید مثل غیرجنسی باعث ایجاد موجودی با ویژگی‌های کاملاً مشابه والد می‌شود.,D,0.46552175283432007,B,0.9159739017486572,False,True,True,True,[0.17058823 0.17058823 0.19330178 0.46552175],[0.0313429  0.9159739  0.00100752 0.05167571]
1583,بسیاری از کشورها به انرژی حاصل از سوخت‌های فسیلی وابسته‌اند. برخی از دانشمندان پیشنهاد می‌کنند که به جای آن، از منابع انرژی تجدیدپذیر استفاده شود. چرا دانشمندان احتمالاً پیشنهاد می‌کنند که از منابع انرژی تجدیدپذیر استفاده شود؟,"['آنها برای محیط زیست ایمن\u200cتر هستند.', 'آنها ارزان\u200cتر برای توسعه هستند.', 'نقل و انتقال آن\u200cها راحت\u200cتر است.', 'آنها انرژی بیشتری تولید می\u200cکنند.']",A,به دلیل کاهش آلودگی و کمک به حفظ محیط زیست، این منابع ایمن‌تر هستند.,A,0.9969134330749512,A,0.9990398287773132,True,True,True,True,[9.9691343e-01 1.3098312e-03 9.4883857e-05 1.6818566e-03],[9.9903983e-01 7.6564745e-04 5.7223908e-05 1.3727302e-04]
1584,یک دانشمند در حال حفاری برای استخوان‌های دایناسور در بستر یک رودخانه خشک بود. باران شروع به باریدن کرد و دانشمند مجبور شد منطقه را ترک کند. اگر دانشمند دیگری بخواهد حفاری را در همان محل ادامه دهد، او باید,"['بداند رودخانه در هنگام بارش به چه عمق می\u200cرسد.', 'بداند بستر رودخانه چقدر از یک شهر فاصله دارد.', 'یادداشت\u200cهای دقیقی درباره مکان داشته باشد.', 'گزارش\u200cهای آب و هوایی چند ماه گذشته را داشته باشد.']",C,باران نشانه‌های سطحی را تغییر می‌دهد، بنابراین مستندسازی دقیق محل برای یافتن مجدد آن ضروری است.,A,0.990177571773529,C,0.9643518328666687,False,True,True,True,[0.9901776  0.00664575 0.00101916 0.00215756],[3.3257116e-02 1.7625625e-03 9.6435183e-01 6.2846096e-04]
1585,توری درباره یک ملخ که در یک پیاده‌روی طبیعت دید مشاهده‌هایی انجام داد. کدام یک از عبارات زیر درباره ملخ یک مشاهده علمی است؟,"['ملخ زیبا است.', 'ملخ خطرناک است.', 'ملخ از عنکبوت بهتر است.', 'ملخ از برگ کوچک\u200cتر است.']",D,این جمله یک مقایسه عینی و قابل اندازه‌گیری است، نه قضاوت شخصی.,A,0.47344011068344116,A,0.5611413717269897,False,False,False,False,[0.4734401  0.13458729 0.10481668 0.28715596],[0.5611414  0.07653785 0.05960773 0.30271307]
1586,پوست چگونه به بدن در حفظ هومئوستاز کمک می کند؟,"['الف) پوست اکسیژن را منتقل می کند.', 'ب) پوست ویروس ها را تجزیه می کند.', 'ج) پوست پیام هایی به مغز ارسال می کند.', 'د) پوست دما را تثبیت می کند.']",D,پوست با تنظیم تعریق و انقباض عروق، دمای بدن را ثابت نگه می‌دارد و به حفظ تعادل کمک می‌کند.,D,0.6808158755302429,D,0.9499915838241577,True,True,True,True,[0.22102855 0.0263981  0.07175747 0.6808159 ],[0.04206708 0.00233647 0.0056049  0.9499916 ]
1587,پروژه آن برای نمایشگاه علمی درباره انرژی تجدیدپذیر است. او می‌خواهد فعالیتی را توصیف کند که از یک منبع انرژی تجدیدپذیر استفاده می‌کند. کدام فعالیت را باید در پروژه‌اش توصیف کند؟,"['سوخت\u200cگیری یک خودرو با بنزین', 'گرمایش یک خانه با نفت', 'پرواز یک بادبادک در باد', 'کباب کردن غذا بر روی ذغال']",C,باد منبعی تجدیدپذیر است که در این فعالیت بدون آلودگی یا سوخت فسیلی به کار می‌رود.,C,0.9878900647163391,C,0.9902262091636658,True,True,True,True,[1.0953054e-02 7.4536464e-04 9.8789006e-01 4.1162947e-04],[8.5671358e-03 1.0231984e-03 9.9022621e-01 1.8344936e-04]
1588,کدام دو حس به بهترین نحو می‌توانند به یک فرد در اندازه‌گیری طول مو کمک کنند؟,"['چشایی و بویایی', 'لامس و بینایی', 'بینایی و شنوایی', 'بویایی و شنوایی']",B,دیدن و لمس کردن برای تخمین دقیق طول مو ضروری هستند.,C,0.7073450088500977,B,0.9284166097640991,False,True,True,True,[0.20265774 0.06579334 0.707345   0.02420401],[0.06738576 0.9284166  0.00158476 0.00261283]
1589,در باغ خود، می‌خواهید گل‌های همیشه‌بهار را در اطراف گیاهان فلفل خود بکارید زیرا خوانده‌اید که این گل مگس‌های سفید را دفع می‌کند. چگونه می‌توانید آزمایش کنید که آیا حقیقتاً گل‌های همیشه‌بهار مگس‌های سفید را دفع می‌کنند؟,"['تعداد مگس\u200cهای سفید روی فلفل\u200cها را قبل و بعد از کاشت گل\u200cهای همیشه\u200cبهار بشمارید.', 'تعداد مگس\u200cهای سفید روی گل\u200cهای همیشه\u200cبهار نزدیک فلفل\u200cها را بشمارید.', 'مگس\u200cهای سفید روی سایر گیاهان در باغ را بکشید به جز روی فلفل\u200cها.', 'مگس\u200cهای سفید را روی سایر گیاهان باغ قرار دهید و ببینید چه اتفاقی می\u200cافتد.']",A,مقایسه تعداد آفات قبل و بعد از کاشت، تأثیر واقعی را با اندازه‌گیری تغییرات مستقیم نشان می‌دهد و رابطه علت و معلول را مشخص می‌کند.,A,0.7283996939659119,A,0.9913122057914734,True,True,True,True,[0.7283997  0.26901203 0.00076153 0.00182681],[9.9131221e-01 8.4600719e-03 1.0322003e-04 1.2450712e-04]
1590,کدام ویژگی‌های فیزیکی بخشی از حیوانی است که احتمالاً به‌عنوان یک خزنده طبقه‌بندی می‌شود؟,"['پشم و چنگال', 'پوست خشک و فلس\u200cها', 'بال\u200cها، پرها و چنگال', 'فلس\u200cها، پوست مرطوب و باله\u200cها']",B,خزندگان پوست خشک و فلس‌دار دارند که ویژگی اصلی آن‌هاست و از خشکی محافظت می‌کند.,A,0.7794182300567627,B,0.9973479509353638,False,True,True,True,[0.77941823 0.03404518 0.08167014 0.10486653],[2.1902288e-03 9.9734795e-01 2.3084841e-04 2.3084841e-04]
1591,سوالی: سلولی که هسته خود را از دست داده است دیگر قادر به,"['تولید غذا.', 'انتقال اطلاعات ژنتیکی.', 'حرکت در بدن.', 'استفاده از انرژی.']",B,هسته حاوی DNA است و بدون آن، انتقال اطلاعات وراثتی غیرممکن می‌شود، در حالی که سایر عملکردها ممکن است ادامه یابند.,B,0.6477451920509338,B,0.9962564706802368,True,True,True,True,[0.3071707  0.6477452  0.00383662 0.04124753],[3.5651005e-03 9.9625647e-01 6.7369845e-05 1.1107410e-04]
1592,رسوبات عموماً بر اساس اندازه ذرات طبقه‌بندی می‌شوند. یک دانش‌آموز می‌خواهد رسوبات را بر اساس منبع آن‌ها طبقه‌بندی کند. کدام بیان بهترین توصیف را از این طبقه‌بندی جایگزین ارائه می‌دهد؟,"['قابل قبول است اگر رسوبات همچنین بر اساس اندازه ذرات شناسایی شوند', 'قابل قبول است اگر عوامل استفاده شده برای طبقه\u200cبندی ارائه شوند', 'غیرقابل قبول است زیرا دیگران ممکن است سیستم طبقه\u200cبندی را درک نکنند', 'غیرقابل قبول است زیرا این روش معمول طبقه\u200cبندی رسوبات توسط دانشمندان نیست']",B,طبقه‌بندی بر اساس منبع رسوب با تعریف معیارهای مشخص، روشی علمی و قابل قبول است.,B,0.5192729234695435,B,0.815435528755188,True,True,True,True,[0.40441015 0.5192729  0.00658795 0.06972906],[0.141149   0.8154355  0.00297559 0.04043987]
1593,کدام منبع انرژی تجدیدپذیر توسط جریان‌های همرفتی هوا تولید می‌شود؟,"['الف) انرژی باد', 'ب) انرژی خورشیدی', 'ج) انرژی سوخت\u200cهای فسیلی', 'د) انرژی زمین\u200cگرمایی']",A,انرژی باد از حرکت هوای گرم و سرد ناشی از همرفت ایجاد می‌شود.,A,0.9551259875297546,A,0.9345027804374695,True,True,True,False,[0.955126   0.01769995 0.0094741  0.01769995],[0.9345028  0.03595263 0.01924405 0.0103006 ]
1594,شواهد به دست آمده از یک فعالیت طراحی اغلب برای جمع آوری اطلاعات درباره یک مشکل فناوری استفاده می‌شود. یک فعالیت طراحی زمانی معتبرتر است که,"['شامل مراحل زیادی باشد.', 'توسط یک تیم از دانشمندان ثبت شود.', 'شامل آزمایش\u200cهای تکراری باشد.', 'در یک آزمایشگاه انجام شود.']",C,تکرار آزمایش‌ها امکان بررسی و بهبود راه‌حل‌ها را فراهم کرده و صحت نتایج را افزایش می‌دهد.,A,0.6689635515213013,C,0.977840006351471,False,True,True,True,[0.66896355 0.05469779 0.24706112 0.02927762],[2.0373851e-02 1.6723876e-03 9.7784001e-01 1.1380741e-04]
1595,اشباع سنگ‌های سطحی با اکسیژن در اوایل تاریخ زمین نشان‌دهنده تغییر در جو زمین بود. این تغییر به طور مستقیم کدام فرآیند زندگی را ممکن کرد؟,"['فتوسنتز', 'نیتروژن\u200cزدایی', 'کاهش گوگرد', 'تنفس هوازی']",D,افزایش اکسیژن در جو، متابولیسم مؤثر را برای موجودات زنده فراهم کرد و حیات پیچیده را ممکن ساخت.,A,0.9652674198150635,A,0.995060384273529,False,False,False,False,[9.6526742e-01 8.4413933e-03 6.9291174e-04 2.5598207e-02],[9.9506038e-01 8.0075796e-04 7.2190516e-05 4.0665846e-03]
1596,بزرگترین عضو در بدن انسان چیست؟,"['معده', 'مغز', 'پوست', 'کبد']",C,این عضو تمام سطح بدن را پوشانده و از نظر مساحت و وزن از دیگر اعضا بزرگ‌تر است.,B,0.9947911500930786,B,0.9897156357765198,False,False,False,False,[4.5955633e-03 9.9479115e-01 2.3606252e-04 3.7722682e-04],[7.4466867e-03 9.8971564e-01 2.4175851e-03 4.2011336e-04]
1597,یک دانش آموز مدلی ساخته است که در آن ورق‌های چوب‌پنبه به عنوان صفحات تکتونیکی در یک گودال آب شناور هستند. برای اینکه ورق نمایانگر صفحه اقیانوسی در سیستم مدل دقیقتری باشد، دانش آموز باید,"['چندین سوراخ در آن ایجاد کند.', 'وزن\u200cهای کوچکی به آن متصل کند.', 'آن را به شکل کوچکتری برش دهد.', 'آن را با یک ورق نازک مسی جایگزین کند.']",B,صفحات اقیانوسی چگالی بالاتری دارند، بنابراین افزودن وزن باعث شبیه‌سازی بهتر حرکت و عمق آن‌ها در آب می‌شود.,A,0.5723773837089539,B,0.9771684408187866,False,True,True,True,[0.5723774  0.20974495 0.00813269 0.20974495],[2.0201417e-02 9.7716844e-01 2.1751288e-04 2.4127152e-03]
1598,آنتونیا در حال آزمایش ویژگی‌های بلوک A است. • او بلوک A را روی یک بلوک فلزی داغ می‌گذارد و سپس با انگشت خود به بلوک A تماس می‌گیرد. • او انگشت خود را به مدت چند دقیقه روی بلوک A نگه می‌دارد، اما بلوک A هنوز داغ نمی‌شود. آنتونیا می‌تواند چه نتیجه‌ای درباره بلوک A بگیرد؟,"['این یک هادی خوب است.', 'این یک هادی ضعیف است.', 'این به شدت مغناطیسی است.', 'این غیرمغناطیسی است.']",B,از آنجا که بلوک پس از تماس با جسم داغ، گرم نمی‌شود، نشان می‌دهد که گرما را به خوبی منتقل نمی‌کند و عایق حرارتی است.,B,0.7274008989334106,B,0.9323737621307373,True,True,True,True,[0.23523182 0.7274009  0.00553212 0.03183517],[6.7146339e-02 9.3237376e-01 1.5393103e-04 3.2587201e-04]
1599,پومیس زمانی تشکیل می‌شود که ماگما از یک آتش‌فشان بیرون می‌زند و به سرعت خنک می‌شود. پومیس تنها سنگی است که روی آب شناور می‌شود زیرا پومیس,"['یک ماده معدنی سخت است.', 'روزی مایع بود.', 'یک سنگ آذرینی است.', 'حباب\u200cهای هوایی دارد.']",D,به دلیل ساختار متخلخل و چگالی بسیار پایین، روی آب شناور می‌ماند.,A,0.49455714225769043,D,0.700539767742157,False,True,True,True,[0.49455714 0.49455714 0.00058133 0.01030438],[0.06516035 0.22743197 0.00686785 0.70053977]
1600,مونیکا در باغ خود گیاهان سبزیجات می‌کارد. گیاهان دارای سوراخ‌هایی در برگ‌هایشان هستند و به نظر بیمار می‌آیند. مونیکا برای حل این مشکل باید چه کار اولی را انجام دهد؟,"['کود به خاک اضافه کند.', 'باغ را بیشتر آبیاری کند.', 'سبزیجات متفاوتی در باغ بکارد.', 'به گیاهان نظاره کند تا منبع آسیب را شناسایی کند.']",D,ابتدا باید علت اصلی آسیب را با مشاهده دقیق شناسایی کرد تا راه حل مناسب انتخاب شود.,D,0.9127180576324463,D,0.9678435921669006,True,True,True,True,[0.0658593  0.00255364 0.01886901 0.91271806],[0.02968659 0.00108133 0.00138846 0.9678436 ]
1601,یک دانشمند به مطالعه تنفس سلولی می‌پردازد. او نرخ تنفس سلولی را در افرادی که فعالیت‌های مختلفی انجام می‌دهند اندازه‌گیری می‌کند. کدامیک از این فعالیت‌ها بیشترین افزایش را در تنفس سلولی به همراه دارد؟,"['خوابیدن', 'تنفس کردن', 'پرش با طناب', 'هضم غذا']",C,این فعالیت شدیدترین است و انرژی و اکسیژن بیشتری نیاز دارد، در نتیجه متابولیسم سلولی را بیشتر افزایش می‌دهد.,D,0.5845217108726501,C,0.9390997290611267,False,True,True,True,[0.03297646 0.16746828 0.21503353 0.5845217 ],[0.01043246 0.00920661 0.9390997  0.04126116]
1602,یک دانش‌آموز نمک طعام، NaCl، را در آب مقطر حل می‌کند. کدام واژه بهترین توصیف کنندهٔ آب در این شرایط است؟,"['عامل واکنش', 'محصول', 'حل\u200cشونده', 'حلال']",D,آب ماده‌ای است که نمک در آن حل می‌شود و نقش اصلی را در این فرآیند دارد.,C,0.6818354725837708,C,0.9450854659080505,False,False,False,False,[0.22135957 0.00524671 0.6818355  0.0915583 ],[5.3736255e-02 3.0969660e-04 9.4508547e-01 8.6856564e-04]
1603,کدام عمل می‌تواند نقطه ذوب یخ را تغییر دهد؟,"['گرم کردن آب قبل از یخ زدن', 'اضافه کردن نمک به آب قبل از یخ زدن', 'تغییر مقدار آبی که باید یخ بزند', 'تغییر ظرفی که آب باید در آن یخ بزند']",B,افزودن نمک نقطه ذوب را کاهش می‌دهد زیرا ذرات حل‌شده در آب این تغییر را ایجاد می‌کنند.,B,0.9556620121002197,B,0.9911015033721924,True,True,True,True,[4.2318180e-02 9.5566201e-01 5.9427792e-04 1.4255986e-03],[6.7303656e-03 9.9110150e-01 6.6639646e-04 1.5017476e-03]
1604,محور افقی در یک نمودار محور x است. چه چیزی احتمالاً در امتداد این محور قرار می‌گیرد؟,"['خطوط عددی', 'اعداد تصادفی', 'متغیرهای وابسته', 'متغیرهای مستقل']",D,در نمودارها، محور افقی معمولاً برای نمایش متغیری استفاده می‌شود که توسط آزمایشگر کنترل می‌شود.,A,0.9878286123275757,C,0.9929230213165283,False,False,False,False,[0.9878286  0.00218847 0.00865558 0.00132738],[5.2103819e-03 5.4917019e-04 9.9292302e-01 1.3173908e-03]
1605,مارتا در حال مطالعه یک نمودار از چرخه سنگ است. او می‌خواست بداند چه عواملی می‌توانند موجب شوند که یک سنگ رسوبی به یک سنگ دگرگونی تبدیل شود. چه فرآیندهایی باید رخ دهند تا یک سنگ رسوبی به یک سنگ دگرگونی تبدیل شود؟,"['فشردگی و سیمان\u200cکاری', 'حرارت و فشار', 'ذوب و خنک شدن', 'بلند شدن و فرسایش']",B,دگرگونی سنگ‌ها در اثر قرارگیری در معرض [MASK] شدید، بدون ذوب شدن، اتفاق می‌افتد.,B,0.5849227905273438,B,0.9631323218345642,True,True,True,True,[0.16823909 0.5849228  0.0039566  0.24288149],[0.03347556 0.9631323  0.0013817  0.00201036]
1606,دانش‌آموزان می‌خواهند دمای آب را در یک شیشه شفاف افزایش دهند. این شیشه بر روی یک میز در زیر نور کامل آفتاب قرار دارد. سریع‌ترین راه برای افزایش دما بدون استفاده از صفحه داغ این است که,"['یک نی در آب قرار دهند.', 'یک پوشش پلاستیکی شفاف دور شیشه بکشند.', 'یک دماسنج در آب قرار دهند.', 'یک ماده سیاه دور شیشه بپیچند.']",D,مواد تیره نور خورشید را بهتر جذب کرده و آن را به گرما تبدیل می‌کنند، که آب را سریع‌تر گرم می‌کند.,D,0.50510174036026,D,0.4845501482486725,True,True,True,False,[0.39337364 0.09946043 0.00206424 0.50510174],[1.3774559e-01 3.7736803e-01 3.3614368e-04 4.8455015e-01]
1607,کدام ویژگی باعث امکان چرخه آب بر روی زمین می‌شود؟,"['آب می\u200cتواند فاز خود را تغییر دهد.', 'آب می\u200cتواند توسط گیاهان جذب شود.', 'آب در واکنش\u200cهای شیمیایی مهم است.', 'آب حلال جهانی است.']",A,چرخه آب به دلیل قابلیت تغییر حالت آب بین مایع، جامد و گاز امکان‌پذیر است که حرکت آن در طبیعت را فراهم می‌کند.,A,0.9067496657371521,A,0.9995654225349426,True,True,True,True,[0.90674967 0.04536538 0.04536538 0.00251966],[9.9956542e-01 3.7922236e-04 3.1128468e-05 2.4242876e-05]
1608,وقتی شما برای رفتن به مدرسه در لوئیزیانا از خواب بیدار می‌شوید، دانش‌آموزی در سمت دیگر زمین برای خواب آماده می‌شود. دلیل این موضوع چیست؟,"['زمین به دور خورشید می\u200cچرخد.', 'زمین حول محور خود می\u200cچرخد.', 'خورشید حول محور خود می\u200cچرخد.', 'ماه به دور زمین می\u200cچرخد.']",B,تفاوت زمانی بین نقاط مختلف زمین به دلیل گردش سیاره به دور محورش است که باعث می‌شود بخشی در روشنایی روز و بخش دیگر در تاریکی شب باشد.,B,0.5907081365585327,B,0.9463093280792236,True,True,True,True,[0.40440455 0.59070814 0.00089157 0.00399574],[5.3387120e-02 9.4630933e-01 1.7531331e-04 1.2826196e-04]
1609,Stem درخت و ساقه گل از چه نظر بیشترین شباهت را دارند؟,"['هر دو نرم هستند.', 'هر دو خار دارند.', 'هر دو از گیاه حمایت می\u200cکنند.', 'هر دو پوست چوبی دارند.']",C,هر دو ساختار اصلی گیاه بوده و نقش حمایت از سایر بخش‌ها را بر عهده دارند.,D,0.5310990214347839,C,0.9300448298454285,False,True,True,True,[0.32212785 0.13428286 0.01249025 0.531099  ],[0.04086332 0.02478486 0.93004483 0.00430696]
1610,کدام ویژگی زمین احتمالاً نتیجه یک یخچال طبیعی است؟,"['صحرای بزرگ و خشک', 'دریاچه عمیق و کاسه\u200cای شکل', 'شکاف طولانی در زمین', 'رشته\u200cکوه آتشفشانی']",B,یخچال‌ها با کندن زمین و ذوب یخ، حفره‌های عمیق ایجاد می‌کنند که به دریاچه‌های کاسه‌ای تبدیل می‌شوند.,C,0.9049109816551208,B,0.9629049301147461,False,True,True,True,[0.0836781  0.00606162 0.904911   0.00534936],[3.4457520e-03 9.6290493e-01 3.2692384e-02 9.5685071e-04]
1611,زمانی که از نقشه جهان استفاده می‌شود، یک دانشمند باید تشخیص دهد که نقشه یک است,"['نمایش دوبعدی از یک سطح یک\u200cبعدی است.', 'نمایش دوبعدی از یک سطح سه\u200cبعدی است.', 'نمایش یک\u200cبعدی از یک سطح دوبعدی است.', 'نمایش سه\u200cبعدی از یک سطح دوبعدی است.']",B,نقشه جهان، نمایش مسطحی از کره زمین است که سه‌بعدی است و به صورت دوبعدی نشان داده می‌شود.,A,0.5272991061210632,A,0.42677363753318787,False,False,False,False,[0.5272991  0.3198231  0.10383135 0.04904646],[0.42677364 0.42677364 0.03938721 0.10706555]
1612,کدام یک به ذرات مثبت بار در یک اتم جاذبه الکتریکی دارد؟,"['نوترون\u200cها', 'الکترون\u200cها', 'پروتون\u200cها', 'هسته']",B,بارهای مخالف یکدیگر را جذب می‌کنند.,C,0.8756880164146423,C,0.9533491730690002,False,False,False,False,[0.03368988 0.0808178  0.875688   0.00980431],[0.01059075 0.03262182 0.9533492  0.00343831]
1613,چه مقدار انرژی برای افزایش دمای ۵.۰ گرم سرب از ۲۵ درجه سلسیوس به ۳۵ درجه سلسیوس نیاز است؟ [ظرفیت حرارتی ویژه (c) = 0.129 J/(g °C)] q = c × m × ΔT,"['۶.۴۵ J/(g °C)', '۶.۴۵ J', '۱۶.۱ J/(g °C)', '۱۶.۱ J']",B,با جایگذاری مقادیر داده شده در فرمول، مقدار انرژی محاسبه شده برابر با ۶.۴۵ ژول است و واحد آن صحیح می‌باشد.,D,0.8332407474517822,B,0.9604068398475647,False,True,True,True,[0.01550167 0.14479554 0.00646206 0.83324075],[0.01977749 0.96040684 0.00441295 0.01540273]
1614,گوزن‌ها به یک اکوسیستم مرتع معرفی می‌شوند و جمعیت آن‌ها به طور قابل توجهی افزایش می‌یابد. اگر جمعیت گوزن‌ها به رشد خود ادامه دهد، محتمل‌ترین نتیجه برای اکوسیستم چیست؟,"['الف) تنوع زیستی کاهش می\u200cیابد و پایداری کاهش می\u200cیابد.', 'ب) تنوع زیستی کاهش می\u200cیابد و پایداری افزایش می\u200cیابد.', 'ج) تنوع زیستی افزایش می\u200cیابد و پایداری افزایش می\u200cیابد.', 'د) تنوع زیستی افزایش می\u200cیابد و پایداری کاهش می\u200cیابد.']",A,افزایش شدید جمعیت یک گونه، پوشش گیاهی را نابود می‌کند که زیستگاه و منابع دیگر گونه‌ها را کاهش داده و در نتیجه تعادل و تنوع زیستی اکوسیستم از بین می‌رود.,C,0.5554677248001099,D,0.629233181476593,False,False,False,False,[0.33822682 0.02145385 0.5554677  0.08485164],[0.33944583 0.016638   0.01468299 0.6292332 ]
1615,زمانی که ۱ گرم آب تبخیر می‌شود، حجم بخار آب افزایش می‌یابد اما جرم ثابت باقی می‌ماند. چرا جرم آب ثابت باقی می‌ماند؟,"['دمای آب ثابت باقی می\u200cماند.', 'فشاری که بر روی آب وارد می\u200cشود ثابت باقی می\u200cماند.', 'تعداد اتم\u200cها در آب ثابت باقی می\u200cماند.', 'فاصله بین مولکول\u200cهای آب ثابت باقی می\u200cماند.']",C,جرم به تعداد ذرات بستگی دارد و در تغییر حالت فیزیکی، هیچ ذره‌ای اضافه یا کم نمی‌شود، پس ثابت می‌ماند.,C,0.44800952076911926,C,0.8278884887695312,True,True,True,True,[0.30791214 0.0324537  0.44800952 0.21162471],[0.07640636 0.00912544 0.8278885  0.08657975]
1616,کدام فرایند به احتمال زیاد منجر به قبول علمی یک فرضیه خواهد شد؟,"['تکرار نتایج یک آزمایش', 'بازنگری در فرضیه اصلی', 'توسعه یک نظریه بر اساس داده\u200cها', 'تغییر روش\u200cهای آزمایشی']",A,تکرار نتایج توسط محققان مستقل، اعتبار فرضیه را افزایش داده و پذیرش علمی آن را تضمین می‌کند.,C,0.7233632802963257,A,0.8624887466430664,False,True,True,True,[0.16140416 0.11093136 0.7233633  0.00430128],[0.86248875 0.03318207 0.10220797 0.00212126]
1617,زمانی که یک ترکیب از اکسیژن و هیدروژن در یک لوله آزمایش مشتعل می‌شود، واکنش نشان داده شده رخ می‌دهد. هیدروژن + اکسیژن -> آب + انرژی. چه اتفاقی برای جرم کل محتویات لوله آزمایش می‌افتد؟,"['جرم کل افزایش می\u200cیابد.', 'جرم کل کاهش می\u200cیابد.', 'جرم کل ثابت می\u200cماند.', 'بخشی از جرم به انرژی گرمایی تبدیل می\u200cشود.']",C,بر اساس قانون پایستگی جرم، در واکنش‌های شیمیایی بسته، جرم کل تغییر نمی‌کند.,B,0.573471188545227,C,0.9562439322471619,False,True,True,True,[0.3057603  0.5734712  0.08828886 0.03247965],[0.02876349 0.00441102 0.95624393 0.0105815 ]
1618,کدام دستگاه احتمالاً فناوری لازم برای اختراع اولین سمعک را فراهم کرده است؟,"['تلفن', 'میکروسکوپ', 'گرامافون', 'میکروفن']",A,[MASK] با تقویت صدا و استفاده از لوله خلأ، فناوری پایه‌ای برای ساخت سمعک‌های اولیه فراهم کرد.,D,0.846820592880249,C,0.9357814788818359,False,False,False,False,[0.02542237 0.0138219  0.11393516 0.8468206 ],[0.02200747 0.00109569 0.9357815  0.04111537]
1619,کلاس علوم آقای گارسیا در حال مطالعه انرژی و روش‌های کاهش هزینه‌های انرژی بود. هر دانش‌آموز باید صورتحساب برق خود را برای ماه اکتبر با صورتحسابی که برای نوامبر دریافت می‌کند مقایسه کند. هر دانش‌آموز فهرستی از نکات صرفه‌جویی در انرژی را خواهد داشت که در طول نوامبر دنبال خواهد کرد. کدام یک از این عوامل غیرقابل کنترل‌ترین عامل در تحقیق آنان خواهد بود؟,"['فهرست نکات صرفه\u200cجویی در انرژی که باید دنبال شود', 'دمای بیرون در نوامبر', 'مقدار زمانی که برای تحقیق داده می\u200cشود', 'دقت صورتحساب\u200cهای اکتبر و نوامبر']",B,دما یک عامل طبیعی است که دانش‌آموزان نمی‌توانند آن را تغییر دهند و مستقیماً بر مصرف انرژی تأثیر می‌گذارد.,B,0.9616290926933289,B,0.9966917037963867,True,True,True,True,[0.01747579 0.9616291  0.01361016 0.00728499],[2.0804130e-03 9.9669170e-01 1.0460974e-03 1.8178446e-04]
1620,یک مرد به مدت ۱۸۰۰ ثانیه بر روی تردمیل دوید. در پایان دویدنش، تردمیل انرژی تولیدی او را ۲۴۰۰۰۰ ژول نشان داد. او چه توان متوسطی تولید کرد؟,"['۶۶۶ وات', '۱۳۳ وات', '۶۶ وات', '۷ وات']",B,انرژی تولیدی تقسیم بر زمان، توان متوسط را نشان می‌دهد که حدود [MASK] است.,A,0.9942417144775391,A,0.9983968138694763,False,False,False,False,[0.9942417  0.00215797 0.00115508 0.0024453 ],[9.9839681e-01 6.7656673e-04 1.1044648e-04 8.1609527e-04]
1621,یک اتم قلع دارای عدد اتمی 50 و عدد جرمی 119 است. در یک اتم خنثی قلع چه تعداد پروتون، الکترون و نوترون وجود دارد؟,"['50 پروتون، 69 الکترون، 50 نوترون', '50 پروتون، 50 الکترون، 69 نوترون', '69 پروتون، 50 الکترون، 69 نوترون', '69 پروتون، 69 الکترون، 50 نوترون']",B,عدد اتمی برابر پروتون‌هاست و در اتم خنثی الکترون‌ها برابر آن است. نوترون‌ها از تفریق عدد اتمی از عدد جرمی به‌دست می‌آیند.,B,0.48202380537986755,B,0.9537920951843262,True,True,True,True,[0.42538452 0.4820238  0.00882857 0.08376317],[0.0419067  0.9537921  0.00126547 0.00303571]
1622,در موجودات، ماکرومولکول‌ها از زیرواحدها ساخته شده‌اند. کدام یک از این جفت‌ها به درستی توصیف می‌کند که یک ماکرومولکول چگونه ساخته می‌شود؟,"['DNA از اسیدهای نوکلئیک ساخته شده است.', 'پروتئین از اسیدهای آمینه ساخته شده است.', 'اسیدهای نوکلئیک از DNA ساخته شده\u200cاند.', 'اسیدهای آمینه از پروتئین ساخته شده\u200cاند.']",B,پروتئین‌ها از اسیدهای آمینه تشکیل می‌شوند، در حالی که سایر گزینه‌ها رابطه را برعکس بیان می‌کنند.,B,0.8102269768714905,B,0.9662233591079712,True,True,True,True,[0.12352642 0.810227   0.05834975 0.00789678],[0.02917742 0.96622336 0.00312371 0.00147553]
1623,کاهش درخت بلوط به اثرات قارچ‌های پاتوژن، ریزش برگ‌های حشرات، تنش شیمیایی خاک و فعالیت میکروارگانیسم‌ها مربوط می‌شود. کدامیک از این عوامل یک شرایط غیرزنده است که بر کاهش درخت بلوط تأثیر می‌گذارد؟,"['قارچ\u200cهای پاتوژن', 'ریز\u200cش برگ\u200cهای حشرات', 'تنش شیمیایی خاک', 'فعالیت میکروارگانیسم\u200cها']",C,[MASK] یک عامل غیرزنده است، در حالی که سایر موارد موجودات زنده هستند.,A,0.5553635954856873,A,0.6237889528274536,False,False,False,False,[0.5553636  0.1404179  0.18030016 0.12391837],[0.62378895 0.12283133 0.15771854 0.09566114]
1624,سؤال: یکی از والدین دارای چشمان قهوه‌ای (BB) است و با والد دیگری که دارای چشمان آبی (bb) است، فرزندی می‌آورند. احتمال اینکه یکی از فرزندان آنها دارای چشمان آبی باشد چقدر است؟,"['الف) ۰%', 'ب) ۲۵%', 'ج) ۵۰%', 'د) ۱۰۰%']",A,والد با چشمان قهوه‌ای (BB) و والد با چشمان آبی (bb) هر دو تنها یک نوع گامت تولید می‌کنند. تمام فرزندان ژنوتایپ Bb خواهند داشت که فنوتایپ چشمان قهوه‌ای را نشان می‌دهد. بنابراین، احتمال چشمان آبی صفر است، اما با توجه به گزینه‌های موجود، نزدیک‌ترین پاسخ انتخاب شده است.,B,0.5753150582313538,B,0.5270780920982361,False,False,False,False,[0.02527758 0.57531506 0.3954079  0.00399949],[0.15101041 0.5270781  0.31968904 0.00222242]
1625,کدام یک از سلول‌های گیاهی نیمی از DNA را از یک گیاه والد شامل می‌شوند؟,"['چوب و آبکشی', 'گرده و تخمک', 'اپیدرم و مزوفیل', 'پیش و کامبیوم']",B,گامت‌ها از میوز تشکیل می‌شوند و نیمی از اطلاعات ژنتیکی والد را دارند.,B,0.5272318720817566,B,0.8923227787017822,True,True,True,True,[0.15046555 0.5272319  0.17183705 0.15046555],[0.03487047 0.8923228  0.00766003 0.06514663]
1626,کدام شئ در منظومه شمسی توسط یک کمربند از سیارک‌ها احاطه شده است؟,"['پلوتو', 'زحل', 'خورشید', 'ماه']",C,[MASK] دارای حلقه‌ای از ذرات یخ و سنگ است که به عنوان کمربند توصیف می‌شود، در حالی که سایر اجرام فاقد این ویژگی هستند.,C,0.7730592489242554,A,0.8826653361320496,True,False,False,False,[0.17215626 0.03389958 0.77305925 0.02088493],[0.88266534 0.05642691 0.04979657 0.01111112]
1627,چنگال از لبه یک میز می‌افتد. کدام نیرو چنگال را به سمت زمین حرکت می‌دهد؟,"['کشیدگی گرانش زمین', 'کشیدگی چرخش زمین', 'فشار میز', 'فشار هوای فشرده']",A,جاذبه زمین عامل اصلی سقوط اجسام به سمت پایین است.,A,0.9764441251754761,A,0.9947161078453064,True,True,True,True,[0.9764441  0.00517419 0.01593763 0.00244412],[9.9471611e-01 1.6748752e-03 3.1290788e-03 4.7985977e-04]
1628,یک نمونه از یک موجود زنده چیست؟,"['الف) هوا', 'ب) آب', 'ج) سنگ', 'د) کرم']",D,کرم ویژگی‌های حیات مانند رشد و تولیدمثل را دارد، برخلاف موارد دیگر.,D,0.3920651078224182,D,0.6525426506996155,True,True,True,True,[0.30773544 0.27157557 0.02862385 0.3920651 ],[0.02867072 0.3082393  0.01054737 0.65254265]
1629,کشف صخره‌های مرجانی فسیل شده در خشکی نشان‌دهنده این است که,"['آب شور مرجان را به فسیل تبدیل می\u200cکند.', 'صخره\u200cها در یک دریاچه آب شیرین شکل گرفته\u200cاند.', 'سطح دریا در طول زمان تغییر کرده است.', 'صخره\u200cهای مرجانی می\u200cتوانند بر روی زمین خشک تشکیل شوند.']",C,این یافته نشان می‌دهد که منطقه قبلاً زیر آب بوده و سطح دریا تغییر کرده است.,C,0.95522540807724,C,0.9369909167289734,True,True,True,False,[0.03711052 0.00560285 0.9552254  0.00206117],[5.9433680e-02 3.4058213e-03 9.3699092e-01 1.6956586e-04]
1630,صدا در مواد جامد سریع‌تر از هوا حرکت می‌کند زیرا مولکول‌ها در یک جامد,"['نسبت به مولکول\u200cهای هوا به هم نزدیک\u200cتر هستند.', 'بیشتر از مولکول\u200cهای هوا به آسانی جابجا می\u200cشوند.', 'سریع\u200cتر از مولکول\u200cهای هوا حرکت می\u200cکنند.', 'بزرگ\u200cتر از مولکول\u200cهای هوا هستند.']",A,چگالی بالاتر مواد جامد انتقال انرژی صوتی را سریع‌تر می‌کند.,C,0.94786137342453,C,0.6749331951141357,False,False,False,False,[4.6915535e-02 4.3638246e-03 9.4786137e-01 8.5928803e-04],[0.31881586 0.00351416 0.6749332  0.00273683]
1631,یک دانشمند از یک نشانگر شیمیایی خاص برای برچسب‌گذاری برخی از آمینو اسیدها استفاده می‌کند. او نشانگر را دنبال می‌کند تا اینکه بخشی از یک مولکول بزرگ در یک سلول شود. او کدام مولکول را با نشانگر شیمیایی پیدا می‌کند؟,"['یک لیپید در غشاء', 'یک آنزیم در لیزوزوم', 'یک پلی\u200cساکارید در دیواره سلولی', 'یک مولکول DNA در میتوکندری']",B,آمینو اسیدها واحدهای پروتئین‌ها هستند و آنزیم‌ها نیز پروتئین محسوب می‌شوند.,A,0.38871464133262634,B,0.7617688775062561,False,True,True,True,[0.38871464 0.08605899 0.34303945 0.18218689],[0.19563843 0.7617689  0.00859575 0.03399686]
1632,کدام فعالیت انسانی به‌طور مستقیم بر کیفیت منابع آب شیرین تأثیر می‌گذارد؟,"['کاهش لایه اوزون', 'سوزاندن بنزین در موتورهای خودرو', 'پرتاب زباله از پنجره\u200cهای خودرو', 'اجازه دادن به روان آب از مزارع کشاورزی']",D,روان‌آب کشاورزی حاوی آلاینده‌های شیمیایی است که مستقیماً به منابع آب شیرین نفوذ و آن‌ها را آلوده می‌کند.,D,0.849129855632782,D,0.9012985229492188,True,True,True,True,[0.07882727 0.01786572 0.05417714 0.84912986],[0.06503531 0.01473986 0.01892635 0.9012985 ]
1633,نور خورشید مورد استفاده برای گرمایش خورشیدی منبعی است که بهتر است به عنوان,"['مصنوعی.', 'تجدیدپذیر.', 'بی\u200cپایان.', 'غیر تجدیدپذیر.']",C,این انرژی به طور طبیعی و پیوسته تولید می‌شود و پس از مصرف، خود را جایگزین می‌کند، بنابراین در این دسته قرار می‌گیرد.,B,0.9259328246116638,B,0.999323844909668,False,False,False,False,[1.4929816e-02 9.2593282e-01 8.8775931e-05 5.9048567e-02],[4.8633828e-04 9.9932384e-01 5.2365062e-06 1.8459320e-04]
1634,کدام خاصیت یک شیء اجازه می‌دهد تا آن خم شود؟,"['الف) رنگ', 'ب) انعطاف\u200cپذیری', 'ج) جرم', 'د) اندازه']",B,خاصیتی که امکان تغییر شکل موقت و بازگشت به حالت اولیه را فراهم می‌کند، مستقیماً با خم شدن مرتبط است.,B,0.992464542388916,B,0.9965435862541199,True,True,True,True,[0.00182817 0.99246454 0.00207159 0.00363575],[1.3221945e-03 9.9654359e-01 9.6733822e-04 1.1668325e-03]
1635,کدام یک از منابع طبیعی تجدیدپذیر است که می‌تواند در طول زمان دوباره تأمین شود؟,"['نفت', 'زغال\u200cسنگ', 'درختان', 'گاز طبیعی']",C,این منبع طبیعی قابلیت رشد مجدد دارد و در مدت زمان کوتاه‌تری نسبت به سوخت‌های فسیلی قابل جایگزینی است.,C,0.9985253214836121,C,0.9989750385284424,True,True,True,True,[1.3209481e-03 7.4522803e-05 9.9852532e-01 7.9329111e-05],[9.1809197e-04 6.6506364e-05 9.9897504e-01 4.0338145e-05]
1636,بهترین راه برای ایجاد سایه بر روی دیوار نشیمن این است که,"['یک لامپ را نزدیک به زمین نگه دارید', 'چراغ\u200cهای اتاق را خاموش کنید', 'نزدیک به دیوار در کنار یک پنجره نشسته باشید', 'بین یک منبع نور و دیوار بایستید']",D,برای تشکیل سایه، باید مانعی در مسیر نور بین منبع و دیوار قرار گیرد تا بخشی از نور مسدود شود و سایه ایجاد گردد.,C,0.48298004269599915,D,0.7761549353599548,False,True,True,True,[0.17629573 0.00877725 0.48298004 0.33194703],[0.04923179 0.00277747 0.17183585 0.77615494]
1637,گیاهی که به خاک خوب زهکشی شده نیاز دارد، بهترین رشد را در خاکی که عمدتاً از آن ساخته شده است خواهد داشت:,"['سیلت.', 'رس.', 'شن.', 'هوموس.']",C,خاک با ذرات درشت زهکشی بهتری دارد و از جمع شدن آب جلوگیری می‌کند.,A,0.3809747099876404,C,0.5653749108314514,False,True,True,True,[0.3809747  0.3809747  0.0069778  0.23107284],[0.18355036 0.18355036 0.5653749  0.0675244 ]
1638,دانشمندان کشف کردند که اگرچه باکتری‌های عفونی ممکن است نسبت به داروهای آنتی‌بیوتیکی ایمنی پیدا کنند، برخی باکتری‌ها نمی‌توانند در برابر برخی پپتیدها مقاومت کنند که به‌عنوان مواد آنتی‌بیوتیک طبیعی در بدن انسان عمل می‌کنند. این کشف منجر به توسعه کدام فناوری جدید شد؟,"['مواد مصنوعی که مشابه پپتیدهای انسانی هستند', 'آنتی\u200cبیوتیک\u200cهایی که می\u200cتوانند از طریق پوست جذب شوند', 'باکتری\u200cهایی که به ارگانیسم\u200cهای مقاوم به آنتی\u200cبیوتیک حمله می\u200cکنند', 'آنتی\u200cبیوتیک\u200cهایی که در پاسخ به ایمنی باکتری\u200cها سازگار می\u200cشوند']",A,این کشف با تقلید از پپتیدهای دفاعی طبیعی بدن، تولید مواد مصنوعی مشابه را ممکن کرد.,A,0.9895407557487488,A,0.9991738200187683,True,True,True,True,[9.8954076e-01 6.6642184e-03 2.2803701e-04 3.5670991e-03],[9.9917382e-01 7.4473157e-04 1.6453265e-05 6.5073924e-05]
1639,پیشرفت‌های فناوری در صنعت چوب‌بری اثرات منفی و مثبتی بر اکوسیستم‌های جنگلی داشته است. محتمل‌ترین اثر منفی تکنیک‌های مؤثرتر چوب‌بری چیست؟,"['افزایش زمان مورد نیاز برای حمل و نقل چوب.', 'محیط\u200cهای کاری امن\u200cتر برای کارگران چوب\u200cبری.', 'تغییر در ترکیب شیمیایی و فیزیکی زمین و آب.', 'کاهش هزینه چوب و محصولات کاغذی.']",C,تکنیک‌های سریع‌تر چوب‌بری باعث تخریب خاک، فرسایش زمین و آلودگی آب می‌شوند که ترکیب شیمیایی و فیزیکی محیط را تغییر می‌دهد.,C,0.9934377074241638,C,0.994329035282135,True,True,True,True,[5.9564351e-03 4.3148271e-04 9.9343771e-01 1.7433477e-04],[4.0954668e-03 1.3296033e-03 9.9432904e-01 2.4595187e-04]
1640,کدام یک از این موارد در خلال فتوسنتز تولید می‌شود؟,"['اسید آمینه', 'گلوکز', 'گلیسرول', 'دی\u200cاکسید کربن']",B,فتوسنتز با استفاده از نور خورشید، آب و [MASK]، [MASK] را به عنوان محصول اصلی تولید می‌کند.,B,0.9537076950073242,B,0.973711371421814,True,True,True,True,[0.00813915 0.9537077  0.00110151 0.03705155],[2.7780239e-03 9.7371137e-01 2.5044649e-04 2.3260111e-02]
1641,یک دانش آموز جرم یک نمونه را روی ترازوی سه میله‌ای تعیین می‌کند. قبل از تعیین جرم نمونه بعدی، دانش آموز چه کاری باید انجام دهد؟,"['ارتفاع سینی را تنظیم کند', 'همه سوارها را به صفر جابه\u200cجا کند', 'میله\u200cها را به سرعت بالا و پایین ببرد', 'محل نشانه\u200cهای جرم را تنظیم کند']",B,پس از هر توزین، باید تمام قطعات متحرک را به جای اول برگرداند تا از خطا جلوگیری شود و دقت حفظ گردد.,B,0.6312692761421204,D,0.6138662099838257,True,False,False,False,[0.33657676 0.6312693  0.00084743 0.03130652],[0.09377242 0.29110476 0.00125655 0.6138662 ]
1642,فیلیپه یک مدل بصری از یک اکوسیستم دهانه رودخانه روی یک پوستر درست کرد. او آب اقیانوس را آبی و آب رودخانه را زرد رنگ کرد. بهترین رنگ برای نمایش بصری دهانه رودخانه چیست؟,"['زرد', 'آبی', 'نارنجی', 'سبز']",D,دهانه رودخانه محل اختلاط آب‌های شیرین و شور است و رنگ [MASK] به طور مرسوم برای نمایش چنین نواحی انتقالی در مدل‌ها استفاده می‌شود.,A,0.7590211629867554,B,0.5677615404129028,False,False,False,False,[0.75902116 0.14887744 0.01241305 0.07968836],[0.38717973 0.56776154 0.02804721 0.01701149]
1643,سؤال: کدام ترتیب مراحل چرخه زندگی یک گیاه را نشان می‌دهد؟,"['الف) گیاه جوان -> دانه -> گیاه بالغ', 'ب) دانه -> گیاه بالغ -> گیاه جوان', 'ج) گیاه بالغ -> گیاه جوان -> دانه', 'د) دانه -> گیاه جوان -> گیاه بالغ']",D,چرخه زندگی گیاه با دانه شروع می‌شود، سپس جوانه می‌زند و بالغ می‌شود.,D,0.9514409303665161,D,0.9706266522407532,True,True,True,True,[4.7092710e-02 1.2549782e-03 2.1137283e-04 9.5144093e-01],[2.0382173e-02 8.4965536e-03 4.9455871e-04 9.7062665e-01]
1644,عناصر خاصی با خواص شیمیایی و فیزیکی مشابه در یک ستون در جدول تناوبی عناصر یافت می‌شوند. این مواد شیمیایی,"['در همان دوره قرار دارند.', 'در همان خانواده قرار دارند.', 'تعداد الکترون\u200cهای یکسانی دارند.', 'دارای شماره جرمی یکسان هستند.']",B,عناصر در یک ستون به دلیل تعداد الکترون‌های والانس مشابه، خواص یکسانی دارند.,B,0.8528793454170227,B,0.9199948906898499,True,True,True,True,[0.13028337 0.85287935 0.01230908 0.00452826],[1.3277712e-02 9.1999489e-01 6.6384383e-02 3.4295255e-04]
1645,امروزه بسیاری از خودروها برای به دست آوردن مصرف سوخت بهتر نسبت به خودروهای ساخته شده در گذشته طراحی شده‌اند. این تغییر ناشی از نیاز به,"['بازیافت مواد', 'بهبود ایمنی', 'تولید مواد شیمیایی', 'صرفه\u200cجویی در منابع']",D,بهبود مصرف سوخت برای حفظ منابع طبیعی و کاهش هزینه‌ها ضروری است.,A,0.4497087597846985,D,0.8412249088287354,False,True,True,True,[0.44970876 0.2397733  0.00264291 0.307875  ],[1.4732949e-01 1.0672512e-02 7.7311427e-04 8.4122491e-01]
1646,کدام یک از این موارد بهترین توضیح را برای تأثیر بزرگ اقیانوس‌ها بر آب و هوا در قاره‌ها ارائه می‌دهد؟,"['موج\u200cهای اقیانوس راحت\u200cتر از سنگ\u200cهای قاره\u200cای حرکت می\u200cکنند.', 'اقیانوس\u200cها تنوع بیشتری از موجودات نسبت به قاره\u200cها دارند.', 'اقیانوس\u200cها بیشتر از قاره\u200cها حرارت را ذخیره و انتقال می\u200cدهند.', 'آب اقیانوس\u200cها نمک بیشتری نسبت به بیشتر آب\u200cهای دریاچه\u200cای قاره\u200cای دارد.']",C,ظرفیت گرمایی بالای آب دریاها باعث ذخیره و انتقال گسترده گرما شده و بر آب‌وهوای خشکی‌ها تأثیر می‌گذارد.,C,0.9847338795661926,C,0.9876074194908142,True,True,True,True,[0.01259118 0.0015038  0.9847339  0.00117116],[1.1100654e-02 8.0412865e-04 9.8760742e-01 4.8772868e-04]
1647,کدامیک نشان‌دهنده این است که مجموعه‌ای از فسیل‌ها نمایانگر تحولات اسب هستند؟,"['همه فسیل\u200cها در لایه\u200cهای مشابه سنگ مانند فسیل\u200cهای اسب یافت شده\u200cاند.', 'همه فسیل\u200cها کاملاً شبیه به استخوان\u200cهای اسب هستند.', 'همه فسیل\u200cها ساختارهای مشابهی با اسب\u200cهای امروزی دارند.', 'همه فسیل\u200cها در همان مکان زمین که اسب\u200cها قرار دارند، واقع شده\u200cاند.']",C,تشابه ساختاری با گونه‌های امروزی، توالی تکاملی را نشان می‌دهد.,C,0.7708736062049866,C,0.9314917922019958,True,True,True,True,[0.22042805 0.00676117 0.7708736  0.00193711],[6.6951931e-02 1.2262673e-03 9.3149179e-01 3.3004538e-04]
1648,باران شدید می‌تواند باعث شود خاک سریعاً به سمت پایین سرازیر شود. این تغییر را چه می‌نامند؟,"['هاریکن', 'سیل', 'زمین لغزش', 'زمین\u200cلرزه']",C,این پدیده حرکت سریع خاک به پایین است که در اثر بارش سنگین و اشباع رخ می‌دهد.,C,0.8238207101821899,B,0.8626337647438049,True,False,False,False,[0.11192838 0.05991094 0.8238207  0.00433993],[0.05536216 0.86263376 0.08055148 0.00145248]
1649,کدام ویژگی صفتی است که از گیاهان والد به فرزندان آن‌ها منتقل نمی‌شود؟,"['شکل برگ', 'رنگ گل', 'ارتفاع گیاه', 'نرخ بقا']",D,[MASK] یک ویژگی اکتسابی است که به عوامل محیطی وابسته است و به صورت ژنتیکی منتقل نمی‌شود.,B,0.41687503457069397,D,0.7105480432510376,False,True,True,True,[0.19691782 0.41687503 0.01831621 0.36789092],[0.17965467 0.05147193 0.05832534 0.71054804]
1650,بسیاری از حیوانات به گیاهان برای ___ وابسته هستند.,"['پناهگاه', 'گرده\u200cافشانی', 'انتشار دانه', 'نور خورشید']",A,حیوانات با خوردن میوه و دفع دانه در مکان‌های جدید، به پراکنش گیاهان کمک می‌کنند.,C,0.9596294164657593,C,0.9905409216880798,False,False,False,False,[0.02537424 0.00933466 0.9596294  0.00566176],[3.1774014e-03 5.9361672e-03 9.9054092e-01 3.4552638e-04]
1651,یک نمونه از تغییر حالت یک جامد به مایع چیست؟,"['بخار به آب تبدیل می\u200cشود.', 'آب به بخار تبدیل می\u200cشود.', 'یخ به آب تبدیل می\u200cشود.', 'آب به یخ تبدیل می\u200cشود.']",C,ذوب شدن نمونه‌ای از تغییر حالت جامد به مایع است که در طبیعت مشاهده می‌شود.,C,0.9645305275917053,C,0.9889340996742249,True,True,True,True,[0.02025416 0.01392047 0.9645305  0.00129481],[8.555956e-03 1.909092e-03 9.889341e-01 6.007224e-04]
1652,دانش‌آموزی به سرعت کف دست‌های خود را به هم می‌مالد. کدام توالی به‌درستی تحولات انرژی را که رخ می‌دهد توصیف می‌کند؟,"['شیمیایی -> مکانیکی -> حرارت', 'مکانیکی -> حرارت -> شیمیایی', 'حرارت -> مکانیکی -> شیمیایی', 'مکانیکی -> هسته\u200cای -> حرارت']",A,حرکت دست‌ها انرژی مکانیکی ایجاد می‌کند که بر اثر اصطکاک به گرما تبدیل می‌شود و در این فرآیند واکنش شیمیایی یا هسته‌ای رخ نمی‌دهد.,A,0.8022906184196472,A,0.9884493947029114,True,True,True,True,[0.8022906  0.07520994 0.10942982 0.01306953],[0.9884494  0.00656327 0.00100651 0.00398082]
1653,چه چیزی باعث می‌شود که یک کشتی حامل بار سنگین بیشتر از یک کشتی مشابه حامل بار سبک در همان سرعت به توقف برسد؟,"['افزایش اصطکاک', 'زخامت بیشتر', 'شتاب بیشتر', 'سرعت بیشتر ثابت']",B,جرم بیشتر باعث اینرسی بالاتر و نیاز به نیروی اصطکاک بیشتر برای توقف می‌شود.,A,0.799066960811615,A,0.813093364238739,False,False,False,False,[0.79906696 0.12206315 0.05765855 0.0212114 ],[0.81309336 0.12469191 0.01023533 0.05197932]
1654,یک ظرف با مخلوطی از شن و یک ماده ناشناس پر شده است. دانش آموز برای تعیین اینکه آیا ذرات آهن در مخلوط وجود دارد یا خیر، چه کاری باید انجام دهد؟,"['مخلوط را حرارت دهد', 'مخلوط را فیلتر کند', 'آب به مخلوط اضافه کند', 'یک آهنربا را از میان مخلوط بکشاند']",D,آهن خاصیت مغناطیسی دارد، بنابراین با کشیدن آهنربا در مخلوط، ذرات آهن جذب و شناسایی می‌شوند.,B,0.9012346267700195,D,0.9808675646781921,False,True,True,True,[0.02726813 0.9012346  0.00608434 0.06541286],[1.2347301e-02 6.6090338e-03 1.7612478e-04 9.8086756e-01]
1655,کدام یک از موارد زیر یک قاعده ایمنی مهم است که هنگام استفاده از مواد شیمیایی باید رعایت شود؟,"['موهای بلند را به عقب ببندید.', 'تمام مواد شیمیایی را در یخچال نگه دارید.', 'تمام لوله های آزمایش و بطری ها را به درستی برچسب گذاری کنید.', 'فندک های خاموش شده را به درستی دور بریزید.']",C,این کار از اشتباه در شناسایی مواد جلوگیری کرده و با مشخص کردن خطرات و محتویات، از حوادث ناشی از استفاده نادرست پیشگیری می‌کند.,C,0.7295536994934082,C,0.8459752202033997,True,True,True,True,[0.12677743 0.12677743 0.7295537  0.01689146],[0.04847824 0.10103733 0.8459752  0.00450918]
1656,یک دانش‌آموز به بررسی وقوع لاله‌های گوش پیوسته در مقابل لاله‌های گوش جدا پرداخته است. کدام عنوان ممکن است بهترین بازتاب‌دهنده محتوای گزارش باشد؟,"['هم\u200cراستایی انواع لاله\u200cهای گوش', 'نوع لاله گوش و زیست\u200cشناسی', 'قابلیت وراثتی انواع لاله\u200cهای گوش', 'نوع لاله گوش و تشکیل پروتئین']",C,گزارش بر ویژگی‌های ارثی و توزیع این صفت در جمعیت تمرکز دارد، که مستقیماً با جنبه ژنتیکی مرتبط است و سایر موارد را پوشش نمی‌دهد.,A,0.8119102716445923,C,0.9784447550773621,False,True,True,True,[0.8119103  0.05881459 0.01939499 0.1098801 ],[2.0227803e-02 1.1411746e-03 9.7844476e-01 1.8629164e-04]
1657,کدام جمله مثالی از چگونگی تغییر انسان‌ها در محیط طبیعی است؟,"['باد و باران، گیاهان گندم را نابود می\u200cکنند.', 'انرژی خورشید به گیاه گندم کمک می\u200cکند تا رشد کند.', 'یک جنگل برای ایجاد فضایی برای کشت گندم پاک\u200cسازی می\u200cشود.', 'بذرهای گیاه گندم توسط باد پراکنده می\u200cشوند.']",C,این جمله نشان‌دهنده تغییر عمدی محیط توسط انسان برای اهداف کشاورزی است، برخلاف فرآیندهای طبیعی.,C,0.7000377774238586,C,0.9860497117042542,True,True,True,True,[0.2565255  0.01639913 0.7000378  0.02703759],[1.2412534e-02 9.5715187e-04 9.8604971e-01 5.8054191e-04]
1658,دانشمندان توانسته‌اند ژن‌هایی از یک عنکبوت را به ژنوم یک بز خانگی وارد کنند. وقتی بز بالغ می‌شود، شیری تولید می‌کند که حاوی پروتئینی است که در تارهای عنکبوت وجود دارد. این پروتئین سپس می‌تواند استخراج شده و برای ساخت مواد قوی اما سبک برای جلیقه‌های ضد گلوله، اتومبیل‌ها و هواپیماها استفاده شود. این تغییر هیچ دردی برای بز ایجاد نمی‌کند، اما برخی از مردم فکر می‌کنند که اضافه کردن ژن‌ها از ژنوم یک حیوان به حیوان دیگری درست نیست. کدام کلمه بهترین توصیف را از این نگرانی ارائه می‌دهد؟,"['اقتصادی', 'زیست\u200cشناسی', 'اخلاقی', 'عملی']",C,این نگرانی مربوط به درست یا غلط بودن تغییرات ژنتیکی بین گونه‌ها است، که موضوعی ارزشی و مرتبط با اخلاق است.,C,0.9888774752616882,C,0.9971961975097656,True,True,True,True,[0.00590309 0.00405713 0.9888775  0.00116239],[1.2526484e-03 1.3334373e-03 9.9719620e-01 2.1767766e-04]
1659,یک پردیس کالج به قدری فضای پارکینگ کمی دارد که ماشین‌ها معمولاً در ساعات کلاس در انتظار پارک شدن صف می‌بندند. کدام یک از گزینه‌های زیر بهترین راه حل کالج برای نیاز به فضاي پاركينگ بيشتر را با استفاده از مدل سيستم‌های جهانی توصیف می‌کند؟,"['کالج می\u200cتواند یک پارکینگ اضافی بسازد، داده\u200cهای مربوط به پارکینگ را جمع\u200cآوری کند و سپس از دیدگاه\u200cهای جامعه استفاده کند.', 'کالج می\u200cتواند در ساعات شلوغ دسترسی به پارکینگ\u200cها را محدود کند، مأموران امنیتی استخدام کند تا به محدود کردن پارک کمک کنند و سپس داده\u200cهای مربوط به پارکینگ را جمع\u200cآوری کند.', 'کالج می\u200cتواند داده\u200cهای مربوط به پارکینگ را جمع\u200cآوری کند، از دیدگاه\u200cهای جامعه استفاده کند، یک پارکینگ اضافی بسازد و سپس داده\u200cهای بیشتری درباره پارکینگ جمع\u200cآوری کند.', 'کالج می\u200cتواند مأموران امنیتی استخدام کند تا به محدود کردن پارک کمک کنند، داده\u200cهای مربوط به پارکینگ را جمع\u200cآوری کند، از دیدگاه\u200cهای جامعه استفاده کند و سپس داده\u200cهای بیشتری جمع\u200cآوری کند.']",C,مدل سیستم‌های جهانی با جمع‌آوری داده، تحلیل، اجرا و ارزیابی مجدد، راه‌حلی منطقی و مبتنی بر شواهد ارائه می‌دهد.,B,0.45500683784484863,C,0.7602735161781311,False,True,True,True,[0.2759756  0.45500684 0.24354762 0.02546997],[0.1937349  0.0432281  0.7602735  0.00276348]
1660,در کدام بخش از جدول تناوبی مواد براق و انعطاف‌پذیر که در ساخت جواهرات استفاده می‌شوند، یافت می‌شوند؟,"['گروه ۱ (۱A)', 'گروه ۴ (۴A)', 'گروه ۱۱ (۱B)', 'گروه ۱۷ (۷A)']",C,فلزات مورد استفاده در جواهرسازی مانند طلا و نقره به دلیل خاصیت چکش‌خواری و درخشندگی در این گروه جدول قرار دارند.,C,0.4482780694961548,A,0.44350960850715637,True,False,False,False,[0.21175157 0.10002436 0.44827807 0.23994596],[0.4435096  0.06695993 0.4435096  0.04602085]
1661,تغییر ناگهانی در آب و هوا در یک مکان خاص عمدتاً به سبب کدام یک است؟,"['ورود یک توده هوایی', 'زلزله\u200cای شدید', 'توده آب دریا', 'خورشیدگرفتگی']",A,تغییرات سریع آب‌وهوا عمدتاً به دلیل ورود هوا با ویژگی‌های متفاوت است.,A,0.5825413465499878,A,0.9382858872413635,True,True,True,True,[0.58254135 0.40194145 0.00165553 0.01386155],[0.9382859  0.05283118 0.00162049 0.00726252]
1662,سوال: ساقه‌ها برای گیاهان چه کار می‌کنند؟,"['الف) آب را جذب می\u200cکنند', 'ب) غذا تولید می\u200cکنند', 'پ) حمایت فراهم می\u200cکنند', 'ت) گرده\u200cافشان\u200cها را جذب می\u200cکنند']",C,ساقه‌ها ساختار گیاه را نگه‌داشته و انتقال مواد را تسهیل می‌کنند، که با عملکرد حمایت مرتبط است.,A,0.618588924407959,C,0.9285706877708435,False,True,True,True,[0.6185889  0.04516188 0.15763046 0.17861871],[0.06029635 0.00676506 0.9285707  0.00436785]
1663,هر دو یوگلنا و ولواکس به عنوان پروتیست‌های شبیه به گیاه طبقه‌بندی می‌شوند. اما ولواکس ساختارهای مشترک بیشتری با گیاهان نسبت به یوگلنا دارد. کدام ساختار که در سلول‌های گیاهی یافت می‌شود، همچنین در ولواکس وجود دارد ولی در یوگلنا وجود ندارد؟,"['نقطه چشمی', 'دیواره سلولی', 'کلروپلاست', 'واکول مرکزی']",B,ولواکس [MASK] مشابه گیاهان دارد، در حالی که یوگلنا فاقد آن است و تنها پوششی نازک دارد.,C,0.7375731468200684,C,0.7221382260322571,False,False,False,False,[0.07834935 0.16457482 0.73757315 0.0195027 ],[0.05974163 0.20851876 0.7221382  0.00960135]
1664,کدام تغییر به زیستگاه سنجاب آسیب می‌زند؟,"['رشد گیاهان جدید', 'تغییر فصل\u200cها', 'قطع درختان برای ساخت خانه\u200cها', 'کاشت نهال\u200cهای کاج']",C,قطع درختان زیستگاه طبیعی سنجاب را نابود می‌کند، زیرا آن‌ها برای زندگی و پناهگاه به درختان وابسته هستند.,C,0.9583266377449036,C,0.9889692068099976,True,True,True,True,[0.02543897 0.01383093 0.95832664 0.00240346],[9.8098004e-03 5.5343111e-04 9.8896921e-01 6.6756527e-04]
1665,دانش‌آموزان در حال مطالعه فرایند فتوسنتز در گیاهان هستند. کدامیک از موارد زیر محصول فتوسنتز است؟,"['دی\u200cاکسید کربن', 'نیتروژن', 'کلرید سدیم', 'شکر']",D,فتوسنتز با استفاده از نور خورشید، آب و [MASK]، قند تولید می‌کند که منبع انرژی گیاه است.,A,0.5213925838470459,A,0.8763577938079834,False,False,False,False,[0.5213926  0.01770223 0.00077778 0.46012732],[8.76357794e-01 5.19069843e-03 3.11725657e-04 1.18139744e-01]
1666,کدام یک از موارد زیر تغییر آب از حالت مایع به حالت جامد را توصیف می‌کند؟,"['تشکیل یخ روی دریاچه', 'تشکیل شبنم روی چمن', 'ذوب شدن برف به یک چاله آب', 'تبخیر آب از حوض']",A,این پدیده نشان‌دهنده تغییر حالت آب از مایع به جامد است که با کاهش دما رخ می‌دهد.,A,0.9492519497871399,A,0.9013959765434265,True,True,True,False,[9.4925195e-01 2.6429221e-03 4.7584649e-02 5.2042224e-04],[9.013960e-01 2.541745e-03 9.537828e-02 6.841014e-04]
1667,تولیدکنندگان می‌توانند از فتوسنتز برای جذب انرژی برای شبکه‌های غذایی در بیشتر اکوسیستم‌ها استفاده کنند. در کدام اکوسیستم تولیدکنندگان باید انرژی را از گازهایی مانند متان و سولفید هیدروژن جذب کنند؟,"['صخره مرجانی', 'بیابان مرتفع', 'خندق اقیانوسی', 'جنگل همیشه\u200cسبز']",C,در اعماق اقیانوس نور برای فتوسنتز نیست، پس تولیدکنندگان از گازها برای تولید انرژی استفاده می‌کنند.,C,0.7903298139572144,C,0.9944682121276855,True,True,True,True,[0.17669117 0.0268856  0.7903298  0.00609346],[5.1576928e-03 2.4888592e-04 9.9446821e-01 1.2514771e-04]
1668,سیاره‌ها مدار می‌زنند,"['زمین.', 'ماه.', 'کهکشان.', 'خورشید.']",D,سیاره‌ها به دور ستاره‌ها می‌گردند و خورشید ستاره‌ای است که مرکز این مدارهاست.,C,0.783572256565094,D,0.8774343132972717,False,True,True,True,[0.07274136 0.13589875 0.78357226 0.00778762],[0.10520474 0.01588354 0.0014774  0.8774343 ]
1669,دانش‌آموزان یک تحقیق طراحی می‌کنند تا تأثیر سطوح مختلف بر سرعت یک توپ که از شیب پایین می‌لغزد را مطالعه کنند. کدام یک از این موارد متغیر مستقل است؟,"['زمان برای پایین\u200cآمدن از شیب', 'جرم توپ', 'قطر توپ', 'نوع سطح روی شیب']",D,عامل دستکاری‌شده توسط محقق برای بررسی تأثیر بر سرعت، نوع سطح است که تغییر می‌کند.,B,0.8338468074798584,D,0.5978242754936218,False,True,True,True,[7.7711463e-02 8.3384681e-01 3.8308545e-04 8.8058628e-02],[8.0591291e-02 3.2124469e-01 3.3981315e-04 5.9782428e-01]
1670,گاهی اوقات، شهاب‌سنگ‌های بزرگ به جو زمین وارد شده و به سطح زمین می‌رسند. دانشمندان نقاط احتمال برخورد را زمانی شناسایی می‌کنند که آنها پیدا کنند,"['رسوبات کربن.', 'مواد آتشفشانی.', 'گسل\u200cهای لغزشی.', 'دهانه\u200cهای کاسه\u200cای.']",D,دانشمندان با مشاهده گودال‌های گرد ایجادشده بر اثر برخورد اجرام آسمانی، مکان‌های احتمالی برخورد را شناسایی می‌کنند که شواهد مستقیم این پدیده هستند.,B,0.7459230422973633,B,0.40123966336250305,False,False,False,False,[0.12861326 0.74592304 0.0119629  0.11350081],[0.2757677  0.40123966 0.07962845 0.24336416]
1671,سال‌هاست که دانشمندان در لایه‌های سنگی در تمامی نقاط جهان فسیل‌هایی یافته‌اند. در نهایت، دانشمندان کشف کردند که بسیاری از لایه‌های سنگی الگوی مشابهی را نشان می‌دهند که بر اساس آن فسیل‌های قدیمی‌تر در لایه‌های عمیق‌تر و فسیل‌های جوان‌تر در لایه‌های سطحی‌تر قرار دارند. این کشف نمونه‌ای از این است که چگونه دانش علمی در حال تغییر است,"['فسیل\u200cها به روش\u200cهای مختلف حفظ می\u200cشوند.', 'نتایج درباره فسیل\u200cها به سوالات تجدید نظر می\u200cشود.', 'فسیل\u200cها در مناطق مختلف تشکیل می\u200cشوند.', 'مدارک جدید فسیل بازبینی می\u200cشود.']",D,کشف الگوی جدید در لایه‌های سنگی باعث تجدید نظر در دانش قبلی درباره فسیل‌ها شد.,B,0.9888848066329956,B,0.8262004256248474,False,False,False,False,[8.5680718e-03 9.8888481e-01 9.2254217e-05 2.4547935e-03],[0.04642932 0.8262004  0.00116234 0.12620798]
1672,دو دختر در انتهای مخالف یک طناب ضخیم کش می‌آورند. هر دو دختر با نیروی یکسان اما در جهت‌های مخالف به طناب کشیده‌اند. اگر هر دو دختر به کشیدن با همان نیرو ادامه دهند، احتمالاً چه اتفاقی خواهد افتاد؟,"['یک دختر دیگری را به سمت خود می\u200cکشد.', 'هر دو دختر در همان مکان باقی می\u200cمانند.', 'نیروی جاذبه باعث می\u200cشود طناب آویزان شود.', 'طناب پاره خواهد شد.']",B,نیروی خالص صفر است و طناب در تعادل می‌ماند، بنابراین هیچ حرکتی رخ نمی‌دهد.,B,0.6454444527626038,B,0.9896495342254639,True,True,True,True,[0.12759298 0.64544445 0.09936951 0.12759298],[9.7782779e-03 9.8964953e-01 2.1603030e-04 3.5617372e-04]
1673,سوال: کدام نوع انتقال انرژی هنگامیکه یک دانش‌آموز سوت می‌زند رخ می‌دهد؟,"['الف) الکتریکی به صوت', 'ب) نور به الکتریکی', 'ج) حرارت به مکانیکی', 'د) مکانیکی به صوت']",D,انرژی حاصل از حرکت بدن به صدا تبدیل می‌شود.,C,0.5675420165061951,C,0.763725221157074,False,False,False,False,[0.14462255 0.07741088 0.567542   0.21042459],[0.03743414 0.00574071 0.7637252  0.19309998]
1674,هسته داخلی زمین به دلیل چه چیزی جامد است؟,"['نرخ چرخش.', 'دماهای شدید.', 'مقدار فشار.', 'میدان مغناطیسی.']",C,فشار بسیار زیاد ناشی از وزن لایه‌های بالایی، نقطه ذوب را افزایش داده و باعث جامد ماندن هسته داخلی می‌شود.,C,0.926504909992218,C,0.949163556098938,True,True,True,True,[0.05876855 0.01175445 0.9265049  0.00297199],[3.6516663e-02 1.3433729e-02 9.4916356e-01 8.8605046e-04]
1675,تلویزیون برخی مزایا را ارائه می‌دهد. یکی از روش‌هایی که تلویزیون به مردم کمک کرده است چیست؟,"['تولید تلویزیون از بسیاری مواد شیمیایی سمی استفاده می\u200cکند.', 'تبلیغات تلویزیون بسیاری از اسباب\u200cبازی\u200cهای محبوبی را که کودکان می\u200cخواهند نشان می\u200cدهد.', 'تلویزیون اطلاعاتی درباره شرایط فعلی آب و هوا ارائه می\u200cدهد.', 'برق مورد استفاده برای کارکرد تلویزیون\u200cها یکی از کاربردهای منابع طبیعی است.']",C,تلویزیون با ارائه اطلاعات آب‌وهوایی به‌روز، به برنامه‌ریزی روزمره کمک می‌کند.,B,0.6248224973678589,C,0.9765672087669373,False,True,True,True,[0.03470357 0.6248225  0.3344434  0.00603058],[2.0426972e-02 2.9427840e-03 9.7656721e-01 6.3014282e-05]
1676,فسیل‌های انتقالی بهترین حمایت را از چه چیزی می‌کنند؟,"['نظریه\u200cی تکامل زیستی', 'قانون سوپرامد', 'نظریه\u200cی تکامل زمین\u200cشناختی', 'نظریه\u200cی حرکت قاره\u200cها']",A,فسیل‌های انتقالی با نشان دادن تغییرات تدریجی در موجودات زنده، از نظریه تکامل زیستی پشتیبانی می‌کنند.,A,0.5521286129951477,A,0.9980736970901489,True,True,True,True,[0.5521286  0.17924991 0.0078144  0.2608071 ],[9.9807370e-01 1.5152687e-03 2.1829516e-04 1.9264480e-04]
1677,بر اساس موقعیت آن در جدول تناوبی عناصر، فسفر (عدد اتمی ۱۵) چند الکترون ظرفیت دارد؟,"['۳', '۵', '۸', '۱۵']",B,فسفر در گروه پانزدهم است که پنج الکترون ظرفیت دارد.,C,0.5815682411193848,B,0.9995710253715515,False,True,True,True,[0.14704348 0.02895458 0.58156824 0.24243371],[1.1231770e-04 9.9957103e-01 1.1956158e-04 1.9712372e-04]
1678,تصفیه آب شور نمک را از آب خارج می‌کند. حذف نمک از آب می‌تواند خطرناک باشد زیرا این فرایند هزینه‌بر و کند است. گاهی اوقات تکنولوژی آن کار نمی‌کند. آب‌های سطحی و زیرزمینی یک جامعه ساحلی در حال کاهش بود. این جامعه تصمیم گرفت یک کارخانه بزرگ‌مقیاس برای حذف نمک از آب خلیج بسازد. طرح ساخت کارخانه تصفیه نمک پذیرفته شد زیرا جامعه,"['به منابع بیشتری نیاز داشت.', 'به تکنولوژی پیشرفته دسترسی داشت.', 'منابع مالی نامحدودی داشت.', 'به کاهش فشارهای اجتماعی نیاز داشت.']",A,جامعه با کمبود منابع آبی مواجه بود و نیاز به تأمین آب بیشتر داشت، حتی با وجود هزینه‌ها و خطرات.,B,0.9624918103218079,A,0.9799516797065735,False,True,True,True,[3.3192970e-02 9.6249181e-01 8.7084877e-04 3.4442737e-03],[0.9799517  0.01401927 0.00455139 0.00147762]
1679,حرارت به یک ماده اعمال شد. ابتدا این ماده منبسط شد و سپس ذوب شد. این ماده در ابتدا چه حالتی از ماده داشت؟,"['گاز', 'جامد', 'مایع', 'پلاسما']",B,ابتدا انبساط و سپس ذوب شدن، نشان‌دهنده حالت اولیه [MASK] است.,B,0.5573813915252686,B,0.6228076815605164,True,True,True,True,[0.3380689  0.5573814  0.08547721 0.01907254],[0.08363193 0.6228077  0.2919041  0.00165624]
1680,عناصر کربن، هیدروژن و اکسیژن جزئی از ترکیبات متفاوتی هستند. کدام یک توضیح می‌دهد که چرا این سه عنصر می‌توانند ترکیبات متفاوت زیادی بسازند؟,"['آنها می\u200cتوانند جامد، مایع یا گاز باشند.', 'آنها در اندازه\u200cها و شکل\u200cهای مختلف وجود دارند.', 'آنها در تعداد و نسبت\u200cهای مختلف ترکیب می\u200cشوند.', 'آنها می\u200cتوانند پروتون، نوترون یا الکترون باشند.']",C,این عناصر به دلیل قابلیت اتصال در آرایش‌های اتمی و نسبت‌های متفاوت، می‌توانند ترکیبات متنوعی با خواص گوناگون ایجاد کنند.,C,0.9945245981216431,C,0.9871993660926819,True,True,True,False,[5.1630246e-03 1.6596516e-04 9.9452460e-01 1.4646375e-04],[9.7540691e-03 2.7945875e-03 9.8719937e-01 2.5193969e-04]
1681,به مرجان‌های فسیل‌شده، ماهی‌ها و دیگر موجودات دریایی گرمابی در مناطق کوهستانی نیو انگلند برخورد شده است. کدام یک از گزینه‌های زیر بهترین توضیح درباره اینکه چگونه این ممکن است رخ داده باشد، ارائه می‌دهد؟,"['آب و هوای این منطقه و زمین\u200cشناسی آن در طول زمان تغییر کرده است.', 'این موجودات در یک زمان بهتر به آب و هوای سرد سازگار بودند.', 'فرایند فسیل\u200cشدن به شدت ماده اصلی را تغییر داده است.', 'لاشه\u200cخواران بقایای این موجودات را به مناطق بالاتر حمل کرده\u200cاند.']",A,این مناطق قبلاً زیر آب بودند و با حرکت صفحات زمین‌ساختی و تغییرات آب‌وهوایی به ارتفاعات کنونی رسیده‌اند.,A,0.9743790030479431,A,0.9961447715759277,True,True,True,True,[9.7437900e-01 1.7872535e-02 2.9805274e-04 7.4503813e-03],[9.9614477e-01 3.5786526e-03 6.1574116e-05 2.1491479e-04]
1682,واحد اندازه‌گیری که برای توصیف نقطه ذوب یک ماده استفاده می‌شود چیست؟,"['لیتر', 'گرم', 'درجه', 'سانتیمتر']",C,نقطه ذوب یک دماست و واحد دما [MASK] است، نه واحدهای حجم، جرم یا طول.,C,0.992392897605896,C,0.993889570236206,True,True,True,True,[5.8722408e-03 1.4847349e-03 9.9239290e-01 2.5007018e-04],[2.7483511e-03 3.1142898e-03 9.9388957e-01 2.4777136e-04]
1683,بریانا فکر می‌کند که دانه‌های کدو تنبل بزرگتر سریع‌تر از دانه‌های کوچک‌تر جوانه می‌زنند. او با کاشت چهار دانه از هر اندازه در یک ظرف واحد این موضوع را بررسی می‌کند. چه اصطلاحی برای توصیف آنچه که بریانا فکر می‌کند رخ خواهد داد، استفاده می‌شود؟,"['آزمایش', 'نتیجه', 'متغیر', 'فرضیه']",D,او یک پیش‌بینی قابل [MASK] درباره رابطه اندازه و سرعت جوانه‌زنی ارائه می‌دهد که با تعریف [MASK] مطابقت دارد.,D,0.9651280045509338,D,0.9790642857551575,True,True,True,True,[3.3154123e-02 1.4566904e-03 2.6117018e-04 9.6512800e-01],[0.01800237 0.00178248 0.00115085 0.9790643 ]
1684,سوالی: یک میله فلزی ضربه می‌خورد و شروع به لرزش می‌کند. کدام یک از این موارد ممکن است بعداً اتفاق بیفتد؟,"['الف) میله فلزی به مایع تبدیل می\u200cشود.', 'ب) میله فلزی سنگین\u200cتر می\u200cشود.', 'ج) میله فلزی فلزات دیگر را جذب می\u200cکند.', 'د) میله فلزی صدا تولید می\u200cکند.']",D,ارتعاش میله در هوا امواج صوتی ایجاد می‌کند، در حالی که سایر تغییرات فیزیکی مرتبط نیستند.,D,0.4830962121486664,D,0.74367755651474,True,True,True,True,[0.4263309  0.03965495 0.05091796 0.4830962 ],[0.21140909 0.01966411 0.02524921 0.74367756]
1685,کدام یک از موارد زیر بهترین توضیح را درباره رفتار آموخته‌شده ارائه می‌دهد؟,"['جغدها در جستجوی غذا در شب', 'پروانه\u200cهای مونوارک که به سمت جنوب مهاجرت می\u200cکنند', 'گربه\u200cها در حال پنجه\u200cکشیدن روی جایی که قرار است بخوابند', 'ماهی\u200cها به سمت بالای آکواریوم شنا می\u200cکنند تا غذا بگیرند']",D,این رفتار از طریق تجربه و شرطی‌شدن برای دریافت پاداش شکل می‌گیرد، در حالی که سایر موارد ذاتی و بدون یادگیری هستند.,C,0.4285537004470825,B,0.3815310597419739,False,False,False,False,[0.29454038 0.20243444 0.4285537  0.07447147],[0.2622222  0.38153106 0.2314103  0.12483648]
1686,تخریب قابل توجهی از زیستگاه جنگلی موجب افزایش کدام گاز در جو خواهد شد؟,"['CO_{2}', 'NO_{2}', 'O_{2}', 'N_{2}']",A,جنگل‌زدایی جذب دی‌اکسید کربن را کاهش داده و با آزادسازی ذخایر آن، غلظت این گاز را افزایش می‌دهد.,A,0.9368780851364136,A,0.9974691867828369,True,True,True,True,[0.9368781  0.06024458 0.00108631 0.00179102],[9.9746919e-01 2.1734482e-03 1.8991380e-04 1.6759834e-04]
1687,سؤال: گیاهان سرخس در کجا بیشتر احتمال دارد که رشد کنند؟,"['الف) در یک بیابان', 'ب) در کنار یک رودخانه', 'ج) در کف اقیانوس', 'د) در وسط دشتی']",B,این گیاهان به محیط‌های مرطوب نیاز دارند و در مناطق خشک یا باز رشد نمی‌کنند.,B,0.5768564343452454,B,0.7250171303749084,True,True,True,True,[0.30876902 0.57685643 0.07806903 0.03630547],[0.26464328 0.72501713 0.0054925  0.00484711]
1688,تونیا یک توستر را به برق وصل کرد. او دو برش نان را در توستر قرار داد، اهرم را پایین فشار داد و کویل‌های حرارتی درخشیدند. او متوجه شد که فقط یک نوع انرژی نان را تست کرد. کدام نوع انرژی در این فرآیند هدر رفت؟,"['انرژی حرارتی فرابنفش', 'انرژی نور مرئی', 'انرژی شیمیایی', 'انرژی الکتریکی']",B,[MASK] وارد شده بخشی به گرما تبدیل می‌شود و بخشی به صورت نور ساطع می‌گردد که بدون استفاده هدر می‌رود.,A,0.8964556455612183,A,0.8444391489028931,False,False,False,False,[0.89645565 0.0068245  0.00251059 0.09420932],[0.84443915 0.14674152 0.00237186 0.00644737]
1689,سوالی: یک دانش‌آموز مقداری پودر زرد گوگرد را با مقداری براده آهن مخلوط کرد. او توانست با استفاده از یک آهن‌ربا، آهن را از گوگرد جدا کند. سپس او آهن و گوگرد را در یک لوله آزمایش دوباره مخلوط کرده و آن را گرم کرد. پس از اینکه خنک شد، او ماده را از لوله آزمایش خارج کرد اما نتوانست آهن را با استفاده از آهن‌ربا از گوگرد جدا کند. چه نوع تغییری در ماده هنگام گرم شدن اتفاق افتاده است؟,"['الف) تغییر فیزیکی زیرا آهن با گوگرد واکنش نشان داد', 'ب) تغییر شیمیایی زیرا یک ماده جدید تشکیل شد', 'ج) تغییر فیزیکی زیرا یک ترکیب تشکیل شد', 'د) تغییر شیمیایی زیرا باید از آهن\u200cربا استفاده شود']",B,گرمایش باعث ایجاد ماده‌ای جدید می‌شود که خاصیت مغناطیسی ندارد و این نشان‌دهنده دگرگونی در ساختار شیمیایی است.,C,0.47038957476615906,B,0.7831005454063416,False,True,True,True,[0.2517814  0.19608754 0.47038957 0.08174145],[0.13714978 0.78310055 0.05628616 0.02346356]
1690,pH آب خالص چه مقدار است؟,"['۱.۶', '۲.۳', '۷.۰', '۱۱.۲']",C,آب خالص در دمای اتاق خنثی است و pH آن برابر با ۷ می‌باشد.,C,0.9916858077049255,C,0.9988645315170288,True,True,True,True,[6.6299275e-03 4.9551576e-04 9.9168581e-01 1.1886805e-03],[9.6959108e-04 4.2600863e-05 9.9886453e-01 1.2326967e-04]
1691,کدام یک از موارد زیر احتمالاً یک رفتار آموخته شده است؟,"['استفاده از چنگال برای خوردن', 'پرش در برابر صدای بلند', 'تنگ کردن چشم\u200cها در نور شدید', 'عطسه کردن هنگام بو کردن یک گل']",A,این رفتار از طریق مشاهده و آموزش در محیط اجتماعی فرا گرفته می‌شود، نه به صورت غریزی و ذاتی.,A,0.6738329529762268,A,0.93241947889328,True,True,True,True,[0.67383295 0.10333563 0.00406985 0.21876153],[0.9324195  0.02223027 0.00926695 0.03608328]
1692,کمیسیون حفاظت از ماهی و حیات وحش فلوریدا (FWC) به توسعه بیش از 300 صخره مصنوعی در اقیانوس اطلس و خلیج مکزیک کمک کرده است. کدام یک از نتایج منفی غیرمنتظره تأسیس این صخره‌ها است؟,"['این باعث افزایش فرصت\u200cهای تفریحی و غواصی شد.', 'این باعث افزایش مطالعه بر روی مرجان\u200cها و دیگر ارگانیسم\u200cها شد.', 'این باعث افزایش صید بی\u200cرویه و تخریب اکوسیستم\u200cها شد.', 'این باعث افزایش تعداد ماهی\u200cها و دیگر ارگانیسم\u200cهای آبی شد.']",C,جذب بیش‌حد ماهیگیران و غواصان به دلیل این سازه‌ها، صید بی‌رویه و تخریب زیستگاه‌های دریایی را در پی دارد.,C,0.9673457145690918,C,0.9761751890182495,True,True,True,True,[0.02909742 0.00166742 0.9673457  0.00188943],[2.2957440e-02 5.3990725e-04 9.7617519e-01 3.2747030e-04]
1693,کدام ماده بیشتر می‌تواند یک غذای اسیدی را خنثی کند؟,"['لبنیات (pH 5-7)', 'آب (pH 6-7)', 'میوه\u200cهای Citrus (pH 2-3)', 'جوش شیرین (pH 8-9)']",D,ماده‌ای با خاصیت قلیایی قوی‌تر، اسید را بهتر خنثی می‌کند.,A,0.6209244132041931,D,0.9028434157371521,False,True,True,True,[0.6209244  0.06595824 0.08469206 0.22842534],[0.06540176 0.02156721 0.01018763 0.9028434 ]
1694,تغییرات انرژی شکل می‌گیرد یا از طریق عمل نیروها منتقل می‌شود. مثالی از تبدیل انرژی جنبشی به انرژی پتانسیل چیست؟,"['یک سنگ بزرگ نشسته بر لبه\u200cی صخره', 'یک فرد در حال دویدن در اطراف پیست', 'یک خودرو که به سمت بالا تپه می\u200cرود و پارک می\u200cشود', 'یک کش لاستیکی که کشیده می\u200cشود و پاره می\u200cشود']",C,خودرو با بالا رفتن از تپه، سرعتش کاهش یافته و انرژی جنبشی به پتانسیل تبدیل می‌شود.,A,0.671897292137146,C,0.9693878293037415,False,True,True,True,[0.6718973  0.00954674 0.16921993 0.14933605],[0.02306655 0.00353737 0.9693878  0.00400837]
1695,تمام کهکشان‌ها در جهان,"['از ستاره\u200cهای بسیاری تشکیل شده\u200cاند.', 'دارای چرخش ساعت\u200cگرد هستند.', 'شکل نامنظمی دارند.', 'تعداد ستاره\u200cهای یکسانی دارند.']",A,همه کهکشان‌ها ساختارهایی عظیم متشکل از تعداد بسیار زیادی ستاره هستند.,A,0.9607251286506653,A,0.997114896774292,True,True,True,True,[0.9607251  0.01988088 0.01754482 0.00184921],[9.9711490e-01 2.4535644e-03 1.3842063e-04 2.9303649e-04]
1696,یک تأثیر منفی احتمالی ساخت سد بر روی یک رودخانه این است که سد,"['جریان رسوب را از حرکت به سمت پایین جلوگیری می\u200cکند.', 'مقدار آب موجود برای مزارع را افزایش می\u200cدهد.', 'از سیلاب\u200cهای فصلی در پایین\u200cدست جلوگیری می\u200cکند.', 'نرخ از دست رفتن آب از یک دریاچه را افزایش می\u200cدهد.']",A,سدها با مسدود کردن رودخانه، حرکت طبیعی رسوبات را متوقف کرده و باعث محرومیت مناطق پایین‌دست می‌شوند.,A,0.8209092617034912,A,0.9089150428771973,True,True,True,True,[0.82090926 0.031768   0.14237429 0.0049485 ],[0.90891504 0.00480696 0.08520534 0.00107258]
1697,کدام یک تغییر شیمیایی است؟,"['سرخ کردن یک تخم\u200cمرغ', 'جوشاندن آب', 'شکستن یک لیوان شیشه\u200cای', 'خرد کردن یک تکه نان']",A,سرخ کردن تخم‌مرغ ساختار پروتئین‌ها را دگرگون کرده و ماده‌ای جدید با ویژگی‌های متفاوت و غیرقابل بازگشت ایجاد می‌کند.,A,0.9309260249137878,A,0.9939289093017578,True,True,True,True,[0.930926   0.03602549 0.01958672 0.01346174],[9.939289e-01 3.207005e-03 9.188224e-04 1.945147e-03]
1698,کدام مورد بهترین توصیف کنندهٔ تغییر شکل انرژی در یک چراغ قوه است؟,"['انرژی شیمیایی به انرژی صوتی', 'انرژی شیمیایی به انرژی تابشی', 'انرژی الکتریکی به انرژی هسته\u200cای', 'انرژی الکتریکی به انرژی مکانیکی']",B,باتری انرژی شیمیایی را به نور تبدیل می‌کند که نوعی انرژی تابشی است.,B,0.8270458579063416,B,0.9961448907852173,True,True,True,True,[0.05991101 0.82704586 0.00111459 0.11192849],[3.6492357e-03 9.9614489e-01 5.0452032e-05 1.5540319e-04]
1699,کرم شب‌پره کاکتوس به‌طور عمدی در سال ۱۹۲۶ به استرالیا معرفی شد تا به‌عنوان کنترل زیستی برای یک کاکتوس خاردار مهاجم عمل کند. تا اوایل دهه ۱۹۹۰، این کرم شب‌پره نیز از آمریکای جنوبی به جزایر فلوریدا مهاجرت کرده و به زودی بیشتر کاکتوس‌های سیمافور در منطقه را از بین برد. از آن زمان، این کرم شب‌پره به خوردن دیگر گیاهان در جزایر عادت کرده و به رشد خود ادامه داده است. کدام روش احتمالاً جمعیت کرم شب‌پره کاکتوس را کاهش خواهد داد؟,"['آزاد کردن کرم\u200cهای شب\u200cپره عقیم برای محدود کردن تولید مثل.', 'استفاده از سموم الحاقی به\u200cطور گسترده.', 'معرفی یک شکارچی برای کاکتوس\u200cها.', 'متوقف کردن واردات تمام انواع گیاهان.']",A,این روش با کاهش زاد و ولد، جمعیت را کنترل می‌کند و برای گونه‌های مهاجم که قبلاً با کنترل زیستی معرفی شده‌اند، مناسب است و اثرات جانبی کمتری دارد.,A,0.9326299428939819,A,0.9047969579696655,True,True,True,False,[0.93262994 0.02197623 0.03623268 0.00916106],[0.90479696 0.01855969 0.07456094 0.00208234]
1700,سوالی: یک دانش‌آموز در دور یک پیست دایره‌ای دوید. کدام بیان بهترین توصیف را از حرکت دانش‌آموز در حین دویدن ارائه می‌دهد؟,"['الف) سرعت ثابت بود.', 'ب) سرعت تغییر ناپذیر بود.', 'ج) سرعت همواره در حال تغییر بود.', 'د) شتاب همواره در حال تغییر بود.']",D,در مسیر دایره‌ای، جهت حرکت مداوم تغییر می‌کند و سرعت برداری همواره متغیر است.,D,0.7706573605537415,C,0.9109880924224854,True,False,False,False,[0.08059458 0.01587001 0.13287799 0.77065736],[0.02729538 0.00393227 0.9109881  0.05778431]
1701,بهترین ظرف برای نگهداری یک مایع ناشناخته چیست؟,"['ظرف پلاستیکی ماست.', 'شیشهٔ شفاف با برچسب مشخص.', 'ظرف کاغذی آب\u200cپرتقال.', 'بطری پلاستیکی سبز نوشابه.']",B,شیشه با مواد شیمیایی واکنش نمی‌دهد و برچسب، شناسایی ایمن را ممکن می‌سازد.,B,0.9825224876403809,B,0.9917601943016052,True,True,True,True,[1.5726663e-02 9.8252249e-01 2.8804390e-04 1.4628075e-03],[7.6614413e-03 9.9176019e-01 2.6216009e-04 3.1622543e-04]
1702,کدام مورد می‌تواند در تحقیق علمی دیگری دوباره مورد استفاده قرار گیرد؟,"['دستکش\u200cهای لاتکس', 'یک لوله آزمایش شیشه\u200cای', 'مخلوطی از آب و شکر', 'یک حوله کاغذی که برای تمیز کردن استفاده شده است']",B,این وسیله قابلیت استریل شدن کامل را دارد و می‌تواند بدون آلودگی در آزمایش‌های مختلف به کار رود.,A,0.70830899477005,A,0.7460653185844421,False,False,False,False,[0.708309   0.10819922 0.00370237 0.1797895 ],[0.7460653  0.18789943 0.01220117 0.05383409]
1703,سه دانه یکسان در گلدان‌های خاک یکسان کاشته و رشد می‌کنند. همه سه گلدان مقدار یکسانی از نور خورشید دریافت می‌کنند. گیاهان هر روز یک بار آبیاری می‌شوند. گیاه A 10 میلی‌لیتر آب دریافت می‌کند. گیاه B 20 میلی‌لیتر آب دریافت می‌کند. گیاه C 30 میلی‌لیتر آب دریافت می‌کند. ارتفاع هر گیاه بعد از ده روز اندازه‌گیری و ثبت می‌شود. کدام سوال می‌تواند از این آزمایش پاسخ داده شود؟,"['یک گیاه به چه مقدار فضا برای رشد نیاز دارد؟', 'یک گیاه به چه مقدار خاک برای رشد نیاز دارد؟', 'چقدر آب باعث می\u200cشود یک گیاه بلندترین رشد را داشته باشد؟', 'چقدر نور خورشید باعث می\u200cشود یک گیاه بلندترین رشد را داشته باشد؟']",C,این آزمایش تأثیر میزان آب بر رشد گیاه را بررسی می‌کند، زیرا تنها متغیر تغییر یافته مقدار آب است و سایر شرایط یکسان هستند.,A,0.6570257544517517,C,0.5977502465248108,False,True,True,True,[0.65702575 0.01557295 0.05351226 0.27388906],[0.36255386 0.01383979 0.59775025 0.02585614]
1704,کدام یک از موارد زیر دربارهٔ ظاهر یک سیب اطلاعاتی ارائه می‌دهد؟,"['نرم است.', 'آبی است.', 'مکعبی است.', 'صاف است.']",D,سیب در طبیعت سطحی هموار و براق دارد که با این ویژگی مطابقت می‌کند.,B,0.504338264465332,D,0.8970929980278015,False,True,True,True,[0.26995283 0.50433826 0.01546953 0.21023947],[8.376923e-02 1.840166e-02 7.361590e-04 8.970930e-01]
1705,دو نوع بور به طور طبیعی وجود دارد، بور-10 و بور-11. چه تفاوتی بین یک اتم بور با 10 واحد جرم اتمی (amu) و یک اتم بور با 11 واحد جرم اتمی (amu) وجود دارد؟,"['مقدار نوترون\u200cها', 'تعداد الکترون\u200cها', 'اندازه پروتون\u200cها و نوترون\u200cها', 'اندازه الکترون\u200cها و ابر الکترونی']",A,هر دو دارای پروتون‌های یکسان هستند، اما تعداد نوترون‌ها متفاوت است.,A,0.9557769894599915,A,0.9813525080680847,True,True,True,True,[0.955777   0.00305692 0.03724089 0.00392516],[0.9813525  0.00961145 0.00660585 0.00243016]
1706,کدام یک ناشی از کج شدن زمین بر روی محور خود است؟,"['روز و شب', 'هواهای طوفانی', 'جزر و مد بالا و پایین', 'تغییرات فصلی']",D,انحراف محور زمین باعث تغییر زاویه تابش خورشید و در نتیجه ایجاد فصل‌های مختلف می‌شود.,A,0.5556439757347107,D,0.5858464241027832,False,True,True,True,[0.555644   0.00617265 0.43273598 0.00544734],[0.31358102 0.01073015 0.08984246 0.5858464 ]
1707,کدام یک از حیوانات زیر بی‌مهره است؟,"['سنجاب', 'مرغ دریایی', 'جرجیرک', 'میش']",C,این جانور حشره است و ستون فقرات ندارد.,A,0.5808722376823425,A,0.7304584383964539,False,False,False,False,[0.58087224 0.2754585  0.08942829 0.054241  ],[0.73045844 0.14496392 0.08792506 0.03665262]
1708,کدام یک از موارد زیر به عنوان نتیجه کاهش انرژی حرارتی یک گاز ممکن است رخ دهد؟,"['به هم پیوستگی', 'تبخیر', 'تابش', 'بخارشدن']",A,کاهش انرژی گرمایی باعث کندی مولکول‌ها و غلبه نیروهای جاذبه، منجر به چگالش می‌شود.,C,0.8268205523490906,A,0.7779901027679443,False,True,True,True,[0.12754217 0.03654144 0.82682055 0.00909588],[0.7779901  0.08199955 0.10528951 0.0347208 ]
1709,ماه به دور زمین می‌چرخد. این باعث می‌شود,"['زمین در شب گرمتر شود.', 'زمین سریع\u200cتر بچرخد.', 'ماه نسبت به سایر اشیاء در آسمان درخشان\u200cتر به نظر برسد.', 'ماه در طول ماه به اشکال مختلفی ظاهر شود.']",D,چرخش ماه باعث تغییر زاویه نور خورشید و در نتیجه دیدن شکل‌های گوناگون آن می‌شود.,C,0.44789549708366394,D,0.9822462797164917,False,True,True,True,[0.21157084 0.03269992 0.4478955  0.3078338 ],[0.01417615 0.00217398 0.00140363 0.9822463 ]
1710,شهرها میزان آلودگی مجاز ناشی از خودروها را کنترل می‌کنند. این موضوع چگونه بیشتر به نفع مردم است؟,"['هوای پاک\u200cتری باقی می\u200cماند.', 'خودروها می\u200cتوانند با سرعت\u200cهای بیشتری حرکت کنند.', 'مهارت\u200cهای رانندگان بهبود می\u200cیابد.', 'رانندگی در جاده\u200cها ایمن\u200cتر می\u200cشود.']",A,کنترل آلودگی خودروها کیفیت هوا را بهبود می‌بخشد که برای سلامت عمومی مردم مفید است.,A,0.9969521760940552,A,0.9991533756256104,True,True,True,True,[9.9695218e-01 1.7000870e-03 1.7918783e-04 1.1684515e-03],[9.9915338e-01 6.3419656e-04 1.6034998e-04 5.2058022e-05]
1711,کدامیک از موارد زیر باعث ایجاد کمترین جاذبه گرانشی خواهد شد؟,"['دو جسم ۲ گرمی که ۲ متر از هم فاصله دارند', 'دو جسم ۲ گرمی که ۴ متر از هم فاصله دارند', 'دو جسم ۱ گرمی که ۶ متر از هم فاصله دارند', 'دو جسم ۱ گرمی که ۸ متر از هم فاصله دارند']",D,با کمترین جرم و بیشترین فاصله، نیروی گرانشی حداقل خواهد بود.,B,0.3923657238483429,A,0.33767879009246826,False,False,False,False,[0.26966876 0.39236572 0.09998367 0.23798184],[0.3376788  0.29800048 0.15950817 0.20481254]
1712,مغز انسان نیاز قطعی به گلوکز دارد. گلوکز یک نیاز قطعی است زیرا مغز نمی‌تواند از هیچ منبع انرژی دیگری استفاده کند. سایر موجودات معمولاً نیازهای قطعی به منابع انرژی خاص دارند. کدام پروتیست را می‌توان انتظار داشت که نیاز قطعی به نور خورشید داشته باشد؟,"['ولوکز', 'آمبیا', 'یوگلنا', 'پارا\u200cمیشیوم']",A,این موجود فتوسنتزکننده است و تنها از طریق نور خورشید انرژی تولید می‌کند، نه منابع دیگر.,B,0.7851189970970154,B,0.9349220991134644,False,False,False,False,[0.17586938 0.785119   0.00868788 0.03032368],[0.05274469 0.9349221  0.00316757 0.00916565]
1713,سؤال: یک سلول یوگلنا ساختاری به نام لکه چشم دارد که نور را تشخیص می‌دهد. یک پارامسیوم لکه چشم ندارد و بنابراین نمی‌تواند نور را تشخیص دهد. چرا پارامسیوم به لکه چشم نیاز ندارد؟,"['الف) پارامسیوم در جایی زندگی نمی\u200cکند که نور وجود داشته باشد.', 'ب) پارامسیوم غذا را خود به صورت فتوسنتز تولید نمی\u200cکند.', 'ج) پارامسیوم در آب کم\u200cعمق\u200cتری نسبت به یوگلنا زندگی می\u200cکند.', 'د) پارامسیوم به جای مژک از فلگلا برای حرکت استفاده می\u200cکند.']",B,پارامسیوم فتوسنتز نمی‌کند و غذای خود را از محیط می‌گیرد، بنابراین نیازی به تشخیص نور ندارد.,C,0.5685344934463501,B,0.7873817086219788,False,True,True,True,[0.23700044 0.03157725 0.5685345  0.16288787],[0.17568861 0.7873817  0.0305301  0.00639946]
1714,تقریبا ۱۰۰ سال پیش، یک آتشفشان بزرگ در اقیانوس آرام جنوبی فوران کرد. سال بعد، بوسطن هر ماه سال برف قابل اندازه‌گیری ثبت کرد و بیشتر نیمکره شمالی تابستان سردی را تجربه کرد. کدام یک توضیح می‌دهد که چگونه این دو رویداد مرتبط بودند؟,"['فوران تأثیر گرمایش جهانی را تشدید کرد.', 'جریان لاوا ناشی از فوران باعث افزایش موقت دمای کل زمین شد.', 'فوران به لایه اوزون آسیب زد.', 'آلودگی هوا ناشی از فوران منجر به کاهش مقدار انرژی خورشیدی رسیدن به زمین شد.']",D,فوران آتشفشانی ذراتی را وارد جو کرد که نور خورشید را منعکس کرده و از رسیدن انرژی خورشیدی به زمین جلوگیری نمود، در نتیجه دمای هوا کاهش یافت.,B,0.7539772391319275,A,0.4716838300228119,False,False,False,False,[2.4478057e-01 7.5397724e-01 5.4388749e-04 6.9836539e-04],[0.47168383 0.19662707 0.00750586 0.32418326]
1715,پوشش پشمالوی ضخیم بر روی یک پستاندار، گرما را نزدیک به بدن حیوان نگه می‌دارد. یک پستاندار با پوشش پشمالوی ضخیم بهترین سازگاری را با کدام نوع محیط دارد؟,"['دشت نمکی', 'دشت یخ\u200cزده', 'ساحل شنی', 'جنگل بارانی مرطوب']",B,این پوشش عایق حرارتی برای حفظ دمای بدن در محیط‌های سرد ضروری است.,B,0.928068995475769,B,0.978569746017456,True,True,True,True,[2.4877541e-02 9.2806900e-01 5.7599309e-04 4.6477366e-02],[1.2463580e-02 9.7856975e-01 4.0064112e-04 8.5660852e-03]
1716,کدام منبع تجدیدپذیر است؟,"['A) نفت', 'B) زغال سنگ', 'C) گاز طبیعی', 'D) آب']",D,آب در چرخه طبیعت پیوسته جایگزین می‌شود، برخلاف سوخت‌های فسیلی که تشکیلشان میلیون‌ها سال طول می‌کشد.,D,0.6527861952781677,D,0.9669085741043091,True,True,True,True,[0.30835435 0.02531127 0.01354815 0.6527862 ],[0.02256255 0.00940547 0.00112332 0.9669086 ]
1717,یک بیماری عفونی باعث افزایش دمای بدن و کاهش سطح گلوکز خون در یک گوزن می‌شود. اثر احتمالی این بیماری چیست؟,"['اختلال در هموستاز گوزن', 'تغییر در ساختار ژنتیکی گوزن', 'افزایش سطح انرژی گوزن', 'افزایش نرخ تولیدمثل گوزن']",A,بیماری با تأثیر بر دما و متابولیسم، تعادل داخلی بدن را بر هم می‌زند و ثبات فیزیولوژیک مختل می‌شود.,A,0.6481053829193115,A,0.8637337684631348,True,True,True,True,[0.6481054  0.34555334 0.00075589 0.00558535],[0.86373377 0.13245787 0.00138232 0.00242605]
1718,زغال‌سنگ از چه چیزی تشکیل می‌شود؟,"['دریاهایی که تبخیر شده\u200cاند.', 'گاز طبیعی که تحت حرارت قرار گرفته است.', 'سنگ\u200cهای دگرگون که ذوب و سرد شده\u200cاند.', 'قیدهای گیاهی که تحت فشار تجزیه شده\u200cاند.']",D,زغال‌سنگ از تجزیه گیاهان در طول زمان و تحت فشار زیاد تشکیل می‌شود.,A,0.4613826870918274,C,0.8842078447341919,False,False,False,False,[0.4613827  0.07075533 0.4613827  0.00647924],[0.10560357 0.00634199 0.88420784 0.00384661]
1719,یک معلم علوم دو ماده مختلف را در یک کیسه پلاستیکی مخلوط می‌کند و کیسه را می‌بندد. کیسه متورم می‌شود و می‌شکند. دلیل احتمالی اینکه کیسه پس از مخلوط شدن دو ماده متورم شد، چیست؟,"['مواد خنک شده و متورم شدند.', 'مواد به صورت فیزیکی پلاستیک را تغییر دادند.', 'مواد گرم شده و کیسه را کشیدند.', 'مواد به صورت شیمیایی واکنش داده و گاز تولید کردند.']",D,تورم و ترکیدن کیسه نشان می‌دهد که در اثر واکنش بین دو ماده، گازی تولید شده که فشار داخل را افزایش داده است.,D,0.9611665606498718,D,0.9610205292701721,True,True,True,False,[0.02591615 0.00450355 0.00841374 0.96116656],[0.03314223 0.00255565 0.00328153 0.9610205 ]
1720,کدام فعالیت نمونه ای از حفظ منابع غیرقابل تجدید است؟,"['ماشین سواری مشترک به محل کار', 'کود دادن به چمن های کوتاه شده', 'استفاده از ماشین حساب خورشیدی', 'آب دادن به چمن در صبح']",A,این گزینه انرژی تجدیدپذیر را جایگزین باتری‌های مصرفی می‌کند که از منابع محدود زمین تهیه می‌شوند و آن‌ها را حفظ می‌نماید.,C,0.6117779016494751,C,0.829628586769104,False,False,False,False,[0.32618445 0.05668236 0.6117779  0.00535531],[0.12822552 0.04098334 0.8296286  0.00116261]
1721,سوالی: یک دانش‌آموز نور یک چراغ قوه را بر روی رنگ‌های مختلف کاغذ می‌تاباند. کدام رنگ کاغذ بیشترین نور را جذب خواهد کرد؟,"['الف) قرمز', 'ب) سیاه', 'پ) سفید', 'ت) زرد']",B,رنگ سیاه تمام نور مرئی را جذب می‌کند و کمترین بازتاب را دارد، بنابراین بیشترین جذب نور را خواهد داشت.,C,0.7512052655220032,B,0.9105398654937744,False,True,True,True,[0.07917645 0.11520106 0.75120527 0.05441713],[0.02141385 0.91053987 0.05136914 0.01667712]
1722,کدام ویژگی از حرکت می‌تواند بدون تغییر سرعت یک جسم تغییر کند؟,"['سرعت', 'موقعیت', 'جهت', 'شتاب']",B,در حرکت دایره‌ای یکنواخت، [MASK] ثابت می‌ماند اما [MASK] آن پیوسته تغییر می‌کند.,C,0.8964494466781616,C,0.9743591547012329,False,False,False,False,[0.0445445  0.0445445  0.89644945 0.01446148],[0.01805637 0.00402892 0.97435915 0.00355551]
1723,کدامیک ذخیره کوتاه‌مدت کربن را نمایندگی می‌کند؟,"['مرجان\u200cهایی که از کربنات کلسیم تشکیل شده\u200cاند.', 'زغال\u200cسنگی که از گیاهانی که مدت\u200cها پیش می\u200cزیسته\u200cاند، تشکیل شده است.', 'سنگ\u200cهای آهکی که از سطح زمین استخراج می\u200cشوند.', 'کربوهیدرات\u200cهای ذخیره شده در میوه\u200cها و سبزیجات.']",D,کربوهیدرات‌ها در گیاهان زنده بخشی از چرخه سریع کربن هستند و به سرعت تجزیه می‌شوند، برخلاف ذخایر قدیمی که زمان بیشتری می‌برند.,B,0.5382465720176697,D,0.8469483852386475,False,True,True,True,[0.3699311  0.5382466  0.00863224 0.08319018],[0.02279191 0.12912492 0.00113474 0.8469484 ]
1724,دانش‌آموزان برخی سنجاقک‌ها را در یک مخزن در کلاس نگه‌داشتند. این مخزن در منطقه‌ای قرار داشت که روزانه چندین ساعت نور خورشید دریافت می‌کرد. مخزن شامل یک منطقه با آب و منطقه‌ای دیگر با خاک بود که گیاهان در آن رشد می‌کردند. سنجاقک‌ها تمام انرژی خود را از کدام منبع به دست آوردند؟,"['خاک', 'آب', 'گیاهان', 'نور خورشید']",C,انرژی نهایی تمام موجودات از خورشید می‌آید، زیرا [MASK] با فتوسنتز آن را جذب و در زنجیره غذایی منتقل می‌کنند.,D,0.9469033479690552,D,0.8957281708717346,False,False,False,False,[0.04691391 0.00436367 0.00181905 0.94690335],[0.08364178 0.00196707 0.018663   0.8957282 ]
1725,نحوه‌ی مداخلۀ یک فوران آتش‌فشان در توانایی تولیدکنندگان برای به‌دست‌آوردن انرژی مورد نیازشان برای تولید غذا چیست؟,"['با استفاده از انرژی حرارتی ذخیره شده در هسته\u200cی زمین', 'با آزاد کردن انرژی اضافی از درون زمین', 'با مصرف حجم زیادی از اکسیژن جو نزدیک', 'با آزاد کردن گرد و غباری که مانع رسیدن نور خورشید به زمین می\u200cشود']",D,فوران آتشفشان با پخش خاکستر در جو، نور خورشید را کاهش داده و فتوسنتز گیاهان را مختل می‌کند.,B,0.8988856077194214,A,0.470929890871048,False,False,False,False,[0.09474184 0.8988856  0.00094344 0.00542914],[0.4709299  0.32366508 0.00755264 0.19785248]
1726,دو گونه مختلف که از یک نیای مشترک توسعه می‌یابند، بیشتر احتمال دارد که در کجا رخ دهد؟,"['در سه نسل.', 'در طول مدت زمان طولانی.', 'هنگامی که یک گونه جمعیت زیادی داشته باشد.', 'هنگامی که منابع فراوانی وجود داشته باشد.']",B,تکامل گونه‌های جدید از نیای مشترک فرآیندی تدریجی است که نیازمند زمان طولانی برای تغییرات ژنتیکی است.,A,0.5893124938011169,B,0.9955369234085083,False,True,True,True,[0.5893125  0.14842062 0.24662349 0.01564342],[4.0566297e-03 9.9553692e-01 2.7605714e-04 1.3040015e-04]
1727,دانش‌آموزان در حیاط مدرسه یک لاک‌پشت را مشاهده کردند. آن‌ها فاصله‌ای را که لاک‌پشت در مدت 30 دقیقه طی کرده بود اندازه‌گیری کردند. اگر لاک‌پشت در آن زمان 40 متر راه رفته باشد، متوسط سرعت آن چقدر بوده است؟,"['0.75 متر در ساعت', '20 متر در ثانیه', '80 متر در ساعت', '1,200 متر در ساعت']",C,مسافت تقسیم بر زمان تبدیل‌شده به ساعت، سرعت ۸۰ متر بر ساعت را نشان می‌دهد.,A,0.6418259739875793,C,0.9754412174224854,False,True,True,True,[0.641826   0.16227902 0.14321074 0.05268428],[2.3301434e-02 3.5381355e-04 9.7544122e-01 9.0349466e-04]
1728,آرتورو در یک مسابقه 3000 متری شرکت کرد. زمان دویدن او از ابتدا تا انتها 10 دقیقه بود. سرعت متوسط آرتورو چه بود؟,"['5 متر بر ثانیه', '50 متر بر ثانیه', '100 متر بر ثانیه', '300 متر بر ثانیه']",A,مسافت بر زمان تقسیم شد و حاصل ۵ متر بر ثانیه بدست آمد.,A,0.9166935086250305,A,0.9042432904243469,True,True,True,False,[0.9166935  0.0463582  0.02189806 0.0150503 ],[0.9042433  0.08410773 0.00690398 0.00474503]
1729,نیک در حال ساخت نمونه‌ای است تا نشان دهد چگونه پوست انسان بدن را می‌پوشاند. بهترین ماده برای این کار کدام است؟,"['یک ورق لاستیک', 'یک ورق کاغذ', 'یک ورق فلز', 'یک ورق چوب']",A,پوست انعطاف‌پذیر است و لاستیک نیز این ویژگی را دارد، در حالی که مواد دیگر چنین نیستند.,A,0.7628019452095032,A,0.99437415599823,True,True,True,True,[0.76280195 0.1507925  0.04320277 0.04320277],[9.9437416e-01 4.5690304e-03 3.1092644e-04 7.4587372e-04]
1730,در یک جمعیت از عنکبوت‌ها سه اندازه مختلف وجود دارد: کوچک، متوسط و بزرگ. عنکبوت‌های بزرگ به راحتی توسط شکارچیان دیده می‌شوند. عنکبوت‌های کوچک در پیدا کردن غذا به مشکل برمی‌خورند. بعد از چند نسل چه اتفاقی برای این جمعیت خواهد افتاد؟,"['عنکبوت\u200cهای متوسط بیشتر از همه خواهند بود.', 'عنکبوت\u200cهای بزرگ یاد می\u200cگیرند که از شکارچیان مخفی شوند.', 'عنکبوت\u200cهای کوچک و متوسط کمترین تعداد را خواهند داشت.', 'عنکبوت\u200cهای کوچک و بزرگ جهش پیدا خواهند کرد.']",A,اندازه متوسط از نظر بقا و یافتن غذا برتری دارد، بنابراین با گذشت نسل‌ها تعدادشان افزایش می‌یابد.,A,0.6446856260299683,A,0.9643023610115051,True,True,True,True,[0.6446856  0.16173357 0.03184723 0.16173357],[0.96430236 0.02549781 0.00509988 0.00509988]
1731,کدام یک از این فعالیت‌ها منجر به تشکیل نوع دیگری از ماده می‌شود؟,"['یک میخ در خارج گذاشته می\u200cشود و زنگ می\u200cزند.', 'یک لیوان افتاده و به تکه\u200cهای کوچک شکسته می\u200cشود.', 'یک کش لاستیکی کشیده می\u200cشود تا بشکند.', 'یک مداد به نوک تیز می\u200cشود.']",A,زنگ زدن واکنش شیمیایی است که ماده جدید تولید می‌کند، در حالی که بقیه فقط شکل ماده را تغییر می‌دهند.,A,0.35823798179626465,A,0.5065005421638489,True,True,True,True,[0.35823798 0.24621314 0.1493358  0.24621314],[0.50650054 0.09895972 0.08733165 0.30720812]
1732,یک ورزشکار می‌تواند در 1 ساعت 9 کیلومتر بدود. اگر ورزشکار با همان سرعت متوسط به مدت 30 دقیقه بدود، او چه مسافتی را طی خواهد کرد؟,"['18 کیلومتر', '9 کیلومتر', '4.5 کیلومتر', '3.3 کیلومتر']",C,مسافت طی شده در نصف زمان، نصف مسافت کامل خواهد بود.,C,0.7486065626144409,C,0.8183648586273193,True,True,True,True,[0.14973073 0.01084646 0.74860656 0.09081628],[0.11075364 0.02471248 0.81836486 0.04616899]
1733,کدام یک از موارد زیر در هنگام باروری در حیوانات اتفاق می‌افتد؟,"['تولید اسپرم و تخمک', 'پیوند اسپرم و تخمک', 'تقسیم تخمک', 'توسعه جنین']",B,باروری به معنای اتصال و ادغام سلول‌های جنسی نر و ماده است.,A,0.5190436840057373,B,0.9474946856498718,False,True,True,True,[0.5190437  0.35812938 0.00655937 0.11626758],[3.6452457e-02 9.4749469e-01 8.5727958e-04 1.5195645e-02]
1734,کدام یک از گزینه‌های زیر بهترین توصیف کننده عملکرد یک مقاومت در یک مدار الکتریکی است؟,"['مدار را باز می\u200cکند.', 'میدان الکتریکی ایجاد می\u200cکند.', 'مقدار جریان را کنترل می\u200cکند.', 'منبع انرژی برای مدار فراهم می\u200cکند.']",C,با ایجاد مانع در مسیر جریان، مقدار آن را کنترل می‌کند و نه سایر عملکردها را دارد.,C,0.948894739151001,C,0.9915448427200317,True,True,True,True,[0.04169153 0.0063936  0.94889474 0.00302012],[6.6809766e-03 1.0245609e-03 9.9154484e-01 7.4958481e-04]
1735,کدامیک بیشترین تأثیر را بر سرعت باد دارد؟,"['بارش', 'پوشش ابر', 'جهت باد', 'فشار هوا']",D,باد از حرکت هوا بین مناطق با فشار متفاوت ایجاد می‌شود و تفاوت فشار بیشتر باعث سرعت بالاتر می‌گردد.,A,0.41754135489463806,D,0.8263126015663147,False,True,True,True,[0.41754135 0.07199316 0.28697172 0.22349378],[0.12671915 0.01913173 0.0278365  0.8263126 ]
1736,کدامیک از ابزارهای زیر دقیق‌ترین اندازه‌گیری ۱۵ میلی‌لیتر آب را ارائه می‌دهد؟,"['یک بالن ۵۰ میلی\u200cلیتری', 'یک سیلندر مدرج ۵۰ میلی\u200cلیتری', 'یک بالن ۵۰۰ میلی\u200cلیتری', 'یک سیلندر مدرج ۵۰۰ میلی\u200cلیتری']",B,برای حجم‌های کوچک، وسیله‌ای با بدنه باریک و درجه‌بندی ظریف دقت بیشتری دارد و این ویژگی در اندازه‌گیری ۱۵ میلی‌لیتر مناسب است.,B,0.8038797974586487,B,0.8590075969696045,True,True,True,True,[0.17936984 0.8038798  0.00355223 0.01319812],[0.13173309 0.8590076  0.00309807 0.00616124]
1737,برخی از حیوانات رنگ‌ها و الگوهایی را تطبیق داده‌اند که به آن‌ها اجازه می‌دهد در محیط خود مخفی شوند. احتمالاً این خصوصیت را حیوانات برای,"['سرد کردن خود.', 'نگه داشتن خود در خفا.', 'جذب جفت.', 'محافظت از پوست.']",B,این تطبیق برای پنهان ماندن از شکارچیان یا نزدیک شدن به شکار تکامل یافته است.,B,0.4961119294166565,B,0.7499508261680603,True,True,True,True,[0.38486603 0.49611193 0.02171266 0.09730937],[0.10109912 0.7499508  0.00185169 0.14709835]
1738,یک دانش‌آموز زمان لازم برای رول شدن یک گلوله شیشه‌ای را در یک سراشیبی چهار بار مشاهده می‌کند. کدام یک از این نمایش‌ها بهترین انتقال دهنده مشاهدات دانش‌آموز خواهد بود؟,"['نمودار دایره\u200cای با چهار قسمت مختلف', 'نمودار خطی با نقاط داده پیوسته', 'نمودار میله\u200cای با یک میله برای هر آزمایش', 'جدولی با چهار ردیف و چهار ستون']",C,چون داده‌ها گسسته و مقایسه‌ای هستند و هر آزمایش به صورت جداگانه نمایش داده می‌شود.,A,0.6167397499084473,C,0.48887720704078674,False,True,True,True,[0.61673975 0.05062508 0.17669891 0.15593623],[0.4314326  0.00471848 0.4888772  0.07497175]
1739,در کدام مرحله از میوز، جداسازی کروموزوم‌های همولوگ صورت می‌گیرد؟,"['الف) پروفاز', 'ب) آنفاز', 'ج) متافاز', 'د) تلوفاز']",B,جدا شدن کروموزوم‌های همسان در مرحله‌ای از تقسیم کاهشی رخ می‌دهد که در آن جفت‌های کروموزومی کشیده شده و از هم دور می‌شوند.,D,0.9373338222503662,D,0.9881145358085632,False,False,False,False,[0.0320738  0.02830503 0.0022874  0.9373338 ],[6.7627090e-03 4.6479376e-03 4.7481671e-04 9.8811454e-01]
1740,دو ظرف یکسان هر کدام یک لیتر آب دارند. یکی از ظرف‌ها در دمای اتاق به شکل مایع نگهداری می‌شود. ظرف دیگر در فریزر قرار گرفته و به شکل جامد نگهداری می‌شود. کدام ویژگی احتمالاً در هر دو حالت ماده یکسان است؟,"['چگالی', 'جرم', 'شکل', 'حجم']",B,[MASK] ماده با تغییر حالت فیزیکی ثابت می‌ماند، حتی اگر [MASK] و [MASK] تغییر کنند.,A,0.8181398510932922,A,0.8852678537368774,False,False,False,False,[0.81813985 0.00908871 0.01167014 0.1611013 ],[0.88526785 0.01118749 0.00987293 0.09367174]
1741,همهٔ ستاره‌ها در جهان یک چرخهٔ زندگی را پشت سر می‌گذارند. چه عاملی تعیین می‌کند که ستاره‌ها چگونه از این چرخه عبور کنند؟,"['تشعشع موجود در ستاره', 'مقدار انرژی که ستاره مصرف می\u200cکند', 'مقدار جرمی که ستاره با آن شروع کرد', 'مکان ستاره در جهان']",C,جرم اولیه ستاره مسیر تکامل آن را تعیین می‌کند و بر سرعت مصرف سوخت و سرنوشت نهایی آن تأثیر مستقیم دارد.,C,0.8999745845794678,C,0.9449892044067383,True,True,True,True,[0.08371068 0.01015526 0.8999746  0.00615947],[4.9306136e-02 5.3617936e-03 9.4498920e-01 3.4276795e-04]
1742,چه چیزی می‌تواند باعث شود که یک نسل ویژگی فیزیکی داشته باشد که هیچ‌یک از والدین آن را ندارند؟,"['جهش در سلول\u200cهای بدنی والد', 'جهش در سلول\u200cهای جنسی والد', 'انتخاب طبیعی یک ویژگی', 'انتخاب مصنوعی یک ویژگی']",B,تغییر در سلول‌های تولیدمثلی والدین می‌تواند صفات جدیدی را ایجاد کند که به فرزندان منتقل شود، حتی اگر در والدین ظاهر نشده باشد.,B,0.8770882487297058,B,0.919331431388855,True,True,True,True,[0.11939853 0.87708825 0.00218686 0.0013264 ],[7.5463317e-02 9.1933143e-01 4.7494164e-03 4.5578761e-04]
1743,کدام نوع سنگ بر اثر فرسایش تشکیل می‌شود؟,"['سنگ آتش\u200cفشانی', 'سنگ خارجی', 'سنگ رسوبی', 'سنگ دگرگونی']",C,این سنگ‌ها از فرسایش و رسوب مواد دیگر تشکیل می‌شوند.,A,0.9288675785064697,C,0.9646777510643005,False,True,True,True,[0.9288676  0.01337961 0.01717976 0.04057316],[0.02947413 0.00310655 0.96467775 0.00274152]
1744,کدام جمله نظر شخصی درباره عنصر مس است؟,"['مس یک هادی خوب برای برق است.', 'مس مخلوط با نقره گران است.', 'مس می\u200cتواند به اشکال مختلف کوبیده شود.', 'مس یک هادی عالی برای حرارت است.']",B,این جمله ارزش‌گذاری ذهنی دارد، در حالی که سایر موارد ویژگی‌های عینی و علمی هستند.,A,0.7142583131790161,A,0.6124287843704224,False,False,False,False,[0.7142583  0.1406458  0.03556083 0.10953506],[0.6124288  0.19727923 0.01619367 0.17409831]
1745,چه اتفاقی برای یک جمعیت و رقابت رخ می‌دهد وقتی که فضای زندگی کاهش پیدا کند؟,"['جمعیت گسترش می\u200cیابد و رقابت تشدید می\u200cشود.', 'رقابت تقویت می\u200cشود در حالی که جمعیت کاهش می\u200cیابد.', 'جمعیت افزایش می\u200cیابد در حالی که رقابت کاهش می\u200cیابد.', 'رقابت تضعیف می\u200cشود و جمعیت کاهش می\u200cیابد.']",B,کاهش فضا منابع را محدود می‌کند و رقابت افزایش می‌یابد که منجر به کاهش جمعیت می‌شود.,D,0.47866883873939514,B,0.9842128753662109,False,True,True,True,[0.25621298 0.25621298 0.00890519 0.47866884],[1.09764105e-02 9.84212875e-01 2.35039523e-04 4.57564835e-03]
1746,یک گروه از دانش‌آموزان روزانه بارش برف را در طول زمستان ثبت می‌کنند. داده‌ها به ترتیب تاریخ نگهداری می‌شوند و هر روز به‌طور دقیق اندازه‌گیری می‌شوند. بهترین راه دیگر برای سازماندهی این داده‌ها چیست؟,"['بر اساس تعداد سانتی\u200cمتر برف در روز رتبه\u200cبندی شود', 'طبق علت بارش برف ترتیب داده شود', 'بر اساس مدت زمانی که برف بر روی زمین باقی ماند مرتب شود', 'با دمای هوا در زمان بارش برف مطابقت داده شود']",A,داده‌ها به ترتیب تاریخ ثبت شده و هدف اندازه‌گیری دقیق بارش است. سازماندهی بر اساس مقدار روزانه، تحلیل الگوها و مقایسه مقادیر را آسان می‌کند و برای مطالعات آماری مناسب است.,A,0.9448972940444946,A,0.8279991745948792,True,True,True,False,[0.9448973  0.03649481 0.00339455 0.0152133 ],[0.8279992  0.08591747 0.06691259 0.01917078]
1747,یک درخت هلو خاص، هلوهایی تولید می کند که در برابر بیماری مقاوم تر از هلوهای دیگر هستند. کدام روش این هلوهای خاص را بازتولید می کند؟,"['استفاده از زنبورها برای گرده افشانی گل\u200cها', 'بازتولید از طریق گرده افشانی متقابل درختان هلو مختلف', 'افزایش تنوع در درخت هلو', 'دست\u200cیابی به تولید مثلی غیرجنسی در درخت هلو']",D,تکثیر بدون لقاح ویژگی‌های ژنتیکی مطلوب را بدون تغییر حفظ می‌کند، در حالی که روش‌های دیگر ممکن است این صفات را از بین ببرند.,B,0.9744299054145813,B,0.9871048927307129,False,False,False,False,[0.01590476 0.9744299  0.00215247 0.00751287],[1.0859178e-02 9.8710489e-01 8.9137565e-04 1.1445490e-03]
1748,در خلال بخشی از چرخه آب، آب به صورت بارش به سطح زمین می‌افتد. برخی از این آب‌ها به داخل کانال‌ها جریان می‌یابند و ادامه می‌یابند تا اینکه به اقیانوس می‌رسند. کدام گزینه بهترین توصیف را از آب موجود در کانال‌ها ارائه می‌دهد؟,"['دریاچه', 'رودخانه', 'آبخوان', 'منطقه مرطوب']",B,آب جاری در مسیرهای طبیعی که از بارش تشکیل شده و به اقیانوس می‌رود، مشخصه این پدیده است.,B,0.9527437090873718,B,0.9789075255393982,True,True,True,True,[4.1534878e-02 9.5274371e-01 7.6073775e-04 4.9606333e-03],[1.8034680e-02 9.7890753e-01 6.1711279e-04 2.4407285e-03]
1749,در استرالیا، دماهای میانه‌ی روز می‌تواند به بیش از ۱۱۰ درجه فارنهایت (۴۳ درجه سانتی‌گراد) برسد. برای خنک نگه‌داشتن بدن خود، کانگروها بازوهای خود را لیس می‌زنند و آن‌ها را با یک لایه ضخیم از بزاق می‌پوشانند. هنگامی که بزاق تبخیر می‌شود، به عنوان یک مکانیزم خنک کننده عمل می‌کند و دمای بدن کانگرو را کاهش می‌دهد. کدام اصطلاح بهترین توصیف‌کننده‌ی این فعالیت است؟,"['انتخاب طبیعی', 'مکانیزم دفاعی', 'سازگاری ساختاری', 'سازگاری رفتاری']",D,کانگروها با انجام عملی خاص مانند لیسیدن بازوها برای خنک شدن، رفتاری را نشان می‌دهند که پاسخ مستقیم به گرمای محیط است، نه تغییر در ساختار بدنشان.,B,0.9759845733642578,B,0.9940481185913086,False,False,False,False,[0.01554592 0.9759846  0.00112614 0.00734337],[4.0624477e-03 9.9404812e-01 1.9603455e-04 1.6934801e-03]
1750,برای یک پروژه نمایشگاه علوم، جردن داده‌هایی را جمع‌آوری می‌کند که کدام نوع حشرات در مناطق مختلف محله زندگی می‌کنند. او حشرات را جمع‌آوری کرده و از یک راهنمای میدانی برای شناسایی آن‌ها استفاده می‌کند. جردن باید برای هر حشره‌ای که جمع‌آوری کرده چه اطلاعاتی را در دفترچه‌اش ثبت کند؟,"['اندازه حشره و تعداد پاها', 'نام حشره و مکان یافتن آن', 'وزن حشره و زمانی که جمع\u200cآوری شده', 'رنگ حشره و تعداد قطعات بدن']",B,هدف پروژه شناسایی گونه‌ها و مناطق زندگی آن‌هاست، بنابراین ثبت نام و مکان یافتن حشره برای تحلیل پراکنش ضروری است.,B,0.9752189517021179,B,0.9974846839904785,True,True,True,True,[2.3092270e-02 9.7521895e-01 2.1267246e-04 1.4762394e-03],[2.4341845e-03 9.9748468e-01 4.0593870e-05 4.0593870e-05]
1751,زیستگاه‌های مصب (استواری) اکوسیستم‌های پویایی هستند که در آن‌ها آب شور و آب شیرین مخلوط می‌شوند. معمولاً این اتفاق هنگامی رخ می‌دهد که آب شیرین از یک رودخانه به سمت اقیانوس جریان دارد. در کدام یک از شرایط زیر انتظار می‌رود که غلظت نمک در آب مصب در نزدیکی دهانه رودخانه کمترین مقدار باشد؟,"['وقتی جریان رودخانه کم و جزر و مد کم باشد', 'وقتی جریان رودخانه زیاد و جزر و مد کم باشد', 'وقتی جریان رودخانه کم و جزر و مد زیاد باشد', 'وقتی جریان رودخانه زیاد و جزر و مد زیاد باشد']",B,ورودی زیاد آب شیرین و نفوذ کم آب شور، باعث رقیق‌شدن و کاهش غلظت نمک در مصب می‌شود.,B,0.5876403450965881,B,0.8640204668045044,True,True,True,True,[0.3564219  0.58764035 0.02278529 0.0331524 ],[0.11693245 0.86402047 0.00833923 0.01070779]
1752,پرندگان غیرتهاجمی به نام مارتین‌های بنفش هر بهار برای تخم‌گذاری لانه‌سازی می‌کنند. ستارگان، پرندگان تهاجمی هستند که تخم‌ها و جوجه‌های مارتین بنفش را می‌خورند. تأثیر احتمالی بر هر دو جمعیت پس از حمله ستارگان چه خواهد بود؟,"['مارتین\u200cهای بنفش افزایش خواهند یافت و ستارگان کاهش خواهند یافت.', 'مارتین\u200cهای بنفش افزایش خواهند یافت و ستارگان نیز افزایش خواهند یافت.', 'مارتین\u200cهای بنفش کاهش خواهند یافت و ستارگان نیز کاهش خواهند یافت.', 'مارتین\u200cهای بنفش کاهش خواهند یافت و ستارگان افزایش خواهند یافت.']",D,کاهش طعمه باعث کاهش منابع غذایی شکارچی می‌شود و هر دو جمعیت کم می‌شوند.,A,0.7848978638648987,C,0.8466730713844299,False,False,False,False,[0.78489786 0.15425397 0.00365616 0.05719194],[0.12933531 0.00415748 0.8466731  0.01983421]
1753,کدام ویژگی یک کش لاستیکی هنگام کشیده شدن ثابت می‌ماند؟,"['شکل', 'طول', 'جرم', 'عرض']",C,مقدار ماده در جسم با کشیده‌شدن تغییر نمی‌کند، بنابراین ویژگی ذاتی آن ثابت می‌ماند.,B,0.670531153678894,B,0.9631543159484863,False,False,False,False,[0.31797615 0.67053115 0.00189076 0.00960205],[0.02291822 0.9631543  0.0108258  0.00310164]
1754,کدام یک ترکیب است؟,"['نیتروژن (N₂)', 'نئون (Ne)', 'ازن (O₃)', 'آمونیاک (NH₃)']",D,از چند عنصر مختلف تشکیل شده، برخلاف موارد دیگر که تنها یک نوع اتم دارند.,A,0.6109588742256165,A,0.8212639093399048,False,False,False,False,[0.6109589  0.12030493 0.09369358 0.17504266],[0.8212639  0.00494098 0.09770358 0.07609162]
1755,جوش شیرین مخلوط شده با سرکه دی اکسید کربن و آب تولید می‌کند. بهترین راه برای اثبات اینکه هیچ جرمی در طول این واکنش از بین نرفته است، چیست؟,"['از توده\u200cهای برابر جوش شیرین و سرکه استفاده کنید', 'توده\u200cهای همه مواد را قبل و بعد از واکنش تعیین کنید', 'توده دی اکسید کربن و آب تولید شده را تعیین کنید', 'توده سرکه و آب را مقایسه کنید تا مطمئن شوید که برابر هستند']",B,طبق قانون پایستگی جرم، باید جرم کل تمام مواد را قبل و بعد از واکنش اندازه‌گیری کرد تا ثابت شود هیچ جرمی از بین نرفته است.,B,0.8977207541465759,B,0.9809584021568298,True,True,True,True,[0.09480406 0.89772075 0.00596666 0.00150861],[1.7827062e-02 9.8095840e-01 8.0812990e-04 4.0635324e-04]
1756,زغال‌سنگ معمولاً در زیر زمین یافت می‌شود، فشرده در لایه‌ای بین انواع دیگر سنگ‌ها. زغال‌سنگ به چه فرآیند سنگ‌سازی تولید می‌شود؟,"['A) کریستالیزاسیون از سنگ ذوب شده', 'B) تشکیل رسوبات از فرسایش', 'C) رسوب\u200cگذاری و دفن مواد گیاهی مرده', 'D) فوران خاک آتش\u200cفشان و سپس نشستن در یک لایه']",C,از تجزیه و فشرده شدن بقایای گیاهان در طول زمان طولانی تحت فشار و دمای بالا تشکیل می‌شود.,C,0.7008198499679565,C,0.9618025422096252,True,True,True,True,[0.25731415 0.01474528 0.70081985 0.02712071],[3.2846857e-02 4.5153424e-03 9.6180254e-01 8.3525438e-04]
1757,"سال نوری واحد اندازه‌گیری مسافتی است که نور در یک سال می‌تواند طی کند. نور یک ستاره که ۱۲۵,۰۰۰ سال نوری با ما فاصله دارد، چه مدت برای رسیدن به زمین در حال حرکت بوده است؟","['۱۲.۵ سال', '۱۲۵ سال', '۱۲۵,۰۰۰ سال', '۱۲۵,۰۰۰,۰۰۰ سال']",C,فاصله بر اساس سال نوری تعریف می‌شود، پس مدت زمان سفر نور برابر با همان مقدار فاصله است.,B,0.42400452494621277,C,0.9205410480499268,False,True,True,True,[0.0946082  0.42400452 0.42400452 0.05738277],[0.04044575 0.03569325 0.92054105 0.00331999]
1758,کدام یک از این زمینه‌های تحقیقاتی در قرن بیستم با استفاده از میکروسکوپ بیشترین پیشرفت را داشته است؟,"['پرواز فضایی', 'تغییر ژنتیکی', 'انرژی جایگزین', 'پیش\u200cبینی طوفان\u200cهای گردبادی']",B,میکروسکوپ امکان مشاهده ساختارهای سلولی و مولکولی را فراهم کرد که پیشرفت‌های ژنتیکی را تسهیل نمود.,B,0.857775092124939,B,0.9201216101646423,True,True,True,True,[0.09094013 0.8577751  0.00832761 0.04295707],[0.06665339 0.9201216  0.00619973 0.00702522]
1759,نقطه انجماد آب چیست؟,"['خاصیت فیزیکی.', 'خاصیت شیمیایی.', 'تغییر شیمیایی.', 'تغییر فیزیکی.']",A,تغییر حالت از مایع به جامد، ترکیب مولکولی را عوض نمی‌کند و تنها یک دگرگونی فیزیکی است.,A,0.8268921971321106,D,0.8241303563117981,True,False,False,False,[0.8268922  0.00918594 0.0010971  0.16282474],[0.16164821 0.00926318 0.00495822 0.82413036]
1760,کدام یک نمونه‌ای از تغییر فیزیکی است؟,"['شکستن یک جسم به تکه\u200cهای کوچکتر با استفاده از چکش', 'اجازه دادن به زنجیر آهنی که در آب نمک بماند تا زنگ بزند', 'گرم کردن یک ماده قهوه\u200cای تا به پودری خاکستری تغییر پیدا کند', 'واکنش سرکه و جوش شیرین برای تولید فوم سفید و گاز']",A,شکستن جسم فقط شکل آن را تغییر می‌دهد و ماده جدیدی تولید نمی‌شود، که ویژگی تغییر فیزیکی است.,C,0.8297644853591919,C,0.722371518611908,False,False,False,False,[0.1640298  0.00495327 0.8297645  0.00125238],[0.26574564 0.01046634 0.7223715  0.00141647]
1761,کدامیک از این تغییرات فیزیکی در یک باغ اتفاق می‌افتد؟,"['حشرات برگ\u200cهای یک گیاه را برای غذا می\u200cخورند.', 'گل\u200cها پس از باران تابستانی رشد می\u200cکنند.', 'کرم\u200cهای خاکی در حین حرکت در خاک آن را شل می\u200cکنند.', 'برگ\u200cها نور خورشید را به قند از طریق فتوسنتز تبدیل می\u200cکنند.']",C,تنها این تغییر، ساختار ماده را بدون دگرگونی شیمیایی آن عوض می‌کند، در حالی که سایر موارد ماهیت مواد را تغییر می‌دهند.,B,0.45110049843788147,D,0.5279462933540344,False,False,False,False,[0.14645089 0.4511005  0.00435387 0.3980948 ],[0.17139907 0.2825893  0.01806533 0.5279463 ]
1762,یک اتم کروم دارای ۲۴ پروتون، ۲۸ نوترون و ۲۴ الکترون است. چند ذره زیراتمی در هسته یک اتم کروم وجود دارد؟,"['۲۴', '۲۸', '۴۸', '۵۲']",D,تعداد پروتون‌ها و نوترون‌ها در هسته با هم جمع می‌شوند.,B,0.8974957466125488,B,0.4942947030067444,False,False,False,False,[0.0089373  0.89749575 0.0660382  0.02752882],[0.04526377 0.4942947  0.43621355 0.02422795]
1763,بهترین توصیف از پوست چیست؟,"['سخت', 'انعطاف\u200cپذیر', 'شکننده', 'سخت']",B,پوست بافتی زنده است که قابلیت کشش و مقاومت در برابر فشار را دارد، نه [MASK] یا [MASK].,B,0.6199879050254822,B,0.985559344291687,True,True,True,True,[0.25744182 0.6199879  0.01441085 0.10815942],[1.4003442e-02 9.8555934e-01 9.7349570e-05 3.3978341e-04]
1764,عملکرد اصلی کلروپلاست‌ها در سلول گیاهی چیست؟,"['برای جذب انرژی نور و تولید غذا', 'برای حذف مواد زائد به وسیله حمل و نقل فعال', 'برای تولید انرژی شیمیایی از غذا', 'برای کنترل شکل سلول']",A,این اندامک‌ها نور خورشید را جذب کرده و در فرآیند تولید غذا از آن استفاده می‌کنند.,A,0.8777918219566345,A,0.9986352324485779,True,True,True,True,[8.7779182e-01 3.2093914e-03 1.1856441e-01 4.3434391e-04],[9.9863523e-01 3.8521181e-04 9.2407502e-04 5.5495020e-05]
1765,یک کلاس علوم به دو گروه تقسیم شده است. گروه اول موسیقی بلندی را در اتاقی که روی سقف، دیوارها و زمین فرش ضخیمی وجود دارد، پخش می‌کند. گروه دوم در خارج از اتاق است اما موسیقی را نمی‌شنود زیرا صدا,"['توسط فرش جذب شده است.', 'توسط فرش شکست یافته است.', 'توسط فرش بازتابیده است.', 'توسط فرش تقویت شده است.']",A,فرش نرم انرژی صدا را جذب می‌کند و از خروج آن جلوگیری می‌نماید، بنابراین صدای موسیقی به بیرون نمی‌رسد.,A,0.994407057762146,A,0.9991169571876526,True,True,True,True,[0.99440706 0.00214572 0.00130144 0.00214572],[9.9911696e-01 4.2952245e-04 1.8473530e-04 2.6878825e-04]
1766,بسیاری از باکتری‌ها در دمای اتاق حدود ۲۰ درجه سانتیگراد به سرعت رشد می‌کنند. دمای داخل یخچال معمولاً در حدود ۴ درجه سانتیگراد نگه داشته می‌شود. کدام یک از جملات به بهترین وجه توضیح می‌دهد که چگونه استفاده از یخچال به جامعه کمک کرده است؟,"['این یخچال\u200cها در تابستان آشپزخانه\u200cها را خنک\u200cتر نگه می\u200cدارند.', 'این یخچال\u200cها فضای بیشتری برای ذخیره سازی غذا فراهم می\u200cکنند.', 'این یخچال\u200cها غذا را برای مدت زمان طولانی\u200cتری ایمن\u200cتر برای خوردن می\u200cکنند.', 'این یخچال\u200cها استفاده از برق در آشپزخانه را ایمن\u200cتر می\u200cکنند.']",C,کاهش دما در یخچال، رشد باکتری‌ها را کند کرده و فساد غذا را به تأخیر می‌اندازد، که ایمنی و ماندگاری آن را افزایش می‌دهد.,C,0.857269287109375,C,0.9832895994186401,True,True,True,True,[0.13069844 0.00748962 0.8572693  0.00454268],[1.5893396e-02 7.4334402e-04 9.8328960e-01 7.3601026e-05]
1767,برخی از گیاهان در ناحیه‌ای رشد می‌کنند که تعداد زیادی حیوان برگ‌خوار وجود دارد. کدام ویژگی می‌تواند به بهترین نحو به گیاهان کمک کند تا در اطراف این حیوانات به بقای خود ادامه دهند؟,"['میوه\u200cهای بزرگ', 'ساقه\u200cهای بلند', 'خارهای تیز', 'گل\u200cهای رنگارنگ']",C,ساختارهای دفاعی فیزیکی از گیاه در برابر جانوران گیاه‌خوار محافظت می‌کنند و بقای آن را تضمین می‌نمایند.,A,0.3206666111946106,C,0.9337452054023743,False,True,True,True,[0.3206666  0.3206666  0.3206666  0.03800013],[0.03048786 0.03454727 0.9337452  0.00121967]
1768,کدام یک از ترکیب‌های زیر مخلوط است و نه ترکیب شیمایی؟,"['اکسیژن و نیتروژن در هوا', 'سدیم و کلر در نمک', 'هیدروژن و اکسیژن در آب', 'نیتروژن و هیدروژن در آمونیوم']",A,هوا مخلوطی از گازهاست که بدون پیوند شیمیایی ترکیب شده و هر جزء خواص خود را حفظ می‌کند.,A,0.736160159111023,A,0.880032479763031,True,True,True,True,[0.73616016 0.06820661 0.12742671 0.06820661],[0.8800325  0.0635008  0.02999566 0.02647107]
1769,اتم کدام عنصر یک پروتون بیشتر از یک اتم کلر (Cl) دارد؟,"['گوگرد (S)', 'آرگون (Ar)', 'فلوئور (F)', 'برم (Br)']",B,عدد اتمی کلر ۱۷ است، پس عنصر با عدد اتمی ۱۸ مد نظر است.,A,0.5193064212799072,B,0.4705217182636261,False,True,True,True,[0.5193064  0.00845964 0.01394759 0.45828632],[0.15156728 0.47052172 0.01431996 0.36359102]
1770,سوال: یک شرکت داروسازی داده‌های تجربی منتشر کرده است که نشان می‌دهد یک داروی جدید سطح کلسترول را در افرادی که در این مطالعه شرکت کرده‌اند بهبود بخشیده است. کدام یک از این حرفه‌ها احتمالاً در توسعه این دارو کمک نکرده است؟,"['الف) یک شیمی\u200cدان', 'ب) یک زیست\u200cشناس', 'ج) یک زمین\u200cشناس', 'د) یک پزشک']",C,زمین‌شناس به بررسی ساختار زمین می‌پردازد و تخصصی در توسعه دارو یا فرآیندهای زیستی مرتبط ندارد.,C,0.6822401881217957,C,0.455818235874176,True,True,True,False,[0.13381732 0.0919712  0.6822402  0.0919712 ],[0.14914316 0.24589549 0.45581824 0.14914316]
1771,سیستم تعلیق یک کامیون شامل کدام یک از موارد زیر است؟,"['موتور و کاربراتور.', 'چرخ\u200cها و محور\u200cها.', 'ترمزها و اگزوز.', 'فرمان و سرعت\u200cسنج.']",B,این سیستم برای جذب ضربات و حفظ تماس چرخ با زمین طراحی شده و مستقیماً با اجزای چرخشی مرتبط است.,B,0.7148716449737549,B,0.9976730942726135,True,True,True,True,[0.05868024 0.71487164 0.04570021 0.18074785],[1.9109742e-03 9.9767309e-01 2.1440536e-04 2.0141520e-04]
1772,میخایل ادعا می‌کند که می‌تواند از باندهای روی یک کرم ابریشم پشمالو برای پیش‌بینی زمستان استفاده کند. او می‌گوید باندهای مشکی بلند به معنای زمستانی سخت و باندهای مشکی کوتاه به معنای زمستانی ملایم هستند. هفته گذشته او سه کرم ابریشم پشمالو با باندهای مشکی بلند پیدا کرد. کدام یک از موارد زیر مشاهدات او را نشان می‌دهد؟,"['دلیل این که ادعای او درست است', 'دلیل این که ادعای او غلط است', 'مدرکی که نشان دهد زمستان سختی در پیش است', 'نه مدرکی به نفع و نه مدرکی علیه ادعای او']",D,مشاهده کرم‌ها با نوارهای بلند به تنهایی برای تأیید یا رد ادعای ارتباط با سرمای زمستان کافی نیست، زیرا نتیجه واقعی هنوز رخ نداده است.,C,0.802419126033783,C,0.5191237926483154,False,False,False,False,[0.14053316 0.0167843  0.8024191  0.04026343],[0.11674066 0.00734728 0.5191238  0.35678822]
1773,یک دانش‌آموز در حال هل دادن یک جعبه ۲۰ کیلوگرمی به سمت بالا روی شیب است. کدام تغییر نیاز به این دارد که دانش‌آموز نیروی کمتری برای هل دادن جعبه استفاده کند؟,"['افزایش جرم جعبه', 'کاهش طول شیب', 'کاهش شیب شیب', 'افزایش اصطکاک روی سطح جعبه']",C,کاهش زاویه شیب، مؤلفه وزن در جهت حرکت را کمتر می‌کند و نیروی لازم کاهش می‌یابد.,B,0.6424325704574585,B,0.9216383099555969,False,False,False,False,[0.20694424 0.6424326  0.02510518 0.12551802],[0.04570678 0.9216383  0.01935347 0.01330143]
1774,رودی به مدت هزاران سال سواحل خود را فرسایش می‌دهد و مواد فرسوده شده را در دهانه خود جمع می‌کند. این رود چه دو پدیده‌ی طبیعی را ایجاد کرده است؟,"['یک تپه و یک دلتا', 'یک دلتا و یک دره', 'یک دره و یک دشت', 'یک دشت و یک دلتا']",B,فرسایش رود دره می‌سازد و رسوب‌گذاری در دهانه دلتا تشکیل می‌دهد.,A,0.780993640422821,B,0.888249397277832,False,True,True,True,[7.8099364e-01 6.4358771e-02 2.5894184e-04 1.5438867e-01],[1.05672665e-01 8.88249397e-01 1.16233554e-04 5.96164400e-03]
1775,کدام یک به بهترین شکل ترتیب مراحلی را که باید هنگام حل مشکلات فناوری دنبال شود، نشان می‌دهد؟,"['شناسایی مشکل، ارزیابی راه\u200cحل، بررسی راه\u200cحل\u200cهای ممکن و انتخاب یک راه\u200cحل.', 'شناسایی مشکل، بررسی راه\u200cحل\u200cهای ممکن، انتخاب یک راه\u200cحل و ارزیابی راه\u200cحل.', 'شناسایی مشکل، انتخاب یک راه\u200cحل، بررسی راه\u200cحل\u200cهای ممکن و ارزیابی راه\u200cحل.', 'شناسایی مشکل، ارزیابی راه\u200cحل، انتخاب یک راه\u200cحل و بررسی راه\u200cحل\u200cهای ممکن.']",B,ابتدا مشکل شناسایی می‌شود، سپس راه‌حل‌های ممکن بررسی و بهترین انتخاب می‌شود، و در پایان ارزیابی صورت می‌گیرد.,A,0.9333037734031677,B,0.73013836145401,False,True,True,True,[0.9333038  0.06001474 0.00109921 0.00558224],[2.6755571e-01 7.3013836e-01 4.8901618e-04 1.8169156e-03]
1776,در یک رابطه کاملاً همکاری، هر موجود زنده به طور یکسان بهره‌مند می‌شود. کدام توالی این روابط را به ترتیب افزایش همکاری فهرست می‌کند؟,"['همزیستی، دوجانبه\u200cگرایی، انگل\u200cزایی، شکار', 'انگل\u200cزایی، همزیستی، شکار، دوجانبه\u200cگرایی', 'شکار، انگل\u200cزایی، همزیستی، دوجانبه\u200cگرایی', 'دوجانبه\u200cگرایی، همزیستی، انگل\u200cزایی، شکار']",C,شکار کمترین همکاری دارد، سپس انگل‌زایی، بعد همزیستی با همکاری محدود، و در نهایت دوجانبه‌گرایی با بیشترین همکاری متقابل.,D,0.7230378985404968,D,0.3233250081539154,False,False,False,False,[0.06778047 0.1625969  0.04658479 0.7230379 ],[0.25180578 0.17306341 0.25180578 0.323325  ]
1777,به منظور مقایسه نتایج یک آزمایش در میان گروه‌های مختلف، هر گروه باید,"['آزمایش را در همان زمان شروع کند.', 'اعضای مختلفی داشته باشد تا نتایج را ثبت کنند.', 'از همان تجهیزات و رویه\u200cها استفاده کند.', 'تعداد متفاوتی از آزمایش\u200cها را انجام دهد.']",C,برای مقایسه معتبر، همه گروه‌ها باید شرایط یکسان داشته باشند تا تفاوت‌ها ناشی از عوامل مورد مطالعه باشد.,C,0.9009600281715393,C,0.982666015625,True,True,True,True,[0.04476864 0.03950818 0.90096    0.01476313],[1.5883317e-02 1.1505836e-03 9.8266602e-01 3.0014766e-04]
1778,یک دانش‌آموز یک صبح به مدرسه می‌رود و متوجه می‌شود که چمن‌ها خیس هستند اما خیابان‌ها خشک‌اند. کدام یک از این فرآیندها احتمالاً باعث خیس شدن چمن‌ها شده است؟,"['چگالش', 'فرسایش', 'تبخیر', 'بارش']",A,چمن‌ها به دلیل سرمای شب رطوبت هوا را جذب کرده‌اند، در حالی که سطوح گرم‌تر مانند آسفالت این شرایط را ندارند.,D,0.7676777839660645,C,0.7414675354957581,False,False,False,False,[0.13340239 0.0556104  0.04330942 0.7676778 ],[0.21410014 0.02221614 0.74146754 0.02221614]
1779,زمانی که هوای نزدیک به سطح زمین به وسیله نور خورشید گرم می‌شود، کدام یک از موارد زیر اتفاق می‌افتد؟,"['هوای گرم تابش می\u200cکند و دوباره خنک می\u200cشود.', 'هوای گرم به هوای خنک تبخیر می\u200cشود.', 'هوای گرم متسع شده و بالا می\u200cرود و باعث جابجایی هوایی می\u200cشود.', 'هوای گرم توانایی خود برای نگه داشتن آب را از دست داده و بارش می\u200cکند.']",C,هوای گرم شده منبسط و سبک می‌شود، به بالا صعود کرده و جای خود را به هوای خنک‌تر می‌دهد.,C,0.9675769805908203,C,0.9903436899185181,True,True,True,True,[2.9447455e-02 2.1000949e-03 9.6757698e-01 8.7544974e-04],[8.601687e-03 9.066111e-04 9.903437e-01 1.480002e-04]
1780,کدام یک از این موارد، ویژگی مشترک موجودات یک‌سلولی و چند سلولی است؟,"['تولید مثل جنسی', 'سلول\u200cهای تخصصی', 'سیستم\u200cهای اندامی', 'تولید زباله']",D,همه موجودات زنده در فرآیندهای متابولیک خود مواد زائد تولید می‌کنند که باید دفع شوند.,B,0.5344705581665039,D,0.9875316023826599,False,True,True,True,[0.0936055  0.53447056 0.00458809 0.3673359 ],[8.5271513e-03 3.5546455e-03 3.8654977e-04 9.8753160e-01]
1781,یک ماشین ساده کار را آسان‌تر می‌کند زیرا استفاده از آن ___.,"['نیاز به نیروی کمتری برای جابجایی چیزی سنگین دارد', 'وزن چیزی سنگین را تغییر می\u200cدهد', 'ظاهر چیزی را بهبود می\u200cبخشد', 'اجازه می\u200cدهد چیزی به شکل متفاوتی تبدیل شود']",A,ماشین‌های ساده با کاهش نیروی مورد نیاز برای جابجایی اجسام سنگین، کار را تسهیل می‌کنند.,A,0.9930515289306641,A,0.9984276294708252,True,True,True,True,[9.9305153e-01 1.9358532e-03 9.1443234e-04 4.0982012e-03],[9.9842763e-01 7.1881845e-04 2.1922725e-04 6.3435506e-04]
1782,کود از یک منطقه کشاورزی به رودخانه ریخته می‌شود. این رودخانه مواد مغذی ناشی از این کود را حمل کرده و آنها را در یک خلیج اقیانوسی deposits می‌کند. پس از ورود مواد مغذی به خلیج، دانشمندان نظارت کننده بر روی آب احتمالاً کاهش کدام یک از این گازهای حل شده را مشاهده خواهند کرد؟,"['اکسیژن', 'نیتروژن', 'دی\u200cاکسید کربن', 'منواکسید کربن']",A,رشد جلبک‌ها و تجزیه آن‌ها توسط باکتری‌ها، مصرف [MASK] محلول را افزایش می‌دهد.,B,0.8561316132545471,B,0.8022146224975586,False,False,False,False,[0.04858348 0.8561316  0.09076589 0.00451897],[0.0167146  0.8022146  0.17969885 0.00137202]
1783,نقش تجزیه‌کنندگان در شبکه غذایی چیست؟,"['الف) تجزیه\u200cکنندگان از نور خورشید برای تولید غذا استفاده می\u200cکنند.', 'ب) تجزیه\u200cکنندگان منبع غذایی برای گیاهان هستند.', 'ج) تجزیه\u200cکنندگان گیاهان و حیوانات مرده را تجزیه می\u200cکنند.', 'د) تجزیه\u200cکنندگان فقط گیاهانی را می\u200cخورند که در زیر زمین رشد می\u200cکنند.']",C,موجوداتی که مواد آلی مرده را تجزیه کرده و مواد مغذی را به خاک بازمی‌گردانند.,C,0.8410481214523315,C,0.9421861171722412,True,True,True,True,[0.04203721 0.11426898 0.8410481  0.00264569],[0.03681905 0.01534846 0.9421861  0.00564638]
1784,ریشه‌های گیاهان در کدام جهت رشد می‌کنند؟,"['در جهت رطوبت فقط', 'در جهت کشش جاذبه فقط', 'در جهت آب و کشش جاذبه', 'در جهت آب و دور از کشش جاذبه']",C,ریشه‌ها هم به سمت آب و هم به سمت مرکز زمین رشد می‌کنند تا نیازهای حیاتی گیاه را تأمین کنند.,C,0.9916559457778931,C,0.9897117614746094,True,True,True,False,[6.7538884e-03 1.0357423e-03 9.9165595e-01 5.5439293e-04],[8.5626841e-03 1.0226668e-03 9.8971176e-01 7.0286792e-04]
1785,کدام مثال بهترین نمایش‌دهندهٔ فرآیند انتقال حرارت است؟,"['یک تکه کاغذ به دو نیم تقسیم می\u200cشود.', 'هواي گرم بالای شمع روشن بالا می\u200cرود.', 'یک قاشق فلزی هنگام هم زدن سوپ داغ گرم می\u200cشود.', 'نور خورشید اتاق تاریک را روشن می\u200cکند.']",C,گرما از طریق تماس مستقیم بین دو جسم منتقل می‌شود.,B,0.9219276905059814,C,0.84517502784729,False,True,True,True,[0.02155499 0.9219277  0.05170774 0.00480957],[0.02252315 0.12961179 0.845175   0.00269001]
1786,یک قطب‌نما می‌تواند با مغناطیسی کردن یک سوزن و قرار دادن آن بر روی یک چوب‌پنبه شناور ساخته شود. چوب‌پنبه در حالتی قرار می‌گیرد که سوزن به سمت شمال باشد. کدام جمله توضیح می‌دهد که چرا سوزن به سمت شمال اشاره می‌کند؟,"['سوزن دماي هوا را اندازه\u200cگیری می\u200cکند.', 'سوزن جهت باد را نشان می\u200cدهد.', 'سوزن با قطب\u200cهای مغناطیسی زمین هم\u200cراستا می\u200cشود.', 'سوزن به هسته مغناطیسی زمین اشاره می\u200cکند.']",C,سوزن مغناطیسی شده با میدان مغناطیسی زمین هم‌راستا می‌شود و به سمت قطب شمال آن اشاره می‌کند.,C,0.9324544072151184,C,0.9610486030578613,True,True,True,True,[0.05281137 0.00433502 0.9324544  0.01039918],[3.7556164e-02 1.1340979e-03 9.6104860e-01 2.6108415e-04]
1787,چه فرآیندی باعث می‌شود که سنگ آذرین به سنگ دگرگونی تبدیل شود؟,"['نشست در آب', 'خنک شدن و بلوری شدن تدریجی', 'هوازدگی و فرسایش', 'مواجهه با حرارت و فشار بالا']",D,تبدیل سنگ آذرین به دگرگونی در اثر شرایط گرمایی و فشاری شدید، بدون ذوب کامل، رخ می‌دهد.,B,0.7593560218811035,D,0.7797759771347046,False,True,True,True,[0.06221012 0.759356   0.06221012 0.1162238 ],[0.02345539 0.02345539 0.1733132  0.779776  ]
1788,در تابستان، خورشید به طور مستقیم بر روی نقاط مختلف زمین تابش می‌کند در حالی که زمین می‌چرخد. در چه ساعتی از روز خورشید در آسمان تابستانی ماین در بالاترین نقطه خود قرار دارد؟,"['6:00 صبح', '10:00 صبح', '1:00 بعدازظهر', '3:00 بعدازظهر']",C,اوج خورشید معمولاً نزدیک ظهر محلی است و با توجه به زمان تابستانی، حدود ساعت ۱ بعدازظهر منطقی‌ترین زمان است.,B,0.40252652764320374,C,0.6017647385597229,False,True,True,True,[0.2766522  0.40252653 0.19014007 0.13068123],[0.10294981 0.19233558 0.60176474 0.10294981]
1789,کدام دو ساختار سلولی گیاه مسئول ذخیره انرژی حاصل از نور خورشید و سپس آزاد کردن آن برای استفاده سلول‌ها هستند؟,"['کلروپلاست و میتوکندری', 'میتوکندری و دیواره سلولی', 'کلروپلاست و هسته', 'هسته و دیواره سلولی']",A,کلروپلاست انرژی خورشید را ذخیره می‌کند و میتوکندری آن را برای مصرف سلول آزاد می‌نماید.,A,0.621596097946167,A,0.9994001388549805,True,True,True,True,[6.2159610e-01 9.4186160e-04 3.7701708e-01 4.4490388e-04],[9.9940014e-01 3.8120162e-04 1.7452682e-04 4.4127293e-05]
1790,کدام قسمت از پوست به گرم نگه‌داشتن افراد کمک می‌کند؟,"['غدد عرق', 'عصب\u200cها', 'موها', 'ناخن\u200cها']",C,[MASK] با ایجاد عایق هوا روی پوست، گرما را حفظ می‌کنند و در سرما مفید هستند.,B,0.7698137164115906,B,0.812343180179596,False,False,False,False,[0.2209865  0.7698137  0.00247419 0.00672555],[0.18125828 0.8123432  0.00156819 0.00483037]
1791,حیوانات از چندین اتم تشکیل شده‌اند. پس از مرگ یک حیوان چه بر سر اتم‌ها می‌آید؟,"['اتم\u200cها حرکت را متوقف می\u200cکنند.', 'اتم\u200cها دوباره به محیط بازمی\u200cگردند.', 'اتم\u200cها به بخش\u200cهای ساده\u200cتر تقسیم می\u200cشوند و سپس با هم ترکیب می\u200cشوند تا اتم\u200cهای دیگر تشکیل دهند.', 'پس از تجزیه حیوان، اتم\u200cها دیگر وجود ندارند.']",B,طبق قانون پایستگی ماده، اتم‌ها پس از تجزیه بدن به طبیعت بازگشته و در چرخه مواد استفاده می‌شوند.,B,0.8831248879432678,B,0.9701517224311829,True,True,True,True,[0.082304   0.8831249  0.01836451 0.01620662],[0.02585367 0.9701517  0.00236748 0.00162715]
1792,کدام مرحله در هر دو چرخه زندگی درخت و چرخه زندگی قورباغه رخ می‌دهد؟,"['رشد', 'خواب زمستانی', 'خواب عمیق', 'تکامل']",A,هر دو موجود از کوچک به بزرگ تبدیل می‌شوند و این فرآیند مشترک در هر دو چرخه دیده می‌شود.,B,0.6628167033195496,A,0.7952015399932861,False,True,True,True,[0.31309244 0.6628167  0.01204544 0.01204544],[0.79520154 0.13791567 0.0017361  0.06514675]
1793,سوالی: یک دانش‌آموز برای نشان‌دادن نحوه تغییرات آب بر روی سطح زمین، یک ارائه آماده کرده است. کدام ارائه بهترین مثال برای نشان‌دادن نحوه تغییرات آب بر روی سطح زمین است؟,"['الف) نموداری از شبکه غذایی یک رودخانه', 'ب) نموداری از مقدار بارش باران بر روی یک دریاچه', 'ج) تصویری از مه\u200cای که در یک دره کوهستانی را پوشانده است', 'د) مدلی از جویباری که از یک تپه جاری است']",D,این مدل فرآیند فرسایش و تغییر شکل زمین توسط جریان آب را به صورت پویا و مستقیم نمایش می‌دهد، در حالی که سایر موارد بر پدیده‌ای ایستا تمرکز دارند.,B,0.47824224829673767,C,0.8919146656990051,False,False,False,False,[0.10754721 0.47824225 0.29234362 0.12186696],[0.04371737 0.02065062 0.89191467 0.04371737]
1794,کدام یک از موارد زیر نمونه‌ای از ارگانیسم‌هایی است که خواب زمستانی می‌شوند؟,"['پرندگان در زمستان به سمت جنوب پرواز می\u200cکنند', 'گیاهان در تابستان گل می\u200cدهند', 'درختان در پاییز برگ\u200cهای خود را از دست می\u200cدهند', 'کرم\u200cهای خاکی در طول سال در زیر زمین زندگی می\u200cکنند']",C,کرم‌های خاکی با کاهش متابولیسم و پناه‌گیری در خاک در سرما، خواب زمستانی دارند، برخلاف سایر رفتارهای فصلی.,A,0.8818564414978027,D,0.8865280151367188,False,False,False,False,[0.88185644 0.02652594 0.00991202 0.08170564],[0.10588068 0.00472533 0.00286606 0.886528  ]
1795,فیلیپ در حال درست کردن چای داغ بود. هنگامی که او آب داغ را در یک لیوان ریخت، لیوان شکست. احتمالا دلیل این که لیوان شکست چیست؟,"['آب داغ به آرامی ریخته شد', 'آب داغ به آرامی بخار شد', 'لیوان بسیار سریع منقبض شد', 'لیوان بسیار سریع منبسط شد']",D,لیوان شیشه‌ای در اثر تماس با آب جوش به سرعت منقبض شده و تنش داخلی باعث شکست آن می‌شود.,D,0.7539001107215881,C,0.964292585849762,True,False,False,False,[0.10163151 0.01397093 0.13049744 0.7539001 ],[3.2484718e-02 2.8384828e-03 9.6429259e-01 3.8414690e-04]
1796,یک بیماری ژنتیکی نادر باعث کوتاهی قد و نقص ایمنی می‌شود. کدام یک از موارد زیر احتمال بیشتری دارد که علت این بیماری باشد؟,"['عفونت انگلی', 'جهش در DNA', 'بیماری باکتریایی', 'مقدار زیاد ATP']",B,این بیماری ارثی است و علت چنین بیماری‌هایی معمولاً تغییر در ماده ژنتیکی است، نه عوامل محیطی مانند عفونت‌ها.,B,0.8750880360603333,B,0.9848663210868835,True,True,True,True,[1.19126245e-01 8.75088036e-01 5.51663979e-04 5.23404218e-03],[1.3939039e-02 9.8486632e-01 3.8325432e-04 8.1134931e-04]
1797,کدام یک از موارد زیر یک چالش فناوری کنونی است که هنوز حل نشده است؟,"['نشستن یک انسان بر روی مریخ', 'استفاده از انرژی خورشیدی برای تولید برق', 'جایگزینی اعضای بدن انسان با اعضای مصنوعی', 'استفاده از DNA برای شناسایی یک مجرم']",A,فرود انسان بر مریخ به دلیل چالش‌های فنی مانند تشعشعات و سیستم‌های حیات، هنوز محقق نشده، در حالی که سایر موارد با فناوری موجود امکان‌پذیر هستند.,A,0.9771727919578552,A,0.9602842330932617,True,True,True,False,[0.9771728  0.00278382 0.01247621 0.0075672 ],[0.96028423 0.02280534 0.00740381 0.00950668]
1798,غذا تا سطح مولکولی هضم می‌شود، جذب می‌شود و سپس به سلول‌ها منتقل می‌گردد. مولکول‌های زائد حل شده که توسط سلول‌ها تولید می‌شوند، عمدتاً از خون توسط کدام یک از موارد زیر حذف می‌شوند؟,"['پوست.', 'ریه\u200cها.', 'کلیه\u200cها.', 'روده بزرگ.']",C,کلیه‌ها خون را تصفیه کرده و مواد زائد محلول را از طریق ادرار دفع می‌کنند.,B,0.623197615146637,C,0.8783945441246033,False,True,True,True,[0.03968437 0.6231976  0.33487922 0.00223884],[3.1928322e-03 1.1795266e-01 8.7839454e-01 4.5997108e-04]
1799,جاذبه در زمین ناشی از,"['جرم زمین است.', 'چرخش زمین است.', 'تحرک زمین است.', 'الگوهای آب و هوایی در زمین است.']",A,گرانش زمین به دلیل جرم آن ایجاد می‌شود، همان‌طور که قوانین فیزیک نشان می‌دهند. عوامل دیگر مانند حرکت یا شرایط جوی در ایجاد این نیرو نقشی ندارند.,B,0.9831616878509521,A,0.9916451573371887,False,True,True,True,[1.3976197e-02 9.8316169e-01 1.1009690e-04 2.7520761e-03],[9.9164516e-01 7.4977255e-03 6.6927169e-05 7.9025445e-04]
1800,یک کلاس در حال یادگیری دربارهٔ الگوی روز و شب در زمین بود. کدام بخش از زمین به طور همزمان شب را تجربه می‌کند؟,"['کمتر از ۱/۴', 'حدود ۱/۲', 'حدود ۳/۴', 'تقریباً همه']",B,زمین کروی است و در هر لحظه نیمی از آن در تاریکی شب قرار دارد.,D,0.7572340965270996,B,0.4432184100151062,False,True,True,True,[0.07919078 0.13056353 0.03301163 0.7572341 ],[0.11294208 0.4432184  0.00062111 0.4432184 ]
1801,یک کلاس علوم زمین در حال برنامه‌ریزی یک سفر میدانی به یک معدن برای جستجوی فسیل‌ها است. کدام یک از موارد زیر برای دانش‌آموزان در طول سفر میدانی مهم خواهد بود تا از آسیب ناشی از تابش خورشیدی جلوگیری کنند؟,"['ضدعفونی\u200cکننده', 'کرم ضد آفتاب', 'عینک ایمنی', 'پوشش گوش']",B,محافظت از پوست در برابر پرتوهای مضر خورشید ضروری است.,C,0.6740989089012146,B,0.9727148413658142,False,True,True,True,[0.16911253 0.14924128 0.6740989  0.0075473 ],[2.5921972e-02 9.7271484e-01 9.4420777e-04 4.1898966e-04]
1802,در کدام رویداد بیولوژیکی انرژی شیمیایی به انرژی مکانیکی تبدیل می‌شود؟,"['فتوسنتز', 'حرکت عضلانی', 'زیست\u200cنورانی', 'انتقال پیام عصبی']",B,انرژی شیمیایی در فرآیند انقباض بافت‌ها به حرکت تبدیل می‌شود.,B,0.6178816556930542,B,0.98297518491745,True,True,True,True,[0.37623096 0.61788166 0.00118814 0.00469919],[1.5764670e-02 9.8297518e-01 3.7074951e-04 8.8938186e-04]
1803,کدام مرحله باید در یک تحقیق علمی ابتدا انجام شود؟,"['نتیجه\u200cگیری را آماده کنید', 'سوالی مطرح کنید', 'آزمایش را انجام دهید', 'انتخاب تجهیزات مناسب']",B,هر تحقیق علمی با پرسش آغاز می‌شود تا مسیر و هدف مراحل بعدی مشخص شود.,B,0.993775486946106,B,0.9991348385810852,True,True,True,True,[0.00167166 0.9937755  0.0035389  0.00101391],[7.02664431e-04 9.99134839e-01 1.01228405e-04 6.13981319e-05]
1804,کدام جفت ابزار میتوانند برای اندازه‌گیری احساس سرما ناشی از باد استفاده شوند؟,"['بارومتر و نشانگر باد', 'نشانگر باد و آنemometer', 'ترمومتر و بارومتر', 'آنemometer و ترمومتر']",D,احساس سرما ناشی از باد با ترکیب اندازه‌گیری سرعت باد و دما محاسبه می‌شود.,D,0.7343279123306274,D,0.900067925453186,True,True,True,True,[0.18566717 0.07739759 0.00260734 0.7343279 ],[6.4819783e-02 3.4695528e-02 4.1675192e-04 9.0006793e-01]
1805,بایسون‌ها حیوانات چراکننده هستند. آن‌ها در دشت‌ها حرکت می‌کنند و علف می‌خورند. اگر تعداد زیادی بایسون در یک منطقه وجود داشته باشد، احتمالاً,"['شکارچیان کمتری برای بایسون\u200cها وجود خواهند داشت.', 'حیوانات بزرگ چراکننده\u200cی دیگری نیز وجود خواهد داشت.', 'درختچه\u200cهای بلند و درختان زیادی موجود خواهد بود.', 'علف کمتری و خاک خالی بیشتری وجود خواهد داشت.']",D,چرای بیش از حد توسط تعداد زیاد حیوانات علف‌خوار، پوشش گیاهی را کاهش داده و زمین را لخت می‌کند.,A,0.3878985643386841,D,0.8104174733161926,False,True,True,True,[0.38789856 0.08655187 0.18323031 0.34231928],[0.09679057 0.05180825 0.0409837  0.8104175 ]
1806,کدام یک احتمالاً نتیجه افزایش جریان بالایی در یک منطقه ساحلی خواهد بود؟,"['زندگی آبی بیشتر', 'مواد مغذی کمتر در آب', 'دمای بالاتر آب', 'نیتروات\u200cهای کمتر']",A,جریان بالایی مواد مغذی عمق را به سطح می‌آورد، که تولید زیستی را افزایش داده و محیط را برای موجودات دریایی غنی می‌کند.,A,0.9590053558349609,A,0.9984872341156006,True,True,True,True,[0.95900536 0.00835393 0.02915809 0.00348244],[9.9848723e-01 9.0429955e-04 3.3267323e-04 2.7579578e-04]
1807,کدام یک از بیانات به بهترین وجه فرایند تنفس را توصیف می‌کند؟,"['اکسیژن و قند در فرایندی که انرژی را به سلول\u200cها می\u200cدهد استفاده می\u200cشوند؛ آب و دی\u200cاکسید کربن محصولات زائد آن هستند.', 'آب و قند در فرایندی که انرژی را به سلول\u200cها می\u200cدهد استفاده می\u200cشوند؛ اکسیژن و دی\u200cاکسید کربن محصولات زائد آن هستند.', 'اکسیژن و دی\u200cاکسید کربن در فرایندی که انرژی را به سلول\u200cها می\u200cدهد استفاده می\u200cشوند؛ قند و آب محصولات زائد آن هستند.', 'دی\u200cاکسید کربن و قند در فرایندی که انرژی را به سلول\u200cها می\u200cدهد استفاده می\u200cشوند؛ آب و اکسیژن محصولات زائد آن هستند.']",A,تنفس سلولی با مصرف اکسیژن و گلوکز انرژی تولید می‌کند و آب و دی‌اکسید کربن آزاد می‌شود.,A,0.9217608571052551,A,0.9850819110870361,True,True,True,True,[0.92176086 0.06638204 0.00805305 0.00380399],[0.9850819  0.00979991 0.00408521 0.0010329 ]
1808,سؤالی: شخصی که در یک چرخ و فلک در حال حرکت سوار است به طور مداوم در حال تغییر است,"['A) جرم.', 'B) سرعت.', 'C) نیروی خالص.', 'D) نرخ چرخش.']",C,سرعت برداری است و با تغییر جهت مداوم در حرکت دایره‌ای، مقدار آن ثابت نمی‌ماند.,B,0.6100571751594543,B,0.7371190190315247,False,False,False,False,[0.05027254 0.6100572  0.01440332 0.32526702],[0.04191157 0.737119   0.00812493 0.21284449]
1809,کدام عمل باعث می‌شود که شکر به یک ماده جدید تبدیل شود؟,"['پختن شکر روی اجاق', 'ریختن شکر از طریق توری', 'حل کردن یک قند در آب', 'خرد کردن یک قند به قطعات']",A,حرارت دادن باعث تجزیه مولکولی و ایجاد ترکیبات جدید با ویژگی‌های متفاوت می‌شود، برخلاف سایر تغییرات که ماهیت ماده را حفظ می‌کنند.,C,0.8183637261390686,A,0.8279920220375061,False,True,True,True,[0.06717539 0.09773961 0.8183637  0.01672128],[0.827992   0.07731669 0.08761128 0.00708008]
1810,بیماری‌های عفونی می‌توانند از موجودی به موجود دیگر منتقل شوند، به جز موارد زیر:,"['گزش حشرات.', 'غذای آسیب دیده.', 'به\u200cصورت ژنتیکی از والدین.', 'پاتوژن\u200cها در هوا.']",C,بیماری‌های عفونی از طریق عوامل خارجی مانند میکروب‌ها منتقل می‌شوند، نه از طریق وراثت که مربوط به بیماری‌های ژنتیکی است.,A,0.6027942299842834,C,0.9790803790092468,False,True,True,True,[0.60279423 0.08221917 0.28473982 0.03024674],[1.6584836e-02 3.3694138e-03 9.7908038e-01 9.6535316e-04]
1811,کدام روش امن‌ترین راه برای تماشای کسوف خورشید است؟,"['بعد از دو یا سه دقیقه به سمت دیگری بچرخید.', 'به خورشید از طریق یک تلسکوپ بلند نگاه کنید.', 'تصویری را از طریق یک سوراخ سوزنی بر روی یک صفحه نمایش بیندازید.', 'به طور مرتب پلک بزنید تا چشمانتان به نور عادت کند.']",C,این روش با نمایش غیرمستقیم تصویر روی یک سطح، از تماس مستقیم پرتوهای مضر با چشم جلوگیری می‌کند و برای بینایی کاملاً بی‌خطر است.,A,0.8260753154754639,C,0.7997968196868896,False,True,True,True,[0.8260753  0.12594263 0.03608317 0.01189897],[0.08495912 0.10908967 0.7997968  0.00615442]
1812,گل‌های صبح‌گاهی از گیاهانی هستند که تنوع زیادی در ژن‌های رنگ گل دارند. هنگامی که یک گل سفید در یک جمعیت به‌طور مستقل از صفت رنگ گل سفید ظاهر می‌شود، محتمل‌ترین منبع آن چیست؟,"['جهش ژنتیکی', 'پرورش انتخابی', 'دوبرابری ژنوم', 'هماهنگی جنسی']",A,ظهور ناگهانی صفت جدید بدون دخالت انسان، معمولاً ناشی از تغییرات تصادفی در ماده ژنتیکی است که بر رنگ تأثیر می‌گذارد.,A,0.9232163429260254,A,0.9994533658027649,True,True,True,True,[9.2321634e-01 7.5634345e-02 3.0910029e-04 8.4022165e-04],[9.9945337e-01 5.1324069e-04 1.4111570e-05 1.9288229e-05]
1813,زمانی که نور سفید بر روی پیراهن پیتر می‌تابد، پیراهن آبی به نظر می‌رسد. چرا پیراهن آبی به نظر می‌رسد؟,"['تمام نور سفید را جذب کرده و بیشتر آن را به نور آبی تبدیل می\u200cکند.', 'قسمت آبی نور را بازتاب می\u200cدهد و بیشتر بقایای نور را جذب می\u200cکند.', 'فقط قسمت آبی نور را جذب می\u200cکند.', 'نور آبی مخصوص به خود را ساطع می\u200cکند.']",B,پیراهن تنها طول‌موج‌های آبی را بازتاب داده و سایر رنگ‌ها را جذب می‌کند، بنابراین آبی دیده می‌شود.,A,0.837838888168335,B,0.7649338245391846,False,True,True,True,[0.8378389  0.14645016 0.01362199 0.002089  ],[0.17067981 0.7649338  0.06278959 0.00159666]
1814,پرسش: کدام فرایند زمانی رخ می‌دهد که آب مایع به بخار آب تبدیل شود؟,"[' الف) تراکم', 'ب) حمل و نقل', 'ج) تبخیر', 'د) انباشت']",C,تبدیل آب از حالت مایع به گاز با دریافت انرژی گرمایی رخ می‌دهد.,C,0.9788230061531067,C,0.9748029112815857,True,True,True,False,[0.00654393 0.00240738 0.978823   0.01222568],[0.00940847 0.00209931 0.9748029  0.01368924]
1815,کدام بیومولوکول دارای پیوند کربن-نیتروژن نیست؟,"['پروتئین', 'پپتید', 'اسید نوکلئیک', 'کربوهیدرات']",D,[MASK]‌ها نیتروژن ندارند، در حالی که سایر مولکول‌ها این اتم را در ساختار خود شامل می‌شوند.,C,0.7377477884292603,D,0.8033590912818909,False,True,True,True,[0.05344227 0.02227805 0.7377478  0.18653186],[0.03585298 0.00259718 0.15819079 0.8033591 ]
1816,کدام یک از موارد زیر ویژگی عناصر است؟,"['آنها در هنگام واکنش با اسیدها تجزیه می\u200cشوند.', 'آنها می\u200cتوانند با جریان الکتریکی تغییر کنند.', 'آنها همیشه فلزات هستند.', 'آنها نمی\u200cتوانند به مواد کوچکتر تقسیم شوند.']",D,عناصر خالص از اتم‌های یکسان تشکیل شده و با روش‌های شیمیایی به مواد ساده‌تر تجزیه نمی‌شوند.,A,0.7923269867897034,D,0.7489783763885498,False,True,True,True,[0.792327   0.17817864 0.00538053 0.02411386],[0.2137493  0.03329572 0.00397661 0.7489784 ]
1817,با رشد جمعیت انسانی، تقاضا برای منابع طبیعی افزایش می‌یابد. کدام فعالیت منابع طبیعی را هدر می‌دهد؟,"['خاموش کردن چراغ\u200cها', 'استفاده از حمل و نقل عمومی', 'دور انداختن قوطی\u200cهای آلومینیومی', 'باز کردن پنجره\u200cها برای خنک کردن خانه']",C,دور انداختن قوطی‌ها به جای بازیافت، مواد و انرژی مصرف‌شده در تولید اولیه را هدر می‌دهد و منابع طبیعی را از چرخه استفاده خارج می‌کند.,B,0.5311794281005859,C,0.9134425520896912,False,True,True,True,[0.3665028  0.5311794  0.03862911 0.06368864],[0.06668853 0.01660009 0.91344255 0.00326875]
1818,کدام مثال بهترین تصویر از ساختارهایی را نشان می‌دهد که سیستم گوارشی در بدن انسان را تشکیل می‌دهند؟,"['قلب، خون، رگ\u200cها', 'بینی، نای، ریه\u200cها', 'مغز، نخاع، اعصاب', 'مری، معده، روده\u200cها']",D,این ساختارها مسئول انتقال، هضم و جذب غذا در بدن انسان هستند.,D,0.8445433378219604,D,0.8989014625549316,True,True,True,True,[1.2951492e-01 2.5503000e-02 4.3880334e-04 8.4454334e-01],[2.7464442e-02 7.3498659e-02 1.3538837e-04 8.9890146e-01]
1819,کدام‌یک از این عبارات بهترین توصیف‌کننده‌ی اتم‌هاست؟,"['دو یا چند عنصر ترکیب شده', 'کوچک\u200cترین واحدهای یک عنصر', 'ذرات درون هسته', 'اشکال مختلف یک عنصر']",B,کوچک‌ترین بخش یک عنصر که ویژگی‌های آن را حفظ می‌کند.,B,0.5833629965782166,B,0.9847267866134644,True,True,True,True,[0.40250838 0.583363   0.0018786  0.01225003],[1.3964311e-02 9.8472679e-01 6.9524214e-04 6.1354903e-04]
1820,چندین گونه ماهی در یک آکواریوم کلاس درس زندگی می‌کنند. دانش‌آموزان متوجه می‌شوند که آبشش‌های یک نوع ماهی سریع‌تر از آبشش‌های سایر ماهی‌ها حرکت می‌کند. کدام یک از این بیانیه‌ها بهترین فرضیه برای این مشاهده است؟,"['ماهی\u200cها دارای قلب دو محفظه\u200cای هستند.', 'برخی از ماهی\u200cها بسیار بزرگتر از سایرین هستند.', 'ماهی\u200cها به مقدارهای مختلفی از اکسیژن نیاز دارند.', 'در آکواریوم شش نوع ماهی وجود دارد.']",C,سرعت تنفس با نیاز به اکسیژن ارتباط دارد و تفاوت در این نیاز، علت مشاهده است.,A,0.5516818761825562,C,0.9839956164360046,False,True,True,True,[0.5516819  0.00416307 0.43133187 0.01282316],[1.5781036e-02 1.5471183e-04 9.8399562e-01 6.8652960e-05]
1821,زمانی که یک شاتل فضایی به دور زمین می‌چرخد و به خانه برمی‌گردد، نیرویی در برابر حرکت آن وجود دارد. منبع این نیروی مخالف چیست؟,"['اصطکاک ناشی از جو', 'سرعت شاتل', 'جرم شاتل', 'گراویته زمین']",A,جو رقیق در مدار باعث ایجاد اصطکاک می‌شود که سرعت را کاهش داده و بازگشت را ممکن می‌کند.,D,0.7537634968757629,A,0.9984690546989441,False,True,True,True,[2.4471118e-01 1.4551058e-03 7.0216542e-05 7.5376350e-01],[9.9846905e-01 1.6974393e-04 2.6031072e-05 1.3351393e-03]
1822,کم‌خونی گوشه‌ای حالتی است که شکل گلبول‌های قرمز خون را تحت تأثیر قرار می‌دهد. فردی که تحت تأثیر قرار نگرفته است می‌تواند با ژنوتیپ AA نشان داده شود. فردی که تحت تأثیر قرار گرفته است می‌تواند با ژنوتیپ SS نشان داده شود. افرادی که ناقل هستند، ژنوتیپ AS دارند. بهترین توصیف از کم‌خونی گوشه‌ای چیست؟,"['آلل\u200cهای متعدد', 'عدم تسلط کامل', 'هتروزیگوت غالب', 'هتروزیگوت مغلوب']",B,این بیماری تنها در حالت هموزیگوت مغلوب بروز می‌کند و ناقلان بدون علامت هستند.,D,0.4736824333667755,D,0.7161658406257629,False,False,False,False,[0.36890426 0.03857964 0.11883365 0.47368243],[0.06257787 0.01607133 0.20518495 0.71616584]
1823,در ابتدای یک کلاس علوم، معلم یک شیشه کوچک مهر و موم شده را باز کرد و آن را روی میزی قرار داد. محتوای شیشه در طول کلاس در اتاق پخش شد. کدام یک از موارد زیر احتمالاً در شیشه وجود داشت؟,"['الیاف پارچه\u200cای', 'گاز اکسیژن', 'آب نمک', 'برفک\u200cها']",B,ماده جامد در دمای اتاق مستقیماً به گاز تبدیل می‌شود و در هوا پخش می‌گردد، که با رفتار سایر موارد سازگار نیست.,A,0.9299770593643188,D,0.6883025169372559,False,False,False,False,[0.92997706 0.02485576 0.03616492 0.00900216],[0.11960904 0.17403013 0.01805826 0.6883025 ]
1824,دو دانش‌آموز متوجه می‌شوند که صورت فلکی عقرب درست بالای سر آن‌هاست هنگامی که وارد یک ساختمان می‌شوند. وقتی چند ساعت بعد ساختمان را ترک می‌کنند، عقرب دیگر درست بالای سرشان نیست. کدام یک از این جملات توضیح می‌دهد که چرا عقرب در موقعیت متفاوتی به نظر می‌رسد؟,"['زمین حول محور خود می\u200cچرخد.', 'زمین به دور خورشید می\u200cچرخد.', 'ستاره\u200cها در حال حرکت در فضا هستند.', 'جاذبه ماه ستاره\u200cها را جذب می\u200cکند.']",A,چرخش سیاره ما باعث می‌شود موقعیت ستارگان در آسمان طی چند ساعت تغییر کند.,A,0.9948908090591431,A,0.9991676807403564,True,True,True,True,[9.9489081e-01 1.3049417e-03 2.5695824e-04 3.5471993e-03],[9.9916768e-01 3.7612152e-04 2.2812923e-04 2.2812923e-04]
1825,در چرخه زندگی قورباغه، کدام یک از موارد زیر بهترین توصیف را بعد از مرحله لارو ارائه می‌دهد؟,"['دم رشد می\u200cکند و آبشش\u200cها ناپدید می\u200cشوند.', 'آبشش\u200cها شکل می\u200cگیرند و پاهای جلو ظاهر می\u200cشوند.', 'پاهای عقبی رشد می\u200cکنند و ریه\u200cها ناپدید می\u200cشوند.', 'ریه\u200cها شکل می\u200cگیرند و دم کوتاه\u200cتر می\u200cشود.']",D,پس از لارو، ریه‌ها برای زندگی در خشکی تشکیل شده و دم تحلیل می‌رود.,B,0.7301561832427979,B,0.41872960329055786,False,False,False,False,[0.20919326 0.7301562  0.04119259 0.019458  ],[0.36952758 0.4187296  0.10587142 0.10587142]
1826,سوال: کدام جفت از موجودات بیشترین نفع را از یکدیگر می‌برند؟,"['الف) پرندگان بر روی یک درخت آشیانه می\u200cسازند', 'ب) کرم\u200cها ریشه\u200cهای یک گیاه را می\u200cخورند', 'ج) سنجاب\u200cها دانه\u200cها را از یک درخت دفن می\u200cکنند', 'د) گوزن\u200cها شاخ\u200cهای خود را بر روی یک درخت خراشیده می\u200cکنند']",C,هر دو طرف از رابطه سود می‌برند: سنجاب‌ها غذا می‌گیرند و درخت تکثیر می‌شود.,A,0.4621168375015259,A,0.4201996624469757,False,False,False,False,[0.46211684 0.11593217 0.06205402 0.35989696],[0.42019966 0.13641885 0.15458283 0.28879872]
1827,زمانی که یک اکوسیستم از جانشینی اولیه به جانشینی ثانویه گونه‌های گیاهی منتقل می‌شود، چه چیزی احتمالاً کاهش می‌یابد؟,"['نرخ فرسایش', 'تنوع گیاهی', 'فعالیت حیوانات', 'ضخامت خاک']",A,در جانشینی ثانویه، خاک ضخیم‌تر می‌شود و کاهش آن نامحتمل است، برخلاف سایر موارد که معمولاً افزایش می‌یابند.,B,0.7506126761436462,B,0.5759772658348083,False,False,False,False,[0.2427382  0.7506127  0.00213317 0.00451592],[2.1189021e-01 5.7597727e-01 2.4235074e-04 2.1189021e-01]
1828,دانش‌آموزان طراحی‌های مختلف بال‌های هواپیمای مدل را آزمایش می‌کنند تا تعیین کنند کدام طراحی اجازه می‌دهد که بیشترین فاصله پرواز حاصل شود. آزمایش‌های پرواز در یک سالن ورزشی انجام می‌شود. کدام یک از واحدهای SI زیر برای اندازه‌گیری فاصله پرواز مناسب‌ترین است؟,"['پا', 'متر', 'مایل', 'کیلومتر']",B,[MASK] واحد استاندارد بین‌المللی برای اندازه‌گیری فواصل متوسط مانند طول سالن ورزشی است.,B,0.9965993762016296,B,0.9952087998390198,True,True,True,False,[2.8047152e-03 9.9659938e-01 2.6087917e-04 3.3497543e-04],[4.5372793e-03 9.9520880e-01 1.0342356e-04 1.5048039e-04]
1829,هنگام برآورد کردن مقدار مصالح ساختمانی، بهتر است برای برخی از ضایعات و خطاها مجوز داده شود تا اینکه به ازای عدم سفارش کافی مصالح، تأخیر ایجاد شود. یک مهندس در حال برآورد تعداد بسته‌های شیروانی مورد نیاز برای یک منطقه سقف به مساحت تقریباً ۲۰۰۰ فوت مربع است. در شیروانی، یک مربع معادل ۱۰۰ فوت مربع است و هر بسته یک سوم یک مربع را پوشش می‌دهد. کدام یک از گزینه‌های زیر به نزدیک‌ترین تعداد بسته‌هایی که مهندس باید سفارش دهد، نزدیک‌تر است؟,"['۲۳', '۴۳', '۶۳', '۸۳ ۳۳۱']",C,مساحت سقف ۲۰ مربع است که نیاز به ۶۰ بسته دارد. با احتساب ضایعات احتمالی، عددی بالاتر و نزدیک انتخاب می‌شود.,A,0.44670215249061584,A,0.52308189868927,False,False,False,False,[0.44670215 0.12798232 0.23910244 0.18621315],[0.5230819  0.11671535 0.27998558 0.08021721]
1830,سام روی توده‌ای از خاک آب ریخت و مشاهده کرد که مقداری از خاک از آن توده فرسایش پیدا کرد. کدام سؤال را می‌تواند بررسی کند تا اطلاعات بیشتری درباره‌ی فرسایش بیاموزد؟,"['چقدر مدت طول می\u200cکشد تا خاک خیس بماند؟', 'کدام نوع حیوانات در خاک زندگی می\u200cکنند؟', 'آیا افزودن آب بیشتر نوع خاک را تغییر می\u200cدهد؟', 'آیا انواع مختلف خاک با سرعت\u200cهای متفاوتی شسته می\u200cشوند؟']",D,بررسی تأثیر جنس خاک بر سرعت فرسایش، مستقیماً به مشاهده اولیه مرتبط است و اطلاعات بیشتری ارائه می‌دهد.,D,0.7848131656646729,D,0.9713134765625,True,True,True,True,[0.17580087 0.02675013 0.01263587 0.78481317],[0.02629225 0.00108521 0.00130901 0.9713135 ]
1831,کدام یک از بیانات ویژگی فیزیکی ماه را به درستی توصیف می‌کند؟,"['الف) ماه از گازهای داغ تشکیل شده است.', 'ب) ماه با بسیاری از حفره\u200cها پوشیده شده است.', 'ج) ماه دارای بسیاری از توده\u200cهای آب مایع است.', 'د) ماه توانایی ساطع کردن نور خود را دارد.']",B,ماه جامد است و سطح آن به دلیل برخورد اجرام آسمانی در طول زمان، پوشیده از گودال‌های متعدد می‌باشد.,A,0.8263653516769409,B,0.8411248326301575,False,True,True,True,[0.82636535 0.05962832 0.04643859 0.06756775],[0.04745302 0.84112483 0.0886539  0.02276821]
1832,یک خودروی ۱۵۰۰ کیلوگرمی سرعت خود را به میزان ۲ متر بر ثانیه برای هر ثانیه سفر افزایش می‌دهد. نیروی خالص وارد بر خودرو چیست؟,"['۷۵۰ نیوتن', '۱۵۰۰ نیوتن', '۳۰۰۰ نیوتن', '۶۰۰۰ نیوتن']",C,نیروی خالص برابر حاصلضرب جرم در شتاب است.,A,0.3632122874259949,A,0.785988986492157,False,False,False,False,[0.3632123  0.13361834 0.2202994  0.28287002],[0.785989   0.0342652  0.10720633 0.07253943]
1833,ملیندا یک شب از پنجره اش بیرون نگاه کرد و یک ستاره بسیار درخشان را درست بالای درختی دید. در اواخر آن شب دوباره به بیرون نگاه کرد و ستاره ناپدید شده بود. کدام گزینه بهترین توضیح را برای آنچه که اتفاق افتاده ارائه می‌دهد؟,"['زمین می\u200cچرخد تا ستاره\u200cها به نظر برسند که حرکت می\u200cکنند.', 'برخی از ستاره\u200cها فقط به مدت چند ساعت در هر شب درخشان هستند.', 'ستاره حتماً سوخته است.', 'برخی از ستاره\u200cها سریع\u200cتر از دیگران حرکت می\u200cکنند.']",A,چرخش زمین باعث می‌شود اجرام آسمانی در آسمان جابه‌جا شوند و از دید ناظر محو گردند.,B,0.9888985753059387,A,0.9460152983665466,False,True,True,True,[1.1044835e-02 9.8889858e-01 2.6535094e-05 3.0068200e-05],[9.4601530e-01 5.3684168e-02 1.7355566e-04 1.2697604e-04]
1834,کدام بیان یک نظر است؟,"['برخی از ارگانیسم\u200cهای چندسلولی گیاهان هستند.', 'بیشتر ارگانیسم\u200cها چندسلولی هستند.', 'برخی از ارگانیسم\u200cهای چندسلولی سمی هستند.', 'بیشتر ارگانیسم\u200cهای چندسلولی خطرناک هستند.']",D,این عبارت یک ادعای ذهنی و قابل بحث است، نه یک واقعیت علمی اثبات‌شده.,B,0.9046541452407837,B,0.7315130829811096,False,False,False,False,[0.05123685 0.90465415 0.0399033  0.00420578],[0.18351614 0.7315131  0.05257826 0.03239252]
1835,کدام شکل انرژی می‌تواند از طریق خلاء سفر کند؟,"['حرارتی', 'خورشیدی', 'مکانيکی', 'شیمیایی']",B,انرژی [MASK] به‌صورت امواج الکترومغناطیسی منتقل می‌شود که بدون نیاز به محیط مادی در خلاء حرکت می‌کند.,A,0.5730552077293396,A,0.890331506729126,False,False,False,False,[0.5730552  0.30673435 0.08788086 0.03232956],[0.8903315  0.09310998 0.00981372 0.00674486]
1836,کدام نوع ظرف نوشیدنی بهترین حفاظت از منابع طبیعی را انجام می‌دهد؟,"['بطری شیشه\u200cای', 'فنجان قابل استفاده مجدد', 'کارتن کاغذی', 'بطری یک\u200cبار مصرف']",B,به دلیل قابلیت استفاده مکرر، نیاز به تولید ظروف جدید کاهش یافته و در مصرف منابع طبیعی صرفه‌جویی می‌شود.,B,0.9676132798194885,B,0.9768313765525818,True,True,True,True,[0.02284515 0.9676133  0.00212493 0.00741673],[0.02027349 0.9768314  0.00100936 0.00188573]
1837,یک ظرف آب مایع در طول روز که دما ۳ درجه سانتیگراد بود، در فضای باز قرار داده شد. در شب، دمای خارج به -۲ درجه سانتیگراد کاهش یافت. این تغییر دما احتمالاً باعث شد که آب,"['متراکم شود', 'تبخیر شود', 'به صورت مایع باقی بماند', 'به حالت جامد تبدیل شود']",D,با کاهش دما به زیر صفر، آب منجمد می‌شود.,D,0.8131199479103088,D,0.8100637793540955,True,True,True,False,[0.10982911 0.07548437 0.00156663 0.81311995],[0.18004498 0.0069811  0.00291016 0.8100638 ]
1838,دانش‌آموزان به مطالعهٔ انقلاب زمین حول خورشید پرداختند. در کدام ماه فلوریدا بیشترین انرژی نور خورشید را خواهد داشت؟,"['مارس', 'ژوئن', 'سپتامبر', 'دسامبر']",B,فلوریدا در نیمکره شمالی است و در انقلاب تابستانی خورشید مستقیم‌ترین تابش را دارد.,B,0.8921933770179749,B,0.9945019483566284,True,True,True,True,[0.03445922 0.8921934  0.01653372 0.05681365],[0.00181767 0.99450195 0.00103568 0.00264469]
1839,نقص اصلی استفاده از انرژی خورشیدی برای تولید برق چیست؟,"['دی اکسید کربن تولید می\u200cکنند.', 'آلودگی آب تولید می\u200cکنند.', 'عملیات آن\u200cها هزینه\u200cبر است.', 'خرید آن\u200cها هزینه\u200cبر است.']",D,این منبع پاک است اما هزینه‌های اولیه نصب و تجهیزات آن بسیار بالا می‌باشد.,A,0.9596636295318604,C,0.7557336688041687,False,False,False,False,[0.9596636  0.03283788 0.0030544  0.00444412],[0.21652132 0.00456452 0.75573367 0.02318056]
1840,یک دانشمند درپوش بطری آمونیاک را گم کرد، بنابراین آمونیاک را به یک ظرف تمیز با درب منتقل کرد. برای ایمنی بیشتر باید چه کاری انجام دهد؟,"['بطری آمونیاک قدیمی را بازیافت کند.', 'ظرف جدید را به وضوح علامت گذاری کند.', 'ظرف جدید را گرم کند تا درب آن محکم شود.', 'ظرف جدید را در یخچال نگهداری کند.']",B,برای جلوگیری از خطرات، برچسب‌گذاری ظرف جدید ضروری است تا محتویات آن مشخص شود.,B,0.9771388173103333,B,0.9911269545555115,True,True,True,True,[0.02000449 0.9771388  0.00099596 0.00186071],[8.6084902e-03 9.9112695e-01 1.5281899e-04 1.1180476e-04]
1841,در طی فتوسنتز، گیاهان نور خورشید را به چه ماده‌ای برای استفاده به عنوان انرژی تبدیل می‌کنند؟,"['الف) اکسیژن', 'ب) دی\u200cاکسید کربن', 'ج) سولفید آهن', 'د) گلوکز']",D,گیاهان انرژی نور را جذب کرده و آن را به شکل شیمیایی در قند ذخیره می‌کنند تا برای فعالیت‌های سلولی استفاده شود.,D,0.848519504070282,D,0.9444764852523804,True,True,True,True,[0.0892588  0.06134661 0.00087506 0.8485195 ],[8.2033044e-03 4.7206756e-02 1.1341371e-04 9.4447649e-01]
1842,برخی از گونه‌های قورباغه اگر محیط بسیار خشک شود، خود را در گل دفن می‌کنند. قورباغه‌ها به نوعی از خواب زمستانی می‌روند. کدامیک از گزینه‌های زیر احتمالاً علامت خروج قورباغه‌ها از گل خواهد بود؟,"['کاهش ساعات روز', 'افزایش دما هوا', 'افزایش بارندگی', 'کاهش فشار هوا']",C,مرطوب شدن محیط به دلیل بارش، شرایط لازم برای پایان خواب و بازگشت به فعالیت را فراهم می‌کند.,A,0.624431848526001,C,0.9864094257354736,False,True,True,True,[0.62443185 0.07516267 0.2949607  0.00544477],[1.2320432e-02 1.2198880e-03 9.8640943e-01 5.0350791e-05]
1843,کدام ویژگی احتمال کمتری دارد که تحت تأثیر محیط فرد قرار گیرد؟,"['الف) قد', 'ب) وزن', 'ج) رنگ پوست', 'د) رنگ چشم']",D,این ویژگی بیشتر توسط وراثت تعیین می‌شود و عوامل محیطی مانند تغذیه یا شرایط زندگی تأثیر چندانی بر آن ندارند، برخلاف سایر موارد.,A,0.31180340051651,C,0.6239667534828186,False,False,False,False,[0.3118034  0.10122775 0.27516553 0.3118034 ],[0.13922581 0.05803795 0.62396675 0.17876947]
1844,یک معلم در حال انجام یک تحقیق است و از تجهیزات خاصی برای نگه‌داشتن یک نوار منیزیم (Mg) بر روی شعله یک مشعل بونسون استفاده می‌کند. کدام مشاهده نشان‌دهنده وقوع یک واکنش شیمیایی است؟,"['دمای نوار منیزیم افزایش یافت.', 'شکل نوار منیزیم تغییر کرد.', 'منیزیم سوخت و نور تولید کرد.', 'منیزیم به نظر می\u200cرسد بخار شود.']",C,سوختن و تولید نور نشان‌دهنده تشکیل ماده جدید و آزاد شدن انرژی است که ویژگی تغییر شیمیایی است.,C,0.9498619437217712,C,0.9583786725997925,True,True,True,True,[0.03704658 0.01044947 0.94986194 0.00264204],[3.7451826e-02 3.4835625e-03 9.5837867e-01 6.8595412e-04]
1845,پروپان (C₃H₈) در دمای اتاق گازی است. کدام یک از جملات زیر بهترین توصیف کننده ویژگی های فیزیکی یک نمونه پروپان در دمای اتاق است؟,"['این ماده حجم معینی دارد و شکل ظرف خود را به خود می\u200cگیرد.', 'این ماده حجم نامعینی دارد و شکل ظرف خود را به خود می\u200cگیرد.', 'این ماده حجم معینی دارد و شکل آن وابسته به ظرف خود نیست.', 'این ماده حجم نامعینی دارد و شکل آن وابسته به ظرف خود نیست.']",B,گازها شکل و حجم ثابتی ندارند و کاملاً با ظرف خود تطابق می‌یابند.,B,0.32452476024627686,B,0.8892732858657837,True,True,True,True,[0.25274014 0.32452476 0.2863921  0.13634308],[0.03922486 0.8892733  0.01443002 0.05707184]
1846,دنيس معتقد است که پوسته زمین در همه جای جهان به طور یکنواخت ضخیم است. چارلی می‌گوید که دنيس اشتباه می‌کند، اما او هیچ واقعیتی نمی‌داند که به او در پیروزی در این بحث کمک کند. کدام واقعیت به چارلی کمک خواهد کرد؟,"['زمین به دلیل چرخش خود در قطب\u200cها کمی صاف است.', 'قاره\u200cها توده\u200cهای سنگی ضخیم هستند، بر خلاف بستر اقیانوس\u200cها.', 'زمین دارای یک هسته داخلی جامد و کروی است که عمدتاً از آهن ساخته شده است.', 'صفحات زمین به طور مداوم با سرعت بسیار کمی در حال حرکت هستند.']",B,پوسته قاره‌ها ضخیم‌تر از مناطق اقیانوسی است، که نادرستی ادعای یکنواختی را نشان می‌دهد.,A,0.710088849067688,B,0.9838343858718872,False,True,True,True,[0.71008885 0.10932186 0.14037204 0.04021726],[1.4088570e-02 9.8383439e-01 1.2310455e-03 8.4608438e-04]
1847,سوار کردن قایق به جلو نیاز به نیرویی دارد که بر نیروی اصطکاک ناشی از آب و باد غلبه کند. کدام عامل بیشتر به غلبه بر نیروهای عمل‌کننده در برابر قایق کمک می‌کند؟,"['طول قایق', 'ارتفاع دیواره\u200cهای قایق', 'وزن پاروزنان در قایق', 'تعداد افرادی که در قایق پارو می\u200cزنند']",D,افزایش تعداد پاروزنان نیروی محرکه را مستقیماً بالا می‌برد و بهتر بر مقاومت غلبه می‌کند.,C,0.3677917718887329,D,0.8941070437431335,False,True,True,True,[0.25277933 0.09299232 0.36779177 0.28643653],[0.02354955 0.0086634  0.07368002 0.89410704]
1848,حرکت صفحات پوسته زمین به بهترین شکل به عنوان,"['گرایش به افزایش حرکت پوسته در طول زمان.', 'مجموعه\u200cای از رویدادها که به سرعت رخ می\u200cدهند.', 'فرآیند درازمدت و ادامه\u200cدار.', 'فرآیندی که الگوی قابل پیش\u200cبینی دارد.']",C,این حرکت بسیار کند و تدریجی است و در مقیاس زمانی زمین‌شناسی رخ می‌دهد.,A,0.543344259262085,C,0.9315993785858154,False,True,True,True,[0.54334426 0.1544593  0.29083124 0.0113652 ],[0.05255724 0.01349782 0.9315994  0.00234557]
1849,برخی مناطق مقدار زیادی انرژی زمین‌گرمایی تولید می‌کنند. تولید این انرژی نشان‌دهنده این است که پوسته در این مناطق:,"['ذخایر بزرگ نفتی دارد.', 'به عمق زمین نفوذ می\u200cکند.', 'غنی از فلزات گرانبهاست.', 'توسط ماگماهای نزدیک گرم می\u200cشود.']",D,انرژی زمین‌گرمایی از گرمای ماگماهای نزدیک به سطح زمین ناشی می‌شود، نه منابع دیگر.,D,0.4632357358932495,B,0.5167447924613953,True,False,False,False,[0.19310538 0.28096667 0.06269214 0.46323574],[0.06884958 0.5167448  0.01196426 0.40244126]
1850,چه زمانی و کجا تعداد ساعات روشنایی روز هر روز بیشترین خواهد بود؟,"['در زمستان نزدیک به خط استوا', 'در تابستان نزدیک به خط استوا', 'در زمستان نزدیک به قطب شمال', 'در تابستان نزدیک به قطب شمال']",D,در تابستان نیمکره شمالی، انحراف محور زمین سبب می‌شود مناطق قطبی تا ۲۴ ساعت نور خورشید دریافت کنند.,A,0.48896390199661255,C,0.4036532938480377,False,False,False,False,[0.4889639  0.4889639  0.01308145 0.00899074],[0.2774266  0.21606004 0.4036533  0.10286   ]
1851,بتسی می‌خواهد متوجه شود آیا بارش باران در شهرش حاوی آلودگی‌ها است. بهترین راه برای بتسی برای جمع‌آوری این اطلاعات این است که به‌طور ذیل عمل کند:,"['یک نمونه در یک روز بارانی.', 'یک نمونه در هر روز در چندین روز بارانی.', 'چندین نمونه جداگانه در یک روز بارانی.', 'چندین نمونه جداگانه در چندین روز بارانی.']",D,نمونه‌برداری در روزهای مختلف به دلیل تغییر شرایط و کاهش خطا، داده‌های قابل اعتمادتری ارائه می‌دهد.,D,0.8024538159370422,D,0.9430630207061768,True,True,True,True,[1.8045597e-01 1.6524794e-02 5.6544726e-04 8.0245382e-01],[0.03226984 0.02217872 0.00248838 0.943063  ]
1852,تبخیر آب در سطح زمین احتمالاً باعث تشکیل چه چیزی می‌شود؟,"['یخچال\u200cهای طبیعی.', 'کوه\u200cها.', 'گاز طبیعی.', 'سنگ آهک.']",D,تبخیر آب، آن را از حالت مایع به بخار تبدیل می‌کند که یک گاز است و در جو تشکیل می‌شود.,A,0.7127504944801331,A,0.8054522275924683,False,False,False,False,[0.7127505  0.09608423 0.01165634 0.17950895],[0.8054522  0.10900611 0.0401011  0.04544051]
1853,کدام سوال بهترین کمک را به یک دانش آموز می کند تا ترکیب یک ماده ناشناخته را تعیین کند؟,"['آیا نمونه گرم است یا سرد؟', 'ارزش نمونه چقدر است؟', 'آیا نمونه هرگز مذاب شده است؟', 'آیا نمونه برق را هدایت می کند؟']",D,هدایت الکتریکی مستقیماً به ساختار ماده مرتبط است و ترکیب آن را با شناسایی ذرات باردار نشان می‌دهد.,A,0.704275906085968,D,0.9126921892166138,False,True,True,True,[0.7042759  0.01142811 0.26010266 0.02419332],[0.08423295 0.00129915 0.00177573 0.9126922 ]
1854,یک لاستیک خودرو بر روی یک قوطی می‌رود و آن را به‌طور کامل خرد می‌کند. کدام یک از عبارات زیر برای اتم‌های ساختار قوطی صحیح است؟,"['اتم\u200cها شکسته\u200cاند.', 'اتم\u200cها صاف شده\u200cاند.', 'اتم\u200cها همانند قبل باقی می\u200cمانند.', 'اتم\u200cها به اتم\u200cهای متفاوت تبدیل شده\u200cاند.']",C,اتم‌ها در تغییرات فیزیکی دست‌نخورده باقی می‌مانند و تنها آرایش آن‌ها تغییر می‌کند.,A,0.40151941776275635,B,0.48085060715675354,False,False,False,False,[0.40151942 0.18966433 0.00729686 0.40151942],[0.17828245 0.4808506  0.13884652 0.2020205 ]
1855,کدامیک از ویژگی‌های زیر اتانول یک ویژگی شیمیایی است؟,"['بی\u200cرنگ', 'قابل اشتعال', 'در دمای ۷۸ درجه سانتی\u200cگراد می\u200cجوشد', 'چگالی ۰.۷۹ گرم بر سانتی\u200cمتر مکعب']",B,قابلیت اشتعال نشان‌دهنده تغییر هویت ماده در واکنش شیمیایی است، برخلاف ویژگی‌های فیزیکی که بدون تغییر اندازه‌گیری می‌شوند.,B,0.7314872741699219,B,0.9905106425285339,True,True,True,True,[0.05319615 0.7314873  0.12761094 0.08770563],[0.00525899 0.99051064 0.00281494 0.00141544]
1856,تا به تازگی، تنها بخش کوچکی از DNA بشر شناخته شده بود که عملکرد خاصی دارد. بقیه DNA فکر می شد که اهمیت ندارد. شواهد جدید اکنون نشان می دهد که تمام DNA در عملکردهای خاص ژنی مورد نیاز است. کدام بیانیه به بهترین وجه اهمیت این شواهد جدید را توصیف می کند؟,"['این امر مطالعه DNA را بسیار ساده تر خواهد کرد.', 'این امر ثابت می کند که DNA کمتر از آنچه قبلاً تصور می شد اهمیت دارد.', 'این امر شواهدی فراهم می آورد که نتایج علمی نباید به چالش کشیده شوند.', 'این امر نشان می دهد که دانش علمی مستعد تغییر است.']",D,این نشان می‌دهد که درک علمی با شواهد جدید تکامل می‌یابد و ثابت نیست.,D,0.6444038152694702,D,0.7712780237197876,True,True,True,True,[1.1756653e-02 3.4357977e-01 2.5973830e-04 6.4440382e-01],[5.8429535e-03 2.2270797e-01 1.7101337e-04 7.7127802e-01]
1857,کدام یک از فهرست‌های زیر زمین، مشتری، ماه و خورشید را از بزرگترین تا کوچکترین در ترتیب صحیح قرار داده است؟,"['مشتری، زمین، خورشید، ماه', 'خورشید، مشتری، زمین، ماه', 'خورشید، مشتری، ماه، زمین', 'مشتری، خورشید، زمین، ماه']",B,خورشید بزرگ‌ترین است، سپس مشتری، بعد زمین و در آخر ماه قرار دارد.,A,0.5166943073272705,B,0.9940028786659241,False,True,True,True,[0.5166943  0.45598114 0.01366228 0.01366228],[0.00358493 0.9940029  0.00131882 0.00109334]
1858,برخی از گیاهان غیر بومی می‌توانند به سرعت بیشتری نسبت به برخی از گیاهان بومی یا محصولات کشاورزی به محیط خود سازگار شوند. کدام یک از این سازگاری‌ها احتمالاً توانایی بقا یک گیاه را کاهش می‌دهد؟,"['داشتن تعداد زیادی دانه', 'داشتن مقاومت در برابر علف\u200cکش\u200cها', 'داشتن ریشه\u200cهایی که به سرعت توسعه می\u200cیابند', 'داشتن برگ\u200cهایی که به آهستگی شکل می\u200cگیرند']",D,برگ‌های کندرشد فتوسنتز را کاهش می‌دهند و گیاه را در رقابت با گونه‌های سریع ضعیف می‌کنند.,A,0.5609378814697266,A,0.47524362802505493,False,False,False,False,[0.5609379  0.38402355 0.00917359 0.04586507],[0.47524363 0.17483236 0.02329416 0.32662985]
1859,لنزهای رنگی عینک آفتابی چه تاثیری بر روی پرتوهای UV خورشید دارند؟,"['جذب می\u200cکنند', 'انحراف می\u200cدهند', 'بازتاب می\u200cکنند', 'شکست می\u200cدهند']",C,لنزهای عینک آفتابی با جذب پرتوهای فرابنفش از چشم محافظت می‌کنند و مانع عبور آنها می‌شوند.,A,0.8885318636894226,A,0.9621150493621826,False,False,False,False,[0.88853186 0.03425084 0.07250903 0.00470834],[0.96211505 0.02919557 0.00302948 0.00565982]
1860,یک مهندس در حال تحلیل این است که کدام مناطق در یک شهر ممکن است در صورت بارش شدید باران دچار سیلاب شوند. کدام یک از نقشه‌های زیر برای این تحلیل بهترین است؟,"['نقشه\u200cای که مسیرهای اتوبوس\u200cهای شهری را نشان می\u200cدهد', 'نقشه\u200cای که موقعیت خیابان\u200cها را نشان می\u200cدهد', 'نقشه\u200cای که موقعیت خانه\u200cها را نشان می\u200cدهد', 'نقشه\u200cای که ارتفاعات سطوح زمین را نشان می\u200cدهد']",D,نقشه ارتفاع زمین مسیر جریان آب و نقاط تجمع آن را نشان می‌دهد که برای شناسایی مناطق پست و مستعد سیلاب ضروری است.,D,0.9567615985870361,D,0.9812372326850891,True,True,True,True,[4.1750789e-02 1.4286333e-03 5.8966743e-05 9.5676160e-01],[1.7832128e-02 8.8780938e-04 4.2841490e-05 9.8123723e-01]
1861,حذف زغال‌سنگ از پوسته زمین می‌تواند ساختار پوسته را تغییر دهد، گاز متان آزاد کند و آب‌های زیرزمینی را با فلزات سنگین آلوده کند. کدام یک از زیرسیستم‌های زمین بیشتر در معرض تأثیر این عواقب قرار دارد؟,"['جو', 'زیست\u200cکره', 'هیدروسفر', 'لیتوسفر']",B,آب‌های زیرزمینی آلوده شده و ساختار پوسته بر منابع آبی تأثیر می‌گذارد، که بخشی از این زیرسیستم است.,C,0.7216207981109619,C,0.919146716594696,False,False,False,False,[0.10980294 0.05877328 0.7216208  0.10980294],[0.01295818 0.00890602 0.9191467  0.05898906]
1862,یک فرضیه در یک تحقیق علمی گنجانده می‌شود زیرا,"['نتیجه\u200cگیری را دقیق می\u200cسازد.', 'متغیر را توصیف می\u200cکند.', 'مسئله را بیان می\u200cکند.', 'نتایج را گزارش می\u200cدهد.']",C,فرضیه مسئله تحقیق را به صورت قابل آزمایش بیان می‌کند.,C,0.8008480072021484,A,0.7966009378433228,True,False,False,False,[0.15646912 0.02399532 0.800848   0.01868757],[0.79660094 0.06437522 0.13628235 0.00274143]
1863,گیاهان گوجه‌فرنگی در آب و هوای گرم رشد می‌کنند. اگر دما به کمتر از ۳۲ درجه فارنهایت برای دو روز متوالی کاهش یابد، احتمالاً چه رخ خواهد داد؟,"['آنها خواهند مرد.', 'آنها مهاجرت خواهند کرد.', 'آنها به خواب زمستانی خواهند رفت.', 'آنها سریع\u200cتر رشد خواهند کرد.']",A,گیاهان گوجه‌فرنگی به سرما حساسند و یخ‌زدگی طولانی مدت باعث تخریب سلولی و مرگ آن‌ها می‌شود.,B,0.8128796815872192,B,0.8291042447090149,False,False,False,False,[0.12393084 0.8128797  0.05166206 0.01152736],[0.16326031 0.82910424 0.00567443 0.00196103]
1864,یک مهندس باید یک نیروگاه بسازد که کمترین آسیب را به محیط زیست برساند. کدام نوع نیروگاه باید ساخته شود؟,"['زغال\u200cسنگ', 'هسته\u200cای', 'برق خورشیدی', 'آبی']",C,نیروگاه خورشیدی بدون آلودگی و تخریب منابع طبیعی کار می‌کند و کمترین آسیب زیست‌محیطی را دارد.,C,0.9637410044670105,C,0.9937136769294739,True,True,True,True,[0.01566896 0.00838699 0.963741   0.012203  ],[5.2966475e-03 5.4108666e-04 9.9371368e-01 4.4857658e-04]
1865,کدام نظریه در مورد منشاء ماه می‌گوید که ماه زمین به‌وسیلهٔ همان فرایندی شکل گرفته که مریخ، زحل و نپتون را تشکیل داده است؟,"['نظریهٔ برخورد بزرگ', 'نظریهٔ شکافت', 'نظریهٔ گرفتن', 'نظریهٔ هم\u200cافزایشی']",D,این نظریه بیان می‌کند که ماه ابتدا مستقل شکل گرفته و سپس توسط گرانش زمین جذب شده، مشابه فرآیند تشکیل قمرهای برخی سیارات دیگر.,A,0.8225781321525574,B,0.47581684589385986,False,False,False,False,[0.82257813 0.07621339 0.00334858 0.09785993],[0.17641611 0.47581685 0.02074324 0.32702383]
1866,کدام‌یک از موارد زیر بیشتر احتمال دارد که برای مطالعه‌ی رشد یک حشره در طول زمان استفاده شود؟,"['ساعتی که ثانیه\u200cها را اندازه\u200cگیری می\u200cکند', 'لنز دستی با لنز بزرگ', 'چندین حشره که بر روی حشرات دیگر تغذیه می\u200cکنند', 'آکواریومی شیشه\u200cای با غذایی برای حشره']",D,برای مشاهده دقیق تغییرات ریز در بدن حشره در طول زمان، ابزاری با قابلیت بزرگ‌نمایی جزئیات ضروری است.,A,0.47033777832984924,B,0.9939334988594055,False,False,False,False,[0.47033778 0.22217183 0.05573669 0.2517537 ],[4.6570823e-03 9.9393350e-01 4.3317609e-04 9.7617740e-04]
1867,نوع سازمان‌های روی زمین به دلیل افزایش سطح اکسیژن در جو تغییر کرد. کدام فرایند به این تجمع اکسیژن در جو زمین کمک کرد؟,"['تولید متابولیکی متان', 'تولید نیترات\u200cها از نیتروژن غیرآلی', 'شکست هوایی شکرها برای آزادسازی انرژی', 'تبدیل انرژی نوری به انرژی پیوند شیمیایی']",D,فتوسنتز با تبدیل انرژی نور به انرژی شیمیایی و آزادسازی اکسیژن، عامل اصلی افزایش اکسیژن جو بود.,B,0.3574371933937073,D,0.8969776630401611,False,True,True,True,[0.27837238 0.3574372  0.31543723 0.04875327],[0.04465789 0.00776038 0.05060402 0.89697766]
1868,کدام یک از این فعالیت‌های انسانی به احتمال زیاد در کاهش لایه اوزون نقش داشته است؟,"['ساخت نیروگاه\u200cهای برق آبی', 'جریان آب ناشی از مزارع کودشده', 'سوزاندن سوخت\u200cهای فسیلی', 'رهایی کلروفلورکربن\u200cها از قوطی\u200cهای اسپری']",D,مواد شیمیایی آزادشده از محصولات خاص، مولکول‌های محافظ جو را تجزیه کرده و عامل اصلی آسیب هستند.,D,0.4798383116722107,D,0.7977529764175415,True,True,True,True,[0.17721353 0.05077253 0.29217574 0.4798383 ],[0.08408254 0.01020037 0.10796412 0.797753  ]
1869,برنیس برخی از جاندارانی را که در یک مزرعه زندگی می‌کنند، مطالعه کرد. در چه جنبه‌ای یک خرگوش مشابه گیاهی است که می‌خورد؟,"['هر دو برای بقا به انرژی نیاز دارند.', 'هر دو از جانداران دیگر مصرف می\u200cکنند.', 'هر دو از زمین آب جذب می\u200cکنند.', 'هر دو غذای خود را از نور خورشید تولید می\u200cکنند.']",A,هر دو موجود برای انجام فعالیت‌های حیاتی خود به انرژی نیاز دارند.,A,0.8985060453414917,A,0.9994022846221924,True,True,True,True,[0.89850605 0.03095608 0.05783357 0.01270435],[9.9940228e-01 2.5368773e-04 2.8746587e-04 5.6605382e-05]
1870,یک نمونه از یک ماده ناشناخته شکل ظرف خود را به خود می‌گیرد. کدام سوال باید پاسخ داده شود تا اطلاعات اضافی لازم برای تعیین حالت نمونه فراهم شود؟,"['آیا شفاف است؟', 'آیا این نمونه خطرناک است؟', 'دمای این ماده چقدر است؟', 'آیا این ماده به حجم یک ظرف بزرگتر گسترش می\u200cیابد؟']",D,ماده‌ای که شکل ظرف می‌گیرد ممکن است مایع یا گاز باشد. برای تشخیص، باید بررسی کرد که آیا حجم آن در ظرف بزرگتر ثابت می‌ماند یا منبسط می‌شود.,C,0.9798866510391235,D,0.9702651500701904,False,True,True,True,[0.01103541 0.00149348 0.97988665 0.00758452],[9.3646729e-03 5.4508937e-04 1.9825013e-02 9.7026515e-01]
1871,یک دانش‌آموز در حال بررسی دمایی است که در آن تبخیر اتفاق می‌افتد. کدام جمله بهترین نشان‌دهنده این است که تبخیر رخ داده است؟,"['باران از آسمان می\u200cبارد.', 'آسمان از ابرها خالی است.', 'قطرات آب روی چمن ظاهر می\u200cشوند.', 'قطرات آب از روی چمن ناپدید می\u200cشوند.']",D,ناپدید شدن قطرات آب نشان‌دهنده تبدیل مایع به گاز است که نتیجه مستقیم تبخیر می‌باشد.,D,0.9038458466529846,D,0.9805599451065063,True,True,True,True,[0.08473013 0.00775894 0.00366507 0.90384585],[1.7750345e-02 1.0014060e-03 6.8825559e-04 9.8055995e-01]
1872,اعضای یک گونه از پرندگان به طور جغرافیایی جدا شدند. در طول سال‌ها، دو گروه به دو گونه متفاوت تکامل یافتند. کدام یک از این مشاهدات بهترین شواهدی است که نشان می‌دهد دو گونه جداگانه شکل گرفته است؟,"['هر گروه ترجیح غذایی متفاوتی دارد.', 'هر گروه ترجیح زیستگاهی متفاوتی دارد.', 'هر گروه عادات جفت\u200cگیری متفاوتی دارند.', 'هر گروه در زمان\u200cهای متفاوتی از روز فعال است.']",C,تفاوت در رفتارهای تولیدمثلی مانع آمیزش بین گروه‌ها می‌شود که معیار اصلی برای تشخیص گونه‌های جداگانه است.,A,0.6566752195358276,C,0.5539417266845703,False,True,True,True,[0.6566752  0.24063548 0.08921916 0.01347008],[0.43141025 0.0101458  0.5539417  0.00450217]
1873,کدام فرآیند بهترین مثال برای تغییر ناگهانی در سطح زمین است؟,"['زمین\u200cلغزش\u200cها که سنگ\u200cهای سست را به سمت پایین می\u200cبرند', 'رسوبات که در بستر دریا deposit می\u200cشوند', 'دلتاها که در دهانه رودخانه\u200cها شکل می\u200cگیرند', 'کوه\u200cها که تشکیل می\u200cشوند']",A,این پدیده به دلیل جابجایی سریع حجم زیادی از مواد در زمان کوتاه، تغییر ناگهانی ایجاد می‌کند، برخلاف فرآیندهای تدریجی دیگر.,A,0.9845638275146484,A,0.9935550093650818,True,True,True,True,[0.9845638  0.0097852  0.00247408 0.00317679],[0.993555   0.00316227 0.00169264 0.00159009]
1874,کدام یک از این سؤالات را نمی‌توان به صورت علمی پاسخ داد؟,"['کدام نوت\u200cهای موسیقی توسط گوش انسانی قابل درک هستند؟', 'کدام نوت\u200cهای موسیقی با هم ترکیب می\u200cشوند تا زیباترین باشند؟', 'کدام فرکانس\u200cها توسط کودکان قابل شنیدن هستند اما بزرگسالان نمی\u200cتوانند آن\u200cها را بشنوند؟', 'کدام فرکانس\u200cها می\u200cتوانند توسط تارهای صوتی انسانی تولید شوند؟']",B,این سوال به سلیقه شخصی مربوط است و معیار علمی قابل اندازه‌گیری ندارد.,B,0.5110800266265869,B,0.7097831964492798,True,True,True,True,[0.35125983 0.51108    0.10063762 0.03702252],[0.22998326 0.7097832  0.05131619 0.00891742]
1875,چه زمانی یک دانش‌آموز می‌تواند به‌طور ایمن یک آزمایش را در آزمایشگاه علمی آغاز کند؟,"['هنگامی که شما دستورالعمل\u200cها را خوانده\u200cاید', 'پس از اینکه تجهیزات آزمایشگاه خود را بررسی کرده\u200cاید', 'پس از اینکه معلم آزمایشگاه به شما بگوید که شروع کنید', 'پس از اینکه معلم آزمایشگاه دستورالعمل\u200cها را بخواند']",C,برای ایمنی، دانش‌آموز باید منتظر تأیید و اجازه معلم باشد تا مطمئن شود شرایط تحت نظارت است.,B,0.8502825498580933,C,0.997372031211853,False,True,True,True,[0.08961911 0.85028255 0.04796966 0.01212863],[2.0495574e-03 1.3518297e-04 9.9737203e-01 4.4324787e-04]
1876,"برخی از کارخانه‌های کاغذ از ماشین‌آلاتی استفاده می‌کنند که کاغذ را بدون استفاده از چوب تولید می‌کنند و این نوع کاغذ ""کاغذ بدون چوب"" نامیده می‌شود. این ماشین‌ها کاغذ را از موادی مانند پنبه و ضایعات برنج می‌سازند. استفاده از کاغذ بدون چوب بیشترین تأثیر را بر روی کدام مشکل دارد؟","['افزایش استفاده از سوخت\u200cهای فسیلی', 'کاهش تأمین آب', 'از بین رفتن زیستگاه\u200cهای حیوانات', 'آلودگی هوا']",C,این روش با کاهش نیاز به قطع درختان، از نابودی جنگل‌ها جلوگیری می‌کند که زیستگاه اصلی بسیاری از جانوران است و تخریب آن را کاهش می‌دهد.,A,0.8958044648170471,C,0.9874976873397827,False,True,True,True,[0.89580446 0.00887701 0.00136133 0.09395719],[1.2358137e-02 8.3268475e-05 9.8749769e-01 6.0920520e-05]
1877,دانش‌آموزی شیء‌ای را از روی یک شیب پایین می‌لغزاند. دانش‌آموز بیان می‌کند که اصطکاک باعث می‌شود شیء به آرامی بلغزد. توضیح دیگری که برای حرکت کند ممکن است وجود داشته باشد این است که,"['شیب ramp کوچک است.', 'سطح ramp صاف است.', 'شیء گرد و صیقلی است.', 'کشیدگی جاذبه بر روی شیء ضعیف است.']",A,شیب کم مؤلفه نیروی گرانش در جهت حرکت را کاهش می‌دهد و در نتیجه سرعت حرکت شیء کمتر می‌شود.,B,0.6187737584114075,A,0.9828056693077087,False,True,True,True,[0.15767756 0.61877376 0.08439872 0.13914996],[0.98280567 0.01222756 0.00309161 0.00187516]
1878,عرضه مس در زمین محدود است. این موضوع چگونه بر نحوه استفاده از مس تأثیر می‌گذارد؟,"['مس باید بازیافت شود.', 'هزینه مس کمتر از سایر مواد است.', 'تقاضا برای مس پایین است.', 'مس جزء محصولات تجاری نیست.']",A,محدودیت منابع طبیعی، بازیافت را برای استفاده پایدار ضروری می‌کند.,A,0.862773060798645,A,0.9613185524940491,True,True,True,True,[0.86277306 0.06249907 0.04867433 0.02605349],[0.96131855 0.01760716 0.01760716 0.00346706]
1879,دلایل احتمالی بهتر بودن استفاده از انرژی تولید شده از باد نسبت به سوخت های فسیلی در کیفیت هوا چیست؟,"['الف) تجهیزات مربوط به تولید انرژی بادی کم\u200cهزینه هستند', 'ب) باد آلودگی کمتری نسبت به سوخت\u200cهای فسیلی تولید می\u200cکند', 'ج) انرژی حاصل از باد به راحتی ذخیره می\u200cشود', 'د) باد از سوخت\u200cهای فسیلی کارآمدتر است']",B,انرژی بادی آلودگی تولید نمی‌کند، در حالی که سوخت‌های فسیلی هوا را آلوده می‌کنند.,B,0.7582802772521973,B,0.9402644634246826,True,True,True,True,[0.19247366 0.7582803  0.0157992  0.03344691],[0.03674395 0.94026446 0.00563487 0.01735662]
1880,یک دانشمند ماهی‌ای را کشف کرد که ظاهری منحصر به فرد داشت. پس از جمع‌آوری و تجزیه و تحلیل داده‌ها در مورد ماهی و زیستگاه آن، دانشمند تعیین کرد که این ماهی متعلق به یک گونه جدید است. دانشمند باید با این کشف جدید چه کاری انجام دهد؟,"['کشف را با عموم به اشتراک بگذارد', 'تحقیق\u200cهای پس\u200cزمینه\u200cی بیشتری انجام دهد', 'نتایج را دوباره تحلیل کند', 'فرضیه جدیدی ایجاد کند']",A,برای تأیید علمی و اطمینان از منحصر به فرد بودن گونه، تحقیقات تکمیلی ضروری است.,B,0.7173428535461426,B,0.9870680570602417,False,False,False,False,[0.2644116  0.71734285 0.00332845 0.01491708],[1.2256632e-02 9.8706806e-01 3.1657887e-04 3.5873085e-04]
1881,یک دانشمند متوجه می‌شود که یک ماده خاص در درمان آسیب‌های عصبی مفید خواهد بود. بهترین راهی که او می‌تواند نتایج خود را به جامعه علمی منتقل کند چیست؟,"['او می\u200cتواند با دیگر دانشمندانی که در تحقیقات عصبی نیز کار می\u200cکنند تماس بگیرد.', 'او می\u200cتواند نامه\u200cای به بیمارستان\u200cهایی که بیماران دارای آسیب عصبی را درمان می\u200cکنند بنویسد.', 'او می\u200cتواند نتیجه\u200cگیری\u200cهای خود را در وب\u200cسایتی که بر روی سیستم عصبی تمرکز دارد قرار دهد.', 'او می\u200cتواند نتایج خود را در یک نشریه علمی که مسائل مربوط به اعصاب را پوشش می\u200cدهد منتشر کند.']",D,انتشار در مجله علمی معتبر، یافته‌ها را با بررسی دقیق و در دسترس گسترده جامعه علمی قرار می‌دهد و از سایر روش‌ها معتبرتر است.,D,0.7184438109397888,D,0.9549207091331482,True,True,True,True,[0.2050351  0.0754282  0.00109287 0.7184438 ],[3.7316695e-02 7.3480927e-03 4.1455103e-04 9.5492071e-01]
1882,بارش سالانه نواادا به طور میانگین بین ۲۱ تا ۲۴ سانتی‌متر است. در مقایسه، ایالت واشنگتن به طور میانگین بین ۹۶ تا ۹۷ سانتی‌متر بارش در سال دارد. کدامیک از این عوامل بیشترین تأثیر را بر تفاوت بارش بین این دو ایالت دارد؟,"['اندازه\u200cهای نسبی هر ایالت', 'انواع صنایع موجود در هر ایالت', 'مکانی که هر ایالت در قاره قرار دارد', 'فراوانی نسبی فعالیت\u200cهای آتشفشانی در هر ایالت']",C,موقعیت جغرافیایی متفاوت، مانند نزدیکی به اقیانوس و قرارگیری در سایه کوه‌ها، دلیل اصلی تفاوت بارش است.,A,0.5815251469612122,D,0.4732285439968109,False,False,False,False,[0.58152515 0.00939948 0.00939948 0.399676  ],[0.10559157 0.00355713 0.41762272 0.47322854]
1883,کدام یک درباره تولید مثل در هر دو موجود یوگلنا و پارامسیوم صحیح است؟,"['A) آن\u200cها به\u200cطور عمودی تقسیم می\u200cشوند.', 'B) آن\u200cها گامت تولید می\u200cکنند.', 'C) آن\u200cها هم\u200cزیستی می\u200cکنند.', 'D) آن\u200cها هاگ تشکیل می\u200cدهند.']",A,هر دو از طریق تقسیم دوتایی غیرجنسی تکثیر می‌شوند که به صورت عمودی صورت می‌گیرد.,D,0.3788721263408661,A,0.8709114789962769,False,True,True,True,[0.26039475 0.20279564 0.1579374  0.37887213],[0.8709115  0.0434449  0.02985922 0.05578436]
1884,کدام یک از موارد زیر بهترین توصیف را از عملکرد یک انکودر در یک سیستم ارتباطات تلفنی ارائه می‌دهد؟,"['تبدیل صدا به پالس\u200cهای الکتریکی', 'دریافت سیگنال\u200cهای الکتریکی منتقل شده', 'تغییر پالس\u200cهای الکتریکی به صدا', 'ارسال سیگنال\u200cهای الکتریکی از طریق یک مدار']",A,انکودر صدا را به سیگنال‌های الکتریکی تبدیل می‌کند تا انتقال بهینه شود.,C,0.9802409410476685,A,0.843220055103302,False,True,True,True,[1.7918708e-02 6.9478364e-04 9.8024094e-01 1.1455046e-03],[0.84322006 0.00574854 0.14595841 0.00507307]
1885,خرس‌های قطبی بسیار سنگین هستند. حدود نیمی از جرم یک خرس قطبی چربی است. این سازگاری چگونه بیشترین کمک را به خرس قطبی در هنگام شکار در اقیانوس قطب شمال می‌کند؟,"['چربی خرس قطبی را بزرگ می\u200cکند.', 'چربی خرس قطبی را لیز می\u200cکند.', 'چربی به خرس قطبی کمک می\u200cکند روی یخ بدود.', 'چربی به خرس قطبی کمک می\u200cکند در آب شناور بماند.']",D,چربی با افزایش شناوری، حرکت در آب را برای شکار آسان‌تر و کم‌انرژی‌تر می‌کند.,C,0.9592213034629822,A,0.38394448161125183,False,False,False,False,[0.03748475 0.00164697 0.9592213  0.00164697],[0.38394448 0.01334475 0.33882982 0.26388094]
1886,کدام رویداد آب و هوایی بیشتر احتمال دارد که سبب بروز آتش‌سوزی جنگلی شود؟,"['سیل ناگهانی', 'برق\u200cزدگی', 'تورنادو', 'طوفان تگرگ']",B,صاعقه با ایجاد جرقه و حرارت، مستقیماً باعث آتش‌سوزی در پوشش گیاهی خشک می‌شود.,D,0.6459916830062866,B,0.8796147704124451,False,True,True,True,[3.4442639e-01 9.1786524e-03 4.0328185e-04 6.4599168e-01],[3.8950693e-02 8.7961477e-01 2.5437304e-04 8.1180207e-02]
1887,کدام اصطلاح بهترین توصیف را از تشکیل یک جامعه جدید از ارگانیسم‌ها پس از یک آتشفشان ارائه می‌دهد؟,"['عوامل غیر زنده', 'عوامل محدود کننده', 'جانشینی اولیه', 'جانشینی ثانویه']",C,تشکیل جامعه زیستی جدید در زمین‌های بدون حیات قبلی، دقیقاً این مفهوم را توصیف می‌کند.,D,0.8062701225280762,C,0.505354106426239,False,True,True,True,[0.09686112 0.01138906 0.08547964 0.8062701 ],[0.08781738 0.01325844 0.5053541  0.39357018]
1888,کدام فرآیند هنگام ریختن صدف‌ها توسط امواج اقیانوس بر روی ساحل رخ می‌دهد؟,"['تراکم', 'رسوب گذاری', 'طبقه بندی', 'چرخش']",B,مواد جامد توسط آب جابه‌جا شده و در اثر کاهش انرژی در مکان جدیدی ته‌نشین می‌شوند، مانند انتقال صدف‌ها به ساحل.,B,0.5843937993049622,B,0.8776675462722778,True,True,True,True,[0.4016476  0.5843938  0.00342106 0.0105376 ],[0.11877938 0.87766755 0.00172098 0.00183197]
1889,برخی از واکنش‌های شیمیایی انرژی را جذب می‌کنند، در حالی که برخی دیگر انرژی را آزاد می‌کنند. از بین واکنش‌های شیمیایی مربوط به سوختن ذغال سنگ و انفجار شمع‌های رنگی، کدام یک انرژی آزاد می‌کند؟,"['فقط سوختن ذغال سنگ', 'فقط انفجار شمع\u200cهای رنگی', 'هم سوختن ذغال سنگ و هم انفجار شمع\u200cهای رنگی', 'نه سوختن ذغال سنگ و نه انفجار شمع\u200cهای رنگی']",C,هر دو فرآیند گرمازا هستند و انرژی آزاد می‌کنند.,A,0.5018610954284668,C,0.7810885906219482,False,True,True,True,[0.5018611  0.18462439 0.30439416 0.00912037],[0.17565136 0.03919311 0.7810886  0.00406688]
1890,کدام قسمت از اکوسیستم برکه به ماهی‌های کوچک پناه می‌دهد؟,"['سنگ\u200cها', 'آب', 'قورباغه\u200cها', 'خاک']",A,[MASK] در کف برکه پناهگاهی امن برای ماهی‌های کوچک در برابر شکارچیان فراهم می‌کنند.,B,0.9371398687362671,A,0.5903939604759216,False,True,True,True,[0.05967578 0.93713987 0.00111021 0.00207415],[0.59039396 0.40577146 0.00107907 0.00275551]
1891,یک دانش‌آموز در حال حل کردن شکر در آب برای درست کردن آب‌نبات است. او متوجه می‌شود که تکه‌های شکر در پایین ماهیتابه تشکیل می‌شود. او چه کاری می‌تواند انجام دهد تا کمک کند شکر بیشتری حل شود؟,"['محلول را گرم کند', 'محلول را خنک کند', 'شکر بیشتری به ماهیتابه اضافه کند', 'مقداری آب از ماهیتابه خارج کند']",A,افزایش دما سرعت انحلال را با بالا بردن انرژی مولکول‌ها زیاد می‌کند و از رسوب جلوگیری می‌نماید.,C,0.5950416326522827,A,0.9990717172622681,False,True,True,True,[0.31850284 0.00592545 0.59504163 0.08053013],[9.9907172e-01 2.6538549e-04 4.8055101e-04 1.8239659e-04]
1892,زمستان‌های سخت چگونه به برخی گونه‌ها، مانند گوزن‌ها، سود می‌رساند؟,"['با محافظت از آن\u200cها در برابر شکارچیان', 'با افزایش منابع غذایی آن\u200cها', 'با از بین بردن بیماری\u200cها', 'با کاهش جمعیت گله']",D,زمستان‌های سخت با حذف افراد ضعیف و بیمار، جمعیت را کاهش داده و سلامت کلی گله را در بلندمدت بهبود می‌بخشد.,B,0.5893332958221436,C,0.9324097633361816,False,False,False,False,[0.3154474  0.5893333  0.07975759 0.01546171],[0.0358721  0.02465451 0.93240976 0.00706364]
1893,کدام وسیله برای اندازه‌گیری حجم باران در گیج باران استفاده می‌شود؟,"['ترازوی دو کفه\u200cای', 'سیلندر مدرج', 'خط\u200cکش سانتی\u200cمتری', 'ترمومتر']",B,باران‌سنج معمولاً از ظرفی مدرج برای جمع‌آوری و سنجش حجم آب استفاده می‌کند که با عملکرد آن سازگار است.,B,0.9787487387657166,B,0.9972405433654785,True,True,True,True,[0.01808466 0.97874874 0.00168214 0.00148448],[1.9251271e-03 9.9724054e-01 4.4318943e-04 3.9111328e-04]
1894,در سلول‌های گیاهی، مقدار آب موجود در سلول‌ها فشاری به دیواره‌های سلولی وارد می‌کند. اگر مقدار آب در سلول‌های گیاهان غیرچوبی کاهش یابد، کدام یک از موارد زیر احتمالاً اتفاق می‌افتد؟,"['ب) ساقه\u200cها پژمرده خواهند شد.', 'ج) شیره با سرعت بیشتری جریان خواهد یافت.', 'د) گل\u200cهای بیشتری تولید خواهند شد.', 'الف) برگ\u200cها ریزش خواهند کرد.']",A,کاهش فشار آب باعث از دست دادن استحکام سلولی و در نتیجه افتادگی بافت‌ها می‌شود.,A,0.7239269614219666,A,0.5009482502937317,True,True,True,False,[0.72392696 0.20659994 0.01682678 0.05264634],[0.50094825 0.44208527 0.02848323 0.02848323]
1895,یک دانشمند قبل از اینکه به نتیجه‌گیری نهایی برسد، تحقیقات را بارها تکرار خواهد کرد. کدام دلیل بهترین توضیح را برای اینکه یک دانشمند تحقیقات را تکرار می‌کند، ارائه می‌دهد؟,"['تکرار برای اثبات یک فرضیه لازم است.', 'تکرار برای انتشار نتیجه\u200cگیری الزامی است.', 'تکرار دقت داده\u200cهای به\u200cدست\u200cآمده را تضمین می\u200cکند.', 'تکرار به دانشمندان کمک می\u200cکند تا درباره مشاهدات خود بدون جانب\u200cداری باقی بمانند.']",C,تکرار آزمایش‌ها خطاها را کاهش داده و اطمینان از صحت داده‌ها را فراهم می‌کند.,C,0.6863530874252319,D,0.4292663037776947,True,False,False,False,[0.22369833 0.00765454 0.6863531  0.08229402],[0.37882617 0.01296272 0.17894481 0.4292663 ]
1896,ویژگی کدام یک از سگ‌ها بیشتر احتمال دارد که از محیط خود یاد بگیرد؟,"['بینایی تیز', 'التماس برای غذا', 'توانایی دویدن سریع', 'شنا کردن در آب']",B,این رفتار از طریق مشاهده و تعامل با محیط آموخته می‌شود، نه ذاتی است. سایر ویژگی‌ها عمدتاً غریزی یا فیزیکی هستند و کمتر اکتسابی‌اند.,A,0.8962265849113464,A,0.6333737969398499,False,False,False,False,[0.8962266  0.06524022 0.01133705 0.02719617],[0.6333738  0.26402947 0.01687884 0.08571782]
1897,کدامیک بیشترین مسئولیت را در بازیافت گیاهان و حیوانات مرده در یک اکوسیستم دارد؟,"['آب', 'باکتری\u200cها', 'ماهی\u200cها', 'حشرات']",B,موجودات تجزیه‌کننده مسئول اصلی بازگرداندن مواد مغذی از بقایای گیاهان و حیوانات به خاک هستند.,B,0.9906026124954224,B,0.9974232912063599,True,True,True,True,[7.4533606e-03 9.9060261e-01 4.7647741e-04 1.4676537e-03],[1.7192600e-03 9.9742329e-01 3.4928886e-04 5.0821231e-04]
1898,جمعیت انسانی هر روز در حال افزایش است. این افزایش جمعیت چگونه بر منابع طبیعی که انسان‌ها را تأمین می‌کند تأثیر می‌گذارد؟,"['عرضه منابع را افزایش می\u200cدهد', 'مقدار منابع را کاهش می\u200cدهد', 'باعث کاهش تقاضا برای منابع می\u200cشود', 'کیفیت منابع را بهبود می\u200cبخشد']",B,افزایش جمعیت مصرف منابع را بیشتر کرده و ذخایر آن‌ها را کاهش می‌دهد.,B,0.9522618651390076,B,0.9955570101737976,True,True,True,True,[4.1757829e-02 9.5226187e-01 3.2894555e-04 5.6513078e-03],[4.01336700e-03 9.95557010e-01 1.10347646e-04 3.19301500e-04]
1899,کدام عامل به احتمال زیاد شانس بقا را برای یک موجود زنده در محیطی که در حال تغییرات سریع است، افزایش می‌دهد؟,"['مواجه شدن با رقابت قوی', 'داشتن طول عمر بالا', 'تولید نسل\u200cهای یکسان', 'داشتن مجموعه\u200c ژنی متنوع']",D,تنوع ژنی امکان سازگاری با شرایط جدید را فراهم کرده و بقا را در محیط متغیر افزایش می‌دهد.,D,0.8984816074371338,D,0.9865490794181824,True,True,True,True,[0.07375186 0.01131021 0.01645627 0.8984816 ],[1.25652095e-02 7.54599459e-04 1.31129724e-04 9.86549079e-01]
1900,یک رشته DNA شامل کدون‌ها است که از یک توالی سه نوکلئوتیدی تشکیل شده‌اند. کدام گزینه بهترین توصیف از اهمیت کدون‌ها در توالی DNA است؟,"['آن\u200cها شامل کد RNA پیام\u200cرسان هستند.', 'آن\u200cها آغاز تقسیم سلولی میتوزی را علامت\u200cگذاری می\u200cکنند.', 'آن\u200cها از تکرار صحیح کد ژنتیکی اطمینان حاصل می\u200cکنند.', 'آن\u200cها برای تجمیع آمینواسیدها در سنتز پروتئین استفاده می\u200cشوند.']",D,کدون‌ها در فرآیند ترجمه، اسیدهای آمینه را برای ساخت پروتئین مشخص می‌کنند.,C,0.9567519426345825,C,0.8384264707565308,False,False,False,False,[0.02544683 0.00236692 0.95675194 0.01543428],[0.05401919 0.01987255 0.8384265  0.0876818 ]
1901,کدام قسمت‌های گیاهان دارای مشابه‌ترین وظایف هستند؟,"['گل\u200cها و برگ\u200cها', 'برگ\u200cها و ساقه\u200cها', 'ساقه\u200cها و شاخه\u200cها', 'شاخه\u200cها و گل\u200cها']",C,هر دو نقش انتقال مواد و پشتیبانی ساختاری را در گیاه ایفا می‌کنند.,B,0.7387768030166626,B,0.9391009211540222,False,False,False,False,[0.23891063 0.7387768  0.00715833 0.01515419],[5.991757e-02 9.391009e-01 4.297592e-04 5.518218e-04]
1902,دانش‌آموزان می‌خواهند اندازه جوامع میکروارگانیسم‌ها را در نمونه‌های آب ۵۰۰ میلی‌لیتری از هر یک از دو برکه مقایسه کنند. کدام عامل احتمالاً دقت مشاهدات آن‌ها را تحت تأثیر قرار می‌دهد؟,"['دمای متوسط نمونه\u200cهای آب', 'برند لخته میکروسکوپ استفاده شده', 'قدرت بزرگنمایی میکروسکوپ', 'شناسایی صحیح هر میکروارگانیسم']",C,شناسایی دقیق انواع میکروارگانیسم‌ها برای مقایسه قابل اعتماد اندازه جوامع ضروری است.,B,0.4218340814113617,D,0.480512410402298,False,False,False,False,[0.19926031 0.42183408 0.3285247  0.0503809 ],[0.05064563 0.37422344 0.09461851 0.4805124 ]
1903,گیاه مایکونیا گیاه بومی هاوایی نیست. از زمان ورود آن به هاوایی ۴۰ سال پیش، این گیاه به یک گیاه دکوری محبوب تبدیل شده است. با این حال، این گیاه با ریشه‌های کم عمق، بسیاری از گونه‌های گیاهی بومی با ریشه‌های عمیق را جایگزین کرده و احتمال زمین‌لغزش‌ها در جزیره را افزایش داده است. یکی از بهترین روش‌ها برای مقابله با این گیاه مهاجم چیست؟,"['الف) باید گیاه با جزایر کوچک\u200cتر به اشتراک گذاشته شود.', 'ب) باید گیاه با گیاهان ریشه\u200cدار عمیق\u200cتر تلاقی داده شود.', 'ج) باید گیاه از تمام نواحی جزیره کنده شود.', 'د) باید گیاه به دام\u200cهای بومی جزیره داده شود.']",C,ریشه‌های سطحی آن گونه‌های بومی را حذف و خطر رانش زمین را افزایش می‌دهد، بنابراین حذف کامل آن برای احیای پوشش گیاهی طبیعی ضروری است.,A,0.4395492672920227,B,0.7537276148796082,False,False,False,False,[0.43954927 0.43954927 0.02205551 0.09884592],[0.14841777 0.7537276  0.0369441  0.06091053]
1904,پرسش: دارکوب‌های سیاه و سفید از منطقه جفت‌گیری خود در کانادا به فلوریدای جنوبی برای زمستان مهاجرت می‌کنند. اگر عوامل محیطی تعداد دارکوب‌های ماده‌ای را که به کانادا برمی‌گردند محدود کند، احتمالاً چه اتفاقی خواهد افتاد؟,"['A) دارکوب\u200cهای جوان کمتری در بهار هچ خواهند شد.', 'B) فصل جفت\u200cگیری دارکوب\u200cها زودتر آغاز خواهد شد.', 'C) دارکوب\u200cها انتخاب بزرگ\u200cتری از جفت\u200cها خواهند داشت.', 'D) تنوع ژنتیکی در میان دارکوب\u200cها افزایش خواهد یافت.']",A,کاهش تعداد ماده‌ها منجر به جفت‌گیری و تولد کمتر در فصل بهار می‌شود.,B,0.537230372428894,A,0.9135763645172119,False,True,True,True,[0.36923268 0.5372304  0.02083068 0.07270622],[0.91357636 0.06566424 0.01465167 0.00610773]
1905,چرا ساختار یک سلول اسپرم بسیار متفاوت از ساختار یک سلول تخمک است؟,"['یک سلول اسپرم باید حرکت کند تا به سلول تخمک برسد.', 'یک سلول تخمک باید به چندین سلول اسپرم جداگانه تقسیم شود.', 'یک سلول تخمک باید حرکت کند تا به سلول اسپرم برسد.', 'یک سلول اسپرم باید با بسیاری از سلول\u200cهای تخمک مختلف ترکیب شود.']",A,اسپرم برای رسیدن به تخمک نیاز به حرکت دارد، بنابراین ساختار آن برای شنا کردن سازگار شده، در حالی که تخمک غیرمتحرک است.,A,0.7725666761398315,A,0.6753572821617126,True,True,True,False,[7.7256668e-01 5.1751016e-03 2.2177678e-01 4.8135943e-04],[6.7535728e-01 2.7816780e-03 3.2151827e-01 3.4276998e-04]
1906,انرژی حرارتی از خورشید عمدتاً توسط کدام یک از فرآیندهای زیر به زمین منتقل می‌شود؟,"['انتقال حرارت به روش هدایت', 'انتقال حرارت به روش جابه\u200cجایی', 'تبخیر', 'اشعه\u200cافشان']",D,انرژی خورشید در خلأ تنها از طریق امواج الکترومغناطیس منتقل می‌شود.,A,0.6959972977638245,B,0.7064214944839478,False,False,False,False,[0.6959973  0.29013485 0.00252985 0.01133798],[0.2588648  0.7064215  0.00330994 0.03140386]
1907,کدام جمله نظری در مورد قلب است؟,"['عملکرد اصلی قلب حرکت خون در بدن است.', 'هدف از قلب کمک به انجام فعالیت\u200cهای ورزشی است.', 'نرخ ضربان قلب می\u200cتواند در طول روز تغییر کند.', 'قلب از انواع مختلفی از سلول\u200cها تشکیل شده است.']",B,عملکرد اصلی قلب پمپاژ خون در بدن است که یک حقیقت علمی پذیرفته‌شده و کلی محسوب می‌شود.,A,0.8895471096038818,A,0.9989402890205383,False,False,False,False,[0.8895471  0.01446268 0.083227   0.01276327],[9.9894029e-01 2.9805047e-04 5.5683160e-04 2.0484689e-04]
1908,کدام یک از مواد زیر محصولات مستقیم پنیرسازی هستند؟,"['چربی\u200cها و نشاسته\u200cها', 'اکسیژن و قند', 'پروتئین\u200cها و اسیدهای آمینه', 'دی\u200cاکسید کربن و آب']",B,پنیرسازی مستقیماً از انعقاد پروتئین‌ها و تشکیل اسیدهای آمینه حاصل می‌شود.,C,0.8391550183296204,C,0.9898571968078613,False,False,False,False,[0.11312453 0.01530974 0.839155   0.03241072],[0.00513378 0.0010109  0.9898572  0.00399819]
1909,سوال: دانش‌آموزان می‌خواهند آزمایش کنند که دما هر روز در طول سال چگونه تغییر می‌کند. کدام یک از موارد زیر نیازی به ثابت نگه‌داشتن در طول آزمایش ندارد؟,"['الف) مکان اندازه\u200cگیری دما', 'ب) دماسنج استفاده شده برای اندازه\u200cگیری', 'پ) شخصی که دما را می\u200cخواند', 'ت) زمان روز که دما اندازه\u200cگیری می\u200cشود']",C,زمان اندازه‌گیری باید متغیر باشد تا تغییرات روزانه دما در طول سال قابل مشاهده شود.,D,0.4880102872848511,B,0.34668922424316406,False,False,False,False,[0.2612131  0.20502849 0.04574804 0.4880103 ],[0.27000183 0.34668922 0.07735682 0.30595216]
1910,در قرن هفدهم، برای برآورد فاصله به سیارات دیگر، دانشمندان ابتدا از تکنیک مشاهده سیاره از دو مکان مختلف روی سطح زمین استفاده کردند. دانشمندان برای محاسبه فاصله از زمین از کدام ویژگی سیاره استفاده کردند؟,"['روشنی ظاهری', 'حرکت ظاهری', 'اندازه', 'مکان']",D,با مشاهده تغییر زاویه‌ای سیاره از دو نقطه زمین، فاصله آن محاسبه شد.,B,0.8403021693229675,B,0.957394003868103,False,False,False,False,[0.05392897 0.84030217 0.10075258 0.00501618],[0.02581443 0.957394   0.01565724 0.00113421]
1911,انرژی پتانسیل چیست؟,"['انرژی که یک جسم به دلیل حرکت خود دارد.', 'انرژی که یک جسم به دلیل موقعیت خود دارد.', 'انرژی که جرم یک جسم را افزایش می\u200cدهد.', 'انرژی که دمای یک جسم را افزایش می\u200cدهد.']",B,انرژی ذخیره‌شده در جسم به خاطر موقعیت آن است، نه حرکت یا تغییرات دیگر.,B,0.99887615442276,B,0.9962959885597229,True,True,True,False,[1.0443028e-03 9.9887615e-01 2.2361815e-05 5.7102894e-05],[3.6426676e-03 9.9629599e-01 2.7812112e-05 3.3547807e-05]
1912,خاصیت کدام یک از آب برای بقای موجودات در برکه‌های آب شیرین در ماه‌های زمستان ضروری است؟,"['آب یک مولکول قطبی است.', 'آب دارای تنش سطحی بالا است.', 'آب می\u200cتواند از حالت جامد به صورت مستقیم به گاز تبدیل شود.', 'آب به صورت جامد کمتر از حالت مایع متراکم است.']",D,چگالی کمتر یخ نسبت به آب مایع باعث شناور شدن آن و ایجاد عایق حرارتی می‌شود که از یخ‌زدن کامل برکه جلوگیری می‌کند.,B,0.8922218084335327,B,0.6184808611869812,False,False,False,False,[0.07352467 0.8922218  0.00360383 0.03064964],[0.03923047 0.61848086 0.01123972 0.33104897]
1913,کدام عبارت توصیف می‌کند که چرخه زندگی پروانه‌ها چگونه با چرخه زندگی قورباغه‌ها متفاوت است؟,"['چرخه\u200cهای زندگی پروانه\u200cها مراحل بیشتری دارند.', 'چرخه\u200cهای زندگی پروانه\u200cها دارای مرحله تخم هستند.', 'چرخه\u200cهای زندگی پروانه\u200cها دارای مرحله شفیره هستند.', 'چرخه\u200cهای زندگی پروانه\u200cها دارای مرحله بزرگسال هستند.']",C,پروانه مرحله شفیره دارد، اما قورباغه این مرحله را ندارد.,A,0.7404607534408569,C,0.9259409308433533,False,True,True,True,[0.74046075 0.08912904 0.06941376 0.10099643],[6.7074940e-02 6.2389411e-03 9.2594093e-01 7.4513524e-04]
1914,یک ماده شیمیایی به نام DDT زمانی برای کشتن آفت‌های حشره‌ای استفاده می‌شد. زمانی که تحقیقات نشان داد این ماده شیمیایی برای برخی از انواع پرندگان مضر است، استفاده از DDT متوقف شد. چگونه فرآیند علمی بهترین کمک را به دانشمندان در درک این موضوع کرد که DDT برای پرندگان مضر است؟,"['پیش\u200cبینی\u200cهای متفاوتی دربارهٔ این ماده شیمیایی انجام شد.', 'آزمایش\u200cهای انجام\u200cشده روی این ماده شیمیایی نتایج متفاوتی داشتند.', 'آزمایش\u200cهای مکرر روی این ماده شیمیایی به همان نتیجه رسیدند.', 'روش\u200cهای متفاوتی برای آزمایش خواص این ماده شیمیایی استفاده شد.']",C,تکرار آزمایش‌ها و تأیید نتایج یکسان، اعتبار یافته‌ها را افزایش داد و رابطه علّی را ثابت کرد.,A,0.752865195274353,C,0.9692367911338806,False,True,True,True,[0.7528652  0.08921719 0.01082327 0.14709428],[2.7495133e-02 2.9899569e-03 9.6923679e-01 2.7810931e-04]
1915,زغال‌سنگ یک ماده طبیعی است که از ترکیبات ارگانیک باستانی تشکیل شده است. کدام عنصر کمتر احتمال دارد که در یک نمونه زغال‌سنگ یافت شود؟,"['کربن', 'هیدروژن', 'نقره', 'گوگرد']",C,زغال‌سنگ از مواد آلی تشکیل شده و فلزات گران‌بها در فرآیند طبیعی آن حضور ندارند.,C,0.7485406398773193,C,0.8562050461769104,True,True,True,True,[0.24301556 0.00343945 0.74854064 0.00500438],[0.13233313 0.00399611 0.85620505 0.00746572]
1916,تمام موارد زیر را می‌توان در برچسب تغذیه غذا یافت به جز,"['حجم توصیه شده سروینگ.', 'کالری در هر سروینگ.', 'یک برنامه غذایی پیشنهادی.', 'لیست مواد تشکیل\u200cدهنده.']",C,برنامه غذایی کلی روزانه جزو اطلاعات استاندارد برچسب‌های تغذیه نیست.,A,0.5279463529586792,C,0.8975330591201782,False,True,True,True,[0.52794635 0.01806533 0.28258935 0.17139909],[0.05083353 0.00677291 0.89753306 0.04486043]
1917,حیوانات از یک گونه ممکن است در شناسایی یکدیگر با دشواری مواجه شوند. کدام سازگاری احتمالاً برای کمک به شناسایی یکدیگر توسعه یافته است؟,"['توانایی مهاجرت', 'توانایی استتار', 'توانایی تولید بوی بدن', 'توانایی تولید زباله های بدن']",C,بوی منحصر به فرد بدن به عنوان نشانه شیمیایی برای تشخیص هویت و ارتباط بین افراد یک گونه عمل می‌کند.,C,0.8164321780204773,C,0.9915021657943726,True,True,True,True,[0.16045134 0.01931348 0.8164322  0.00380305],[6.7330864e-03 1.2454957e-03 9.9150217e-01 5.1919982e-04]
1918,کدام یک از موارد زیر یک زنجیره غذایی معتبر است؟,"['آب -> علف -> روباه -> شاهین', 'خورشید -> خرگوش -> گوزن -> گرگ', 'علف -> عنکبوت -> موش -> خرگوش', 'موش مرده -> مگس ها -> قورباغه -> مار']",D,این زنجیره با تجزیه‌کننده آغاز می‌شود و سپس مصرف‌کنندگان را به ترتیب دربرمی‌گیرد که معتبر است.,C,0.4231395125389099,B,0.4189649820327759,False,False,False,False,[0.3734193  0.17639078 0.4231395  0.0270504 ],[0.2541151  0.41896498 0.28795016 0.03896981]
1919,کدام یک از رویدادهای زیر در سواحل غرب ایالات متحده شواهد مستقیمی را ارائه می‌دهد که نشان می‌دهد جابجایی آب، آب‌های غنی از مواد مغذی را به سطح می‌آورد؟,"['افزایش تولید شیلات در طول جابجایی آب', 'کاهش جمعیت ماهی\u200cهای لارو در طول جابجایی آب', 'افزایش جلبک\u200cها و فیتوپلانکتون\u200cها در طول جابجایی آب', 'کاهش دماهای سطح آب در طول جابجایی آب']",C,جابجایی آب، مواد مغذی عمق را به سطح می‌آورد که رشد ارگانیسم‌های دریایی را افزایش می‌دهد و این افزایش، شاهد مستقیم پدیده است.,C,0.9357427358627319,C,0.9695452451705933,True,True,True,True,[0.06017157 0.00229693 0.93574274 0.00178885],[0.02593863 0.00351041 0.96954525 0.00100575]
1920,محصولاتی که در طی فتوسنتز تولید می‌شوند چیست؟,"['کلرید و شکر', 'اکسیژن و شکر', 'ازت و شکر', 'دی\u200cاکسید کربن و شکر']",B,گیاهان با استفاده از نور خورشید، آب و دی‌اکسید کربن، گلوکز و اکسیژن تولید می‌کنند.,B,0.526222288608551,B,0.8560822010040283,True,True,True,True,[0.2485698  0.5262223  0.0058458  0.21936208],[1.2355301e-02 8.5608220e-01 7.8984792e-04 1.3077264e-01]
1921,سؤال: از خط استوا به سمت شمال، اقلیم های گرم و مرطوب با اقلیم های گرم و خشک جایگزین می‌شوند. مرز بین این دو نوع اقلیم توسط کدام عامل تعیین می‌شود؟,"['الف) ارتفاع از سطح دریا', 'ب) نوع پوشش گیاهی محلی', 'ج) الگوهای جریان هوا در نواحی', 'د) فاصله تا نزدیک\u200cترین رشته کوه']",C,جریان‌های هوایی خاص با ایجاد هوای خشک، مرز بین مناطق مرطوب و خشک را تعیین می‌کنند.,C,0.9565778374671936,C,0.9447219967842102,True,True,True,False,[0.02549194 0.01062662 0.95657784 0.00730356],[0.02517599 0.01049491 0.944722   0.01960708]
1922,کدام‌یک از موارد زیر حداقل مسئول فرسایش سنگ‌ها است؟,"['یخ\u200cزدگی', 'رشد گیاهان', 'باران', 'رعد و برق']",D,تأثیر آن موضعی و نادر است، در حالی که سایر عوامل به طور مداوم و گسترده عمل می‌کنند.,A,0.8725855946540833,A,0.7221590876579285,False,False,False,False,[0.8725856  0.06320989 0.0084219  0.05578253],[0.7221591  0.23628955 0.01333054 0.02822076]
1923,چندین دانش‌آموز در یک مسابقه ساخت پل شرکت می‌کنند که نیاز به استفاده از چوب بستنی و چسب برای ساخت قوی‌ترین پل ممکن دارد. پل‌ها باید ۵ اینچ عرض و ۱۸ اینچ طول داشته باشند. کدام یک از آزمایشات زیر دقیق‌ترین روش برای تعیین طراحی قوی‌ترین span برای این پل‌هاست؟,"['نقاشی ماشین\u200cهای اسباب\u200cبازی را روی هر پل بگذرانید تا زمانی که فرو بریزد', 'بلوک\u200cهای ساختمانی بتن را بر روی هر پل قرار دهید تا زمانی که فرو بریزد', 'سکه\u200cها را در دو انتهای هر پل قرار دهید تا زمانی که فرو بریزد', 'باتری\u200cهای D-cell را در مرکز هر پل قرار دهید تا زمانی که فرو بریزد']",D,وزن استاندارد و توزیع یکنواخت بار، امکان اندازه‌گیری دقیق استحکام را فراهم می‌کند.,C,0.6999760866165161,C,0.6109008193016052,False,False,False,False,[0.17767435 0.09510224 0.6999761  0.02724724],[0.25466135 0.12029351 0.6109008  0.01414427]
1924,چگونه ارگانیسم‌های طبقه‌بندی‌شده به عنوان یوکاریوت با ارگانیسم‌های طبقه‌بندی‌شده به عنوان آرکئا و باکتری متفاوت هستند؟,"['همه آن\u200cها چندسلولی هستند.', 'همه آن\u200cها در تولید مثل جنسی شرکت می\u200cکنند.', 'همه آن\u200cها غذای خود را تولید می\u200cکنند.', 'همه آن\u200cها هسته\u200cهای غشایی دارند.']",D,یوکاریوت‌ها هستهٔ غشادار دارند، در حالی که آرکئا و باکتری‌ها فاقد آن هستند.,D,0.692063570022583,D,0.5949969291687012,True,True,True,False,[0.17566593 0.08233296 0.04993746 0.69206357],[0.3608839  0.03330621 0.01081294 0.5949969 ]
1925,سوال: امواج صوتی و امواج اقیانوس از نظر اینکه هر دو,"['الف) امواج طولی هستند.', 'ب) فرکانس یکسانی دارند.', 'ج) انرژی را از یک مکان به مکان دیگر منتقل می\u200cکنند.', 'د) یک واسطه را از یک مکان به مکان دیگر منتقل می\u200cکنند.']",C,هر دو نوع موج انرژی را از طریق نوسان در محیط خود منتقل می‌کنند، نه ماده را.,C,0.8953869342803955,C,0.9314433932304382,True,True,True,True,[0.0348538  0.00464382 0.89538693 0.06511547],[0.02812715 0.00431344 0.9314434  0.03611598]
1926,یک دانش‌آموز از نمودار میله‌ای برای نمایش مقدار بارش باران در هر هفته در یک دوره ۳ماهه استفاده می‌کند. کدام روش دیگر برای ارائه داده‌ها مناسب است؟,"['یک جدول', 'یک نمودار دایره\u200cای', 'یک عکس', 'یک پاراگراف نوشته شده']",A,جدول داده‌های عددی را به‌صورت منظم نشان می‌دهد و امکان مقایسه‌ی دقیق مقادیر را فراهم می‌کند، برخلاف روش‌های دیگر که برای این نوع داده‌ها مناسب نیستند.,A,0.5856602787971497,A,0.9753329157829285,True,True,True,True,[0.5856603  0.40251803 0.00126126 0.01056044],[9.7533292e-01 2.2848208e-02 1.6387893e-04 1.6551185e-03]
1927,نامی یک سگ خانگی دارد. کدام یک از ویژگی‌های زیر احتمالاً سگ از والدین خود به ارث برده است؟,"['وزن آن', 'غذای مورد علاقه\u200cاش', 'رنگ پشم آن', 'محل زندگی\u200cاش']",C,ویژگی‌های ظاهری مانند رنگ مو معمولاً به صورت ژنتیکی از والدین به ارث می‌رسند.,C,0.8217604756355286,C,0.9963676929473877,True,True,True,True,[0.07673479 0.09852942 0.8217605  0.00297533],[3.2211596e-03 3.5028483e-04 9.9636769e-01 6.0870374e-05]
1928,فیلامنت‌های لامپ‌های رشته‌ای بهترین حالت خود را با پر کردن لامپ با یک گاز غیرپاسخگو و با چگالی پایین حفظ می‌کنند. از کدام گروه از عناصر در جدول تناوبی، این گاز احتمالاً انتخاب شده است؟,"['۱ (۱A)', '۲ (۲A)', '۱۷ (۷A)', '۱۸ (۸A)']",D,گازهای بی‌اثر با ساختار الکترونی پایدار، از اکسید شدن رشته جلوگیری می‌کنند و در گروه خاصی قرار دارند.,A,0.42945560812950134,A,0.42669543623924255,False,False,False,False,[0.4294556  0.04526429 0.4294556  0.0958245 ],[0.42669544 0.08402131 0.33231074 0.15697248]
1929,درختان سیکویا در سیرا نوادا در کالیفرنیا غول‌های بلندی هستند. برخی از آن‌ها بیش از 3000 سال سن دارند. کدام جمله بهترین توصیف را از اینکه چگونه آتش‌سوزی‌های جنگلی به این درختان سود رسانده است، ارائه می‌دهد؟,"['آن\u200cها یک رویداد جانشینی ثانویه را ایجاد می\u200cکنند.', 'آن\u200cها برخی از رقابت\u200cها برای مواد مغذی را از بین می\u200cبرند.', 'آن\u200cها اجازه می\u200cدهند درختان بزرگ\u200cتر به عنوان گونه\u200cهای پیشگام عمل کنند.', 'آن\u200cها رشد درختان کوچک\u200cتر و سایه\u200cتحمل کننده را تحریک می\u200cکنند.']",B,آتش‌سوزی با حذف گیاهان رقیب، رقابت برای منابع را کاهش داده و با آزادسازی مواد مغذی خاک، شرایط بهتری برای رشد درختان بالغ فراهم می‌کند.,D,0.4958958029747009,B,0.7477109432220459,False,True,True,True,[0.20672013 0.0319502  0.2654339  0.4958958 ],[0.14723301 0.74771094 0.10278521 0.00227082]
1930,کدام یک از این اشیاء غیرشفاف است؟,"['دیوار آجری', 'لنزهای عینک', 'آب مایع', 'پنجره\u200cهای شیشه\u200cای رنگی']",A,این شیء به دلیل ساختار متراکم، نور را عبور نمی‌دهد و کاملاً مات است.,B,0.5323611497879028,C,0.5988628268241882,False,False,False,False,[0.2849524  0.53236115 0.04913195 0.1335545 ],[0.19290929 0.17024185 0.5988628  0.03798609]
1931,دو نوع نهنگ مدرن وجود دارد: نهنگ‌های دندان‌دار و نهنگ‌های باله‌دار. نهنگ‌های باله‌دار با استفاده از باله‌ها، که صفحات ساخته شده از پروتئین‌های فیبری هستند و از سقف دهانشان رشد می‌کنند، پلانکتون را از آب فیلتر می‌کنند. جنین‌های نهنگ‌های باله‌دار دارای دندان‌هایی در فک‌های بالایی خود هستند. با پیشرفت جنین‌ها، دندان‌ها با باله جایگزین می‌شوند. کدام یک از نتایج زیر بهترین پشتیبانی را از این اطلاعات می‌کند؟,"['نهنگ\u200cهای نخستین به عنوان بزرگسال دندان داشتند.', 'نهنگ\u200cهای دندان\u200cدار از نهنگ\u200cهای باله\u200cدار نشأت گرفته\u200cاند.', 'نهنگ\u200cهای باله\u200cدار در حال تحول به نهنگ\u200cهای دندان\u200cدار هستند.', 'نسل\u200cهای نهنگ\u200cهای باله\u200cدار مدرن به عنوان بزرگسال هم دندان و هم باله خواهند داشت.']",A,دندان‌های جنینی در نهنگ‌های باله‌دار نشان‌دهنده ویژگی اجدادی است که در بزرگسالی از بین رفته است.,C,0.9616280198097229,C,0.6403108239173889,False,False,False,False,[0.02252715 0.00645414 0.961628   0.00939071],[0.04638396 0.04638396 0.6403108  0.26692125]
1932,ترتیب قرارگیری خورشید، ماه و زمین در هنگام کسوف کامل چگونه است؟,"['زمین-ماه-خورشید', 'زمین-خورشید-ماه', 'ماه-خورشید-زمین', 'ماه-زمین-خورشید']",D,در کسوف کامل، ماه در میانه قرار می‌گیرد و با قرار گرفتن بین زمین و خورشید، نور آن را می‌پوشاند.,A,0.9546875953674316,A,0.8175938725471497,False,False,False,False,[0.9546876  0.03692699 0.00099957 0.00738586],[0.8175939  0.14291143 0.00336095 0.03613367]
1933,ولتاژ در یک مدار با جریان ۳ آمپر و مقاومت کل ۱۲ اهم چقدر است؟,"['۰.۲۵ ولت', '۴ ولت', '۱۵ ولت', '۳۶ ولت']",D,طبق قانون اهم، ولتاژ حاصل ضرب جریان و مقاومت است که برابر با ۳ ضرب در ۱۲ می‌شود.,B,0.5057763457298279,D,0.7947859168052673,False,True,True,True,[0.00570715 0.50577635 0.44634604 0.04217044],[6.4966251e-04 4.4650614e-04 2.0411791e-01 7.9478592e-01]
1934,یک دانش‌آموز در حال ایجاد یک مدل از یک جریان در یک حوزه آبخیز کوهستانی پوشیده از جنگل است. کدامیک از این ویژگی‌ها ممکن است در مدل گنجانده شود تا نشان دهد چگونه جریان می‌تواند با رسوبات اشباع شود؟,"['یک کلبه در کنار جریان', 'سنگ\u200cها در وسط جریان', 'هکتارها جنگل پاک\u200cسازی\u200cشده در بالای جریان', 'چمن\u200cها در کنار سواحل جریان']",C,حذف پوشش گیاهی در بالادست، خاک را بی‌ثبات کرده و فرسایش را افزایش می‌دهد، که منجر به ورود رسوبات به آب می‌شود.,B,0.6042570471763611,C,0.9003618359565735,False,True,True,True,[0.32343552 0.60425705 0.06368822 0.00861926],[0.0739062  0.02399383 0.90036184 0.00173811]
1935,خورشید از زمین چگونه متفاوت است؟,"['خورشید دارای بسیاری از موجودات زنده است.', 'خورشید در کهکشان راه شیری قرار دارد.', 'خورشید دارای قمرهایی است که به دور آن می\u200cچرخند.', 'خورشید یک ستاره است که از گازها ساخته شده است.']",D,خورشید ستاره‌ای گازی است که انرژی تولید می‌کند، در حالی که زمین سیاره‌ای سنگی با قابلیت حیات است.,C,0.58182293176651,D,0.7038326859474182,False,True,True,True,[0.08922544 0.05411797 0.58182293 0.27483368],[0.1570463  0.01681322 0.12230778 0.7038327 ]
1936,کدام رویداد باید قبل از شکل‌گیری زغال‌سنگ و نفت اتفاق افتاده باشد؟,"['گیاهان شروع به ظهور بر روی زمین کردند.', 'دینوها در زمین منقرض شدند.', 'قاره\u200cهای زمین از هم جدا شدند.', 'ماه زمین شروع به گردش کرد.']",A,تشکیل سوخت‌های فسیلی نیازمند وجود حیات گیاهی و جانوری در گذشته است.,A,0.7978944182395935,A,0.998557984828949,True,True,True,True,[0.7978944  0.03081711 0.15650219 0.01478621],[9.9855798e-01 9.2130050e-04 2.1209542e-04 3.0859702e-04]
1937,یک دانشمند که در حال مطالعه فضاهای بی‌نهایت است، محاسبه‌ای برابر با ۴.۳ سال نوری انجام می‌دهد. این محاسبه احتمالاً چه چیزی را نشان می‌دهد؟,"['فاصله بین زمین و خورشید', 'زمان چرخش نزدیک\u200cترین کهکشان', 'زمان مداری یک ماهواره در اطراف زمین', 'فاصله بین خورشید و نزدیک\u200cترین ستاره']",D,سال نوری واحد فاصله نجومی است و ۴.۳ سال نوری دقیقاً مطابق با فاصله خورشید تا نزدیک‌ترین ستاره است.,C,0.42257988452911377,D,0.9030615091323853,False,True,True,True,[0.25630766 0.06480473 0.42257988 0.25630766],[0.08532058 0.00599044 0.0056275  0.9030615 ]
1938,نوعی مواد مغذی که از زمین خارج می‌شود می‌تواند باعث گل‌زایی جلبک‌ها در منابع آبی شود. کدام یک از موجودات اصلاح‌شده ژنتیکی می‌تواند به کاهش این گل‌زایی کمک کند؟,"['خوک\u200cهایی که برای داشتن چربی بیشتر اصلاح شده\u200cاند', 'گاوهایی که برای نیاز به خوراک کمتر اصلاح شده\u200cاند', 'ذرتی که برای مقاومت در برابر علف\u200cکش\u200cها اصلاح شده است', 'سویاهایی که برای تولید آفت\u200cکش خود اصلاح شده\u200cاند']",B,کاهش مصرف خوراک دام، کود کمتری تولید می‌کند و در نتیجه مواد مغذی کمتری وارد آب می‌شود که رشد جلبک را محدود می‌کند.,D,0.6845591068267822,B,0.9860734939575195,False,True,True,True,[0.17376108 0.04939596 0.09228382 0.6845591 ],[0.00962944 0.9860735  0.00214862 0.00214862]
1939,دو نیروی مخالف در جهات متضاد بر روی یک قطعه چوبی عمل می‌کنند. اگر این نیروها نامتعادل باشند، چه اتفاقی خواهد افتاد؟,"['بلوک نیروها را متعادل خواهد کرد.', 'نیروها جهت خود را معکوس خواهند کرد.', 'جرم بلوک تغییر خواهد کرد.', 'موقعیت بلوک تغییر خواهد کرد.']",D,نیروی خالص غیرصفر باعث شتاب و در نتیجه جابجایی جسم می‌شود.,B,0.62542325258255,A,0.49075305461883545,False,False,False,False,[0.10910764 0.62542325 0.00373346 0.26173562],[0.49075305 0.20618083 0.00540935 0.29765677]
1940,سؤال: سگ‌ها و گربه‌ها حیواناتی هستند که ساختار بدن مشابه زیادی دارند اما با هم جفت‌گیری نمی‌کنند. این دو حیوان در چه گروهی طبقه‌بندی می‌شوند؟,"['الف) همان پادشاهی و همان گونه', 'ب) همان پادشاهی، اما گونه\u200cهای متفاوت', 'ج) پادشاهی\u200cهای متفاوت، اما همان گونه', 'د) پادشاهی\u200cهای متفاوت و گونه\u200cهای متفاوت']",B,هر دو جاندارند ولی به دلیل عدم توانایی تولیدمثل، گونه‌های جداگانه‌ای هستند.,A,0.5530824661254883,B,0.834368884563446,False,True,True,True,[0.55308247 0.04539977 0.33546147 0.06605628],[0.07821708 0.8343689  0.00919687 0.07821708]
1941,کدام فهرست اشیا را از کوچک‌ترین به بزرگ‌ترین ترتیب داده است؟,"['زمین، خورشید، منظومه شمسی، کهکشان راه شیری', 'ماه، خورشید، زمین، کهکشان راه شیری', 'خورشید، ماه، زمین، کهکشان راه شیری', 'منظومه شمسی، کهکشان راه شیری، زمین، ماه']",A,زمین کوچک‌ترین است، سپس خورشید، منظومه شمسی، و در نهایت کهکشان راه شیری بزرگ‌ترین است.,B,0.8115987181663513,B,0.6661906242370605,False,False,False,False,[0.08587667 0.8115987  0.08587667 0.01664795],[0.3134593  0.6661906  0.00953989 0.01081011]
1942,کدام سیاره در منظومه شمسی طولانی‌ترین سال را دارد؟,"['سیاره\u200cای که به خورشید نزدیک\u200cترین است.', 'سیاره\u200cای که طولانی\u200cترین روز را دارد.', 'سیاره\u200cای که بیشترین قمرها را دارد.', 'سیاره\u200cای که از خورشید دورترین است.']",D,سیاره‌ای که از خورشید دورتر است، مدار بزرگ‌تری دارد و در نتیجه زمان بیشتری برای چرخش کامل نیاز دارد.,D,0.9129984378814697,D,0.9575153589248657,True,True,True,True,[8.4673651e-02 1.7573455e-03 5.7052658e-04 9.1299844e-01],[4.1988201e-02 3.6898977e-04 1.2751945e-04 9.5751536e-01]
1943,کدام یک از این ویژگی‌ها ارثی است اما به شدت تحت تأثیر محیط قرار دارد؟,"['توانایی رول کردن زبان', 'عملکرد ورزشی', 'زبان', 'رنگ چشم\u200cها']",B,این ویژگی ذاتی است اما یادگیری و تسلط کامل بر آن نیازمند قرارگیری در محیط مناسب و تعامل اجتماعی است.,B,0.4505660831928253,A,0.8855451345443726,True,False,False,False,[0.35090122 0.45056608 0.05339367 0.14513905],[0.88554513 0.05672168 0.05005671 0.00767645]
1944,برانقلاب انسانی کمترین کنترلی بر کدامیک از اجزای زیر دود دارد؟,"['بخارات آب', 'دی اکسید گوگرد', 'آمونیاک', 'اکسیدهای نیتروژن']",A,[MASK] از منابع طبیعی سرچشمه می‌گیرند و کمتر تحت تأثیر فعالیت‌های انسانی قرار دارند.,A,0.5549235939979553,B,0.5060781240463257,True,False,False,False,[0.5549236  0.2970292  0.05161594 0.09643126],[0.34782207 0.5060781  0.06849022 0.0776096 ]
1945,کدام قانون به گالیله گالیله‌ای نسبت داده شده است؟,"['طبیعت ماده', 'سه قانون حرکتی', 'قانون توزیع مستقل', 'حرکت نسبی در منظومه شمسی']",D,گالیله قوانین حرکت را پایه‌گذاری کرد که بعدها توسط نیوتن تکمیل شد و به دینامیک مربوط است.,B,0.9892383813858032,B,0.9974461793899536,False,False,False,False,[9.759908e-03 9.892384e-01 2.947237e-04 7.070054e-04],[2.1733982e-03 9.9744618e-01 2.0215752e-04 1.7840340e-04]
1946,زمانی که لایه‌ای از رسوب بر بستر اقیانوس مطرود می‌شود، مرحله بعدی در تشکیل سنگ‌های رسوبی چیست؟,"['گرم کردن', 'دفن کردن', 'سایش', 'هواشناسی']",B,پس از ته‌نشینی، رسوبات برای تبدیل به سنگ باید زیر لایه‌های جدید مدفون شوند تا فشرده و سخت گردند.,A,0.6242690086364746,B,0.9916295409202576,False,True,True,True,[0.624269   0.23055457 0.13983843 0.00533806],[6.7603071e-03 9.9162954e-01 1.3311835e-03 2.7903120e-04]
1947,شما در حال بلند شدن برای رفتن به مدرسه در لوئیزیانا هستید؛ یک دانش‌آموز در طرف دیگر زمین در حال آماده شدن برای خواب است. دلیل این موضوع چیست؟,"['زمین به دور خورشید می\u200cچرخد.', 'زمین حول محور خود می\u200cچرخد.', 'خورشید حول محور خود می\u200cچرخد.', 'ماه به دور زمین می\u200cچرخد.']",B,چرخش سیاره باعث می‌شود یک نیمه روز و نیمه دیگر شب باشد، بنابراین زمان در مناطق مختلف متفاوت است.,B,0.7393035292625427,B,0.8811575770378113,True,True,True,True,[0.21181402 0.7393035  0.00124969 0.04763278],[1.18323684e-01 8.81157577e-01 2.75525235e-04 2.43150178e-04]
1948,هنگام ساخت یک مدار برقی، کدام احتیاط ایمنی باید ابتدا رعایت شود؟,"['از یک باتری جدید استفاده کنید', 'دستکش های لاستیکی بپوشید', 'سیم برق را تمیز کنید', 'همه دستورالعمل ها را بخوانید']",D,درک کامل خطرات و روش‌های کار، پایه ایمنی است و با مطالعه دقیق پیش از شروع حاصل می‌شود.,D,0.752061128616333,D,0.8156718015670776,True,True,True,True,[3.2914437e-02 2.1462908e-01 3.9535799e-04 7.5206113e-01],[2.4439473e-02 1.5936539e-01 5.2332610e-04 8.1567180e-01]
1949,کدام یک نمونه‌ای از تغییر شیمیایی نیست؟,"['جوشاندن آب', 'زنگ زدن آهن', 'سوزاندن چوب', 'پختن نان']",A,فقط حالت ماده تغییر می‌کبد و ماده جدیدی تولید نمی‌شود.,A,0.8781333565711975,A,0.753828227519989,True,True,True,False,[0.87813336 0.10487808 0.00279491 0.0141937 ],[0.7538282  0.19059762 0.01237638 0.0431978 ]
1950,چرا گاهی اوقات ماه را در طول روز و همچنین در شب می‌توان دید؟,"['ماه همیشه نور را از خورشید منعکس می\u200cکند.', 'خورشید هر روز به دور زمین و ماه می\u200cچرخد.', 'زمین همیشه نور را از ماه منعکس می\u200cکند.', 'ماه هر روز به دور زمین می\u200cچرخد.']",A,ماه نور خورشید را منعکس می‌کند و در موقعیت‌های مناسب در آسمان روز نیز دیده می‌شود.,B,0.8472228646278381,B,0.8762641549110413,False,False,False,False,[0.01973114 0.84722286 0.00235655 0.13068935],[1.7974406e-02 8.7626415e-01 6.9694332e-04 1.0506444e-01]
1951,چگونه حیوانات خون گرم با حیوانات خون سرد تفاوت دارند؟,"['حیوانات خون گرم در هوای گرم متابولیسم بالاتری دارند.', 'حیوانات خون گرم در اسارت تهاجمی\u200cتر هستند.', 'حیوانات خون گرم همیشه دمای خون بالاتری دارند.', 'حیوانات خون گرم معمولاً دمای داخلی نسبتاً ثابتی را در تمامی دماهای محیطی حفظ می\u200cکنند.']",D,حیوانات خونگرم دمای داخلی ثابتی را حفظ می‌کنند، در حالی که خونسردها دمای بدنشان با محیط تغییر می‌کند.,A,0.5024812817573547,D,0.9014350175857544,False,True,True,True,[0.5024813  0.07675758 0.07675758 0.3440036 ],[0.08368292 0.00882011 0.00606197 0.901435  ]
1952,تمام مواد دارای دو ویژگی هستند. این ویژگی‌ها عبارتند از اینکه ماده فضایی را اشغال می‌کند و ماده دارای,"['جرم است.', 'رنگ است.', 'وزن معینی دارد.', 'شکل معینی دارد.']",A,جرم و حجم ویژگی‌های ذاتی و ثابت همه مواد هستند، برخلاف وزن و شکل که متغیرند.,A,0.9736438989639282,A,0.7526020407676697,True,True,True,False,[0.9736439  0.00186222 0.0014503  0.02304372],[0.75260204 0.01555886 0.18954572 0.04229337]
1953,بهترین روش مدلسازی تأثیر باد بر روی تپه‌های شنی چیست؟,"['یک سطل از شن را از طریق هوا بریزید.', 'روی توده\u200cای از شن آب بریزید.', 'شن را از طریق یک الک درون آب تصفیه کنید.', 'از طریق یک نی به یک توده شن فوت کنید.']",D,فوت کردن با نی نیروی باد را به صورت متمرکز شبیه‌سازی کرده و حرکت ذرات شن را نشان می‌دهد که اصول دینامیک باد را مدل می‌کند.,A,0.6732401251792908,D,0.8662276864051819,False,True,True,True,[0.6732401  0.14963453 0.00756718 0.16955812],[1.1723117e-01 1.5865514e-02 6.7563506e-04 8.6622769e-01]
1954,کدام منبع انرژی جایگزین بیشترین شباهت را به زغال سنگ دارد؟,"['انرژی ژئوترمال', 'انرژی هسته\u200cای', 'انرژی هیدروالکتریک', 'انرژی بیوپیل']",D,هر دو از مواد آلی به دست می‌آیند و به عنوان سوخت جامد استفاده می‌شوند.,A,0.8074265718460083,D,0.7939703464508057,False,True,True,True,[0.8074266  0.05171797 0.03136853 0.10948694],[0.17715873 0.02360412 0.00526679 0.79397035]
1955,ترتیب صحیح مراحل رشد و توسعه یک گیاه چیست؟,"['گیاه جوان -> دانه -> گیاه بالغ', 'دانه -> گیاه بالغ -> گیاه جوان', 'دانه -> گیاه جوان -> گیاه بالغ', 'گیاه بالغ -> گیاه جوان -> دانه']",C,رشد گیاه از دانه شروع می‌شود، ابتدا جوانه می‌زند و سپس بالغ می‌شود.,C,0.9395143389701843,C,0.9756869673728943,True,True,True,True,[5.9826985e-02 5.2575598e-04 9.3951434e-01 1.3293192e-04],[2.3125926e-02 1.0160822e-03 9.7568697e-01 1.7113617e-04]
1956,یک دانش آموز در حال بررسی انواع مختلف درختان است. دو درخت با نرخ رشد، دامنه دما و اندازه‌های مشابه یافت شده‌اند، اما ورق‌ها و گل‌های متفاوتی دارند. این درختان احتمالاً در کدام یک از گزینه‌های زیر هستند؟,"['همان گونه.', 'همان جنس.', 'یک پادشاهی متفاوت.', 'یک فیلو متفاوت.']",B,ویژگی‌های مشابه کلی با تفاوت در جزئیات ظاهری و تولیدمثلی، معمولاً نشان‌دهنده تعلق به یک جنس است.,C,0.7192497253417969,B,0.9672002196311951,False,True,True,True,[0.16174501 0.05950267 0.7192497  0.05950267],[2.9666858e-02 9.6720022e-01 3.7345060e-04 2.7594476e-03]
1957,در ماه اکتبر، صورت‌های فلکی جمنای و اوریون بعد از نیمه‌شب در آسمان ظاهر می‌شوند. در ماه ژانویه، اوریون در زمان غروب خورشید ظاهر می‌شود. در چه زمانی احتمالاً جمنای در ژانویه ظاهر خواهد شد؟,"['در ظهر', 'در زمان غروب خورشید', 'بعد از نیمه\u200cشب', 'قبل از طلوع خورشید']",B,با حرکت ظاهری صورت‌های فلکی به سمت غرب، جمنای در ژانویه زودتر از اوریون طلوع می‌کند و بنابراین [MASK] دیده می‌شود.,A,0.2986334562301636,A,0.32642993330955505,False,False,False,False,[0.29863346 0.2635431  0.23257597 0.20524758],[0.32642993 0.22611141 0.32642993 0.12102871]
1958,کدام ترکیب از فرایندهای چرخه آب بیشتر احتمال دارد که منجر به سیلاب شود؟,"['جاری شدن کم، تبخیر کم، تعرق زیاد', 'جاری شدن زیاد، تبخیر کم، بارش کم', 'جاری شدن کم، نفوذپذیری زیاد، چگالش زیاد', 'جاری شدن زیاد، نفوذپذیری کم، بارش زیاد']",D,سیلاب زمانی رخ می‌دهد که رواناب سریع افزایش یابد، ناشی از بارش شدید و عدم جذب آب توسط زمین.,A,0.44350412487983704,D,0.6048930287361145,False,True,True,True,[0.44350412 0.09895915 0.34540135 0.1121354 ],[0.13391954 0.01099278 0.25019464 0.604893  ]
1959,مایکل باید یک مقاله در مورد تشکیل سلول‌های قرمز خون بنویسد. علاوه بر سیستم گردش خون، کدام سیستم دیگر بدن را باید تحقیق کند تا اطلاعاتی درباره تشکیل سلول‌های قرمز خون پیدا کند؟,"['الف) سیستم اسکلتی', 'ب) سیستم ایمنی', 'ج) سیستم غدد درون\u200cریز', 'د) سیستم تولیدمثل']",A,سلول‌های قرمز در مغز استخوان تشکیل می‌شوند که جزئی از این سیستم است.,D,0.4884873628616333,A,0.5987825393676758,False,True,True,True,[0.07491197 0.43108857 0.00551206 0.48848736],[0.59878254 0.07095785 0.00975433 0.3205052 ]
1960,ماشین دیالیز می‌تواند برای حذف زباله‌ها از خون بیمار استفاده شود. کدام سیستم بدن انسان به‌طور مشابه عمل می‌کند؟,"['تولیدی', 'اخراجی', 'گوارشی', 'درون\u200cریز']",B,دیالیز عملکرد کلیه‌ها را تقلید می‌کند که مسئول دفع مواد زائد از خون است.,B,0.9596619009971619,B,0.9638303518295288,True,True,True,True,[0.03293417 0.9596619  0.00301586 0.00438805],[1.9925674e-02 9.6383035e-01 7.2579260e-04 1.5518131e-02]
1961,چی چیز زمین را در مدار خود به دور خورشید نگه می‌دارد؟,"['اینرسی ماه', 'محل مدار زمین', 'سرعت چرخش زمین', 'کششی گرانشی خورشید']",D,نیروی گرانش خورشید زمین را در مسیر مداری خود نگه می‌دارد و از حرکت مستقیم آن جلوگیری می‌کند.,A,0.8148660063743591,D,0.9427666068077087,False,True,True,True,[0.814866   0.12399128 0.00257336 0.05856933],[4.1422274e-02 1.5238402e-02 5.7267823e-04 9.4276661e-01]
1962,تپه‌ای در جنگل بارانی روزگاری کاملاً با درختان پوشیده شده بود. یک شرکت چوب‌بر تمام درختان را قطع کرد. کدام یک از اشکال تخریب محیط زیست است که احتمالاً به دلیل قطع درختان رخ خواهد داد؟,"['تنوع زیستی بیشتری خواهد بود.', 'خاک از مواد معدنی خود عاری خواهد شد.', 'هوا از دی\u200cاکسید کربن تخلیه خواهد شد.', 'اکسیژن بیشتری به هوا آزاد خواهد شد.']",B,قطع درختان باعث فرسایش خاک و شسته شدن مواد مغذی آن توسط باران می‌شود، زیرا پوشش محافظتی از بین رفته است.,C,0.734463095664978,B,0.9400303363800049,False,True,True,True,[0.05279029 0.21042721 0.7344631  0.00231944],[0.03644893 0.94003034 0.02210739 0.00141328]
1963,یک شهاب‌سنگ در جو زمین با سرعت ۳۵ کیلومتر در ثانیه حرکت می‌کند. این شهاب‌سنگ به علت اصطکاک با جو، ۰.۰۲ کیلومتر در ثانیه کند می‌شود قبل از اینکه به سطح زمین برسد. سرعت نهایی شهاب‌سنگ به علت اصطکاک جو چقدر است؟,"['۰.۷ کیلومتر در ثانیه', '۳۴.۹۸ کیلومتر در ثانیه', '۳۵.۰۲ کیلومتر در ثانیه', '۱۷۵۰ کیلومتر در ثانیه']",B,سرعت اولیه پس از کاهش ناشی از اصطکاک، کاهش می‌یابد و نتیجه تفریق ساده است.,A,0.701790452003479,B,0.5537267923355103,False,True,True,True,[0.70179045 0.26019916 0.00693407 0.03107636],[0.43124285 0.5537268  0.00210931 0.01292107]
1964,کدام یک از این موارد عملکرد تمام سلول‌هاست؟,"['تولید اکسیژن از طریق فتوسنتز', 'ترکیب با سایر سلول\u200cها برای تشکیل بافت\u200cها', 'تقسیم\u200cبندی برای تشکیل سلول\u200cها در تولید مثل جنسی', 'انتقال اطلاعات ژنتیکی از یک نسل به نسل بعدی']",D,همه سلول‌ها در موجودات چندسلولی برای تشکیل ساختارهای بزرگ‌تر با هم ترکیب می‌شوند، برخلاف سایر فرآیندها که محدود به انواع خاصی هستند.,B,0.6590123772621155,B,0.9975099563598633,False,False,False,False,[0.1880741  0.6590124  0.13027513 0.02263842],[1.7194094e-03 9.9750996e-01 4.2135941e-04 3.4931922e-04]
1965,در کلاس زیست شناسی، یک دانش‌آموز یک نمونه بافت را بر روی یک شیشه میکروسکوپ قرار می‌دهد. دانش‌آموز شیشه را می‌اندازد و شیشه می‌شکند. دانش‌آموز ابتدا باید چه procedure ای را دنبال کند؟,"['تلاش برای جمع\u200cآوری نمونه از تکه\u200cهای شیشه', 'برداشتن تکه\u200cهای بزرگتر شیشه', 'استفاده از جارو برای جمع\u200cآوری تمام شیشه\u200cهای روی زمین', 'به معلم در مورد حادثه اطلاع دهد']",D,اولویت اصلی ایمنی است زیرا شیشه شکسته و نمونه بیولوژیکی خطرناک هستند و نیاز به نظارت و تجهیزات مناسب برای پاک‌سازی دارند.,B,0.3965686559677124,B,0.9130603671073914,False,False,False,False,[0.2725574  0.39656866 0.02202601 0.308848  ],[5.8369994e-02 9.1306037e-01 5.6336756e-04 2.8006230e-02]
1966,تعداد کمی از گل‌ها می‌توانند در توندرا شمالی قطب شمال رشد کنند. آن‌هایی که در آنجا می‌رویند، ساقه‌های بسیار کوتاهی دارند. این چگونه یک سازگاری است که به آن‌ها در بقا در اقلیم قطب شمال کمک می‌کند؟,"['این آن\u200cها را از یخ زدن محافظت می\u200cکند.', 'این مانع از خوردن آن\u200cها توسط مصرف\u200cکنندگان می\u200cشود.', 'این آن\u200cها را از شکستن در وزش\u200cهای قوی باد محافظت می\u200cکند.', 'این کار کشیدن آن\u200cها از زمین را بسیار دشوار می\u200cکند.']",C,ساقه‌های کوتاه مقاومت در برابر بادهای شدید را افزایش داده و از آسیب‌های فیزیکی جلوگیری می‌کنند.,A,0.795669674873352,C,0.7712828516960144,False,True,True,True,[7.9566967e-01 3.2900504e-03 2.0039247e-01 6.4784935e-04],[2.2097625e-01 7.6804655e-03 7.7128285e-01 6.0502545e-05]
1967,کدام یک از جملات مربوط به فلزات صحیح است؟,"['الف) فلزات حل شدنی هستند.', 'ب) فلزات برق را هدایت می\u200cکنند.', 'ج) فلزات ساختاری سخت دارند.', 'د) فلزات نقطه ذوب پایینی دارند.']",B,فلزات به دلیل الکترون‌های آزاد، رسانای الکتریسیته هستند که ویژگی اصلی آن‌هاست.,A,0.49491873383522034,B,0.9841523766517639,False,True,True,True,[0.49491873 0.43676424 0.0092075  0.05910961],[0.01084786 0.9841524  0.00100901 0.00399071]
1968,کدام اطلاعات بهترین کمک را به یکmeteorologist در پیش‌بینی احتمال شکل‌گیری گردبادها در یک ناحیه خاص می‌کند؟,"['شرایط فعلی باد', 'نوع ابرها در آسمان', 'درصد رطوبت در هوا', 'مقدار بارش باران']",B,رطوبت بالا انرژی لازم برای تشکیل توفان‌های شدید را فراهم می‌کند و پیش‌بینی را ممکن می‌سازد.,A,0.45459604263305664,C,0.9954789876937866,False,False,False,False,[0.45459604 0.18876502 0.3526595  0.00397939],[4.0366352e-03 3.4186529e-04 9.9547899e-01 1.4251065e-04]
1969,وزن یک جسم در مکان‌های مختلف روی زمین تغییر می‌کند. کدام یک از موارد زیر اندازه‌گیری وزن است؟,"['20 میلی\u200cلیتر', '16 نیوتن', '45 متر', '90 درجه سانتی\u200cگراد']",B,وزن با نیوتن سنجیده می‌شود، در حالی که سایر موارد واحدهای اندازه‌گیری متفاوتی هستند.,B,0.9989504814147949,B,0.9988231062889099,True,True,True,False,[5.4393813e-04 9.9895048e-01 2.5440324e-05 4.8002371e-04],[6.7685562e-04 9.9882311e-01 6.2957384e-05 4.3701081e-04]
1970,"پت دو نوع کود گیاهی به نام‌های ""کود سریع‌الرشد"" و ""کود فوق‌العاده‌الرشد"" دارد. بهترین راه برای پت برای پیدا کردن اینکه کدام کود گیاهی به یک نوع خاص از گیاهان آپارتمانی کمک می‌کند تا بیشترین رشد را داشته باشد، چیست؟","['کود سریع\u200cالرشد را روی یک گیاه در اتاق نشیمن بگذارد، کود فوق\u200cالعاده\u200cالرشد را روی یک گیاه از همان نوع در اتاق خواب بگذارد و ببیند کدام یک بیشتر رشد می\u200cکند.', 'بداند هر نوع کود گیاهی چقدر هزینه دارد، زیرا نوع گران\u200cتر احتمالاً برای رشد گیاهان بهتر است.', 'کود سریع\u200cالرشد را روی چند گیاه بگذارد، مقدار مشابهی از کود فوق\u200cالعاده\u200cالرشد را روی چند گیاه دیگر از همان نوع بگذارد، همه گیاهان را در یک مکان قرار دهد و ببیند کدام گروه از گیاهان بیشتر رشد می\u200cکند.', 'به تبلیغات کود سریع\u200cالرشد نگاه کند، به تبلیغات کود فوق\u200cالعاده\u200cالرشد نگاه کند و ببیند کدام یک می\u200cگوید به رشد گیاهان بیشتر کمک می\u200cکند.']",C,این روش با ثابت نگه داشتن همه عوامل به جز نوع کود، مقایسه دقیق تأثیر آن‌ها بر رشد گیاه را در شرایط یکسان ممکن می‌سازد.,C,0.7232189178466797,A,0.7692761421203613,True,False,False,False,[0.26605737 0.00436814 0.7232189  0.0063556 ],[0.76927614 0.0096084  0.21868613 0.00242938]
1971,چندین دیسک فیلتر کاغذ با اندازه‌های مختلف در یک محلول خیس می‌شوند و در یک محلول دیگر قرار می‌گیرند که در آن واکنشی رخ می‌دهد که گازی تولید می‌کند. حباب‌های گاز روی فیلتر کاغذ جمع می‌شوند و باعث می‌شوند فیلتر کاغذ به سطح محلول برود. کدام‌یک از این موارد measurement که در طول این آزمایش انجام نخواهد شد؟,"['تعداد حباب\u200cهای تولید شده', 'فاصله\u200cای که فیلتر کاغذ بالارفته است', 'قطر دیسک\u200cهای فیلتر کاغذ', 'زمانی که فیلتر کاغذ برای بالا رفتن نیاز دارد']",A,قطر دیسک‌ها از پیش تعیین شده و در طول آزمایش تغییر نمی‌کند، بنابراین اندازه‌گیری نمی‌شود.,B,0.4287649095058441,C,0.6852604746818542,False,False,False,False,[0.22950132 0.4287649  0.2025342  0.13919958],[0.0824846  0.19787024 0.6852605  0.03438469]
1972,در زیر چه شرایطی یک مکعب شکر سریع‌تر حل می‌شود وقتی که در یک لیتر آب در دمای اتاق قرار می‌گیرد؟,"['یک مکعب شکر کامل اضافه می\u200cشود و آب هم زده می\u200cشود.', 'یک مکعب شکر کامل اضافه می\u200cشود و آب هم زده نمی\u200cشود.', 'یک مکعب شکر خرد شده اضافه می\u200cشود و آب هم زده می\u200cشود.', 'یک مکعب شکر خرد شده اضافه می\u200cشود و آب هم زده نمی\u200cشود.']",C,افزایش سطح تماس با خرد کردن و توزیع مولکول‌ها با هم زدن، سرعت انحلال را به حداکثر می‌رساند.,A,0.5062981843948364,A,0.6390511393547058,False,False,False,False,[0.5062982  0.30708537 0.04155948 0.14505686],[0.63905114 0.12583663 0.20746952 0.02764264]
1973,کدام یک از این عوامل باعث تبخیر سریع‌تر آب می‌شود؟,"['دمای بالا', 'رطوبت بالا', 'بادهای ملایم', 'جریان آرام آب']",A,افزایش دما انرژی مولکول‌های آب را زیاد کرده و تبخیر را تسریع می‌کند.,A,0.9912256598472595,A,0.9891904592514038,True,True,True,False,[0.99122566 0.00317339 0.00280051 0.00280051],[9.8919046e-01 7.5231176e-03 8.4407046e-04 2.4423988e-03]
1974,داوید یک محلول با حل کردن 10 گرم نمک در 100 میلی‌لیتر آب تهیه می‌کند. او می‌خواهد محلولی به غلظت نصف تهیه کند. او چه چیزی باید به محلول اصلی اضافه کند تا محلولی به نسبت نصف غلظت حاصل شود؟,"['50 میلی\u200cلیتر آب', '100 میلی\u200cلیتر آب', '5 گرم نمک', '10 گرم نمک']",B,برای نصف کردن غلظت، باید حجم محلول دو برابر شود، پس آب اضافه می‌شود.,C,0.6231576204299927,A,0.4347516596317291,False,False,False,False,[0.17853765 0.12270701 0.6231576  0.0755976 ],[0.43475166 0.1411432  0.383667   0.04043821]
1975,سوال: یک قناری و یک لاک‌پشت انواع مختلفی از حیوانات هستند. چه چیزی آن‌ها را مشابه می‌سازد؟,"['الف) هر دو خواب زمستانی دارند.', 'ب) هر دو پر دارند.', 'ج) هر دو از طریق تخم\u200cگذاری تولید مثل می\u200cکنند.', 'د) هر دو برای جوانان خود شیر تولید می\u200cکنند.']",C,هر دو تخم‌گذاری می‌کنند، که ویژگی مشترک پرندگان و خزندگان است.,A,0.39632877707481384,C,0.9231955409049988,False,True,True,True,[0.39632878 0.04177275 0.34975892 0.21213952],[0.05290332 0.01717519 0.92319554 0.0067259 ]
1976,کشاورزان انواع مختلفی از محصولات را کشت می‌کنند. کدام یک از عوامل زیر بیشترین تاثیر را بر نوع محصوبی که یک کشاورز کشت می‌کند دارد؟,"['عمق خاک', 'مقدار بارندگی', 'مقدار زمین در دسترس', 'تعداد بذرهای در دسترس']",B,بارندگی مستقیماً نیاز آبی گیاهان را تعیین می‌کند و انتخاب محصول را برای کشاورزان هدایت می‌نماید.,B,0.5328396558761597,B,0.9951253533363342,True,True,True,True,[0.3244485  0.53283966 0.04975579 0.09295605],[4.0987465e-03 9.9512535e-01 3.1606140e-04 4.5986663e-04]
1977,آلیشیا پراکسید هیدروژن و مخمر را در یک فنجان کاغذی ریخت. فنجان کاغذی احساس گرما کرد و او نتیجه‌گیری کرد که یک واکنش اتفاق افتاده که حرارت تولید می‌کند. آلیشیا چه کار دیگری می‌تواند انجام دهد تا نتیجه‌گیری دقیق‌تری به دست آورد؟,"['از یک فنجان عایق\u200cدار به جای فنجان کاغذی استفاده کند', 'مقدار پراکسید هیدروژنی که استفاده می\u200cکند را تغییر دهد', 'بعد از اینکه واکنش انجام شد، از فنجان عکس بگیرد', 'از یک دماسنج برای اندازه\u200cگیری تغییر دما استفاده کند']",D,اندازه‌گیری دقیق دما با ابزار مناسب، شواهد عینی برای تولید گرما فراهم می‌کند.,D,0.8264849185943604,D,0.6381112337112427,True,True,True,False,[0.16370091 0.00802383 0.00179036 0.8264849 ],[0.34155634 0.01324358 0.00708878 0.63811123]
1978,سیارات در منظومه شمسی به دور خورشید می‌چرخند زیرا خورشید,"['از هیدروژن و هلیوم تشکیل شده است.', 'قدیمی\u200cتر از سایر اشیاء در منظومه شمسی است.', 'منبع بیشتر انرژی گرما و نور است.', 'قوی\u200cترین منبع گرانش در منظومه شمسی است.']",D,سیارات به دلیل نیروی گرانش قوی خورشید که ناشی از جرم عظیم آن است، در مدارهای خود به دور آن می‌چرخند.,D,0.46976789832115173,D,0.8733367323875427,True,True,True,True,[0.08163342 0.03402987 0.41456872 0.4697679 ],[0.05539607 0.00849526 0.06277198 0.87333673]
1979,یک معادله نامتعادل برای واکنش گاز متان (CH_{4}) با اکسیژن در زیر نشان داده شده است. CH_{4} + \Box O_{2} -> 2CO_{2} + 4H_{2}O چند مولکول گاز اکسیژن (O_{2}) برای متعادل کردن صحیح این معادله نیاز است؟,"['1', '2', '3', '4']",D,برای متعادل‌سازی، اتم‌های هر عنصر باید برابر باشند. در سمت راست ۸ اتم هیدروژن و ۲ اتم کربن وجود دارد. با ۲ مولکول متان، این مقادیر تأمین می‌شود. سپس برای اکسیژن، ۱۲ اتم نیاز است که با ۶ مولکول اکسیژن حاصل می‌شود، اما با توجه به ضرایب داده‌شده، محاسبه مستقیم نشان می‌دهد ۴ مولکول کافی است.,B,0.5561948418617249,D,0.9805591702461243,False,True,True,True,[0.20461266 0.55619484 0.18057002 0.0586225 ],[1.3770078e-02 5.0657289e-03 6.0501497e-04 9.8055917e-01]
1980,برخی از خودروهای جدید با استفاده از سیستم‌های ترمز خاص انرژی را هنگام اعمال ترمز بازیابی می‌کنند. این انرژی در باتری‌های خاصی ذخیره می‌شود و برای قدرت‌دهی به موتور الکتریکی استفاده می‌شود. چه نوع انرژی توسط ترمزها هنگام کاهش سرعت خودرو ذخیره می‌شود؟,"['گرانشی', 'جنبشی', 'پتانسیل', 'حرارتی']",C,خودرو در حال حرکت انرژی [MASK] دارد که هنگام کاهش سرعت، بخشی از آن بازیابی و ذخیره می‌شود.,D,0.41771388053894043,C,0.5281224250793457,False,True,True,True,[0.3253159  0.25335628 0.00361393 0.41771388],[0.13353026 0.28268358 0.5281224  0.05566369]
1981,سطح اقیانوس محیطی بسیار متنوع‌تر از اعماق آن است. کدام دو فرایند چرخه آب بیشترین تنوع در غلظت نمک سطح اقیانوس را ایجاد می‌کنند؟,"['تراوش و بارش', 'بارش و تبخیر', 'تبخیر و میعان', 'میعان و تراوش']",B,بارش با رقیق‌کردن و تبخیر با غلیظ‌کردن نمک، بیشترین نوسان در شوری سطح دریا را ایجاد می‌کنند.,B,0.6894596219062805,B,0.9020417928695679,True,True,True,True,[0.25363803 0.6894596  0.01282675 0.04407568],[0.08423134 0.9020418  0.00250413 0.01122274]
1982,درختان سیب و مرغ‌ها هر دو یک چرخه عمر دارند. کدام مرحله از چرخه عمر در هر دو، دانه سیب و تخمک بارور شده وجود دارد؟,"['شفیره', 'جنین', 'مزو', 'بزرگسال']",C,هر دو در مرحله اولیه رشد و نمو قرار دارند.,A,0.7542960047721863,A,0.9332966804504395,False,False,False,False,[0.754296   0.13210504 0.07071073 0.04288823],[0.9332967  0.03611723 0.015293   0.015293  ]
1983,"سالی الکترودها را درون یک بشر حاوی محلول قرار داد و الکترودها را به یک باتری متصل کرد. بخشی از گزارش سالی بیان شده است که ""حباب‌ها در یکی از الکترودها آزاد شدند."" این جمله","['مشاهده\u200cای است', 'پیش\u200cبینی است', 'نتیجه\u200cگیری است', 'نظریه\u200cای است']",A,این جمله توصیف مستقیم یک رویداد قابل مشاهده در حین آزمایش است، نه استنباط یا فرضیه.,A,0.9878507256507874,A,0.99922776222229,True,True,True,True,[0.9878507  0.00513088 0.00513088 0.00188755],[9.9922776e-01 5.2452442e-04 6.0718103e-05 1.8702493e-04]
1984,دو دانش آموز هر کدام یک جعبه را تا طبقه سوم یک ساختمان حمل می‌کنند. مجموع جرم هر دانش آموز و جعبه‌ای که او حمل می‌کند یکسان است. ربرتاً این سفر را در ۴۵ ثانیه انجام می‌دهد در حالی که ماری ۳۰ ثانیه طول می‌کشد. کدام یک از جملات زیر به بهترین نحو این کار را توصیف می‌کند؟,"['ربرتاً کار بیشتری نسبت به ماری انجام می\u200cدهد.', 'ماری کار بیشتری نسبت به ربرتاً انجام می\u200cدهد.', 'ربرتاً قدرت بیشتری نسبت به ماری دارد.', 'ماری قدرت بیشتری نسبت به ربرتاً دارد.']",D,هر دو کار یکسانی انجام می‌دهند، اما ماری در زمان کمتری آن را انجام می‌دهد، بنابراین قدرت بیشتری دارد.,A,0.9028774499893188,C,0.8645106554031372,False,False,False,False,[0.90287745 0.05118619 0.01853841 0.02739799],[0.13206014 0.00129467 0.86451066 0.00213455]
1985,کدام یک از موارد زیر مرحله‌ای در چرخه زندگی درخت سیب است؟,"['تخم\u200cها از نهال\u200cها رشد می\u200cکنند.', 'میوه\u200cها گل\u200cها را تشکیل می\u200cدهند.', 'نهال\u200cها از برگ\u200cها رشد می\u200cکنند.', 'گل\u200cهای بارور میوه تشکیل می\u200cدهند.']",D,در چرخه طبیعی سیب، گل‌های بارور پس از گرده‌افشانی به میوه تبدیل می‌شوند.,A,0.7152340412139893,B,0.7247995734214783,False,False,False,False,[0.71523404 0.18083948 0.07597636 0.02795014],[0.20684896 0.7247996  0.00908831 0.05926322]
1986,هنگام بررسی سلامت یک اکوسیستم، بوم شناسان عوامل زیادی را در نظر می‌گیرند. کدام عامل به لحاظ احتمال کم‌تر توسط بوم شناسان هنگام ارزیابی تأثیر فعالیت‌های انسانی بر یک اکوسیستم در نظر گرفته می‌شود؟,"['کیفیت هوا', 'تنوع گیاهی', 'تابش خورشیدی', 'آلودگی حرارتی']",C,تأثیرات غیرمستقیم و تدریجی آن و نیاز به ابزار تخصصی برای اندازه‌گیری باعث می‌شود کمتر مورد توجه قرار گیرد.,C,0.7728865742683411,C,0.9071272015571594,True,True,True,True,[0.19541633 0.02075827 0.7728866  0.01093884],[0.07475296 0.01278873 0.9071272  0.00533113]
1987,دانشمندان در حال مطالعه یک گروه از قازهای جوان جستجوگر کشف کردند که درصد زیادی از آنها به انگل‌های خونی مبتلا هستند. این انگل‌های خونی چگونه احتمالاً بر روی پرندگان جوان تاثیر خواهند گذاشت؟,"['با جهش در ویژگی\u200cهای ژنتیکی پرندگان', 'با تغییر رفتارهای اجتماعی پرندگان', 'با کاهش سلامت کلی پرندگان', 'با افزایش انرژی در دسترس پرندگان']",C,انگل‌ها با تغذیه از خون، مواد مغذی را کاهش داده و سیستم ایمنی را تضعیف می‌کنند، که سلامت کلی را پایین می‌آورد.,A,0.9399976134300232,C,0.9808394908905029,False,True,True,True,[0.9399976  0.01699947 0.04142179 0.0015812 ],[1.7964702e-02 1.1484449e-03 9.8083949e-01 4.7401983e-05]
1988,سوالی: یک موش در یک انتهای یک هزارتوی مقوایی قرار دارد که در انتهای دیگر آن یک تکه پنیر وجود دارد. موش بوی پنیر را استشمام می‌کند و یاد می‌گیرد چگونه آن را پیدا کند. موش از یک,"['ویژگی کسب\u200cشده برای به دست آوردن یک ویژگی ارثی استفاده می\u200cکند.', 'ویژگی ارثی برای به دست آوردن یک ویژگی کسب\u200cشده استفاده می\u200cکند.', 'ویژگی کسب\u200cشده برای به دست آوردن یک ویژگی دیگر کسب\u200cشده استفاده می\u200cکند.', 'ویژگی ارثی برای به دست آوردن یک ویژگی دیگر ارثی استفاده می\u200cکند.']",B,توانایی ذاتی بوییدن به موش کمک می‌کند تا مسیر را یاد بگیرد که یک مهارت اکتسابی است.,A,0.7196172475814819,B,0.8455901741981506,False,True,True,True,[0.71961725 0.2647324  0.00383567 0.0118147 ],[0.14636867 0.8455902  0.00236583 0.00567533]
1989,خورشید نمونه‌ای از کدام یک از موارد زیر است؟,"['شهاب\u200cسنگ', 'سیاره', 'کهکشان', 'ستاره']",D,خورشید گوی پلاسمایی است که با واکنش‌های هسته‌ای انرژی تولید می‌کند و این مشخصه‌ی [MASK] است.,A,0.7292699217796326,D,0.7824003100395203,False,True,True,True,[0.7292699  0.03637919 0.02500303 0.2093478 ],[0.09344439 0.11998498 0.00417031 0.7824003 ]
1990,جان و لیزا یک نمونه از آب دریا جمع‌آوری کردند و آن را در یک شیشه قرار دادند. در عرض چند روز، آب تبخیر شد و نمک در ته شیشه قابل مشاهده بود. این نمونه‌ای از چیست؟,"['تغییر فیزیکی.', 'تغییر شیمیایی.', 'حل شدن یک حلّال.', 'تشکیل یک ماده جدید.']",A,تبخیر آب و باقی‌ماندن نمک نشان‌دهنده تغییر حالت است، نه ایجاد ماده جدید.,A,0.9029003381729126,A,0.951974630355835,True,True,True,True,[0.90290034 0.08447634 0.00785752 0.00476583],[9.5197463e-01 4.7027186e-02 5.2242487e-04 4.7567327e-04]
1991,زمین دارای مدار مشخصی در سیستم خورشیدی است. این مدار عمدتاً نتیجه,"['جرم خورشید است.', 'اندازه ماه است.', 'نیروی جاذبه سیارات دیگر است.', 'فاصله بین سیارات دیگر است.']",A,مدار زمین عمدتاً تحت تأثیر گرانش ناشی از جرم مرکزی منظومه شمسی است.,A,0.9765507578849792,A,0.9993960857391357,True,True,True,True,[9.7655076e-01 2.0396726e-02 3.3487412e-04 2.7176007e-03],[9.9939609e-01 4.9306877e-04 5.1969066e-05 5.8888665e-05]
1992,خط اول دفاع در بدن انسان در برابر عفونت و بیماری چیست؟,"['پوست', 'ویتامین\u200cها', 'گلبول\u200cهای قرمز خون', 'گلبول\u200cهای سفید خون']",A,اولین سد فیزیکی بدن که از ورود عوامل بیماری‌زا جلوگیری می‌کند و نقش محافظتی اصلی را دارد.,A,0.44289615750312805,A,0.9992936849594116,True,True,True,True,[0.44289616 0.07756744 0.03664027 0.44289616],[9.9929368e-01 3.6105228e-04 4.5902645e-05 2.9932286e-04]
1993,اکسیژن، هیدروژن و آب مواد هستند. کدام یک از این مواد عناصر هستند؟,"['اکسیژن، هیدروژن و آب', 'فقط اکسیژن و هیدروژن', 'فقط اکسیژن', 'فقط آب']",B,عناصر به مواد ساده‌تر تجزیه نمی‌شوند، در حالی که آب ترکیبی از دو عنصر است.,B,0.9119945764541626,B,0.9495949745178223,True,True,True,True,[8.433312e-02 9.119946e-01 7.411144e-04 2.931164e-03],[0.04755538 0.949595   0.00160203 0.00124766]
1994,دانش‌آموزان می‌خواهند بدانند که اندازهٔ برگ‌های درخت بلوط چقدر است. بهترین روش برای اندازه‌گیری اندازهٔ برگ‌ها ___ است.,"['کتابی بخوانند', 'از خط\u200cکش استفاده کنند', 'چند برگ را برش دهند', 'از ذره\u200cبین استفاده کنند']",B,ابزار اندازه‌گیری مستقیم دقیق‌ترین روش برای تعیین ابعاد فیزیکی است.,B,0.8337732553482056,B,0.975562334060669,True,True,True,True,[0.04703827 0.83377326 0.09958002 0.01960847],[0.00963909 0.97556233 0.00963909 0.00515943]
1995,ظرفی در حین یک تمرین آزمایشگاهی واژگون شده و مایع بر روی سطح کار ریخته می‌شود. دانش‌آموز باید ابتدا چه کاری انجام دهد؟,"['معلم را مطلع کند', 'ریختن را پاک کند', 'به همکلاسی خود بگوید', 'سرایداری را صدا کند']",A,در آزمایشگاه، اطلاع به معلم برای ارزیابی خطر و حفظ ایمنی ضروری است.,A,0.8901386857032776,A,0.9789586067199707,True,True,True,True,[8.9013869e-01 1.0631191e-01 7.1632396e-04 2.8331163e-03],[9.7895861e-01 2.0357359e-02 1.4152096e-04 5.4250530e-04]
1996,زمانی که یک شهاب سنگ با سرعت بالا وارد جو زمین می‌شود، به دلیل اصطکاک کند می‌شود و بسیار داغ می‌شود. کدام عامل بیشترین تأثیر را بر میزان اصطکاکی که یک شهاب سنگ هنگام ورود به جو با آن مواجه می‌شود دارد؟,"['آب و هوا', 'مغناطیس', 'انرژی خورشیدی', 'چگالی هوا']",D,اصطکاک ناشی از برخورد مولکول‌های هواست و هرچه تعداد مولکول‌ها بیشتر باشد، اصطکاک افزایش می‌یابد.,A,0.8438316583633423,D,0.9183073043823242,False,True,True,True,[8.4383166e-01 9.3375770e-03 7.6647499e-04 1.4606428e-01],[7.5379252e-02 6.0915775e-03 2.2188570e-04 9.1830730e-01]
1997,بر اساس جدول دوره‌ای، آرگون در کدام ستون قرار دارد؟,"['۱ (۱A)', '۲ (۲A)', '۱۶ (۶A)', '۱۸ (۸A)']",D,آرگون یک گاز نجیب است که در گروه هجدهم جدول تناوبی جای دارد.,C,0.45522117614746094,C,0.61603182554245,False,False,False,False,[0.12940809 0.01363951 0.45522118 0.40173128],[0.05056697 0.00366306 0.6160318  0.32973808]
1998,این ارگانیسم‌ها در جریان انرژی در یک اکوسیستم تعامل دارند. گوشت‌خواران و همه‌چیز خواران به عنوان مصرف‌کننده طبقه‌بندی می‌شوند. کدام دو ارگانیسم نیز به عنوان مصرف‌کننده طبقه‌بندی می‌شوند؟,"['باکتری\u200cها و قارچ\u200cها', 'قارچ\u200cها و لاشه\u200cخوارها', 'انگل\u200cها و گیاه\u200cخوارها', 'پوسنده\u200cها و گیاه\u200cخوارها']",C,گیاه‌خواران و انگل‌ها هر دو انرژی خود را از موجودات زنده دیگر می‌گیرند، بنابراین مصرف‌کننده محسوب می‌شوند.,B,0.8968560099601746,C,0.9464454054832458,False,True,True,True,[0.05755848 0.896856   0.0183968  0.0271887 ],[0.01511964 0.0368413  0.9464454  0.0015936 ]
1999,کدام بیان بهترین توضیح را ارائه می‌دهد که چرا چوب به عنوان یک منبع انرژی تجدید پذیر در نظر گرفته می‌شود و زغال‌سنگ اینگونه نیست؟,"['الف) چوب از زغال\u200cسنگ آسان\u200cتر پیدا می\u200cشود.', 'ب) چوب به ازای هر واحد جرم، کربن کمتری نسبت به زغال\u200cسنگ دارد.', 'ج) چوب سریع\u200cتر از زغال\u200cسنگ شکل می\u200cگیرد.', 'د) چوب به ازای هر واحد جرم، انرژی ذخیره\u200cشده کمتری نسبت به زغال\u200cسنگ دارد.']",C,چوب در مدت زمان کوتاهی قابل جایگزینی است، در حالی که تشکیل زغال‌سنگ میلیون‌ها سال طول می‌کشد.,B,0.8504766225814819,C,0.8640154004096985,False,True,True,True,[0.04779355 0.8504766  0.0229316  0.07879824],[0.03856001 0.02650188 0.8640154  0.0709227 ]
2000,کدام یک از این موارد نتیجه فتوسنتز و ضروری برای تنفس سلولی است؟,"['دی اکسید کربن', 'گلوکز', 'آب', 'نور خورشید']",B,فتوسنتز [MASK] تولید می‌کند که ماده مغذی اصلی برای تأمین انرژی در تنفس سلولی است.,C,0.6319848299026489,B,0.9305768609046936,False,True,True,True,[0.09654017 0.26448157 0.63198483 0.00699335],[0.04633069 0.93057686 0.01504137 0.00805107]
2001,یک گونه که به‌صورت جنسی تولیدمثل می‌کند چه مزیتی نسبت به گونه‌ای که به‌صورت غیرجنسی تولیدمثل می‌کند دارد؟,"['تنوع بیشتری میان نسل\u200cها وجود دارد.', 'نسل\u200cها شبیه والدین هستند.', 'تنها یک والد برای تولیدمثل لازم است.', 'هیچ سلول جنسی برای تولیدمثل لازم نیست.']",A,ترکیب ژنتیکی دو والد باعث تنوع بیشتر در فرزندان می‌شود که سازگاری با محیط را بهبود می‌بخشد.,D,0.43978187441825867,D,0.7488625049591064,False,False,False,False,[0.16305563 0.00905635 0.38810614 0.43978187],[0.2440716  0.00498701 0.0020789  0.7488625 ]
2002,لوازم خانگی برق را به یک یا چند شکل مختلف انرژی تبدیل می‌کنند. یک پنکه برقی بهترین توصیف ایناست که برق را به,"['فقط انرژی گرمایی تبدیل می\u200cکند', 'فقط انرژی گرمایی و انرژی صوتی تبدیل می\u200cکند', 'فقط انرژی گرمایی، انرژی صوتی و انرژی مکانیکی تبدیل می\u200cکند', 'انرژی گرمایی، انرژی صوتی، انرژی مکانیکی و انرژی شیمیایی تبدیل می\u200cکند']",C,پنکه انرژی الکتریکی را عمدتاً به مکانیکی تبدیل می‌کند و در حین کار گرما و صدا نیز تولید می‌شود.,A,0.5783061981201172,C,0.9250906109809875,False,True,True,True,[0.5783062  0.07857156 0.12954259 0.21357961],[0.04641878 0.01935023 0.9250906  0.0091404 ]
2003,یک دانش‌آموز از یک نی برای حباب زدن در یک محلول هیدروکسید کلسیم استفاده می‌کند. دی‌اکسید کربن موجود در نفس دانش‌آموز با آب واکنش داده و اسیدی را تشکیل می‌دهد که شروع به خنثی‌کردن محلول قلیایی می‌کند. کدام یک از موارد زیر بهترین توصیف برای تغییر اولیه pH محلول است؟,"['افزایش pH به سمت pH ۷', 'افزایش pH به دور از pH ۷', 'کاهش pH به سمت pH ۷', 'کاهش pH به دور از pH ۷']",C,محلول قلیایی با افزودن اسید ضعیف خنثی شده و pH آن به سمت خنثی کاهش می‌یابد.,C,0.5265960693359375,C,0.5573505759239197,True,True,True,True,[0.40851456 0.01571656 0.52659607 0.04917277],[0.14202555 0.00229563 0.5573506  0.29832828]
2004,سوالی: یک دانش‌آموز 20 گرم نمک خوراکی را در یک لیوان آب حل می‌کند. کدام جمله توضیح می‌دهد که پس از حل شدن نمک خوراکی، وزن آن چه می‌شود؟,"['الف) وزن کاهش می\u200cیابد زیرا قطعات نمک خوراکی بسیار کوچک\u200cتر هستند.', 'ب) وزن افزایش می\u200cیابد زیرا نمک خوراکی در تمام آب پخش می\u200cشود.', 'ج) وزن ثابت می\u200cماند زیرا مقدار نمک خوراکی تغییر نمی\u200cکند.', 'د) وزن صفر است زیرا نمک خوراکی به مایع تبدیل شده است.']",C,بر اساس قانون پایستگی جرم، ماده از بین نمی‌رود و جرم کل محلول برابر با مجموع جرم آب و نمک باقی می‌ماند.,A,0.7935239672660828,A,0.6119178533554077,False,False,False,False,[0.79352397 0.12121642 0.03472909 0.05053052],[0.61191785 0.25508532 0.01250306 0.12049377]
2005,کدام مثال بهترین تصویر را از نیروی عمل از راه دور نشان می‌دهد؟,"['بلند کردن یک جعبه', 'افتادن یک سیب', 'کشیدن میخی از چوب', 'حرکت یک خودرو بر روی سطح صاف']",B,گرانش زمین بدون تماس فیزیکی باعث سقوط می‌شود که نمونه‌ای از تأثیر از فاصله است.,A,0.360460102558136,B,0.9696144461631775,False,True,True,True,[0.3604601  0.2169287  0.3604601  0.06215112],[0.02298199 0.96961445 0.00512798 0.00227553]
2006,یک ماهی در برکه نسبت به سایر ماهی‌های هم‌گونه‌اش، خارهای محافظتی بلندتری دارد. این خارها ماهی را از شکارچیان محافظت می‌کنند. این ماهی بسیاری از فرزندان خود را به دنیا می‌آورد که آن‌ها هم خارهای بلندی دارند. کدام بیانیه بهترین توصیف را از آنچه اتفاق افتاده، ارائه می‌دهد؟,"['یک جهش باعث تغییر سودمندی در ماهی شد.', 'یک جهش باعث تغییر زیان\u200cآوری در ماهی شد.', 'خارهای بلندتر باعث تغییر ژنتیکی در ماهی شدند.', 'خارهای بلندتر باعث تغییر موقتی در ماهی شدند.']",A,ویژگی مفید از طریق وراثت منتقل شده و به دلیل افزایش شانس بقا در جمعیت گسترش یافته است.,C,0.5088520050048828,C,0.581384539604187,False,False,False,False,[0.44906032 0.01973033 0.508852   0.0223574 ],[0.39957938 0.01573736 0.58138454 0.00329873]
2007,یک تیم تحقیقاتی گونه‌ای جدید از حیوانات را پیدا می‌کند. اطلاعاتی که درباره این حیوان به دست می‌آید، بهترین راه برای پیشبرد دانش علمی این است که تیم تحقیقاتی,"['بیانیه\u200cای به ایستگاه\u200cهای تلویزیونی محلی صادر کند.', 'اطلاعاتی را به جامعه علمی ارائه دهد.', 'یافته\u200cهای علمی را با دانش\u200cآموزان بحث کند.', 'نامه\u200cای به سردبیر روزنامه محلی خود بنویسد.']",B,ارائه یافته‌ها به متخصصان امکان بررسی دقیق و توسعه دانش از طریق کانال‌های معتبر را فراهم می‌کند.,B,0.9437370896339417,B,0.9919294118881226,True,True,True,True,[5.3554885e-02 9.4373709e-01 6.6370470e-04 2.0443543e-03],[7.6927394e-03 9.9192941e-01 2.1822623e-04 1.5965771e-04]
2008,سرعت امواج رادیویی چگونه با سرعت امواج فروسرخ مقایسه می‌شود؟,"['امواج رادیویی سریع\u200cتر حرکت می\u200cکنند.', 'امواج فروسرخ سریع\u200cتر حرکت می\u200cکنند.', 'هر دو با یک سرعت حرکت می\u200cکنند.', 'سرعت موج با فرکانس آن تغییر می\u200cکند.']",C,هر دو نوع موج الکترومغناطیسی در خلاء با سرعت نور حرکت می‌کنند.,B,0.5805382132530212,C,0.8974319696426392,False,True,True,True,[0.39744213 0.5805382  0.00831334 0.01370639],[0.09421987 0.00682526 0.89743197 0.00152292]
2009,اگر یک اتم هیدروژن یک الکترون را از دست بدهد، بار کلی آن چه خواهد بود؟,"['-1', '1', '-2', '2']",B,اتم هیدروژن با از دست دادن الکترون، یک پروتون اضافه دارد و بار مثبت می‌شود.,A,0.9391412734985352,B,0.8906716108322144,False,True,True,True,[0.9391413  0.05319009 0.0020624  0.00560619],[0.10720987 0.8906716  0.00092755 0.00119099]
2010,قندها برای عملکرد سلول‌های انسانی ضروری هستند. کدام یک از موارد زیر را سلول‌های انسانی نمی‌توانند انجام دهند؟,"['چسباندن قندها به مولکول\u200cهای پروتئینی', 'ساخت مولکول\u200cهای بزرگتر از قندها', 'ایجاد قندهای ساده از مولکول\u200cهای کوچکتر', 'شکستن کربوهیدرات\u200cهای پیچیده به قندهای ساده']",C,سلول‌های انسانی نمی‌توانند قندهای ساده را از مولکول‌های کوچک بسازند و باید آن‌ها را از غذا دریافت کنند.,A,0.35628747940063477,C,0.512352705001831,False,True,True,True,[0.35628748 0.24487257 0.04255247 0.35628748],[0.31075764 0.11521798 0.5123527  0.06167174]
2011,علاوه بر نور، چه نوع انرژی دیگری توسط لامپ تولید می‌شود؟,"['گرمایی', 'شیمیایی', 'مغناطیسی', 'مکانیری']",A,لامپ‌ها در فرآیند تولید نور، انرژی [MASK] نیز آزاد می‌کنند.,A,0.9947709441184998,A,0.9936618804931641,True,True,True,False,[0.99477094 0.00190867 0.00115767 0.00216281],[9.9366188e-01 3.1196636e-03 7.8877446e-04 2.4295964e-03]
2012,کدام یک از عبارات درباره مولکول‌های یخ و مولکول‌های آب مایع صحیح است؟,"['مولکول\u200cهای یخ انرژی بیشتری نسبت به مولکول\u200cهای آب مایع دارند.', 'مولکول\u200cهای یخ حاوی اتم\u200cهای متفاوتی نسبت به مولکول\u200cهای آب مایع هستند.', 'مولکول\u200cهای یخ بار الکتریکی بیشتری نسبت به مولکول\u200cهای آب مایع دارند.', 'مولکول\u200cهای یخ نسبت به مولکول\u200cهای آب مایع آزادی کمتری برای حرکت دارند.']",D,یخ ساختار کریستالی منظم دارد و پیوندهای قوی‌تر، حرکت مولکول‌ها را محدود می‌کند، برخلاف حالت مایع که آزادی حرکت بیشتر است.,B,0.5328211784362793,D,0.9779873490333557,False,True,True,True,[0.09331663 0.5328212  0.0076599  0.3662023 ],[1.9982798e-02 1.6402878e-03 3.8960250e-04 9.7798735e-01]
2013,کدام یک از موارد زیر مهم‌ترین وظیفهٔ دپارتمان تحقیق و توسعه یک شرکت بزرگ است؟,"['برای ایجاد، آزمایش و بهبود محصولات', 'برای مدیریت تولید محصولات', 'برای ترغیب مشتریان به خرید محصولات', 'برای برچسب\u200cگذاری، بسته\u200cبندی و ارسال محصولات به فروشگاه\u200cهای خرده\u200cفروشی']",A,تمرکز اصلی این بخش بر نوآوری، توسعه و ارتقای محصولات است.,A,0.9989894032478333,A,0.9993389248847961,True,True,True,True,[9.9898940e-01 5.5685895e-04 8.2769693e-05 3.7094802e-04],[9.9933892e-01 4.3045779e-04 6.2013321e-05 1.6856969e-04]
2014,یک گروه آزمایشگاهی نرخ رشد چهار گیاه که در نزدیکی پنجره کلاس درس رشد داده شده‌اند را مورد بررسی قرار می‌دهد. نتیجه‌گیری گروه با داده‌های مشابه از کدام یک از این منابع تقویت می‌شود؟,"['گروه\u200cهای آزمایشگاهی دیگر که به بررسی همان سوال می\u200cپردازند', 'نرخ رشد متوسط گیاهان منتشر شده در یک کتاب', 'یک آزمایش با گیاهان مختلف در همان محیط', 'یک آزمایش جدید با گیاهان بزرگتر']",A,تأیید نتایج توسط گروه‌های مستقل دیگر، اعتبار یافته‌ها را افزایش داده و خطاهای احتمالی را کاهش می‌دهد.,A,0.9457930326461792,A,0.9883687496185303,True,True,True,True,[0.94579303 0.04184029 0.00933583 0.0030309 ],[9.8836875e-01 1.1065900e-02 4.5674428e-04 1.0848627e-04]
2015,پس از چندین دهه غیبت در پارک ملی یلواستون، گرگ‌های خاکستری دوباره به این منطقه معرفی می‌شوند. با افزایش جمعیت گرگ‌ها، جمعیت‌های گوزن و بوفالو آغاز به کاهش می‌کنند. یکی دیگر از پیامدهای معرفی گرگ‌ها که احتمالاً در پارک یلواستون روی خواهد داد، چیست؟,"['هر دو گوزن و بوفالو منقرض خواهند شد.', 'جمعیت زباله\u200cخواران کاهش خواهد یافت.', 'خرس\u200cها و کایوت\u200cها بیشتر خواهند شد.', 'جمعیت گیاهانی که توسط گوزن و بوفالو مصرف می\u200cشوند افزایش خواهد یافت.']",D,با کاهش چرای گوزن و بوفالو، گیاهان فرصت رشد بیشتری پیدا می‌کنند و تنوع گیاهی افزایش می‌یابد.,C,0.4946669042110443,D,0.8017935752868652,False,True,True,True,[0.05173177 0.01705933 0.4946669  0.436542  ],[0.05125695 0.00761867 0.13933083 0.8017936 ]
2016,کرم‌های نواری باس به آبشش‌ها و روده‌های ماهی‌های باس متصل می‌شوند. این کرم‌ها با جذب مواد مغذی از ماهی باس زنده می‌مانند. این نوع رابطه نشان‌دهنده چیست؟,"['الف) شکارگری', 'ب) انگل\u200cوارگی', 'ج) هم\u200cزیستی', 'د) هم\u200cزیستی نفع\u200cدار']",B,این رابطه انگلی است چون کرم‌ها با تغذیه از مواد مغذی ماهی به آن آسیب می‌رسانند و تنها خود سود می‌برند، نه میزبان.,D,0.7222607731819153,B,0.7564470767974854,False,True,True,True,[0.12649448 0.09851401 0.05273075 0.7222608 ],[0.02608721 0.7564471  0.00242649 0.21503915]
2017,یک دانشمند ادعا می‌کند که در آزمایشگاه کشفی انجام داده است. این دانشمند برای اثبات معتبر بودن کشف خود به چه چیزی نیاز دارد؟,"['نقشه\u200cهایی که مراحل استفاده شده در کشف را نشان می\u200cدهد', 'سوابق دقیقی که نشان\u200cدهنده سازگاری داده\u200cها باشد', 'مدارکی که نشان دهد این دانشمند به خوبی شناخته شده است', 'مدرکی که ثابت کند تجهیزات استفاده شده در کشف دارای کیفیت بالا است']",B,داده‌های دقیق و سازگار برای تأیید صحت و قابلیت تکرارپذیری نتایج ضروری هستند.,B,0.690804660320282,B,0.997244119644165,True,True,True,True,[0.15413935 0.69080466 0.00091655 0.15413935],[2.1476422e-03 9.9724412e-01 1.2897594e-04 4.7920374e-04]
2018,از آنجا که زمین حرارت را به فضای خارج تابش می کند، چرا سطح زمین سردتر نمی شود؟,"['زمین به طور مداوم گرمای بیشتری از خورشید جذب می کند.', 'زمین دارای جنگل هایی است که از طریق فتوسنتز گرما تولید می کنند.', 'زمین دارای اقیانوس هایی است که گرما را ذخیره می کنند.', 'زمین گرمای اضافی از لاوا ذوب شده جذب می کند.']",A,زمین به طور پیوسته انرژی گرمایی از خورشید دریافت می‌کند که با گرمای تابش‌شده به فضا در تعادل است و از سردی سطح جلوگیری می‌نماید.,A,0.7678558826446533,C,0.7507852911949158,True,False,False,False,[0.7678559  0.03400184 0.19414437 0.00399798],[0.1913171  0.04837254 0.7507853  0.00952512]
2019,کدام سیستم به حفظ دمای طبیعی بدن 98.6 درجه فارنهایت کمک می کند؟,"['سیستم اسکلتی', 'سیستم گوارشی', 'سیستم غدد درون ریز', 'سیستم تولید مثل']",C,این سیستم با ترشح هورمون‌ها و تنظیم متابولیسم، دمای بدن را کنترل می‌کند.,C,0.9743757247924805,C,0.9975099563598633,True,True,True,True,[0.020026   0.0044684  0.9743757  0.00112979],[2.1905845e-03 1.3573082e-04 9.9750996e-01 1.6372262e-04]
2020,یک دانش‌آموز آزمایشی انجام داد تا ببیند چه مقدار شکر می‌تواند در آب حل شود. دانش‌آموز تعداد قاشق‌های شکر اضافه‌شده به آب را یادداشت کرد. محتمل‌ترین دلیل این که دانش‌آموز اطلاعات را ثبت کرده چیست؟,"['برای دانستن اینکه از کدام نوع آب استفاده کند', 'برای دانستن اینکه از کدام نوع شکر استفاده کند', 'برای ساختن یک مدل از آزمایش', 'برای اینکه بتواند آزمایش را تکرار کند']",D,برای تکرار دقیق آزمایش و تأیید نتایج، ثبت جزئیات ضروری است.,D,0.8868513703346252,D,0.9863513112068176,True,True,True,True,[0.09310903 0.01833425 0.00170535 0.8868514 ],[1.2247732e-02 1.3741574e-03 2.6791802e-05 9.8635131e-01]
2021,امواج نوری که از یک محیط هوایی به یک محیط آبی عبور می کنند چه می کنند؟,"['به صورت خط راست متمرکز می شوند.', 'انرژی خود را از دست می دهند و پراکنده می شوند.', 'طول و جهت خود را تغییر می دهند.', 'از سطح آب بازتاب می یابند.']",C,به دلیل تغییر سرعت در محیط جدید، نور شکسته شده و جهت و طول موجش تغییر می‌کند.,C,0.7859165668487549,C,0.9890372157096863,True,True,True,True,[0.01257971 0.1983231  0.78591657 0.00318065],[5.2717212e-03 5.2717212e-03 9.8903722e-01 4.1941556e-04]
2022,دوچرخه ای با سرعت ۳ متر در ثانیه (m/s) در حال حرکت است. سوار بر دوچرخه ترمز را می کشد و دوچرخه را در مدت ۳ ثانیه متوقف می کند. میانگین شتاب دوچرخه در این مدت چیست؟,"['-۱ متر بر ثانیه به توان ۲', '-۶ متر بر ثانیه به توان ۲', '۳ متر بر ثانیه به توان ۲', '۹ متر بر ثانیه به توان ۲']",A,تغییر سرعت منفی تقسیم بر زمان، شتاب منفی یک را نتیجه می‌دهد.,A,0.5385704040527344,A,0.9679177403450012,True,True,True,True,[0.5385704  0.42108068 0.0060535  0.03429542],[0.96791774 0.02263026 0.00210494 0.00734697]
2023,یک شکل مشخص و یک حجم مشخص ویژگی‌های کدام حالت ماده است؟,"['فقط جامد', 'فقط مایع', 'جامد و مایع', 'مایع و گاز']",A,جامدات شکل و حجم ثابت دارند، در حالی که مایعات فقط حجم ثابت دارند و گازها هیچ‌کدام را ندارند.,D,0.870556116104126,D,0.8669226765632629,False,False,False,False,[0.10458411 0.01817399 0.00668584 0.8705561 ],[0.02954881 0.09101675 0.01251175 0.8669227 ]
2024,زمانی که دی‌اکسید کربن (CO₂) منجمد گرما دریافت می‌کند، به طور مستقیم به گاز تبدیل می‌شود. کدام بیان بهترین نشانه‌ای است که نشان می‌دهد تغییر فیزیکی رخ داده است؟,"['گرما باعث افزایش تولید گاز شد.', 'گرما باعث تشکیل یک ماده جدید شد.', 'گرما باعث کاهش انرژی شد.', 'گرما باعث تغییر حالت شد.']",D,تغییر حالت ماده بدون تشکیل ماده جدید رخ داده و ماهیت آن حفظ شده است.,B,0.4450160264968872,D,0.8513755202293396,False,True,True,True,[2.0939115e-01 4.4501603e-01 3.6518235e-04 3.4522766e-01],[7.8881525e-02 6.9612704e-02 1.3024957e-04 8.5137552e-01]
2025,کدام ماده یک ترکیب است؟,"['کره', 'نیتروژن', 'هیدروژن', 'آمونیاک']",D,از دو عنصر متفاوت تشکیل شده و خواصی جدا از اجزای خود دارد، برخلاف مواد خالص یا مخلوط.,B,0.664505660533905,D,0.631344199180603,False,True,True,True,[2.2649486e-02 6.6450566e-01 1.7842038e-04 3.1266651e-01],[2.79568899e-02 3.40584636e-01 1.14253424e-04 6.31344199e-01]
2026,کدام دو سیستم به طور عمده برای پاکسازی بدن انسان از زائدات ناشی از تولید انرژی سلولی عمل می‌کنند؟,"['الف) سیستم\u200cهای ادراری و اسکلتی', 'ب) سیستم\u200cهای عصبی و هورمونی', 'ج) سیستم\u200cهای گردش خون و گوارش', 'د) سیستم\u200cهای تنفسی و گردش خون']",D,سیستم تنفسی دی‌اکسید کربن را دفع می‌کند و سیستم گردش خون مواد زائد را به اندام‌های دفع کننده منتقل می‌نماید.,C,0.8235918879508972,D,0.8957238793373108,False,True,True,True,[0.0769058  0.04664573 0.8235919  0.05285653],[0.01873596 0.00287325 0.08266693 0.8957239 ]
2027,سوال: کدام بخش از یک شرکت مبلمان بیشتر مسئول تحویل مبلمان به فروشگاه‌های خرده‌فروشی است؟,"['الف) توزیع', 'ب) بازاریابی', 'ج) کنترل کیفیت', 'د) تحقیق']",A,مدیریت انتقال محصولات از تولید به فروشگاه‌ها بر عهده این بخش است و سایر واحدها نقش مستقیم در تحویل فیزیکی ندارند.,A,0.8380869030952454,A,0.9580367207527161,True,True,True,True,[0.8380869  0.06118697 0.02216045 0.07856563],[0.9580367  0.01734263 0.00496875 0.01965177]
2028,آیا می‌توانید بگویید که موجودات یک‌سلولی که باعث بیماری می‌شوند در کدام حوزه‌ها یافت می‌شوند؟,"['آرخی و یوکاریوت\u200cها', 'باکتری\u200cها و یوکاریوت\u200cها', 'آرخی و باکتری\u200cها', 'آرخی، باکتری\u200cها و یوکاریوت\u200cها']",B,عوامل بیماری‌زا در هر سه حوزه میکروبی وجود دارند و نمونه‌هایی از هر یک شناخته شده‌اند.,A,0.4155002534389496,D,0.7370134592056274,False,False,False,False,[0.41550025 0.13489318 0.03410634 0.41550025],[0.16444993 0.08802371 0.01051293 0.73701346]
2029,دمای متوسط در یک دوره چهار ماهه ۳۱، ۲۴، ۱۸ و ۱۲ درجه سانتیگراد بود. دمای میانه برای این چهار ماه چیست؟,"['۱۵ درجه سانتیگراد', '۲۱ درجه سانتیگراد', '۲۷ درجه سانتیگراد', '۳۳ درجه سانتیگراد']",B,میانه میانگین دو مقدار وسط در داده‌های مرتب‌شده است.,A,0.357086181640625,A,0.7093624472618103,False,False,False,False,[0.35708618 0.35708618 0.24351162 0.04231597],[0.70936245 0.20323575 0.06598099 0.02142089]
2030,تنوع در میان اعضای یک گونه از اهمیت بالایی برخوردار است زیرا تنوع,"['رقابت\u200cهای بالایی را تضمین می\u200cکند.', 'منابع اکوسیستم در دسترس را افزایش می\u200cدهد.', 'تنوع روش\u200cهای تولید مثل یک گونه را تضمین می\u200cکند.', 'شانس\u200cهای بقا در شرایط تغییر یافته را افزایش می\u200cدهد.']",D,تنوع ژنتیکی امکان سازگاری بهتر با تغییرات محیطی را فراهم کرده و بقای گونه را افزایش می‌دهد.,A,0.3999919891357422,D,0.8235943913459778,False,True,True,True,[0.399992   0.3529917  0.00440893 0.24260741],[0.16154309 0.01048973 0.00437277 0.8235944 ]
2031,یک اتم به بهترین شکل چگونه توصیف می‌شود؟,"['پرتکول کوچک\u200cترین ذره\u200cای است که تمام ویژگی\u200cهای یک ترکیب را دارد.', 'پرتکول کوچک\u200cترین ذره\u200cای است که تمام ویژگی\u200cهای یک عنصر را دارد.', 'پرتکول بارداری است که شبیه به یک مولکول است.', 'پرتکول بارداری است که بزرگ\u200cتر از یک مولکول است.']",B,کوچک‌ترین جزء یک عنصر که خواص شیمیایی آن را حفظ می‌کند.,B,0.5240013599395752,B,0.9871723055839539,True,True,True,True,[0.46242958 0.52400136 0.01227529 0.00129381],[1.2548614e-02 9.8717231e-01 2.2276459e-04 5.6323704e-05]
2032,چرا حاشیه‌های همگرا تمایل دارند منجر به تشکیل حوضه‌های رسوبی شوند؟,"['حاشیه\u200cهای همگرا گودال\u200cهایی ایجاد می\u200cکنند.', 'حاشیه\u200cهای همگرا باعث فوران\u200cهای آتشفشانی می\u200cشوند.', 'حاشیه\u200cهای همگرا سنگ\u200cها را فشرده و تغییر شکل می\u200cدهند.', 'حاشیه\u200cهای همگرا رسوبات را به آستنسفر می\u200cچرخانند.']",A,برخورد صفحات و فرورانش، گودال‌های عمیقی ایجاد می‌کند که رسوبات را به دام انداخته و حوضه‌ها تشکیل می‌شوند.,D,0.5858480334281921,A,0.7176423668861389,False,True,True,True,[0.21636496 0.02928182 0.1685052  0.58584803],[0.71764237 0.01031691 0.00803481 0.26400587]
2033,کدام عبارت بهترین توصیف را از انواع انتقال انرژی ارائه می‌دهد؟,"['A) قابل اندازه\u200cگیری هستند.', 'B) ۱۰۰% کارا هستند.', 'C) با نرخ ثابت کاهش می\u200cیابند.', 'D) منجر به کاهش انرژی قابل استفاده می\u200cشوند.']",D,در انتقال انرژی، تلفاتی مانند گرما رخ می‌دهد که انرژی مفید را کاهش می‌دهد.,D,0.5228585004806519,D,0.909537136554718,True,True,True,True,[0.21795985 0.24698086 0.01220076 0.5228585 ],[0.03100131 0.05791808 0.00154346 0.90953714]
2034,اگر دو صفحه تکتونیکی هر یک در جهت خلاف از مرتفع میانه اقیانوس به میزان 10 میلی‌متر در سال حرکت کنند، چه مدت طول می‌کشد تا مرتفع 100 میلی‌متر پهن‌تر شود؟,"['1 سال', '5 سال', '10 سال', '100 سال']",B,سرعت کل جدایش ۲۰ میلی‌متر در سال است، پس ۱۰۰ میلی‌متر در ۵ سال پوشش داده می‌شود.,D,0.6198310852050781,B,0.9524189233779907,False,True,True,True,[0.08388501 0.09505418 0.20122969 0.6198311 ],[0.02876056 0.9524189  0.00824004 0.01058042]
2035,چرا تغییرات سریع محیطی بیشتر احتمال دارد که باعث انقراض شوند تا تغییرات آرام؟,"['تغییرات آرام زمان کافی برای انطباق فراهم می\u200cکنند.', 'تغییرات سریع به انطباق کمی نیاز دارند.', 'تغییرات آرام تنها بر مناطق کوچک تأثیر می\u200cگذارند.', 'تغییرات سریع تأثیر جهانی دارند.']",A,تغییرات تدریجی فرصت سازگاری از طریق تکامل را فراهم می‌کنند، در حالی که تغییرات سریع زمان کافی برای انطباق نمی‌دهند.,A,0.574532151222229,A,0.9056284427642822,True,True,True,True,[0.57453215 0.1857961  0.00110478 0.2385669 ],[0.90562844 0.03511503 0.00136156 0.05789489]
2036,برخی از ماهی‌های فروخته‌شده در فروشگاه‌های خواربار در مزرعه‌های ماهی پرورش می‌یابند. وقتی که مزرعه‌های ماهی بیشتری ساخته می‌شود، کدام گروه بیشتر احتمال دارد که آسیب ببیند؟,"['افرادی که مالک فروشگاه\u200cهای خواربار هستند', 'رانندگان کامیون که ماهی\u200cها را حمل می\u200cکنند', 'افرادی که ماهی\u200cهای وحشی می\u200cفروشند', 'کارگران ساختمانی که مزرعه\u200cها را می\u200cسازند']",C,افزایش عرضه ماهی پرورشی قیمت را کاهش داده و فروشندگان ماهی طبیعی با هزینه بالاتر متضرر می‌شوند.,C,0.3878985643386841,A,0.7533233165740967,True,False,False,False,[0.34231928 0.18323031 0.38789856 0.08655187],[0.7533233  0.06159547 0.16743383 0.0176474 ]
2037,یک دانش آموز شتاب یک بلوک سنگی را بر روی یک سطح صاف اندازه گیری می کند، زمانی که بلوک تحت تأثیر یک نیروی معلوم قرار دارد. چه اطلاعات اضافی برای محاسبه دقیق جرم بلوک مورد نیاز است؟,"['چگالی بلوک', 'مقدار اصطکاک', 'جرم سطح', 'جهت حرکت']",B,برای محاسبه جرم، باید نیروی خالص را بدانیم که نیازمند اطلاع از اصطکاک است.,A,0.9497791528701782,B,0.9688165783882141,False,True,True,True,[0.94977915 0.03654035 0.01063385 0.00304665],[0.02561717 0.9688166  0.00163765 0.00392852]
2038,زمانی که یک تخم مرغ مرغ در یک لیوان سرکه قرار گرفت، حباب‌هایی روی پوست تخم‌مرغ تشکیل شد. پس از بیست و چهار ساعت، پوسته تخم‌مرغ دیگر وجود ندارد. کدام جمله یک مشاهده است؟,"['نیروی جاذبه تخم\u200cمرغ را به کف لیوان فرستاد.', 'سرکه باعث حل شدن پوست تخم\u200cمرغ شد.', 'تخم\u200cمرغ از سرکه متراکم\u200cتر بود.', 'حباب\u200cها روی پوست تخم\u200cمرغ ظاهر شدند.']",D,این جمله تنها توصیف مستقیم و قابل مشاهده از پدیده است، بدون تفسیر علت یا نتیجه‌گیری.,B,0.5679975152015686,D,0.9438003301620483,False,True,True,True,[0.08744616 0.5679975  0.00139152 0.3431648 ],[0.03638131 0.01745594 0.00236241 0.94380033]
2039,یک دانشمند تحقیق کرد که گیاهان بومی مریلند در شرایط بیابانی چگونه رشد می‌کنند. این دانشمند مقادیر مساوی خاک بیابانی را در ۱۰ ظرف یکسان قرار داد. هر ظرف دو گیاه از یک نوع را نگهداری می‌کرد. این دانشمند در مجموع ۱۰ نوع مختلف از گیاهان را مورد بررسی قرار داد. سپس تمامی ظروف را در یک گلخانه که برای ایجاد شرایط گرم و بیابانی تنظیم شده بود، قرار داد. این دانشمند برای پنج هفته آینده به گیاهان مقادیر مساوی، اما کمی آب داد. بیشتر گیاهان بعد از پایان تحقیق پنج هفته‌ای زنده نماندند. کدام جمله بهترین توضیح را در مورد این می‌دهد که چرا ۱۶ گیاه زنده نماندند؟,"['الف) گیاهان در شرایط بیابانی رشد نمی\u200cکنند.', 'ب) تعداد کمی از گیاهان در برابر تغییرات شدید محیطی زنده می\u200cمانند.', 'ج) گیاهان بومی مریلند برای مطالعات علمی مناسب نیستند.', 'د) گیاهان بومی مریلند فقط قادر به زنده ماندن در مریلند هستند.']",B,گیاهان بومی به شرایط خاص خود عادت دارند و تغییر ناگهانی به محیط خشک باعث استرس شدید می‌شود که تنها تعداد کمی تحمل می‌کنند.,B,0.9354767203330994,B,0.9833378195762634,True,True,True,True,[0.05974465 0.9354767  0.00180413 0.00297451],[1.5647760e-02 9.8333782e-01 8.2930090e-04 1.8504204e-04]
2040,کدام ساختار اتمی از بیش از یک ذره تشکیل شده است؟,"['الکترون', 'نوترون', 'هسته', 'پروتون']",C,[MASK] از چند ذره تشکیل شده، برخلاف ذرات بنیادی که ساختار ساده‌تری دارند.,C,0.9131096005439758,C,0.8865126371383667,True,True,True,False,[8.4766701e-02 5.7115353e-04 9.1310960e-01 1.5525563e-03],[0.10587884 0.00356681 0.88651264 0.00404172]
2041,کاردینال‌های بالغ چه کارهایی می‌توانند انجام دهند که کاردینال‌های نوزاد قادر به انجام آن نیستند؟,"['پرواز کردن', 'سر و صدا کردن', 'هوا را تنفس کردن', 'خوابیدن']",A,پرندگان بالغ به دلیل رشد کامل اندام‌های حرکتی قادر به حرکت در هوا هستند، در حالی که جوجه‌ها این قابلیت را ندارند.,D,0.3398861885070801,A,0.8743232488632202,False,True,True,True,[0.26470363 0.16181009 0.23360014 0.3398862 ],[0.87432325 0.08164302 0.02339112 0.02064259]
2042,فناوری‌های جدید به تولیدکنندگان خودرو اجازه داده‌اند که خودروهای هیبریدی با مصرف سوخت بهینه را به بازار عرضه کنند، اما دور ریختن خودروهای هیبریدی در پایان عمر مفیدشان مشکل‌ساز است. کدام سؤال نمایانگر یک مشکل دور ریختن منحصر به خودروهای هیبریدی است؟,"['چه اقدامی برای بازیافت باتری\u200cها انجام خواهد شد؟', 'با ماده مبرد در سیستم تهویه مطبوع چه اقداماتی انجام خواهد شد؟', 'با مایعات در مخزن بنزین، رادیاتور و باتری\u200cها چه اقدامی انجام خواهد شد؟', 'با مواد پلاستیکی در خودروها چه اقدامی انجام خواهد شد؟']",A,خودروهای هیبریدی باتری‌های خطرناکی دارند که بازیافت آن‌ها چالش خاصی ایجاد می‌کند و در خودروهای معمولی وجود ندارد.,A,0.9629727602005005,A,0.7065684795379639,True,True,True,False,[0.96297276 0.01760305 0.01370927 0.00571487],[0.7065685  0.03128794 0.2579092  0.00423436]
2043,کدام یک نمونه‌ای از تراکم است؟,"['جوشیدن آب در یک قابلمه', 'جذب آب توسط گیاهان', 'حذف نمک از آب', 'رطوبت روی آینه بعد از دوش گرم']",D,تبدیل بخار به مایع روی سطح سرد، نمونه‌ای از این پدیده است.,A,0.9249923825263977,D,0.5467225313186646,False,True,True,True,[9.249924e-01 6.990357e-03 6.502045e-04 6.736709e-02],[0.42578793 0.02383438 0.00365512 0.54672253]
2044,دانشمندان جمعیت یک نوع ماهی خاص در دریاچه‌ای که سال به سال آب آن کاهش می‌یابد را شمارش و ثبت می‌کنند. آن‌ها به احتمال زیاد در حال تلاش برای درک چه چیزی هستند؟,"['چند تا از ماهی\u200cها در محیط در حال تغییر زنده می\u200cمانند؟', 'تغییرات آب و هوا چگونه بر سطح آب تأثیر گذاشته است؟', 'ماهی\u200cها در طول سال چه مقدار وزن اضافه کرده\u200cاند؟', 'چرخه زندگی گیاهی در دریاچه چگونه به این تغییرات سازگار می\u200cشود؟']",A,دانشمندان تأثیر کاهش آب بر بقای ماهی‌ها را بررسی می‌کنند تا بفهمند چند ماهی در شرایط جدید زنده می‌مانند.,B,0.7031291723251343,A,0.9930351972579956,False,True,True,True,[0.29310784 0.7031292  0.00255577 0.00120726],[9.9303520e-01 6.7172064e-03 1.6816196e-04 7.9434096e-05]
2045,خوردگی شیمیایی زمانی اتفاق می‌افتد که مواد معدنی در سنگ‌ها به‌طور شیمیایی تغییر می‌کنند. کدامیک از گزینه‌های زیر احتمالاً بالاترین تأثیر را بر نرخ خوردگی شیمیایی یک سنگ خواهد داشت؟,"['کاهش دمای هوا', 'افزایش میزان بارش باران', 'حرکت کند یک یخچال', 'رشد سریع ریشه\u200cهای گیاهان']",B,بارش بیشتر آب را افزایش می‌دهد که واکنش‌های شیمیایی را تسریع می‌کند و سرعت تجزیه مواد معدنی را بالا می‌برد.,A,0.5681025385856628,B,0.9993211030960083,False,True,True,True,[0.56810254 0.39197898 0.01174462 0.02817389],[5.3361530e-04 9.9932110e-01 4.6626785e-05 9.8708908e-05]
2046,نقش گیاهان در چرخه کربن چیست؟,"['آب را استفاده می\u200cکنند و کربن را آزاد می\u200cکنند', 'شکر را استفاده می\u200cکنند و کربن را آزاد می\u200cکنند', 'کربن را استفاده می\u200cکنند و اکسیژن را آزاد می\u200cکنند', 'کربن را استفاده می\u200cکنند و نیتروژن را آزاد می\u200cکنند']",B,گیاهان در فتوسنتز، دی‌اکسید کربن را جذب و از آن غذا می‌سازند و در این فرآیند اکسیژن آزاد می‌کنند.,A,0.5039927363395691,C,0.6348841190338135,False,False,False,False,[0.50399274 0.06042894 0.39404616 0.04153216],[0.30225015 0.0525232  0.6348841  0.01034243]
2047,برخی از درختان کاج قادرند از پس آتش‌سوزی‌های جنگل برآیند زیرا پوسته‌ی ضخیمی دارند. پس از آتش‌سوزی جنگل، درختان کاج جدید می‌توانند در فضایی که درختان دیگر که سوخته‌اند، باقی گذاشته‌اند، رشد کنند. چگونه پوسته‌ی ضخیم به افزایش جمعیت درختان کاج کمک می‌کند؟,"['برای درخت بیشتر غذا تولید می\u200cکند.', 'مواد مغذی خاک را افزایش می\u200cدهد.', 'اکسیژن بیشتری از درخت آزاد می\u200cکند.', 'رقابت برای منابع را کاهش می\u200cدهد.']",D,پوسته ضخیم از درخت در برابر آتش محافظت می‌کند و بقای آن را تضمین می‌نماید. با نابودی رقبا، منابع بیشتری مانند نور و مواد مغذی در دسترس قرار می‌گیرد و این امر رشد جمعیت را تسهیل می‌کند.,A,0.5271313190460205,D,0.8831435441970825,False,True,True,True,[0.5271313  0.36229172 0.02973871 0.08083821],[0.10588928 0.00666433 0.00430281 0.88314354]
2048,تشکیل لایه ازن به محافظت از کدام نوع موجودات زنده در هنگام تکامل آنها کمک کرد؟,"['دریایی', 'زمینی', 'فتوسنتزی', 'هسته\u200cدار']",B,لایه ازن با جذب پرتوهای مضر، امکان زندگی در خشکی را فراهم کرد و به تکامل موجودات آن کمک نمود.,C,0.6662662625312805,C,0.7395296692848206,False,False,False,False,[0.21588294 0.08004178 0.66626626 0.03780906],[0.1877142  0.06094188 0.73952967 0.01181412]
2049,انرژی خورشید از طریق تبدیل نور به انرژی شیمیایی وارد زیست‌بوم‌ها می‌شود. این انرژی بر اساس سطح تروفیک که موجودات در آن قرار دارند به موجودات مختلف در دسترس است. کدام بیان بهترین توصیف را از دسترسی به انرژی برای موجودات در سطوح تروفیکی مختلف ارائه می‌دهد؟,"['انرژی در دسترس با افزایش سطوح تروفیکی افزایش می\u200cیابد.', 'انرژی در دسترس با افزایش سطوح تروفیکی کاهش می\u200cیابد.', 'مصرف\u200cکنندگان اولیه کمترین انرژی در دسترس را دارند.', 'مصرف\u200cکنندگان ثانویه بیشترین انرژی در دسترس را دارند.']",B,انرژی در هر سطح تروفیک به دلیل تلفات حرارتی کاهش می‌یابد و با حرکت به سطوح بالاتر کمتر می‌شود.,A,0.771632730960846,B,0.9796227812767029,False,True,True,True,[0.77163273 0.01595229 0.19433868 0.01807631],[0.01405569 0.9796228  0.00355383 0.00276773]
2050,در ناحیه‌ای که دو صفحه قاره‌ای به هم برخورد می‌کنند، چه ویژگی زمین‌شناسی غالباً تشکیل می‌شود؟,"['یک اقیانوس', 'یک آتشفشان', 'یک دره رودخانه', 'یک رشته\u200cکوه']",D,برخورد قاره‌ها باعث فشار و چین‌خوردگی پوسته و در نتیجه تشکیل عوارض مرتفع می‌شود.,B,0.6459831595420837,B,0.9471972584724426,False,False,False,False,[2.0972003e-01 6.4598316e-01 1.5854345e-04 1.4413834e-01],[6.2832185e-03 9.4719726e-01 9.2470313e-05 4.6427052e-02]
2051,کدام یک از این موارد نشان می‌دهد که امواج صوتی می‌توانند از طریق دو نوع مختلف رسانه منتقل شوند؟,"['صحبت کردن با کسی زیر آب در یک استخر', 'شنیدن یک زمزمه بلند از آن طرف اتاق', 'شنیدن صحبت\u200cهای مردم در طرف دیگر دیوار', 'شنیدن رعد و برق از طوفانی بسیار دور']",C,صدا از آب به هوا منتقل می‌شود که نشان‌دهنده عبور از دو محیط متفاوت است.,A,0.857079029083252,A,0.896820604801178,False,False,False,False,[0.857079   0.03297395 0.02031466 0.08963247],[0.8968206  0.0187589  0.01137785 0.07304264]
2052,دانش‌آموزان آزمایشی انجام خواهند داد تا ببینند حل شدن ۲ گرم نمک در ۵۰ میلی‌لیتر آب چقدر طول می‌کشد. کدام روش تجربی نتایج دقیق‌تری ارائه خواهد داد؟,"['یک دانش\u200cآموز زمان\u200cسنجی را برای یک آزمایش انجام می\u200cدهد', 'دو دانش\u200cآموز زمان\u200cسنجی را برای یک آزمایش انجام می\u200cدهند', 'یک دانش\u200cآموز زمان\u200cسنجی را برای سه آزمایش یکسان انجام می\u200cدهد', 'سه دانش\u200cآموز زمان\u200cسنجی را برای دو آزمایش یکسان انجام می\u200cدهند']",C,تکرار آزمایش توسط یک فرد ثابت، خطاها را کاهش داده و میانگین دقیق‌تری ارائه می‌دهد.,D,0.645460307598114,D,0.501415491104126,False,False,False,False,[0.23652583 0.09859864 0.01941522 0.6454603 ],[0.1267777  0.16278577 0.20902108 0.5014155 ]
2053,یک دختر صفت غالب فرورفتگی‌های صورت را به ارث برده است اما خواهرش این صفت را به ارث نبرده زیرا هر دو والد دارای ژن‌های متفاوت هستند.,"['ژن\u200cهایی برای فرورفتگی\u200cهای صورت.', 'آلل\u200cهایی برای فرورفتگی\u200cهای صورت.', 'کروموزوم\u200cهایی برای فرورفتگی\u200cهای صورت.', 'ژنوتیپ\u200cهایی برای فرورفتگی\u200cهای صورت.']",B,صفات از طریق شکل‌های مختلف ژن‌ها به ارث می‌رسند که والدین دارای انواع متفاوتی از آن‌ها هستند.,B,0.9308906197547913,B,0.9252839684486389,True,True,True,False,[6.7105025e-02 9.3089062e-01 1.4146526e-03 5.8971491e-04],[6.6766031e-02 9.2528397e-01 7.1479059e-03 8.0197281e-04]
2054,پوشش خز سیاه غالب بر پوشش خز سفید در خوکچه هندی است. اگر دو خوکچه هندی سیاه (Bb) جفت‌گیری شوند، رنگ خز فرزندان آنها چه خواهد بود؟,"['100% سیاه', '100% سفید', '50% سیاه، 50% سفید', '75% سیاه، 25% سفید']",D,هر دو والد ناقل ژن مغلوب هستند، بنابراین احتمال ترکیب ژن‌ها منجر به ۷۵ درصد فرزندان با رنگ غالب و ۲۵ درصد با رنگ مغلوب می‌شود.,C,0.6569477319717407,D,0.6365914940834045,False,True,True,True,[0.1661024  0.04758913 0.65694773 0.12936068],[0.206671   0.04611453 0.11062302 0.6365915 ]
2055,هستهٔ سلول فعالیت سلول را کنترل می‌کند. کدام سیستم بدن در انسان‌ها کارکرد مشابهی دارد؟,"['سیستم گردش خون', 'سیستم عصبی مرکزی', 'سیستم اسکلتی', 'سیستم پوششی']",B,[MASK]، مانند هسته سلول، فعالیت‌های بدن را کنترل و هماهنگ می‌کند.,B,0.9396849274635315,B,0.9793044328689575,True,True,True,True,[0.0530134  0.9396849  0.00162608 0.00567556],[1.8148018e-02 9.7930443e-01 9.6180971e-04 1.5857561e-03]
2056,آب در فاز جامد دارای ساختار کریستالی است که مولکول‌ها را نسبت به آب در دماهای خاص در فاز مایع بیشتر از هم دور نگه می‌دارد. این رابطه کدام ویژگی را توضیح می‌دهد؟,"['حضور ناخالصی\u200cهای بیشتر در یخ نسبت به آب مایع', 'توانایی یخ برای شناور شدن روی آب مایع', 'رهایی حرارت هنگامی که آب مایع به یخ تبدیل می\u200cشود', 'سرد شدن آب مایع هنگامی که از روی یخ عبور می\u200cکند']",B,ساختار بلوری یخ چگالی آن را کاهش می‌دهد و باعث می‌شود روی آب شناور بماند.,B,0.48322415351867676,B,0.9969193935394287,True,True,True,True,[0.3321148  0.48322415 0.17776823 0.00689282],[2.4807879e-03 9.9691939e-01 5.2000134e-04 7.9744794e-05]
2057,چرا سوخت‌های فسیلی به عنوان منابع غیربازیافتنی نامیده می‌شوند؟,"['آنها محصولات زائد تولید می\u200cکنند.', 'آنها در عمق زمین دفن شده\u200cاند.', 'تولید آنها زمان بسیار طولانی می\u200cبرد.', 'آنها از سوخت\u200cهای هسته\u200cای گران\u200cتر هستند.']",C,چون تشکیل آنها میلیون‌ها سال طول می‌کشد و سرعت مصرف بسیار بیشتر از تولید است.,A,0.5209953784942627,C,0.9030003547668457,False,True,True,True,[0.5209954  0.46157634 0.01230059 0.00512765],[4.5310348e-02 5.1343352e-02 9.0300035e-01 3.4594876e-04]
2058,اجسام داغ شروع به خنک شدن می‌کنند زمانی که,"['هوای سردتر به جسم منتقل می\u200cشود.', 'انرژی در جسم به هوای اطراف منتقل می\u200cشود.', 'اتم\u200cهای موجود در جسم با اکسیژن موجود در هوا واکنش می\u200cدهند.', 'انرژی در جسم انرژی هوا را لغو می\u200cکند.']",B,اجسام داغ با انتقال انرژی گرمایی خود به محیط اطراف، دمایشان کاهش می‌یابد که دلیل اصلی خنک‌شدن است.,A,0.9210029244422913,B,0.530069887638092,False,True,True,True,[0.9210029  0.04563068 0.03136148 0.00200487],[4.6778503e-01 5.3006989e-01 1.6674410e-03 4.7772983e-04]
2059,برخی از گیاهان میوه‌هایی مانند سیب تولید می‌کنند. یکی از عملکردهای میوه چیست؟,"['حفاظت از دانه\u200cها', 'تولید غذا برای دانه\u200cها', 'جلوگیری از پخش شدن دانه\u200cها', 'ذخیره آب برای جوانه\u200cزنی دانه']",A,میوه به عنوان پوششی محافظ، دانه‌ها را از آسیب‌های محیطی حفظ می‌کند تا بقای گیاه تضمین شود.,B,0.4067786931991577,A,0.9984632730484009,False,True,True,True,[0.31679955 0.4067787  0.02969806 0.24672376],[9.9846327e-01 1.0377726e-03 2.8817906e-04 2.1083631e-04]
2060,دانش‌آموزان در یک کلاس در حال ساخت مدل مقیاس هستند. آن‌ها به ماده‌ای نیاز دارند که بتوانند به راحتی آن را به شکل دایره خم کنند. کدام یک از اشیاء زیر برای استفاده دانش‌آموزان مناسب‌تر است؟,"['سیم مسی', 'میله شیشه\u200cای', 'لوله سربی', 'چوب چوبی']",A,[MASK] به دلیل انعطاف‌پذیری بالا به راحتی خم می‌شود و برای شکل‌دهی مناسب است، برخلاف مواد سفت یا شکننده دیگر.,B,0.3411848843097687,B,0.5449930429458618,False,False,False,False,[0.26571506 0.34118488 0.05191522 0.34118488],[0.424441   0.54499304 0.00680706 0.02375898]
2061,برخی از حیوانات در علفزار زندگی می‌کنند. آتش به وسیله‌ی علفزار می‌گذرد. کدام نوع از حیوانات بعد از آتش برای منابع بهترین رقابت را خواهد داشت؟,"['حیوانی که گوشت\u200cخوار است', 'حیوانی که از گیاهان برای پناهگاه استفاده می\u200cکند', 'حیوانی که زیر زمین زندگی می\u200cکند', 'حیوانی که در زمین لانه می\u200cسازد']",C,زیستگاه زیرزمینی در برابر آتش ایمن است و پس از آن، ساکنان آن دسترسی بهتری به منابع با رقابت کمتر دارند.,A,0.41453811526298523,C,0.8095985651016235,False,True,True,True,[0.41453812 0.2849076  0.25143006 0.04912423],[0.08600032 0.09745114 0.80959857 0.00694989]
2062,وظیفه اصلی یک تولیدکننده در یک اکوسیستم چیست؟,"['مواد معدنی را از خاک جذب کند.', 'بخار آب را به مایع تبدیل کند.', 'از طریق فتوسنتز شکر تولید کند.', 'باقیمانده گیاهان و جانوران مرده را تجزیه کند.']",C,موجودات زنده‌ای که غذای خود را با استفاده از نور خورشید و مواد غیرآلی تولید می‌کنند.,C,0.4858393967151642,C,0.9461963772773743,True,True,True,True,[0.07479749 0.00893329 0.4858394  0.43042988],[0.03683161 0.00161827 0.9461964  0.0153537 ]
2063,کدام یک از موارد زیر بیشتر احتمال دارد که فسیل تشکیل دهد؟,"['یک سنگ', 'یک بلور', 'یک ماده معدنی', 'یک استخوان']",D,فسیل‌ها از بقایای موجودات زنده تشکیل می‌شوند و استخوان بخشی از آن‌هاست، برخلاس اجسام غیرزنده.,A,0.5097274780273438,D,0.8008177280426025,False,True,True,True,[0.5097275  0.11329216 0.0252789  0.35170138],[0.17868659 0.01854144 0.00195425 0.8008177 ]
2064,نزدیک‌ترین ستاره به خورشید به‌عنوان فاصله‌ای معادل ۴.۳ سال نوری توصیف شده‌است. کدام عبارت توضیح می‌دهد که چرا واحد اندازه‌گیری سال نوری در این توصیف استفاده شده‌است؟,"['فاصله بسیار زیاد است.', 'فاصله یک تخمین تقریبی است.', 'فقط نور می\u200cتواند بین ستاره\u200cها حرکت کند.', 'سیگنال\u200cهای نوری با زمان\u200cبندی از ستاره منعکس شده\u200cاند.']",A,این واحد برای بیان فواصل بسیار بزرگ نجومی مناسب است و واحدهای معمولی کافی نیستند.,B,0.7927690744400024,A,0.41356879472732544,False,True,True,True,[5.0680030e-02 7.9276907e-01 4.4537307e-04 1.5610549e-01],[0.4135688  0.3649732  0.00181328 0.21964473]
2065,کدام جمله به بهترین وجه توسط معادله شیمیایی نشان‌داده‌شده حمایت می‌شود؟ 6CO_{2} + 12H_{2}O + نور -> C_{6}H_{12}O_{6} + 6O_{2} + 6H_{2}O,"['CO_{2} دارای 2 اتم کربن است.', 'H_{2}O دارای 2 اتم اکسیژن است.', 'دوازده مولکول H_{2}O تولید می\u200cشود.', 'شش مولکول CO_{2} به عنوان واکنش\u200cدهنده لازم است.']",D,معادله نشان می‌دهد که شش مولکول دی‌اکسید کربن برای انجام واکنش مصرف می‌شوند.,C,0.5500875115394592,D,0.9121050238609314,False,True,True,True,[0.23020808 0.01654644 0.5500875  0.20315792],[0.03509093 0.00174707 0.051057   0.912105  ]
2066,کدام یک از گزینه‌های زیر کارآمدترین روش برای حمل مقدار زیادی زغال‌سنگ از یک معدن در کنتاکی به یک نیروگاه در آریزونا است؟,"['با کشتی', 'با قطار', 'با کامیون', 'با هواپیما']",B,حمل حجم زیاد زغال‌سنگ در مسافت طولانی با هزینه کم و کارایی بالا امکان‌پذیر است.,C,0.9751492142677307,C,0.9902500510215759,False,False,False,False,[0.01601003 0.00667397 0.9751492  0.00216672],[6.6203289e-03 2.2879243e-03 9.9025005e-01 8.4168033e-04]
2067,بسیاری از مارهای چمنی سبز هستند. رنگ مار احتمالاً به آن کمک می‌کند تا,"['درختان بلند را بالا برود.', 'در فضاهای کوچک جا بگیرد.', 'زمانی که تهدید می\u200cشود، پنهان شود.', 'پوست خود را بیندازد.']",C,رنگ سبز با محیط هماهنگ است و استتار را برای پنهان‌ماندن فراهم می‌کند.,C,0.903236448764801,C,0.9657634496688843,True,True,True,True,[0.07414217 0.02124209 0.90323645 0.00137935],[2.9392261e-02 4.5074490e-03 9.6576345e-01 3.3688333e-04]
2068,دانشمندان فسیل‌هایی از یکسان‌ترین ارگانیسم‌ها را در نقاط مختلف جهان کشف کرده‌اند. این فسیل‌ها شواهدی را ارائه می‌دهند که,"['قاره\u200cها زمانی به هم پیوسته بوده\u200cاند', 'بیشتر اشکال زندگی که در گذشته وجود داشته\u200cاند هنوز هم امروزه موجودند', 'بیشتر سطح زمین زمانی با سنگ مذاب پوشیده شده بود', 'سنگ\u200cها از یک نوع به نوع دیگر تبدیل شده\u200cاند']",A,فسیل‌های مشابه در قاره‌های مختلف نشان‌دهنده اتصال گذشته آن‌ها و حرکت تدریجی است.,A,0.9905585050582886,A,0.9991900324821472,True,True,True,True,[0.9905585  0.00146687 0.00398737 0.00398737],[9.9919003e-01 2.9150344e-04 2.9150344e-04 2.2702312e-04]
2069,کدامیک از این موارد ویژگی عایق حرارتی را توصیف می‌کند؟,"['براق', 'قابل تغییر شکل', 'حرارت را به راحتی منتقل نمی\u200cکند', 'ظرفیت حرارتی ویژه پایینی دارد']",C,عایق حرارتی انتقال گرما را کند می‌کند و این ویژگی اصلی آن است.,C,0.9784488677978516,C,0.9818872213363647,True,True,True,True,[0.00757339 0.00149129 0.97844887 0.0124864 ],[5.1123742e-03 7.3650730e-04 9.8188722e-01 1.2263948e-02]
2070,سؤال: امواج چه چیزی را از طریق اجسام حمل می‌کنند؟,"['الف) صدا', 'ب) نور', 'ج) انرژی', 'د) آب']",C,امواج انرژی را بدون انتقال ماده منتقل می‌کنند و این ویژگی اصلی آن‌هاست.,A,0.9214903712272644,B,0.8472990393638611,False,False,False,False,[0.9214904  0.05239467 0.01701006 0.00910483],[0.04218454 0.84729904 0.08930466 0.02121172]
2071,بادهایی که از دریاها به سمت خشکی می‌وزند، تمایل دارند که رطوبت بیشتری داشته باشند تا بادهایی که بر روی زمین می‌وزند. محتوای بالای رطوبت چگونه بر آب و هوای مناطق ساحلی تأثیر می‌گذارد؟,"['در آنجا تبخیر کمتری وجود دارد.', 'طوفان\u200cهای گردابی کمتری وجود دارد.', 'بارش بیشتری وجود دارد.', 'مناطق بیشتری با مه دودی وجود دارد.']",C,رطوبت بالای بادهای دریایی هنگام برخورد با موانع، به بارندگی تبدیل شده و آب‌وهوای مرطوب‌تری ایجاد می‌کند.,A,0.8518931269645691,C,0.5011241436004639,False,True,True,True,[0.8518931  0.07033858 0.06207358 0.01569466],[0.4422405  0.05323235 0.50112414 0.00340303]
2072,کدام ویژگی باید وجود داشته باشد تا یک موجود زنده به عنوان خزنده طبقه‌بندی شود؟,"['قلب چهار حفره\u200cای', 'علف\u200cخوار', 'مراقبت از جوانان', 'خون سرد']",D,خزندگان با تنظیم دمای بدن از طریق محیط، خون‌سرد هستند و این ویژگی کلیدی آن‌هاست.,A,0.9519304037094116,D,0.9914727210998535,False,True,True,True,[0.9519304  0.01540156 0.02539287 0.00727518],[7.5699878e-03 8.4932905e-04 1.0798007e-04 9.9147272e-01]
2073,تمایز سلولی نتیجهٔ بیان ژن است. ژن‌ها می‌توانند به طرق مختلفی تنظیم شوند. به عنوان مثال، مولکول‌های آر این ای مخاطب کوچک (siRNA) با پیوستن به محصول رونویسی، مانع از بیان ژن می‌شوند. مولکول‌های siRNA چگونه ژن‌ها را خاموش می‌کنند؟,"['آنها به ریبوزوم\u200cها می\u200cچسبند.', 'آنها به tRNA می\u200cچسبند.', 'آنها به RNA پلی\u200cمراز می\u200cچسبند.', 'آنها به mRNA می\u200cچسبند.']",D,با اتصال به رونوشت ژن، از ترجمه جلوگیری کرده و آن را تخریب می‌کنند.,D,0.8904936909675598,D,0.9162374138832092,True,True,True,True,[0.02354618 0.00248175 0.08347845 0.8904937 ],[0.0585731  0.00617356 0.0190159  0.9162374 ]
2074,در کدام مرحله از چرخه زندگی خود، پروانه بیشتر وقت خود را صرف خوردن برگ‌های گیاه می‌کند؟,"['بالغ', 'تخم', ' larvae ', 'پیمان']",C,در مرحله‌ای که رشد سریع دارد و برای دگردیسی انرژی ذخیره می‌کند، بیشترین تغذیه از برگ‌ها صورت می‌گیرد.,A,0.8834976553916931,A,0.954411506652832,False,False,False,False,[0.88349766 0.07230975 0.02347554 0.02071709],[0.9544115  0.04197488 0.00097185 0.00264176]
2075,چگونه می‌توانید به‌طور علمی آرام‌ترین مکان برای مطالعه در مدرسه‌تان را تعیین کنید؟,"['از مدیر مدرسه\u200cتان بپرسید که بهترین مکان برای مطالعه کجاست.', 'یک نظرسنجی از دانش\u200cآموزان انجام دهید تا ببینید آنها کجا دوست دارند مطالعه کنند.', 'سطح دسیبل را در مکان\u200cهای مختلف مدرسه ثبت کنید و نتایج را مقایسه کنید.', 'بگذارید همه تا حد امکان ساکت باشند و سپس سطح دسیبل را در مکان\u200cهای مختلف مدرسه خود آزمایش کنید.']",C,اندازه‌گیری دقیق و عینی صدا در مکان‌های مختلف، روش علمی معتبری برای مقایسه است.,C,0.9047457575798035,C,0.9812313914299011,True,True,True,True,[0.07426605 0.01631409 0.90474576 0.00467406],[1.5614240e-02 2.5489544e-03 9.8123139e-01 6.0542976e-04]
2076,کدام اصطلاح بهترین توصیف‌کنندهٔ ماهیت تمام امواج نوری است؟,"['طولی', 'عرضی', 'فشاری', 'مغناطیسی']",B,نور از امواج الکترو[MASK] است که نوسان آن در جهت عمود بر حرکتش صورت می‌گیرد.,A,0.754838764667511,A,0.5677615404129028,False,False,False,False,[0.75483876 0.1916001  0.01080934 0.04275176],[0.56776154 0.38717973 0.02804721 0.01701149]
2077,در سال ۱۹۹۵، یک شرکت اتوبوسرانی خصوصی در واشنگتن دی.سی. برنامه‌ای را برای استفاده از سوخت به‌دست‌آمده از سویا برای تمامی اتوبوس‌های توری خود معرفی کرد. این اتوبوس‌ها با چه سوختی کار می‌کنند؟,"['سوخت هسته\u200cای.', 'زیست\u200cگاز.', 'گاز زغال\u200cسنگ.', 'سوخت دیزل.']",B,سوخت حاصل از سویا نوعی سوخت زیستی است که در موتورهای دیزلی مورد استفاده قرار می‌گیرد.,C,0.4515194892883301,D,0.8696370720863342,False,False,False,False,[0.39846456 0.08890946 0.4515195  0.06110652],[0.09237796 0.03345708 0.00452792 0.8696371 ]
2078,یکی از عملکردهای بذر گیاه چیست؟,"['فتوسنتز انجام دهد', 'غذا برای رشد اولیه فراهم کند', 'اجساد مرده را تجزیه کند', 'به صورت جنسی تولید مثل کند']",B,بذر مواد مغذی ذخیره می‌کند که برای جوانه‌زنی و رشد اولیه گیاهچه قبل از فتوسنتز مستقل ضروری است.,B,0.7794724702835083,B,0.9935552477836609,True,True,True,True,[0.17324574 0.7794725  0.03865635 0.0086254 ],[5.8447719e-03 9.9355525e-01 1.7649680e-04 4.2339385e-04]
2079,یک دانش‌آموز آب نمک را به یک بشر می‌ریزد و سپس مقداری اسید را به بشر دیگری می‌ریزد. هنگامی که دانش‌آموز به میز آزمایشگاه بازمی‌گردد، متوجه می‌شود که نمونه‌ها علامت‌گذاری نشده‌اند. دانش‌آموز چه باید بکند؟,"['هر نمونه را بو کند تا آن را شناسایی کند', 'حدس بزند کدام بشر هر ماده را دارد', 'مواد را با هم مخلوط کند تا مشخص شود چه هستند', 'نمونه\u200cها را به\u200cطور ایمنی دور بریزد و نمونه\u200cهای جدیدی بگیرد']",D,بوییدن یا مخلوط کردن مواد ناشناخته خطرناک است و ایمن‌ترین راه دور ریختن و تهیه مجدد نمونه‌ها با برچسب است.,A,0.5391778945922852,D,0.7632425427436829,False,True,True,True,[0.5391779  0.03936425 0.32702792 0.09442993],[0.21867266 0.01071828 0.00736656 0.76324254]
2080,کیسه صفرا صفرا را ذخیره می‌کند، مایعی که در هضم چربی کمک می‌کند. کدام یک از انواع غذاها باید توسط فردی که کیسه صفرا او برداشته شده است، اجتناب شود؟,"['میوه\u200cها', 'غلات', 'پنیر', 'سبزیجات']",C,بدون کیسه صفرا، هضم غذاهای پرچرب دشوار می‌شود و باعث ناراحتی گوارشی می‌گردد.,C,0.7246914505958557,C,0.7140378355979919,True,True,True,False,[0.20762758 0.04596744 0.72469145 0.02171348],[0.13950822 0.13950822 0.71403784 0.00694571]
2081,میسی و ایتن درباره مثال‌هایی از انواع تغییرات در ماده بحث کردند. در کدامیک از مثال‌ها تغییر شیمیایی رخ می‌دهد؟,"['یک تکه فلز نصف می\u200cشود.', 'یک مکعب یخ روی کانتر آب می\u200cشود.', 'یک کمپینگ کننده مارشمالوها را روی آتش در حال سوختن کباب می\u200cکند.', 'یک نانوا آرد و شکر را با هم مخلوط می\u200cکند تا خمیر درست کند.']",C,سوختن مواد باعث تجزیه مولکولی و تشکیل مواد جدید با خواص متفاوت می‌شود که غیرقابل بازگشت است.,C,0.900865375995636,C,0.7605392336845398,True,True,True,False,[0.07365924 0.01862397 0.9008654  0.00685138],[0.21875097 0.01795617 0.76053923 0.00275367]
2082,دانش‌آموزی یک کرم زیر برخی برگ‌ها پیدا کرد و مشاهداتی درباره کرم در یک دفترچه نوشت. کدامیک از واقعیت‌های زیر ممکن است در دفترچه دانش‌آموز موجود باشد؟,"['کرم سرد به نظر می\u200cرسد.', 'کرم یک هتروتروف است.', 'کرم دارای ۳۳ بخش است.', 'کرم دارای قلب چهار حفره\u200cای است.']",C,کرم‌ها برای تغذیه به مواد آلی دیگر موجودات وابسته‌اند که دانش‌آموز می‌تواند این رفتار را مستقیماً مشاهده و ثبت کند، برخلاف ویژگی‌های داخلی که نیاز به بررسی تخصصی دارند.,A,0.7391042709350586,B,0.9806938171386719,False,False,False,False,[0.7391043  0.12893975 0.05375008 0.07820591],[1.8032337e-02 9.8069382e-01 6.5682776e-04 6.1703258e-04]
2083,برنج طلایی، یک گیاه تراریخته است که برنجی با سطوح بالای ویتامین A تولید می‌کند. این برنج به مردم کمک می‌کند تا تغذیه خود را بهبود بخشند. با این حال، برخی از مردم نگران تأثیراتی هستند که برنج تراریخته ممکن است بر روی گیاهان بومی داشته باشد. کدامیک از عبارت‌ها بهترین توصیف‌گر این نگرانی‌هاست؟,"['عملی و اقتصادی', 'اقتصادی و بوم\u200cشناختی', 'بوم\u200cشناختی و اخلاقی', 'اخلاقی و عملی']",C,نگرانی‌ها مربوط به تأثیرات زیست‌محیطی و مسائل اخلاقی ناشی از تغییر ژنتیکی گیاهان است.,B,0.8390238881111145,C,0.9803128838539124,False,True,True,True,[0.02244674 0.8390239  0.12917207 0.00935719],[0.00652834 0.00739758 0.9803129  0.00576124]
2084,سوالی: یک قایق از یک خلیج به یک دریاچه آب شیرین سفر کرد و یک گیاه غیر بومی را به دریاچه آورد. اگر گیاه جدید به محیط آب شیرین سازگار شود، کدام یک از پیامدهای زیر در دریاچه احتمالاً بیشتر خواهد بود؟,"['الف) برخی از جمعیت\u200cهای گیاه بومی افزایش خواهند یافت.', 'ب) برخی از جمعیت\u200cهای گیاه بومی کاهش خواهند یافت.', 'ج) دماهای آب به سرعت نوسان خواهند کرد.', 'د) آب شور خواهد شد.']",B,گیاه مهاجم با سازگاری در محیط جدید، برای منابع با گونه‌های محلی رقابت می‌کند. این رقابت معمولاً منجر به کاهش جمعیت گیاهان بومی می‌شود، زیرا ممکن است برتری داشته باشد. تغییرات دما یا شوری آب ارتباط مستقیم ندارد.,A,0.8333206176757812,B,0.9163668155670166,False,True,True,True,[0.8333206  0.06893962 0.03690072 0.060839  ],[0.06638139 0.9163668  0.00553472 0.01171701]
2085,کدامیک بهترین توضیح را می‌دهد که چرا انجام آزمایش‌های تکراری مهم است؟,"['برای تأیید نتایج', 'برای دستیابی به نتایج متفاوت', 'برای رد نتایج سایر دانشمندان', 'برای به دست آوردن همان نتایج به روشی متفاوت']",A,برای اطمینان از صحت و قابلیت اعتماد نتایج اولیه و جلوگیری از خطاهای تصادفی ضروری است.,A,0.9950569868087769,A,0.9895585775375366,True,True,True,False,[9.9505699e-01 1.8948282e-03 6.1516062e-04 2.4330074e-03],[0.9895586  0.00656422 0.00114069 0.00273637]
2086,گرتا چندین بار شانه‌ای را از میان موهایش گذراند. سپس شانه را در کنار جریانی از آب که از شیر می‌ریخت قرار داد. گرتا مشاهده کرد که جریان آب به سمت شانه خم می‌شود. چگونه گذراندن شانه از میان موهایش باعث شد شانه بتواند جریان آب را خم کند؟,"['با ایجاد خاصیت جذب بیشتر در شانه', 'با القای بار الکتریکی به شانه', 'با افزایش انرژی حرارتی شانه', 'با شکستن برخی از پیوندهای شیمیایی در شانه']",B,اصطکاک با موها بار الکتریکی ایجاد می‌کند که آب قطبی را جذب می‌نماید و موجب انحراف آن می‌شود.,A,0.6175814867019653,B,0.9837459325790405,False,True,True,True,[0.6175815  0.0053223  0.00104802 0.37604818],[1.5931858e-02 9.8374593e-01 1.6114846e-04 1.6114846e-04]
2087,کدامیک از موارد زیر شکل بارش نمی‌باشد؟,"['تگرگ', 'باد', 'باران', 'برف']",B,بارش ریزش رطوبت است، در حالی که [MASK] حرکت هوا محسوب می‌شود.,A,0.8458186984062195,A,0.38929659128189087,False,False,False,False,[0.8458187  0.07898131 0.03292431 0.04227565],[0.3892966  0.05877499 0.20837545 0.34355304]
2088,هر دو منطقه کالیفرنیای جنوبی و نوادای جنوبی خشک تا نیمه خشک هستند. کدام یک از این عوامل تأثیر زیادی بر اقلیم کالیفرنیای جنوبی دارد اما تأثیر کمی بر اقلیم نوادای جنوبی دارد؟,"['دسترسibility آب تازه', 'انواع گیاهان', 'تغییرات ارتفاع', 'نزدیکی به اقیانوس']",D,نزدیکی به دریا دمای کالیفرنیا را متعادل و مرطوب می‌کند، ولی نوادای داخلی این تأثیر را ندارد.,A,0.7235153317451477,D,0.7527317404747009,False,True,True,True,[0.72351533 0.00923309 0.00160447 0.26564708],[0.24437621 0.00211427 0.0007778  0.75273174]
2089,انسولین پروتئین مهمی برای تنظیم سطح گلوکز در خون است. کدام جمله بهترین توصیف را از عملکرد انسولین ارائه می‌دهد؟,"['انسولین سلول\u200cها را به جذب گلوکز از خون تحریک می\u200cکند.', 'انسولین باعث می\u200cشود که کبد گلوکز را به خون آزاد کند.', 'انسولین تأثیرات آنتی\u200cبیوتیک\u200cها را در سلول تسهیل می\u200cکند.', 'انسولین پیوندهای شیمیایی را بر روی غشای سلول توسعه می\u200cدهد.']",A,انسولین با تسهیل ورود گلوکز به سلول‌ها، سطح قند خون را کاهش می‌دهد.,A,0.9650275111198425,A,0.9913976192474365,True,True,True,True,[9.6502751e-01 3.2892689e-02 6.1193784e-04 1.4679625e-03],[9.9139762e-01 7.6586404e-03 2.3127090e-04 7.1236450e-04]
2090,نیروی گرانشی بین ماه و زمین به چه مواردی بستگی دارد؟,"['تنها به جرم آنها', 'تنها به قطر آنها', 'به جرم آنها و فاصله آنها از هم', 'به قطر آنها و فاصله آنها از هم']",C,نیروی گرانش با جرم دو جسم رابطه مستقیم و با فاصله بین آن‌ها رابطه معکوس دارد، نه با ابعاد فیزیکی.,C,0.9476585388183594,C,0.9690591096878052,True,True,True,True,[3.6816549e-02 4.1543561e-04 9.4765854e-01 1.5109480e-02],[2.9263049e-02 3.9212508e-04 9.6905911e-01 1.2857286e-03]
2091,ماه زمین چه می‌باشد؟,"['همیشه بسیار نزدیک\u200cتر به خورشید از زمین است', 'همیشه بسیار نزدیک\u200cتر به زمین از خورشید است', 'فاصله\u200cاش از خورشید تقریباً برابر با فاصله\u200cاش از زمین است', 'گاهی اوقات نزدیک\u200cتر به خورشید از زمین و گاهی نزدیک\u200cتر به زمین از خورشید است']",B,ماه در مداری نزدیک به زمین می‌چرخد و فاصله آن تا زمین بسیار کمتر از فاصله زمین تا خورشید است.,B,0.7119771838188171,B,0.7410661578178406,True,True,True,True,[0.15886359 0.7119772  0.00543601 0.12372308],[0.16535422 0.74106616 0.0050719  0.08850773]
2092,اقيانوس‌ها چگونه بر اقلیم‌های سواحل تأثیر می‌گذارند؟,"['آنها به گرمی بیشتر می\u200cانجامند.', 'آنها به سردی بیشتر می\u200cانجامند.', 'آنها به افزایش دامنه دما می\u200cانجامند.', 'آنها به کاهش دامنه دما می\u200cانجامند.']",D,ظرفیت گرمایی بالای آب، نوسانات دما را در مناطق ساحلی کاهش می‌دهد و دمای آن‌ها را تعدیل می‌کند.,C,0.8290152549743652,A,0.6582291722297668,False,False,False,False,[0.16324279 0.00632961 0.82901525 0.00141233],[0.6582292  0.01210307 0.01995459 0.30971327]
2093,کدام قسمت از سلول در سلول‌های گیاهی وجود دارد اما در سلول‌های حیوانی وجود ندارد؟,"['هسته', 'دیواره سلولی', 'سیتوپلاسم', 'غشاء سلولی']",B,این ساختار محافظ سخت فقط در گیاهان وجود دارد و در سلول‌های حیوانی یافت نمی‌شود.,B,0.8314245939254761,B,0.9876004457473755,True,True,True,True,[0.07763721 0.8314246  0.00296365 0.08797449],[2.48171552e-03 9.87600446e-01 1.02432634e-04 9.81537532e-03]
2094,کدام شیء بیشترین انعطاف‌پذیری را دارد؟,"['تکه چوب', 'فنجان کاغذی', 'میخ فلزی', 'بطری شیشه\u200cای']",B,ساختار نازک و الیافی آن به راحتی خم می‌شود، برخلاف اشیای سخت و شکننده دیگر.,B,0.5818246603012085,B,0.768016517162323,True,True,True,True,[0.24159503 0.58182466 0.11501648 0.06156388],[0.22090164 0.7680165  0.00519511 0.00588683]
2095,تانیا بررسی می‌کند که کدام اشیاء خانگی به آهنربا جذب می‌شوند. چه چیزی به او کمک خواهد کرد تا نتیجه‌گیری کند؟,"['یک پیش\u200cبینی', 'یک فرضیه', 'یک لیست از لوازم', 'یک جدول نتایج']",D,ثبت و تحلیل منظم داده‌ها به شناسایی الگوها و نتیجه‌گیری دقیق بر اساس شواهد کمک می‌کند.,B,0.9339939951896667,B,0.9567523002624512,False,False,False,False,[6.0000490e-02 9.3399400e-01 5.1105802e-04 5.4943915e-03],[1.7523531e-02 9.5675230e-01 2.2759092e-04 2.5496585e-02]
2096,هیدروژن دارای جرم اتمی ۱ و اکسیژن دارای جرم اتمی ۱۶ است. زمانی که یک مولکول آب تشکیل می‌شود، دو اتم هیدروژن با یک اتم اکسیژن ترکیب می‌شوند. جرم یک مولکول آب چقدر است؟,"['۱۴', '۱۶', '۱۷', '۱۸']",D,جرم مولکول آب حاصل جمع جرم دو اتم هیدروژن و یک اتم اکسیژن است که برابر با [MASK] می‌شود.,D,0.9921539425849915,D,0.9558933973312378,True,True,True,False,[6.5814382e-03 4.7205413e-05 1.2174436e-03 9.9215394e-01],[1.1846369e-02 5.8397705e-05 3.2201767e-02 9.5589340e-01]
2097,در اطراف مناطق با رواناب افزایش یافته کود، تمام هتروتروف‌ها در یک زنجیره غذایی دریاچه ممکن است افزایش تعداد را نشان دهند. پس از افزایش اولیه، جمعیت‌ها شروع به کاهش می‌کنند. کدام رویداد احتمالاً باعث کاهش جمعیت‌ها شده است؟,"['A) شکارچیان بیشتری به دریاچه معرفی شدند.', 'B) آب از مواد مغذی مانند نیتروژن خالی شد.', 'C) فصل زاد و ولد برای موجودات به پایان رسید.', 'D) جلبک\u200cهای در حال تجزیه مقدار اکسیژن محلول را کاهش دادند.']",D,افزایش کود باعث رشد جلبک‌ها می‌شود که پس از مرگ، با تجزیه شدن توسط باکتری‌ها، اکسیژن آب را کاهش داده و موجودات را می‌کشد.,B,0.8089825510978699,D,0.5478816032409668,False,True,True,True,[0.10863187 0.80898255 0.02423905 0.05814645],[0.13744815 0.2932599  0.02141029 0.5478816 ]
2098,کدامیک از موارد زیر کمترین احتمال را برای اجازه دادن به عبور برق دارد؟,"['آلومینیوم', 'مس', 'پلاستیک', 'آب']",C,مواد عایق مانند این گزینه، فاقد الکترون‌های آزاد کافی برای هدایت جریان هستند، برخلاف فلزات و [MASK] ناخالص که رسانایی بیشتری دارند.,D,0.47874772548675537,C,0.705365777015686,False,True,True,True,[0.29151165 0.07370569 0.15603495 0.47874773],[0.05069889 0.01671872 0.7053658  0.22721666]
2099,لامپ‌ها در توانایی خود برای استفاده از انرژی الکتریکی به طور کارآمد متفاوت هستند. آلیشیا مقدار انرژی الکتریکی مورد نیاز برای روشن کردن یک لامپ رشته‌ای و یک لامپ فلورسانس را مقایسه کرد. آلیشیا از کدام واحدها برای مقایسه استفاده انرژی الکتریکی استفاده می‌کند؟,"['نیوتن', 'ژول', 'ولت', 'وات']",B,[MASK] واحد توان است که میزان مصرف انرژی الکتریکی را در زمان نشان می‌دهد و برای مقایسه کارایی لامپ‌ها مناسب است.,B,0.9700707197189331,D,0.5303435325622559,True,False,False,False,[6.0500787e-04 9.7007072e-01 1.7333766e-04 2.9150911e-02],[1.1069959e-03 4.6802652e-01 5.2290782e-04 5.3034353e-01]
2100,عمل فتوسنتز چه چیزی تولید می‌کند؟,"['دی\u200cاکسید کربن و نیتروژن', 'قند و دی\u200cاکسید کربن', 'اکسیژن و نیتروژن', 'قند و اکسیژن']",D,گیاهان با استفاده از نور خورشید، آب و دی‌اکسید کربن، مواد قندی تولید کرده و اکسیژن آزاد می‌کنند.,A,0.7773085236549377,D,0.5483368039131165,False,True,True,True,[0.7773085  0.19615088 0.01409855 0.01244192],[0.06600314 0.376866   0.00879407 0.5483368 ]
2101,کدام یک از موارد زیر احتمالاً سخت‌ترین است که خم شود؟,"['کش لاستیکی', 'نوار پارچه\u200cای', 'کفش چرمی', 'تخته چوبی']",D,به دلیل ساختار سفت و محکم، مقاومت زیادی در برابر تغییر شکل دارد و برای خم کردن آن نیروی بیشتری نسبت به موارد دیگر لازم است.,A,0.6656445264816284,A,0.7522693872451782,False,False,False,False,[0.6656445  0.14852537 0.07015841 0.11567167],[0.7522694  0.06997196 0.02962799 0.14813063]
2102,کدام بیانیه به بهترین وجه یک سازگاری ساختاری را که به یک موجود کمک می‌کند تا در بیابان زنده بماند توصیف می‌کند؟,"['یک پرنده در یک کاکتوس آشیانه\u200cاش را می\u200cسازد.', 'یک مار زنگی زمانی که تهدید می\u200cشود، دمش را می\u200cلرزانید.', 'یک ایگوانا برای پناهندگی زیر یک سنگ می\u200cخزید.', 'گوش\u200cهای یک خرگوش جک حرارت را آزاد می\u200cکند.']",D,گوش‌های بزرگ این جانور با آزاد کردن گرما، به خنک‌شدن بدن در آب‌وهوای گرم کمک می‌کند که یک ویژگی فیزیکی برای بقا در بیابان است.,A,0.45892196893692017,D,0.7180918455123901,False,True,True,True,[0.45892197 0.06983028 0.45892197 0.01232578],[0.2041357  0.01928659 0.05848586 0.71809185]
2103,گروهی از دانش‌آموزان تصمیم گرفته‌اند که مقدار برق مصرفی توسط مدرسه باید کاهش یابد. دانش‌آموزان می‌خواهند طرحی برای حل این مشکل توسعه دهند. این گروه باید ابتدا چه کاری انجام دهد؟,"['تعیین کنند که چه موادی باید برای اجرای طرح استفاده شود', 'تحقیقی در مورد صرفه\u200cجویی در انرژی انجام دهند تا طرح را شکل دهند', 'طراحی طرح را بهبود بخشند', 'اعتبار طرح را تست کنند']",B,قبل از طراحی هر برنامه، جمع‌آوری اطلاعات درباره مشکل برای یافتن راه‌حل‌های مؤثر ضروری است.,B,0.9976810216903687,B,0.998799204826355,True,True,True,True,[2.1717881e-03 9.9768102e-01 2.0636391e-05 1.2641322e-04],[1.1740507e-03 9.9879920e-01 2.4126248e-06 2.4366647e-05]
2104,اگر یک موجود در محیطی با میدان گرانشی بیشتر از زمین رشد کند، کدام سازگاری بیشترین منفعت را به آن موجود خواهد رساند؟,"['اندام\u200cهای بلند و باریک', 'اندام\u200cهای بلند و قوی', 'اندام\u200cهای کوتاه و باریک', 'اندام\u200cهای کوتاه و قوی']",D,گرانش قوی‌تر فشار بیشتری وارد می‌کند، بنابراین استحکام و مقاومت با ساختارهای کوتاه‌تر و محکم‌تر افزایش می‌یابد.,B,0.6478444337844849,B,0.7574599981307983,False,False,False,False,[0.27111873 0.64784443 0.00335997 0.07767682],[0.07073051 0.75746    0.00213588 0.16967367]
2105,سموم کشاورزی توسط کشاورزان برای کنترل حشرات استفاده می‌شود. گاهی اوقات، این سموم به نهرها نشت می‌کنند. این نمونه‌ای از چیست؟,"['کشاورزان که تلاش می\u200cکنند محیط زیست را محافظت کنند.', 'مواد طبیعی که برای حل مشکلات استفاده می\u200cشوند.', 'کشاورزان که سعی در کاهش میزان محصولات دارند.', 'حل یک مشکل که مشکل دیگری را ایجاد می\u200cکند.']",D,حل یک مسئله با ایجاد مسئله‌ای دیگر، که نتیجه ناخواسته راه‌حل اولیه است.,A,0.43705686926841736,D,0.9183230400085449,False,True,True,True,[0.43705687 0.43705687 0.00066744 0.1252189 ],[7.5971767e-02 5.4180538e-03 2.8714637e-04 9.1832304e-01]
2106,زینک یک ماده معدنی است که کمک می‌کند,"['آب را در سلول\u200cها متعادل نگه دارد.', 'از پوسیدگی دندان\u200cها جلوگیری کند.', 'زخم\u200cها و خراش\u200cها را بهبود بخشد.', 'اکسیژن را در خون حمل کند.']",C,روی یک ماده معدنی ضروری است که نقش کلیدی در ترمیم بافت‌ها و تسریع بهبودی دارد.,B,0.8483028411865234,B,0.6501492261886597,False,False,False,False,[0.10191071 0.84830284 0.00164723 0.04813921],[0.07764925 0.6501492  0.27102253 0.00117904]
2107,برخی از پرندگان دانه می‌خورند. اگر پرندگان دانه‌ای را روی خاک بیندازند، بهترین توضیح برای چگونگی کمک به رشد یک گیاه چیست؟,"['می\u200cتواند نور خورشید بیشتری دریافت کند.', 'فرصتی برای تولید مثل دارد.', 'به آب نزدیک\u200cتر می\u200cشود.', 'اکسیژن بیشتری تولید می\u200cکند.']",B,دانه در خاک مرطوب قرار می‌گیرد و دسترسی به رطوبت و مواد مغذی برای جوانه‌زنی و رشد آسان‌تر می‌شود.,A,0.5924553871154785,C,0.9484894871711731,False,False,False,False,[0.5924554  0.21710244 0.17040566 0.02003653],[4.7038406e-02 3.8611474e-03 9.4848949e-01 6.1092223e-04]
2108,چند لحظه قبل از غروب، یک دانش‌آموز دمای هوا و خاک را در همان مکان ثبت کرد. دانش‌آموز متوجه شد که دمای هوا و خاک برابر است. کدام یک از جملات زیر توضیح می‌دهد که دماهای هوا و خاک احتمالاً پس از غروب آن روز چگونه تغییر کردند؟,"['دمای خاک سریع\u200cتر از دمای هوا افزایش یافت.', 'دمای هوا سریع\u200cتر از دمای خاک افزایش یافت.', 'دمای خاک سریع\u200cتر از دمای هوا کاهش یافت.', 'دمای هوا سریع\u200cتر از دمای خاک کاهش یافت.']",D,خاک ظرفیت گرمایی بیشتری دارد و گرما را کندتر از دست می‌دهد، بنابراین هوا سریع‌تر سرد می‌شود.,A,0.5072744488716125,A,0.3709891140460968,False,False,False,False,[0.50727445 0.14476995 0.07748977 0.27046588],[0.3709891  0.08277886 0.3709891  0.17524284]
2109,مرجان‌های سازنده‌ی صخره با جلبک‌های فتوسنتز کننده‌ای که در بافت‌های خود زندگی می‌کنند، همکاری می‌کنند. جلبک‌ها در یک صخره مرجانی بیشتر احتمال دارد که از کدام نوع انرژی برای بقاء استفاده کنند؟,"['شیمیایی', 'مکانیسمی', 'تابشی', 'حرارتی']",C,فتوسنتز نیازمند نور خورشید است.,A,0.6754812002182007,C,0.9542199969291687,False,True,True,True,[0.6754812  0.00352389 0.31969854 0.00129637],[4.1925501e-02 8.1741711e-04 9.5422000e-01 3.0370732e-03]
2110,به‌عنوان یک خودرو که سوخت می‌سوزاند، یک تبدیل از انرژی شیمیایی به انرژی مکانیکی رخ می‌دهد. نتیجه محتمل سوختن سوخت چیست؟,"['ماده\u200cای که خودرو را تشکیل می\u200cدهد افزایش می\u200cیابد.', 'میزان انرژی مفید کاهش می\u200cیابد.', 'کارایی خودرو افزایش می\u200cیابد.', 'مقدار انرژی حرارتی کاهش می\u200cیابد.']",B,بر اساس قانون دوم ترمودینامیک، در تبدیل انرژی، بخشی از انرژی به صورت گرما تلف شده و انرژی مفید کاهش می‌یابد.,B,0.639861524105072,B,0.9816547632217407,True,True,True,True,[0.30224916 0.6398615  0.01153778 0.04635141],[1.5805112e-02 9.8165476e-01 6.5235491e-04 1.8876515e-03]
2111,کدام یک از موارد زیر بخشی از یک اتم نیست؟,"['پروتون', 'ایزوتوپ', 'هسته', 'الکترون']",B,[MASK] نوعی از عنصر است، نه جزء سازنده اتم.,B,0.9866635799407959,B,0.9773454666137695,True,True,True,False,[6.6092471e-03 9.8666358e-01 5.8326405e-03 8.9446432e-04],[0.010689   0.97734547 0.010689   0.00127662]
2112,کدام بیان نمونه‌ای از ویژگی‌های ارثی در یک موجود زنده است؟,"['الف) یک کودک یاد می\u200cگیرد که دوچرخه\u200cسواری کند.', 'ب) یک گربه دارای یک توله با پای شکسته است.', 'ج) یک سگ سفید دارای یک توله با پشم سفید است.', 'د) یک شخص دارای زخم شیمیایی از سوختگی است.']",C,ویژگی‌های ارثی از طریق ژن‌ها از والدین به فرزند منتقل می‌شوند. رنگ پشم توله‌سگ نمونه‌ای از این صفت ذاتی است که از بدو تولد وجود دارد.,C,0.9340638518333435,C,0.9718805551528931,True,True,True,True,[0.05290252 0.00811286 0.93406385 0.0049207 ],[0.01808093 0.0062486  0.97188056 0.00378997]
2113,چه تغییری ممکن است در زمانی که انرژی حرارتی به آب اضافه می‌کنید، رخ دهد؟,"['آب می\u200cتواند از حالت مایع به حالت جامد تبدیل شود.', 'آب می\u200cتواند از حالت جامد به حالت مایع تبدیل شود.', 'آب می\u200cتواند از حالت مایع به حالت گاز تبدیل شود.', 'آب می\u200cتواند از حالت گاز به حالت مایع تبدیل شود.']",C,افزایش انرژی گرمایی باعث تبخیر آب در دمای جوش می‌شود که تغییر فاز از مایع به گاز است. سایر موارد با کاهش دما رخ می‌دهند.,C,0.5653105974197388,C,0.9676130414009094,True,True,True,True,[0.23473778 0.18281396 0.5653106  0.01713771],[0.02598826 0.00451608 0.96761304 0.00188258]
2114,عبور ال کاهون در کالیفرنیا هر سال تقریباً به ارتفاع زمین اطرافش افزوده می‌شود. کدام یک از عبارات زیر درباره این منطقه صحیح است؟,"['فرسایش در عبور ال کاهون کندتر از بالا آمدگی است.', 'لایه\u200cها در عبور ال کاهون در حال جداسازی هستند.', 'تشکیل کوه\u200cها در عبور ال کاهون کندتر از فرسایش است.', 'فرسایش و بالا آمدگی در عبور ال کاهون متعادل هستند.']",A,افزایش سالانه ارتفاع نشان‌دهنده تعادل بین فرسایش و فرآیندهای بالاآمدگی است که ارتفاع کلی را حفظ می‌کند.,C,0.5721777081489563,D,0.8691007494926453,False,False,False,False,[0.30626467 0.05322082 0.5721777  0.06833688],[0.09196106 0.00510765 0.03383058 0.86910075]
2115,در یک جمعیت از مارهای قهوه‌ای، ماری با الگوی نقطه‌دار سفید به دنیا می‌آید. کدام عامل بیشترین تأثیر را در اینکه این ویژگی در جمعیت مارهای قهوه‌ای رایج شود، خواهد داشت؟,"['توانایی مار در زنده ماندن برای تولید مثل', 'ظاهر ویژگی\u200cهای جدید دیگر در مار بچه', 'تاریخچه الگو در جمعیت\u200cهای قبلی مارها', 'وجود انرژی حرارتی که الگوی مار را تغییر می\u200cدهد']",A,ویژگی‌های جدید تنها در صورتی رواج می‌یابند که به بقا و تولیدمثل کمک کنند، بنابراین زنده ماندن برای انتقال ژن‌ها عامل اصلی است.,C,0.8332178592681885,A,0.4988311529159546,False,True,True,True,[0.14507462 0.01732669 0.83321786 0.00438087],[4.9883115e-01 1.9001925e-03 4.9883115e-01 4.3744914e-04]
2116,چرا همیشه یک سمت ماه از زمین قابل مشاهده است؟,"['الف) ماه حول محور خود نمی\u200cچرخد.', 'ب) سمت پنهان ماه در طول روز به سمت زمین قرار دارد.', 'ج) ماه در هر چرخش به دور زمین یک بار می\u200cچرخد.', 'د) سرعت چرخش برای زمین و ماه یکسان است.']",C,زمان گردش ماه به دور زمین و چرخش آن به دور محورش برابر است، بنابراین همیشه یک طرف آن رو به ماست.,C,0.8191519975662231,C,0.735565721988678,True,True,True,False,[0.0315148  0.14123951 0.819152   0.00809367],[0.1641269  0.04702314 0.7355657  0.05328421]
2117,کلاس‌های علوم برای دبیرستان یک پروژه‌ای را انجام می‌دهند که در آن کاغذ و کیسه‌های پلاستیکی را بازیافت می‌کنند. یکی از تفاوت‌های عمده بین کاغذ و پلاستیک چیست؟,"['الف) کاغذ از یک منبع تجدیدپذیر به دست می\u200cآید.', 'ب) پلاستیک از یک منبع تجدیدپذیر به دست می\u200cآید.', 'ج) پلاستیک نمی\u200cتواند دوباره استفاده شود.', 'د) کاغذ نمی\u200cتواند دوباره استفاده شود.']",A,کاغذ از منابع طبیعی تجدیدپذیر مانند درختان تولید می‌شود، در حالی که پلاستیک از منابع فسیلی غیرقابل تجدید به دست می‌آید.,C,0.5219522714614868,A,0.9982964396476746,False,True,True,True,[0.46062127 0.00351689 0.5219523  0.01390956],[9.9829644e-01 2.8200663e-04 1.3039855e-03 1.1755785e-04]
2118,استخرهای جزر و مدی زیستگاه‌هایی برای چندین نوع موجودات هستند که به سطح سنگی چسبیده و به جزر و مد برای غذا و اکسیژن وابسته‌اند. ستاره‌های دریایی موجود در این استخرهای جزر و مد بر روی صدف‌ها و دیگر نرم‌تنان غذایی می‌خورند که هیچ شکارچی طبیعی دیگری ندارند. اگر تمام ستاره‌های دریایی از اکوسیستم استخر جزر و مد حذف شوند، ارتباط آن با تنوع گونه‌ها چگونه خواهد بود؟,"['تنوع افزایش خواهد یافت زیرا نرخ شکار کاهش می\u200cیابد.', 'تنوع کاهش خواهد یافت زیرا رقابت برای فضا افزایش می\u200cیابد.', 'تنوع افزایش خواهد یافت زیرا بازیافت مواد مغذی کاهش می\u200cیابد.', 'تنوع کاهش خواهد یافت زیرا منابع غذا و اکسیژن افزایش می\u200cیابد.']",B,حذف شکارچی باعث رشد بی‌رویه طعمه و رقابت شدید بر سر فضا می‌شود که تنوع را کاهش می‌دهد.,B,0.9401268362998962,B,0.9876646399497986,True,True,True,True,[0.04680616 0.94012684 0.00813369 0.00493333],[1.0897215e-02 9.8766464e-01 7.4156479e-04 6.9663563e-04]
2119,توانایی چینش زبان در انسان‌ها توسط آلل غالب R کدگذاری می‌شود. عدم توانایی در چینش زبان توسط آلل مغلوب r کدگذاری می‌شود. مردی با ترکیب آللی RR برای این صفت، زایگوتی با زنی با ترکیب آللی rr برای این صفت تولید می‌کند. کدام ترکیب آللی می‌تواند در زایگوت رخ دهد؟,"['R', 'rr', 'Rr', 'RR']",C,همه گامت‌های پدر [MASK] و همه گامت‌های مادر [MASK] دارند، پس تنها ترکیب ممکن [MASK][MASK] است.,C,0.8730848431587219,C,0.802184522151947,True,True,True,False,[0.09220237 0.02057313 0.87308484 0.01413969],[0.13994436 0.0307417  0.8021845  0.02712945]
2120,پت در حال یادگیری نحوه جریان انرژی در یک اکوسیستم است. پت می‌داند که حیوانات انرژی را از گیاهان می‌گیرند. گیاهان چه کاری انجام می‌دهند که به حیوانات اجازه می‌دهد از آنها انرژی بگیرند؟,"['الف) گیاهان آب را در ریشه\u200cهای خود نگه می\u200cدارند.', 'ب) گیاهان نیتروژن را در خاک آزاد می\u200cکنند.', 'ج) گیاهان پناهگاهی در برابر آب و هوا فراهم می\u200cکنند.', 'د) گیاهان در حضور نور قند تولید می\u200cکنند.']",D,گیاهان با استفاده از نور، انرژی خورشید را به شکل قند ذخیره می‌کنند که حیوانات مصرف می‌نمایند.,D,0.9567796587944031,D,0.9828428626060486,True,True,True,True,[3.7098374e-02 5.6010168e-03 5.2097574e-04 9.5677966e-01],[1.6010772e-02 9.0326596e-04 2.4311073e-04 9.8284286e-01]
2121,افرادی که به آب شرب سالم دسترسی ندارند ممکن است به بیماری اسهال خونی مبتلا شوند. اسهال خونی ناشی از نوعی آمیب است که درون بدن زندگی می‌کند. پزشکان می‌توانند این آمیب‌ها را با مشاهده نمونه‌های بدنی زیر میکروسکوپ پیدا کنند. کدام ویژگی آمیب‌ها به بهترین شکل توضیح می‌دهد که چرا پزشکان از میکروسکوپ برای یافتن آمیب‌های اسهال خونی استفاده می‌کنند؟,"['آمیب\u200cها می\u200cتوانند شکل خود را تغییر دهند.', 'آمیب\u200cها برای زنده ماندن به انسان\u200cها نیاز دارند.', 'آمیب\u200cها درست شبیه سلول\u200cهای انسانی به نظر می\u200cرسند.', 'آمیب\u200cها تنها از یک سلول تشکیل شده\u200cاند.']",D,اندازه میکروسکوپی و تک‌سلولی بودن آنها باعث می‌شود فقط با میکروسکوپ قابل مشاهده باشند.,C,0.8921017050743103,C,0.9656296372413635,False,False,False,False,[1.0654636e-01 1.0283495e-03 8.9210171e-01 3.2358454e-04],[3.2913212e-02 7.7404449e-04 9.6562964e-01 6.8309187e-04]
2122,کدام یک از موارد زیر شواهدی برای نظریه تکتونیک صفحات است؟,"['ذوب شدن یخ\u200cهای قطبی', 'جابجایی زیستگاه\u200cها با تغییرات آب و هوا', 'فراوانی گرانیت در تمام قاره\u200cها', 'وجود آتشفشان\u200cها در اطراف حاشیه اقیانوس آرام']",D,حلقه آتش در اقیانوس آرام نشان‌دهنده مرز صفحات تکتونیکی است که با فرورانش و فعالیت آتشفشانی مرتبط می‌باشد.,B,0.5276429653167725,D,0.9175333976745605,False,True,True,True,[0.32003164 0.52764297 0.08091667 0.07140871],[0.05865595 0.01680521 0.00700545 0.9175334 ]
2123,زمین‌شناسان در حال بررسی منطقه‌ای در آفریقا به نام دره بزرگ راف بودند. کدام رویداد زمین‌شناسی احتمالاً باعث تشکیل این دره شده است؟,"['الف) صفحات قاره\u200cای که در حال انشعاب هستند', 'ب) برخورد صفحات تکتونیکی', 'ج) حرکت یخچال\u200cها', 'د) برخورد از سوی شهاب\u200cواره\u200cها']",A,این دره بر اثر دور شدن صفحات قاره‌ای و کشیده شدن پوسته زمین شکل گرفته است.,B,0.6240504384040833,A,0.9056829810142517,False,True,True,True,[0.33403015 0.62405044 0.00698695 0.03493254],[0.905683   0.08391321 0.00503938 0.00536439]
2124,در کدام فصل غروب خورشید دیرتر از روز اتفاق می‌افتد؟,"['تابستان', 'پاییز', 'زمستان', 'بهار']",A,به دلیل انحراف محور زمین و طولانی‌تر بودن روزها در این فصل، غروب دیرتر رخ می‌دهد.,B,0.4424598515033722,B,0.5212087035179138,False,False,False,False,[0.34458807 0.44245985 0.18444471 0.02850736],[0.15049998 0.5212087  0.31612906 0.01216226]
2125,کدام یک از موارد زیر منبع مهمی از انرژی در درون زمین است؟,"['آتشفشان\u200cها', 'کنواسیون', 'سنگ مذاب', 'ایزوتوپ\u200cهای رادیو اکتیو']",D,گرمای درونی زمین عمدتاً از واپاشی عناصر پرتوزا در هسته و گوشته ناشی می‌شود.,A,0.9177135229110718,D,0.75676029920578,False,True,True,True,[0.9177135  0.02790264 0.00225488 0.05212899],[0.19283965 0.0487575  0.00164252 0.7567603 ]
2126,آنا یک مکعب یخ را در دست دارد. چرا مکعب یخ در دست او ذوب می‌شود؟,"['حرارت از دست او به مکعب یخ منتقل می\u200cشود.', 'سرما از دست او به مکعب یخ منتقل می\u200cشود.', 'حرارت از مکعب یخ به دست او منتقل می\u200cشود.', 'سرما از مکعب یخ به دست او منتقل می\u200cشود.']",A,گرما از جسم گرم‌تر به سردتر منتقل می‌شود و باعث ذوب یخ می‌گردد.,D,0.6035459041595459,C,0.639125645160675,False,False,False,False,[0.19670956 0.08136261 0.1183819  0.6035459 ],[0.30190158 0.03132686 0.63912565 0.02764586]
2127,سوالی: یک دانش‌آموز می‌خواهد دمای یک سکه فلزی را کاهش دهد. کدام اقدام باعث می‌شود سکه سردترین شود؟,"['الف) قرار دادن سکه در فریزر', 'ب) قرار دادن سکه در آب خنک', 'ج) گذاشتن سکه بر روی پیشخوان', 'د) مالیدن سکه با دستان سرد']",A,فریزر با دمای بسیار پایین، انتقال حرارت را سریع‌تر و مؤثرتر از سایر روش‌ها انجام می‌دهد.,A,0.895330548286438,A,0.888419508934021,True,True,True,False,[0.89533055 0.05679115 0.00884635 0.03903195],[0.8884195  0.08263589 0.01267262 0.01627197]
2128,در چرخه نیتروژن، نیتروژن می‌تواند به‌صورت مستقیم از اتمسفر به لیتوسفر بازگردد از طریق,"['رعد و برق.', 'آلودگی هوا.', 'تراکم.', 'تنفس سلولی.']",A,صاعقه با شکستن پیوندهای مولکول نیتروژن در هوا، امکان ترکیب آن با اکسیژن و رسیدن ترکیبات حاصل به زمین از طریق باران را فراهم می‌کند.,A,0.9911437034606934,A,0.999478280544281,True,True,True,True,[9.9114370e-01 3.5563423e-03 1.2555424e-04 5.1744473e-03],[9.9947828e-01 4.2477556e-04 5.7487123e-05 3.9510283e-05]
2129,کسری های خورشیدی و ماهی چه زمانی می توانند اتفاق بیفتند؟,"['فقط در زمان ماه کامل', 'فقط در زمان ماه کامل و نو', 'فقط در زمان ماه کاهنده غیر کامل', 'فقط در زمان ماه فزاینده غیر کامل']",B,خورشیدگرفتگی در فاز ماه نو و ماه‌گرفتگی در فاز ماه کامل رخ می‌دهد، بنابراین هر دو تنها در این دو حالت ممکن هستند.,B,0.5845217704772949,B,0.9592580199241638,True,True,True,True,[0.1674683  0.5845218  0.21503355 0.03297646],[0.03244159 0.959258   0.0056375  0.00266297]
2130,سلول‌های گیاهی چگونه با سلول‌های حیوانی متفاوت هستند؟,"['فقط سلول\u200cهای گیاهی می\u200cتوانند رشد کنند.', 'فقط سلول\u200cهای حیوانی می\u200cتوانند تولید مثل کنند.', 'فقط سلول\u200cهای حیوانی می\u200cتوانند انرژی را ذخیره کنند.', 'فقط سلول\u200cهای گیاهی می\u200cتوانند فتوسنتز انجام دهند.']",D,سلول‌های گیاهی به دلیل داشتن کلروپلاست قادر به فتوسنتز هستند، در حالی که سلول‌های حیوانی این قابلیت را ندارند.,D,0.9477059841156006,D,0.9813381433486938,True,True,True,True,[0.01964981 0.01530329 0.0173409  0.947706  ],[0.01098718 0.00179361 0.00588102 0.98133814]
2131,کدام تغییر یک ماده جدید ایجاد می‌کند؟,"['قالب\u200cگیری یک شکل از گل', 'شکستن یک لیوان نوشیدنی', 'خراب کردن مکعب\u200cهای یخ', 'پختن تخم\u200cمرغ\u200cها روی اجاق']",D,پختن تخم‌مرغ ساختار مولکولی را دگرگون می‌کند و ماده‌ای نو با ویژگی‌های متفاوت پدید می‌آورد.,A,0.7053382396697998,D,0.912041187286377,False,True,True,True,[0.70533824 0.09620583 0.12353073 0.07492518],[8.5165069e-02 1.9718385e-03 8.2198461e-04 9.1204119e-01]
2132,سوال: یک مزرعه بادی شامل تعداد زیادی از آسیاب‌های بادی برای تولید برق است. بهترین دلیل اینکه مزرعه‌های بادی در نزدیکی جنگل‌ها قرار ندارند چیست؟,"['الف) درختان نیروی باد را کاهش می\u200cدهند.', 'ب) آسیاب\u200cهای بادی جنگل\u200cها را تخریب می\u200cکنند.', 'ج) برق تولید شده برای شهرها بسیار دور خواهد بود و مفید نخواهد بود.', 'د) حیوانات جنگلی آسیاب\u200cهای بادی را تخریب می\u200cکنند.']",A,درختان با ایجاد مانع، سرعت باد را کم می‌کنند و از آنجا که این توربین‌ها برای کارایی به باد قوی نیاز دارند، این کاهش بازده، دلیل اصلی دوری از جنگل است.,A,0.6630646586418152,A,0.9889460206031799,True,True,True,True,[0.66306466 0.16830516 0.13107619 0.03755395],[9.8894602e-01 2.4850969e-03 7.6546371e-03 9.1421604e-04]
2133,کدام عمل بدن، بهترین روش برای آزادسازی گرما و خنک کردن بدن در حین و بعد از ورزش است؟,"['مواد شیمیایی آزاد می\u200cشوند تا تشنگی را نشان دهند.', 'عضلات اسید لاکتیک تولید می\u200cکنند.', 'نرخ تنفس افزایش می\u200cیابد.', 'عرق کردن اتفاق می\u200cافتد.']",D,تبخیر عرق از پوست، گرما را جذب کرده و دمای بدن را به طور مؤثر کاهش می‌دهد.,D,0.9574742317199707,D,0.9559488296508789,True,True,True,False,[0.02877238 0.00441239 0.00934102 0.95747423],[0.01379661 0.0044791  0.02577547 0.9559488 ]
2134,برخی از دانش‌آموزان می‌خواستند مدلی بسازند تا نشان دهند اندازهٔ ماه چگونه با اندازهٔ زمین مقایسه می‌شود. آن‌ها از یک نارنگی به عنوان نمایندهٔ ماه استفاده کردند. کدامیک از موارد زیر بهترین نمایندهٔ زمین خواهد بود؟,"['یک خربزه', 'یک انگور', 'یک لیمو', 'یک گیلاس']",A,ماه حدود یک‌چهارم زمین است، پس جسمی چهار برابر بزرگ‌تر از نارنگی مناسب خواهد بود.,A,0.3313106298446655,A,0.37554433941841125,True,True,True,True,[0.33131063 0.33131063 0.00606817 0.33131063],[0.37554434 0.22777916 0.06525982 0.33141673]
2135,یک توپ بر روی زمین در حال حرکت است. نیرویی توپ را به همان سمتی که در حال حرکت است، فشار می‌دهد. چه اتفاقی برای توپ می‌افتد؟,"['حرکتش متوقف می\u200cشود.', 'کندتر حرکت می\u200cکند.', 'با سرعت بیشتری به همان سمتی که در حال حرکت بود حرکت می\u200cکند.', 'با همان سرعت و جهت به حرکت خود ادامه می\u200cدهد.']",C,نیروی هم‌جهت با حرکت، باعث افزایش شتاب و در نتیجه افزایش سرعت جسم می‌شود.,A,0.46397584676742554,C,0.7386385798454285,False,True,True,True,[0.46397585 0.40945724 0.05541401 0.071153  ],[0.24168162 0.01045412 0.7386386  0.00922573]
2136,بهترین نتیجه‌ای که می‌توان از کشف فسیل ماهی آب شیرین در یک منطقه بیابانی گرفت، چیست؟,"['ماهی از اقیانوس مهاجرت کرده است', 'ماهی قادر به تولید مثل نبوده است', 'در گذشته، کوهی در این منطقه وجود داشته است', 'در گذشته، رودخانه\u200cای از این منطقه عبور می\u200cکرده است']",D,فسیل ماهی آب‌شیرین نشان‌دهنده تغییر محیط است و نیاز به منابع آب دائمی دارد، بنابراین قبلاً رودخانه در منطقه وجود داشته.,C,0.9621241092681885,C,0.9845433831214905,False,False,False,False,[0.03311555 0.00208418 0.9621241  0.00267615],[0.01093729 0.00294373 0.9845434  0.00157567]
2137,استعمال تنباکو به بسیاری از مشکلات بهداشتی مرتبط شده است. کامل‌ترین فهرست اشکال تنباکو که باعث سرطان می‌شود کدام است؟,"['سیگار و پودر تنباکو', 'تنباکوی جویدنی و پودر تنباکو', 'سیگار و تنباکوی جویدنی', 'سیگار، تنباکوی جویدنی و پودر تنباکو']",D,همه انواع تنباکو از جمله دود شده، جویدنی و پودری حاوی مواد سرطان‌زا هستند و خطر ابتلا را افزایش می‌دهند.,D,0.5267018675804138,D,0.845186710357666,True,True,True,True,[0.41180128 0.04340354 0.01809329 0.52670187],[0.07830812 0.06910668 0.00739849 0.8451867 ]
2138,یک قایق بادبانی با باتری که به سمت جنوب بر روی یک دریاچه حرکت می‌کند، بادی را که از شرق به غرب می‌وزد، دریافت می‌کند. ترکیب این نیروها باعث می‌شود قایق به کدام سمت حرکت کند؟,"['شمال شرقی', 'شمال غربی', 'جنوب شرقی', 'جنوب غربی']",D,نیروی باتری به جنوب و باد به غرب، حرکت ترکیبی را جنوب‌غربی می‌کند.,D,0.5851162672042847,D,0.9961239695549011,True,True,True,True,[0.11611988 0.24391274 0.05485114 0.58511627],[2.4571174e-03 7.9770922e-04 6.2125659e-04 9.9612397e-01]
2139,کدام یک بهترین توصیف از نحوهٔ تعامل سیستم‌های گردش خون و تنفس انسانی است؟,"['قلب زباله\u200cهای جمع\u200cشده در ریه\u200cها را حذف می\u200cکند.', 'اکسیژن به\u200cطور مستقیم از بینی وارد جریان خون می\u200cشود.', 'اکسیژن به جریان خون منتقل می\u200cشود در حالی که خون از ریه\u200cها عبور می\u200cکند.', 'قلب هوا را از طریق ریه\u200cها به خون پمپ می\u200cکند.']",C,اکسیژن در ریه‌ها به خون منتقل می‌شود و گردش خون آن را در بدن پخش می‌کند.,C,0.8818831443786621,C,0.9881306886672974,True,True,True,True,[0.06413344 0.04994716 0.88188314 0.00403635],[7.4565751e-03 3.5222368e-03 9.8813069e-01 8.9056091e-04]
2140,در تاریخ ۱۲ دسامبر یک طوفان برفی در یک شهر ۲۰ سانتی‌متر برف تولید کرد. این رویداد چه زمانی می‌تواند برای توصیف آب و هوای منطقه استفاده شود؟,"['اگر برف\u200cریزی یک رکورد را ثبت کرد', 'اگر برف\u200cریزی برای آن منطقه غیرمعمول بود', 'اگر برف\u200cریزی با وضعیت آب و هوای دسامبر در طول زمان سازگار بود', 'اگر برف\u200cریزی بیش از یک ماه بر روی زمین باقی ماند']",C,آب‌وهوا شرایط معمول و بلندمدت یک منطقه را نشان می‌دهد، نه یک رویداد گذرا که در آنجا غیرعادی باشد.,B,0.583438515663147,B,0.8789064288139343,False,False,False,False,[0.31229216 0.5834385  0.10218159 0.00208783],[7.1583599e-02 8.7890643e-01 4.9198639e-02 3.1141337e-04]
2141,کدام جمله توصیف می‌کند که انرژی چگونه می‌تواند مفید باشد؟,"['رعد و برق به یک ساختمان ضربه می\u200cزند.', 'آتش یک خانه را می\u200cسوزاند.', 'برق یک فر را گرم می\u200cکند.', 'باد یک تابلو را می\u200cاندازد.']",C,انرژی الکتریکی برای پخت و پز استفاده می‌شود که یک کاربرد مفید است.,C,0.9660326242446899,C,0.9880818128585815,True,True,True,True,[2.5718769e-02 7.3685506e-03 9.6603262e-01 8.8004791e-04],[1.11059863e-02 7.09981949e-04 9.88081813e-01 1.02282596e-04]
2142,بارش بیشتر احتمال دارد زمانی که آسمان,"['صاف و آفتابی است', 'نیمه آفتابی است', 'ابرهای ضخیم و تیره دارد', 'ابرهای سفید و پفی دارد']",C,ابرهای تیره نشان‌دهنده رطوبت بالا و شرایط ناپایدار جوی هستند که اغلب باعث بارندگی می‌شوند.,A,0.9343616962432861,C,0.9856125116348267,False,True,True,True,[0.9343617  0.03187857 0.02813274 0.0056269 ],[0.01235866 0.00101446 0.9856125  0.00101446]
2143,مادر یک دانش‌آموز برای گوش‌های متصل به گوش، که ویژگی مغلوب است، هتروزیگوت است. پدر این دانش‌آموز نیز برای آن ویژگی هتروزیگوت است. احتمال اینکه این دانش‌آموز گوش‌های متصل به گوش داشته باشد، چند درصد است؟,"['0%', '25%', '50%', '75%']",B,هر دو والد ناقل هستند و فرزند برای بروز صفت نیاز به دو آلل مغلوب دارد که احتمال آن ۲۵ درصد است.,C,0.6412632465362549,B,0.9863168597221375,False,True,True,True,[0.03192662 0.14308518 0.64126325 0.183725  ],[0.00236962 0.98631686 0.00827077 0.00304265]
2144,کدام ماده بهترین عایق حرارتی است؟,"['شیشه', 'فلز', 'آب', 'چوب']",D,[MASK] به دلیل ساختار متخلخل و رسانایی گرمایی کم، گرما را به خوبی انتقال نمی‌دهد و عایق مؤثری است.,C,0.5373327136039734,A,0.5964856147766113,False,False,False,False,[0.41847515 0.03435053 0.5373327  0.00984159],[0.5964856  0.01247676 0.0264133  0.36462432]
2145,سوالی که دانشمندان مطالعه‌گر موجودات پروکاریوتی احتمالاً می‌پرسند چیست؟,"['لیزوزوم\u200cها چگونه باکتری\u200cها را از سلول\u200cها خارج می\u200cکنند؟', 'غشاء سلول چه نقشی در پایداری ایفا می\u200cکند؟', 'کلروپلاست\u200cها چگونه نور را به انرژی تبدیل می\u200cکنند؟', 'چرا ریبوزوم\u200cها تولیدکنندگان پروتئین کارآمدی هستند؟']",D,پروکاریوت‌ها اندامک‌های پیچیده ندارند، اما غشای سلولی برای همه سلول‌ها حیاتی است و نقش آن در پایداری موضوع اصلی تحقیق است.,C,0.43858709931373596,B,0.9912471175193787,False,False,False,False,[0.30143622 0.09862955 0.4385871  0.16134718],[8.6432304e-03 9.9124712e-01 5.8237627e-05 5.1394523e-05]
2146,شهرکی در شمال آرکانزاس در بخشی از زمستان دماهایی سردتر از حد معمول را تجربه کرد. کدام تغییر احتمالاً مسئول این وضعیت بوده است؟,"['کاهش جریان جت به سمت جنوب', 'حرکت جریان جت به سمت شمال', 'اثر کوریولیس که باعث ایجاد منطقه فشار پایین می\u200cشود', 'اثر کوریولیس که باعث ایجاد منطقه فشار بالا می\u200cشود']",A,جابجایی جریان هوا به سمت پایین، هوای سرد مناطق قطبی را به عرض‌های جغرافیایی پایین‌تر مانند این ناحیه منتقل می‌کند و باعث سرمای غیرعادی می‌شود.,C,0.6124381422996521,C,0.5089142322540283,False,False,False,False,[0.29042757 0.08256135 0.61243814 0.01457294],[0.08843603 0.3963428  0.50891423 0.00630696]
2147,درک فرضیه‌پردازی می‌کند که یک سرخس گلدانی در یک ظرف بسته سالم‌تر از همان نوع گیاه در لبه باز پنجره خواهد ماند. در پایان تحقیقاتش، درک متوجه می‌شود که نتایجش از فرضیه‌اش حمایت می‌کند. کدام گزینه به بهترین وجه توضیح می‌دهد که چرا درک باید تحقیقات را تکرار کند؟,"['برای اینکه بتواند یک تحقیق دیگر را آغاز کند', 'برای اثبات اهمیت تحقیق', 'برای یادگیری علت درست بودن فرضیه', 'برای اطمینان از معتبر بودن نتایج']",D,برای اطمینان از صحت نتایج و عدم تصادفی بودن آنها، تکرار آزمایش ضروری است.,C,0.8740271925926208,D,0.9260290265083313,False,True,True,True,[0.11794068 0.00216016 0.8740272  0.00587192],[0.06760745 0.00204157 0.004322   0.926029  ]
2148,یک گروه از دانش‌آموزان یک آزمایش انجام می‌دهند تا ببینند آیا رنگ‌های متفاوت نور بر تعداد گل‌هایی که یک گیاه تولید می‌کند تأثیر دارد یا نه. معلم آنها دانه‌ها، گلدان‌ها، خاک، آب و سه لامپ با رنگ‌های مختلف به آنها می‌دهد. دانش‌آموزان تصمیم می‌گیرند مواد را به طور مساوی تقسیم کنند. چه چیزی باید برای هر گروه از گیاهان متفاوت باشد؟,"['نوع خاکی که استفاده می\u200cکنند', 'مقدار آبی که استفاده می\u200cکنند', 'رنگ گلدان\u200cهایی که استفاده می\u200cکنند', 'رنگ لامپی که استفاده می\u200cکنند']",D,تنها عاملی که باید تغییر کند رنگ نور است تا تأثیر آن بر گل‌دهی گیاه بررسی شود.,C,0.5290593504905701,C,0.8916016221046448,False,False,False,False,[0.10417797 0.0031459  0.52905935 0.36361682],[5.0695237e-02 2.5783948e-04 8.9160162e-01 5.7445228e-02]
2149,تمامی موارد زیر در جداسازی مخلوطی از شن و نمک مفید خواهد بود به جز,"['مغناطیس', 'یک لیوان شیشه ای', 'کاغذ صافی و قیف', 'آب']",A,نمک و شن هر دو غیر[MASK]ی هستند، بنابراین استفاده از آهن‌ربا در جداسازی آن‌ها هیچ تأثیری ندارد و بی‌فایده است.,B,0.7167444825172424,A,0.9361773729324341,False,True,True,True,[0.2336036  0.7167445  0.00905779 0.04059422],[0.9361774  0.03651286 0.00260398 0.02470583]
2150,یک مهندس که در حال طراحی یک پل معلق است متوجه می‌شود که پل باید دو برابر باری را که در ابتدا پیش‌بینی شده بود، تحمل کند. یک تغییری که مهندس باید در طرح اصلی خود برای حفظ ایمنی ایجاد کند، افزایش دادن است:,"['طول سیم\u200cهای تحت کشش.', 'قطر سیم\u200cهای تحت کشش.', 'ارتفاع برج\u200cهای حمایت کننده.', 'طول پل.']",B,افزایش بار، کشش سیم‌ها را بیشتر می‌کند و برای تحمل این نیروی اضافی، باید سطح مقطع بزرگ‌تر شود.,C,0.43256011605262756,B,0.9838686585426331,False,True,True,True,[0.29729393 0.20432693 0.43256012 0.06581902],[1.40341325e-02 9.83868659e-01 1.30537769e-03 7.91751605e-04]
2151,اگر HCl به Zn افزوده شود، محصول مورد انتظار چیست؟,"['Cl_{2}', 'HZn', 'ZnCl', 'ZnCl_{2}']",D,واکنش تک‌جایگزینی روی با اسید، کلرید روی و گاز هیدروژن تولید می‌کند.,D,0.4749360978603363,D,0.8256956338882446,True,True,True,True,[0.28806332 0.01265662 0.22434393 0.4749361 ],[0.11131009 0.00341421 0.05958    0.82569563]
2152,سال‌ها پیش، کشاورزان دریافتند که گیاهان ذرت بهتر رشد می‌کنند اگر ماهی‌های در حال فساد در نزدیکی آن‌ها دفن شوند. ماهی‌های در حال فساد احتمالاً چه چیزی را به گیاهان تأمین می‌کردند تا رشد آن‌ها را بهبود ببخشند؟,"['انرژی', 'مواد معدنی', 'پروتئین', 'اکسیژن']",B,ماهی‌های فاسدشده با تجزیه، عناصر ضروری خاک را آزاد می‌کنند که به عنوان کود طبیعی عمل کرده و رشد گیاه را تقویت می‌نمایند.,B,0.47222092747688293,B,0.9993104934692383,True,True,True,True,[0.10577913 0.47222093 0.00526643 0.4167335 ],[4.7645977e-04 9.9931049e-01 9.9871395e-05 1.1316912e-04]
2153,فناوری تلفن همراه به مردم اجازه می‌دهد تا زمانی که از خانه دور هستند با خانواده‌هایشان در تماس باشند. مشکلی که در هنگام استفاده از تلفن‌های همراه پیش می‌آید این است که آنها می‌توانند,"['برای ارسال پیام\u200cها استفاده شوند.', 'اطلاعات مهم را ذخیره کنند.', 'باعث حواس\u200cپرتی افراد شوند.', 'در مواقع اضطراری استفاده شوند.']",C,این گزینه به یک عیب رایج اشاره می‌کند که با مفهوم مشکل در پرسش هماهنگ است، برخلاف سایر موارد که مزایا هستند.,C,0.6083691716194153,C,0.8188818693161011,True,True,True,True,[0.36899456 0.01131814 0.6083692  0.01131814],[0.14230034 0.02182246 0.81888187 0.01699535]
2154,هسته زمین عمدتاً از آهن تشکیل شده است. کدام یک از مشاهدات درباره یک سیاره دیگر می‌تواند شواهدی مبنی بر وجود هسته آهنی در آن سیاره ارائه دهد؟,"['وجود یک mantle مایع', 'وجود کمربندهای ون آلن', 'وجود نیروی گرانش', 'وجود آب در سه حالت']",B,میدان مغناطیسی قوی نشان‌دهنده هسته فلزی مایع در حال چرخش است که ذرات باردار را به دام می‌اندازد.,A,0.848369300365448,A,0.704666018486023,False,False,False,False,[8.4836930e-01 1.4656319e-01 5.2337440e-05 5.0151167e-03],[7.0466602e-01 2.9146254e-01 4.2471429e-04 3.4466800e-03]
2155,کدامین بیان به‌طور دقیق یک تعامل بین گیاهان و حیوانات را توصیف می‌کند؟,"['الف) گیاهان دی\u200cاکسید کربن لازم برای تنفس را به انسان\u200cها فراهم می\u200cکنند.', 'ب) حیوانات دی\u200cاکسید کربن را آزاد می\u200cکنند که برای فتوسنتز لازم است.', 'ج) گیاهان نیتروژن جوی را به انسان\u200cها ارائه می\u200cدهند.', 'د) حیوانات اکسیژن آزاد می\u200cکنند که برای بقاء گیاهان ضروری است.']",B,حیوانات با تنفس دی‌اکسید کربن آزاد می‌کنند که گیاهان برای فتوسنتز نیاز دارند و این نشان‌دهنده وابستگی متقابل است.,B,0.48159751296043396,B,0.8556609153747559,True,True,True,True,[0.25778058 0.4815975  0.0028414  0.25778058],[0.07958887 0.8556609  0.00276627 0.06198387]
2156,یک دانش‌آموز فرضیه‌ای را مطرح می‌کند که مالیدن یک بادکنک به یک پیراهن و سپس گذاشتن آن روی دیوار باعث چسبیدن آن به دیوار به دلیل الکتریسیته ساکن می‌شود. هنگامی که آزمایش انجام می‌شود، بهترین راه برای اثبات قابلیت اعتماد نتایج چیست؟,"['نتایج آزمایش را یادداشت کنید.', 'همان آزمایش را چندین بار تکرار کنید.', 'فرضیه دیگری در مورد الکتریسیته ساکن مطرح کنید.', 'یک آزمایش متفاوت درباره الکتریسیته ساکن انجام دهید.']",B,تکرار آزمایش، نتایج را قابل اعتمادتر می‌کند چون خطاهای تصادفی را کاهش و ثبات را تأیید می‌نماید.,B,0.9597755074501038,B,0.9946634769439697,True,True,True,True,[3.7287291e-02 9.5977551e-01 2.3601794e-04 2.7010823e-03],[5.2399435e-03 9.9466348e-01 4.8258215e-05 4.8258215e-05]
2157,کدام یک از موارد زیر دلیلی است که لاک پشت‌های سرکج تخم‌های خود را در سوراخ‌هایی که در ساحل حفر می‌کنند، دفن می‌کنند؟,"['برای نگه\u200cداشتن تخم\u200cها در زیر آب', 'برای تأمین مواد مغذی برای تخم\u200cها', 'برای پنهان کردن تخم\u200cها از شکارچیان', 'برای محافظت از تخم\u200cها در برابر شن']",C,برای کاهش احتمال کشف و خوردن تخم‌ها توسط حیوانات شکارچی، آن‌ها را در شن پنهان می‌کنند.,A,0.9687891006469727,C,0.9707064032554626,False,True,True,True,[0.9687891  0.01086789 0.00242495 0.01791812],[0.02617338 0.00122415 0.9707064  0.00189599]
2158,کدام یک از این موارد بهترین توصیف را از یک تغییر فیزیکی ارائه می‌دهد؟,"['بافتن نخ به یک جوارب', 'استارت زدن موتور یک تراکتور', 'زنگ زدن فلز یک دوچرخه', 'علف گرفتن انرژی از نور خورشید']",A,فقط شکل ماده تغییر می‌کد و ماهیت شیمیایی آن ثابت می‌ماند.,A,0.8223117589950562,A,0.8052072525024414,True,True,True,False,[0.82231176 0.04110073 0.05980121 0.07678627],[0.80520725 0.03122127 0.04008891 0.12348253]
2159,«حلقه آتش» زنجیره‌ای دراز از آتشفشان‌هاست که اقیانوس آرام را احاطه کرده است. بهترین توضیح برای چینش این آتشفشان‌ها کدام‌یک از موارد زیر است؟,"['آن\u200cها مرز دهانه\u200cای را که به\u200cخاطر برخورد یک سیارک به\u200cوجود آمده، مشخص می\u200cکنند.', 'آن\u200cها شکل صفحات تکتونیکی مجاور در زیر دریا را دنبال می\u200cکنند.', 'یک آتشفشان معمولاً یک آتشفشان دیگر را با ماگمای داغ خود تحریک می\u200cکند.', 'آتشفشان\u200cها همیشه به\u200cخاطر جریان\u200cهای همرفتی زیر آب به صورت حلقه\u200cای شکل می\u200cگیرند.']",B,این آتشفشان‌ها در امتداد مرز صفحات زمین‌ساختی تشکیل می‌شوند که در آن فرورانش باعث ذوب سنگ‌ها و فوران ماگما می‌گردد.,A,0.35172486305236816,B,0.5790344476699829,False,True,True,True,[0.35172486 0.16614306 0.35172486 0.13040718],[0.07836379 0.57903445 0.30993482 0.03266689]
2160,کدامیک می‌تواند بیشترین انرژی را در یک اکوسیستم تامین کند؟,"['یک قارچ', 'یک کایوت', 'یک درخت کاج', 'یک مرتع علفی']",D,تولیدکنندگان اولیه با تبدیل نور خورشید به انرژی شیمیایی، پایه اصلی زنجیره غذایی و بیشترین انرژی را فراهم می‌کنند.,B,0.6137571334838867,C,0.9924482107162476,False,False,False,False,[0.05708831 0.61375713 0.28991833 0.03923618],[0.00410372 0.00193846 0.9924482  0.00150967]
2161,پوسته اقیانوسی عمدتاً از بازالتی تشکیل شده است. پوسته قاره‌ای عمدتاً از گرانیتی تشکیل شده است. چرا پوسته اقیانوسی معمولاً در هنگام برخورد صفحات زیر پوسته قاره‌ای قرار می‌گیرد؟,"['پوسته اقیانوسی از پوسته قاره\u200cای ضخیم\u200cتر است.', 'پوسته قاره\u200cای از پوسته اقیانوسی ضخیم\u200cتر است.', 'پوسته اقیانوسی متراکم\u200cتر از پوسته قاره\u200cای است.', 'پوسته قاره\u200cای متراکم\u200cتر از پوسته اقیانوسی است.']",C,چگالی بیشتر سنگ‌های بازالتی نسبت به گرانیتی باعث فرورانش پوسته اقیانوسی زیر قاره‌ای می‌شود.,C,0.33461645245552063,C,0.47690021991729736,True,True,True,True,[0.26059955 0.10948608 0.33461645 0.29529798],[0.1972545  0.03884171 0.47690022 0.2870036 ]
2162,همه این انواع امواج از خورشید به زمین سفر می‌کنند به جز,"['امواج نوری.', 'امواج صوتی.', 'امواج مادون قرمز.', 'امواج فرابنفش.']",B,این نوع موج برای حرکت به محیط مادی نیاز دارد، اما فضای بین خورشید و زمین خلاء است و چنین محیطی وجود ندارد.,A,0.8916297554969788,B,0.9205344915390015,False,True,True,True,[0.89162976 0.05059792 0.03068919 0.02708311],[0.07541464 0.9205345  0.00227732 0.00177358]
2163,سنگ‌ها گاهی نشانه‌هایی از یخچال‌های باستانی را نشان می‌دهند. بهترین نشانه‌ای که نشان می‌دهد یخچال‌ها زمانی منطقه‌ای را پوشانده‌اند، چیست؟,"['سنگ\u200cها دارای خراش\u200cهای زیادی هستند.', 'سنگ\u200cها حاوی فسیل هستند.', 'سنگ\u200cها با خزه پوشانده شده\u200cاند.', 'سنگ\u200cها در اعماق زمین قرار دارند.']",A,خراش‌های ایجادشده توسط حرکت یخ، شواهد مستقیم و مشخصه اصلی فعالیت یخچال‌های قدیمی هستند.,A,0.4987924098968506,A,0.5990288853645325,True,True,True,True,[0.4987924  0.11086173 0.38694546 0.00340045],[5.9902889e-01 7.9812877e-02 3.2063708e-01 5.2122935e-04]
2164,یک اتم بریلیوم دارای ۴ پروتون، ۴ الکترون و ۵ نوترون است. شماره جرمی آن چیست؟,"['۴', '۵', '۸', '۹']",D,جرم اتمی مجموع تعداد ذرات هسته‌ای است که در اینجا [MASK] می‌شود.,D,0.9197303056716919,D,0.7220463752746582,True,True,True,False,[0.00610102 0.0064945  0.06767423 0.9197303 ],[0.01029944 0.00202808 0.265626   0.7220464 ]
2165,اشک‌های انسان حاوی آنزیم لیزوزیم هستند که به دیواره‌های سلولی باکتری‌ها آسیب می‌زند. کدام یک از موارد زیر درباره لیزوزیم دقیق‌ترین است؟,"['لیزوزیم باعث جهش در مولکول\u200cهای دیواره سلولی باکتری\u200cها می\u200cشود.', 'لیزوزیم در حین هضم مولکول\u200cهای دیواره سلولی باکتری\u200cها از بین می\u200cرود.', 'لیزوزیم یک نوع خاص از پیوند را در مولکول\u200cهای دیواره سلولی باکتری\u200cها می\u200cشکند.', 'لیزوزیم توسط یک مولکول دیواره سلولی باکتری به یک ترکیب شیمیایی دیگر تبدیل می\u200cشود.']",C,این آنزیم پیوندهای خاصی را در دیواره سلولی باکتری‌ها شکسته و بدون مصرف شدن تکرار می‌شود.,B,0.6502195596694946,B,0.693815290927887,False,False,False,False,[0.26999512 0.65021956 0.03249923 0.0472861 ],[0.29035723 0.6938153  0.01117076 0.00465667]
2166,مقدار اکسیژن حل شده در آب اقیانوس می‌تواند متفاوت باشد. افزایش کدام یک از این عوامل می‌تواند باعث افزایش محتوای اکسیژن در آب اقیانوس شود؟,"['دمای آب', 'شوری', 'قابلیت شناوری', 'فشار']",D,افزایش [MASK]، حلالیت گازها را در آب بیشتر می‌کند و در نتیجه اکسیژن بیشتری در آب حل می‌شود.,A,0.5563418865203857,B,0.5454384088516235,False,False,False,False,[0.5563419  0.38386437 0.00784334 0.05195039],[0.42478785 0.5454384  0.0054315  0.02434228]
2167,مسئله: مس و طلا خواص واکنشی مشابهی دارند. در جدول تناوبی عناصر، این عناصر احتمالاً در کجا قرار دارند؟,"['الف) در همان گروه باشند.', 'ب) در همان دوره باشند.', 'پ) تقریباً جرم یکسانی داشته باشند.', 'ت) تعداد پروتون\u200cهای یکسانی داشته باشند.']",A,عناصر با خواص واکنشی مشابه معمولاً در یک ستون عمودی جدول تناوبی قرار دارند، زیرا آرایش الکترونی ظرفیت یکسانی دارند.,D,0.6519659161567688,A,0.9919185042381287,False,True,True,True,[0.23984486 0.09998222 0.00820704 0.6519659 ],[9.9191850e-01 5.8866544e-03 9.6096995e-04 1.2339099e-03]
2168,سال نوری برای توصیف فاصله‌ها بین زمین و ستاره‌های غیر از خورشید استفاده می‌شود زیرا واحد نجومی,"['بسیار کوچک است.', 'بسیار بزرگ است.', 'دقیق نیست.', 'به\u200cخوبی تعریف نشده است.']",A,واحد نجومی برای فواصل کیهانی بسیار کوچک است، بنابراین از سال نوری برای اندازه‌گیری فاصله‌های ستاره‌ای استفاده می‌شود.,B,0.9572252631187439,A,0.9988753199577332,False,True,True,True,[4.1975480e-02 9.5722526e-01 3.2553368e-04 4.7364869e-04],[9.9887532e-01 9.0641971e-04 1.7848462e-04 3.9825303e-05]
2169,گیاهان فسیل‌شده اطلاعاتی به دانشمندان در مورد انواع گیاهانی که در گذشته دور زندگی می‌کردند می‌دهند. چه اطلاعات دیگری می‌توانند گیاهان فسیل‌شده ارائه دهند؟,"['چه نوع محیطی در گذشته وجود داشته است', 'چه نوع حیواناتی در گذشته زنده بودند', 'رنگ گیاهان در گذشته چه بود', 'دایناسورها در گذشته چگونه بودند']",A,فسیل‌های گیاهی به دلیل وابستگی شدید به محیط، شواهدی از شرایط آب‌وهوایی و زیست‌بوم‌های دوران قدیم فراهم می‌کنند.,A,0.975200355052948,A,0.9966487288475037,True,True,True,True,[0.97520036 0.01807196 0.00456931 0.00215839],[9.9664873e-01 1.6846972e-03 1.5826266e-03 8.3876141e-05]
2170,کدام نوع سلول به الیاف ماهیچه‌ای متصل است تا کنترل عضله را تسهیل کند؟,"['عصبی', 'اسکلت', 'گردشی', 'تنفسی']",A,سلول‌های [MASK] پیام‌های کنترل عضله را از سیستم مرکزی به ماهیچه‌ها منتقل می‌کنند.,A,0.9124524593353271,A,0.997092604637146,True,True,True,True,[0.91245246 0.02741946 0.05122631 0.0089018 ],[9.9709260e-01 1.3359054e-03 7.6117594e-04 8.1026758e-04]
2171,هواپیمایی از بوستون به سمت دیترویت به مسافت ۹۸۰ کیلومتر پرواز می‌کند. این هواپیما دو ساعت بعد فرود می‌آید. کدام یک از گزینه‌های زیر بهترین توصیف کنندهٔ سرعت متوسط و جهت پرواز هواپیما است؟,"['۳۲۵ کیلومتر بر ساعت به سمت غرب', '۴۹۰ کیلومتر بر ساعت به سمت غرب', '۹۸۰ کیلومتر بر ساعت به سمت غرب', '۱۹۶۰ کیلومتر بر ساعت به سمت غرب']",B,سرعت متوسط با تقسیم مسافت بر زمان محاسبه می‌شود که ۹۸۰ کیلومتر بر ۲ ساعت برابر ۴۹۰ کیلومتر بر ساعت است و مسیر به سمت غرب می‌باشد.,A,0.7872893810272217,B,0.9538982510566711,False,True,True,True,[0.7872894  0.12120727 0.02662571 0.06487758],[0.04224008 0.95389825 0.00116139 0.00270032]
2172,کدام یک از موارد زیر به احتمال زیاد باعث می‌شود که هسته داخلی زمین جامد باشد؟,"['فشار در هسته بسیار بالا است.', 'فلزات موجود در هسته بسیار سنگین هستند.', 'دمای هسته بسیار پایین است.', 'مواد شیمیایی موجود در هسته بسیار واکنش\u200cپذیر هستند.']",A,فشار زیاد در اعماق زمین از ذوب فلزات جلوگیری می‌کند و حالت جامد را حفظ می‌نماید.,A,0.7220892906188965,C,0.7037885189056396,True,False,False,False,[0.7220893  0.01153551 0.26460618 0.00176903],[2.9338270e-01 2.5185049e-03 7.0378852e-01 3.1034069e-04]
2173,موجودات روش‌های زیادی برای زنده ماندن در شرایط زمستانی دارند. کدامیک از موارد زیر مثالی از سازگاری یک موجود برای زنده ماندن در ماه‌های سرد زمستان نیست؟,"['پرندگان رابین در پاییز از میشیگان به جورجیا پرواز می\u200cکنند.', 'عجارة\u200cها رنگ خود را تغییر می\u200cدهند تا با محیط خود هماهنگ شوند.', 'گوزن\u200cهای دم\u200cسفید موی بلندتری رشد می\u200cکنند که درون آن توخالی است.', 'کپورها به ته استخر می\u200cروند و خود را با گل می\u200cپوشانند.']",B,تغییر رنگ برای استتار است، نه مقابله مستقیم با سرمای زمستان، برخلاف سایر روش‌های سازگاری.,C,0.4562850892543793,C,0.7932737469673157,False,False,False,False,[0.40267017 0.0705224  0.4562851  0.0705224 ],[0.17769606 0.00780742 0.79327375 0.02122277]
2174,روش صحیح برای دفع ایمن یک محلول اسیدی پس از پایان یک آزمایش چیست؟,"['حل کردن محلول در سینک', 'خنثی کردن محلول با یک باز', 'رقیق کردن محلول با اسید بیشتر', 'جذب مایع با حوله\u200cهای کاغذی']",B,اسیدها باید با باز خنثی شوند تا pH به سطح بی‌خطر برسد و از آسیب‌های شیمیایی جلوگیری شود.,B,0.983039915561676,B,0.9883520007133484,True,True,True,True,[1.5734946e-02 9.8303992e-01 8.5190455e-05 1.1398357e-03],[1.1022572e-02 9.8835200e-01 7.6627075e-05 5.4878154e-04]
2175,کدام یک کمتر از همه بر تغییرات اقلیمی جهانی تأثیر خواهد گذاشت؟,"['تولید انرژی با استفاده از نیروگاه\u200cهای آبی', 'تولید انرژی با استفاده از زغال\u200cسنگ', 'تولید انرژی با استفاده از نفت', 'تولید انرژی با استفاده از گاز طبیعی']",A,این روش با بهره‌گیری از جریان آب، برق تولید می‌کند و برخلاف سوخت‌های فسیلی، انتشار گازهای گلخانه‌ای بسیار ناچیزی دارد.,A,0.617465078830719,A,0.9885184168815613,True,True,True,True,[0.6174651  0.29166985 0.03978281 0.05108215],[9.8851842e-01 9.7480444e-03 7.0614595e-04 1.0274362e-03]
2176,منبع اصلی انرژی برای جریان‌های عمیق اقیانوس که مقادیر زیادی آب را در سراسر کره زمین حرکت می‌دهند چیست؟,"['حرارت از هسته زمین', 'تابش از خورشید', 'اثرهای جزر و مدی ماه', 'حرکت صفحات تکتونیکی']",B,گرمایش ناهموار سطح آب توسط خورشید، تفاوت چگالی ایجاد کرده و جریان‌های عمیق را به حرکت درمی‌آورد.,A,0.9205644726753235,B,0.8557063341140747,False,True,True,True,[0.9205645  0.01492319 0.05902239 0.00548994],[0.13122682 0.85570633 0.0065334  0.0065334 ]
2177,پس از هم زدن شن در یک لیوان آب چه اتفاقی خواهد افتاد؟,"['شن در آب حل می\u200cشود زیرا شن در آب یک محلول است.', 'شن در آب حل می\u200cشود زیرا شن در آب یک مخلوط است.', 'شن در آب به ته ظرف می\u200cنشیند زیرا شن در آب یک محلول است.', 'شن در آب به ته ظرف می\u200cنشیند زیرا شن در آب یک مخلوط است.']",D,شن در آب حل نمی‌شود و به دلیل سنگین‌تر بودن، ته نشین شده و مخلوط ناهمگن ایجاد می‌کند.,A,0.3646426796913147,D,0.7553797364234924,False,True,True,True,[0.36464268 0.32179603 0.11838214 0.19517916],[0.09057035 0.03775534 0.11629462 0.75537974]
2178,یونانیان باستان فرض کردند که مویی از دم اسب که در آب رها شود به کرم تبدیل می‌شود. کدام فرآیند علمی احتمالاً این فرضیه را رد می‌کند؟,"['ایجاد یک نظریه', 'طراحی یک مدل', 'تحلیل داده\u200cها', 'مقایسه با یک کنترل']",D,مقایسه با نمونه کنترل شده ثابت می‌کند که کرم‌ها از منابع دیگر می‌آیند و نه از موی اسب، که فرضیه خودبه‌زایی را رد می‌کند.,D,0.5038138031959534,D,0.9813278317451477,True,True,True,True,[0.4446141  0.04103372 0.01053833 0.5038138 ],[0.01567689 0.00100219 0.00199309 0.98132783]
2179,یک کلاس علوم در حال مطالعه حالات ماده است. یک گروه از دانش‌آموزان ۱۰۰ گرم آب را در یک لیوان منجمد می‌کند. گروه دیگری از دانش‌آموزان ۵۰ گرم یخ را در یک لیوان ذوب می‌کند. کدام یک از این‌ها در پایان آزمایش بیشتر احتمال دارد که اتفاق بیفتد؟,"['دمای هر دو لیوان یکسان خواهد بود.', 'هر دو نمونه در لیوان\u200cها در یک حالت خواهند بود.', 'هر دو گروه دارای همان جرمی خواهند بود که در آغاز داشتند.', 'زمان مورد نیاز برای تغییرات در حالت\u200cهای ماده یکسان خواهد بود.']",C,بر اساس قانون پایستگی جرم، در تغییرات فیزیکی مانند انجماد و ذوب، جرم ماده ثابت می‌ماند.,C,0.5867953300476074,C,0.9723265171051025,True,True,True,True,[0.16811968 0.19050455 0.58679533 0.05458047],[2.2866929e-02 3.9736764e-03 9.7232652e-01 8.3292776e-04]
2180,چرا خورشید بزرگترین ستاره به نظر می‌رسد در حالی که ستاره‌هایی وجود دارند که بسیار بزرگ‌تر از خورشید هستند؟,"['ستاره\u200cها دمای یکسانی با خورشید دارند.', 'ستاره\u200cها معمولاً در گروه\u200cهایی به نام خوشه ظاهر می\u200cشوند.', 'خورشید به زمین نزدیک\u200cتر از سایر ستاره\u200cهاست.', 'خورشید جوان\u200cتر از بیشتر ستاره\u200cهای دیگر است.']",C,فاصله بسیار کم خورشید تا زمین باعث می‌شود که نسبت به ستارگان دور، بزرگ‌تر به نظر برسد.,D,0.9104117751121521,C,0.9558569192886353,False,True,True,True,[0.05831446 0.00372792 0.0275458  0.9104118 ],[4.2326812e-02 8.5143745e-04 9.5585692e-01 9.6480502e-04]
2181,یک پژوهشگر ساختارهای مرتبط با غشاء را در یک سلول مشاهده می‌کند. بر اساس این مشاهده، پژوهشگر می‌تواند نتیجه‌گیری کند که این سلول در دسته‌بندی زیر قرار می‌گیرد:,"['باکتری.', 'ویروس.', 'پروکاریوت.', 'یوکاریوت.']",D,ساختارهای غشایی داخلی تنها در سلول‌های پیشرفته‌تر دیده می‌شوند.,D,0.6621643304824829,D,0.5290613174438477,True,True,True,False,[0.01999563 0.00505569 0.31278428 0.66216433],[0.22054556 0.0298476  0.22054556 0.5290613 ]
2182,یک مارمولک می‌تواند رنگ‌ها را تغییر دهد تا با محیطش هماهنگ شود. این توانایی به مارمولک کمک می‌کند تا زنده بماند زیرا می‌تواند,"['گرم بماند.', 'مناسب پیدا کند.', 'به دنبال غذا بگردد.', 'به آسانی دیده شود.']",C,این ویژگی به مارمولک کمک می‌کند تا با استتار از خطرات پنهان شده و زنده بماند.,B,0.9638872146606445,B,0.5387437343597412,False,False,False,False,[3.2974355e-02 9.6388721e-01 2.3054487e-05 3.1153925e-03],[0.41957405 0.53874373 0.00265578 0.03902647]
2183,"کوسه‌های غول‌پیکر در دوران یخبندان در قاره‌های آمریکا و کارائیب زندگی می‌کردند. بیشتر این کوسه‌ها حدود ۱۰,۰۰۰ سال پیش، در پایان دوران یخبندان ناپدید شدند. با این حال، برخی از آن‌ها تا حدود ۴,۲۰۰ سال پیش در جزایر کارائیب باقی ماندند. این به این معنی است که برخی از این کوسه‌ها در کنار انسان‌ها زندگی می‌کردند. محتمل‌ترین دلیل برای انقراض این آخرین کوسه‌های غول‌پیکر چیست؟","['بیماری', 'کمبود غذا', 'تغییرات اقلیمی', 'انسان\u200cها به عنوان شکارچیان']",D,از آنجا که این کوسه‌ها هزاران سال پس از تغییرات آب‌وهوایی در کنار انسان‌ها زندگی کردند، احتمالاً شکار شدن توسط آن‌ها باعث انقراض نهایی شد.,D,0.760810136795044,D,0.9029139876365662,True,True,True,True,[0.16843861 0.03758373 0.03316753 0.76081014],[0.05772136 0.01209905 0.02726564 0.902914  ]
2184,تغییرات دما در سواحل معمولاً کمتر از تغییرات دما در مناطق داخلی است. کدام یک از بیانیه‌های زیر بهترین توضیح را در مورد اینکه چرا چنین است، ارائه می‌دهد؟,"['در سواحل نسبت به مناطق داخلی بادهای بیشتری وجود دارد.', 'دمای زمین به طور نسبتاً ثابتی باقی می\u200cماند.', 'در سواحل رطوبت بسیار کمتری نسبت به مناطق داخلی وجود دارد.', 'دمای اقیانوس به طور نسبتاً ثابتی باقی می\u200cماند.']",D,ظرفیت گرمایی بالای آب دریا باعث می‌شود دمای آن به کندی تغییر کند و نوسانات دما در سواحل کمتر باشد.,D,0.5088629722595215,D,0.9269596934318542,True,True,True,True,[0.24036984 0.24036984 0.01039738 0.508863  ],[5.9027523e-02 1.3170821e-02 8.4198243e-04 9.2695969e-01]
2185,تقریباً ۷۱٪ از سطح زمین توسط آب پوشیده شده است. بیشتر این آب، آب شور بوده و در اقیانوس‌ها یافت می‌شود. اکثریت آب شیرین زمین در کجا قرار دارد؟,"['یخ', 'دریاچه\u200cها', 'رودخانه\u200cها', 'جو']",A,بیشتر آب شیرین در قالب [MASK] در مناطق قطبی و [MASK]چال‌ها ذخیره شده است.,A,0.9139785170555115,A,0.9939665794372559,True,True,True,True,[9.1397852e-01 1.0233018e-02 1.7606879e-04 7.5612351e-02],[9.9396658e-01 3.8309386e-03 5.0250976e-04 1.6999686e-03]
2186,کدام یک در فتوسنتز استفاده نمی‌شود؟,"['آب', 'نیتروژن', 'نور خورشید', 'دی\u200cاکسید کربن']",B,[MASK] در این فرآیند نقش مستقیم ندارد و برای تولید گلوکز استفاده نمی‌شود.,B,0.7610775828361511,B,0.8648237586021423,True,True,True,True,[0.10300065 0.7610776  0.03292099 0.10300065],[0.0817079  0.86482376 0.02340971 0.03005866]
2187,معلم روی از او خواسته است که یک منبع انرژی که در طبیعت به راحتی قابل جایگزینی نیست را شناسایی کند. روی باید کدام منبع انرژی را شناسایی کند؟,"['زغال سنگ', 'نور خورشید', 'آب', 'باد']",A,[MASK] به دلیل زمان طولانی تشکیل، به راحتی جایگزین نمی‌شود.,B,0.9649415016174316,B,0.899515688419342,False,False,False,False,[2.2715421e-02 9.6494150e-01 3.7294254e-04 1.1970187e-02],[9.4070449e-02 8.9951569e-01 7.6455908e-04 5.6493697e-03]
2188,در روزهای سرد، مارها معمولاً بی‌حرکت می‌مانند و مقدار کمی غذا می‌خورند یا اصلاً غذا نمی‌خورند، در حالی که پرندگان معمولاً حرکت می‌کنند و مقدار زیادی غذا می‌خورند. کدام جمله بهتر این موضوع را توضیح می‌دهد؟,"['هر دو حیوان خون\u200cسرد هستند، اما بدون پر برای گرم نگه\u200cداشتن، مارها بسیار سرد می\u200cشوند و نمی\u200cتوانند حرکت کنند.', 'برخلاف پرندگان، مارها خون\u200cگرم هستند؛ آن\u200cها باید در هوای سرد به خواب زمستانی بروند.', 'برخلاف مارها، پرندگان خون\u200cسرد هستند؛ آن\u200cها کمتر تحت تأثیر سرما قرار می\u200cگیرند نسبت به مارها.', 'برخلاف مارها، پرندگان خون\u200cگرم هستند؛ آن\u200cها باید غذا بخورند تا دمای ثابتی را حفظ کنند.']",D,پرندگان برای حفظ دمای بدن در سرما نیاز به انرژی دارند که با خوردن غذا تأمین می‌شود، اما مارها با محیط سازگار می‌شوند و انرژی ذخیره می‌کنند.,D,0.40712788701057434,D,0.8781076669692993,True,True,True,True,[0.3592891  0.21791987 0.01566321 0.4071279 ],[0.10467038 0.01438867 0.0028333  0.87810767]
2189,برخی از تلسکوپ‌های فضایی به دنبال سیارات فراخورشیدی هستند. توانایی مشاهده کدام پدیده برای هدف این تلسکوپ‌ها مهم‌ترین است؟,"['نوسانات در اندازه یک ستاره', 'لرزش\u200cها در موقعیت یک ستاره', 'تکانه\u200cها در درخشندگی یک ستاره', 'تغییرات در منبع سوخت یک ستاره']",C,سیارات هنگام عبور از جلوی ستاره، کاهش موقتی در نور آن ایجاد می‌کنند که برای شناسایی آن‌ها حیاتی است.,A,0.5236165523529053,A,0.7080029845237732,False,False,False,False,[0.52361655 0.06205041 0.00654007 0.407793  ],[0.708003   0.05857224 0.12399742 0.10942735]
2190,کدام یک فقط تغییر فیزیکی را توصیف می‌کند؟,"['پختن کیک', 'سرخ کردن تخم\u200cمرغ', 'سوزاندن یک تکه نان تست', 'فشردن آب از میوه']",D,در این فرآیند تنها جداسازی فیزیکی رخ می‌دهد و ماده جدیدی تولید نمی‌شود، برخلاف سایر موارد که ساختار مولکولی تغییر می‌کند.,B,0.36611589789390564,D,0.5254356265068054,False,True,True,True,[0.28513134 0.3661159  0.0636214  0.28513134],[0.24819821 0.19329697 0.03306921 0.5254356 ]
2191,جمعیت آهوها به تازگی افزایش یافته است. کدام یک از عوامل زیر احتمالاً باعث افزایش جمعیت آهوها شده است؟,"['بیماری در حال گسترش بود.', 'زیستگاه آنها تخریب شده بود.', 'منابع غذایی به سختی قابل دسترسی بودند.', 'شکارچیان آنها در حال ناپدید شدن بودند.']",D,کاهش عوامل مرگ‌ومیر مانند شکارچیان طبیعی، به جمعیت اجازه رشد می‌دهد، برخلاف عواملی که باعث کاهش می‌شوند.,C,0.5280592441558838,A,0.32659804821014404,False,False,False,False,[0.28264976 0.07146505 0.52805924 0.11782595],[0.32659805 0.22446734 0.22446734 0.22446734]
2192,درختان مانگرو یک ساکن مهم در مناطق مرداب هستند. کدامیک از موارد زیر نمونه‌ای از یک عامل محدود کننده در مناطق مردابی مانگرو است که به چگالی این مناطق مرتبط نیست؟,"['مقدار تانن در پوست درخت', 'شدت طوفان\u200cهای هاریکن در هر فصل', 'تعداد روزهای آفتابی در سال', 'اندازه سیستم ریشه\u200cهای نامتعادل به ازای هر درخت']",B,این عامل یک پدیده آب‌وهوایی بیرونی است که مستقل از تراکم جمعیت درختان بر کل منطقه تأثیر می‌گذارد.,B,0.45513179898262024,B,0.46793681383132935,True,True,True,True,[0.3128072  0.4551318  0.04233385 0.18972716],[0.32160798 0.4679368  0.09214222 0.11831295]
2193,محققان گیاهان را پرورش می‌دهند تا محصولاتی تولید کنند که ویژگی‌های مفیدی دارند. یکی از این ویژگی‌ها توانایی رشد در شرایط کم‌آبی است. چگونه این ویژگی احتمالاً به کشاورزان کمک خواهد کرد؟,"['این اجازه می\u200cدهد که محصولات تحت تأثیر بیماری قرار نگیرند.', 'این اجازه می\u200cدهد که محصولات در اقلیم\u200cهای خشک\u200cتر کشت شوند.', 'این اجازه می\u200cدهد که محصولات بدون کود زنده بمانند.', 'این اجازه می\u200cدهد که محصولات در مناطقی با فصول کمتر زنده بمانند.']",B,این ویژگی امکان کشت محصولات را در مناطق کم‌باران فراهم می‌کند و تولید را در محیط‌های خشک افزایش می‌دهد.,B,0.9905894994735718,B,0.9978988170623779,True,True,True,True,[8.6543821e-03 9.9058950e-01 4.3087633e-04 3.2524252e-04],[2.0506398e-03 9.9789882e-01 3.7558781e-05 1.2979967e-05]
2194,آب‌های اطراف کی های فلوریدا در حال آلوده شدن هستند. این آلودگی بر روی اکوسیستم‌های دریایی متعدد موجود در کی‌ها تأثیر می‌گذارد. کدام اقدام احتمالاً می‌تواند آلودگی آب را کاهش دهد؟,"['استفاده از کمپوست به عنوان کود برای چمن\u200cها و باغ\u200cها', 'استفاده از آب ماشین\u200cهای لباسشویی برای آبیاری چمن\u200cها', 'استفاده از خودروهایی که برای استفاده از محصولات نفتی طراحی شده\u200cاند', 'استفاده بیشتر از بطری\u200cهای پلاستیکی و دور انداختن آن\u200cها در محل\u200cهای دفن زباله']",A,کودهای شیمیایی با شستشو به آب‌ها رفته و باعث رشد جلبک و کاهش اکسیژن می‌شوند، اما کمپوست با آزادسازی تدریجی مواد مغذی از این آلودگی جلوگیری می‌کند.,A,0.928519070148468,A,0.9913647174835205,True,True,True,True,[0.92851907 0.03164831 0.01518502 0.02464773],[9.9136472e-01 6.5954975e-03 3.7209247e-04 1.6676029e-03]
2195,ریبوزوم‌ها در دگمای مرکزی بیولوژی مولکولی چه نقشی دارند؟,"['اشتباهات موجود در DNA را اصلاح می\u200cکنند', 'اطلاعات را از DNA به RNA منتقل می\u200cکنند', 'RNA را به DNA بازگردانی می\u200cکنند', 'از RNA برای تولید پروتئین\u200cها استفاده می\u200cکنند']",D,ریبوزوم‌ها در فرآیند ترجمه، با استفاده از اطلاعات RNA، پروتئین‌ها را تولید می‌کنند.,D,0.8858417868614197,D,0.7415207624435425,True,True,True,False,[4.9926993e-02 6.4107522e-02 1.2375665e-04 8.8584179e-01],[1.7575672e-02 2.4073654e-01 1.6700453e-04 7.4152076e-01]
2196,بازها دارای پنجه‌های تیز به نام میخ‌پا هستند که به آنها در شکار طعمه کمک می‌کند. میخ‌پاها بهترین توصیف‌شان به صورت زیر است:,"['یک ویژگی ارثی.', 'یک جهش ژنتیکی.', 'یک سازگاری رفتاری.', 'یک ویژگی اکتسابی.']",A,این ویژگی از طریق ژن‌ها منتقل شده و بخشی از ساختار طبیعی این پرندگان است که در طول زمان تکامل یافته.,B,0.5830549597740173,A,0.999444305896759,False,True,True,True,[0.27541566 0.58305496 0.02581857 0.1157108 ],[9.9944431e-01 4.8473731e-04 1.8217033e-05 5.2712734e-05]
2197,ریچارد یک استوانه مدرج خالی را بر روی ترازویی اندازه‌گیری کرد. او سپس استوانه مدرج را با ۵۰ میلی‌لیتر مایع پر کرد و بار دیگر استوانه را اندازه‌گیری کرد. ریچارد احتمالاً در تلاش است به کدام سوال پاسخ دهد؟,"['جرم مایع چقدر است؟', 'حجم مایع چقدر است؟', 'مایع چقدر سریع تبخیر خواهد شد؟', 'مایع چقدر سریع به جوش خواهد آمد؟']",A,با کم کردن وزن ظرف خالی از وزن ظرف پر، جرم مایع محاسبه می‌شود.,B,0.8270710706710815,A,0.8234598636627197,False,True,True,True,[0.16285995 0.8270711  0.00566052 0.00440842],[0.82345986 0.16278349 0.01160918 0.00214748]
2198,همه سیارات منظومه شمسی دور خود می‌چرخند، اما نه همه سیارات دارای سرعت چرخش یکسان هستند. کدام ویژگی از یک سیاره توسط سرعت چرخش آن سیاره تعیین می‌شود؟,"['قدرت گرانش', 'شکل مدار', 'اندازه سیاره', 'طول روز']",D,سرعت چرخش سیاره، مدت زمان لازم برای یک دور کامل را مشخص می‌کند که مستقیماً به مدت روز مرتبط است.,D,0.6494833827018738,D,0.9783349633216858,True,True,True,True,[1.8608011e-01 1.6421512e-01 2.2130847e-04 6.4948338e-01],[1.3955198e-02 7.4696797e-03 2.4011245e-04 9.7833496e-01]
2199,سوزاندن سوخت‌های فسیلی، دی‌اکسید گوگرد (SO2) و اکسید نیتروژن (NO) تولید می‌کند. این ترکیبات با بخار آب واکنش داده و باران اسیدی تولید می‌کنند. اثر محتمل باران اسیدی بر محیط زیست محل بارش آن چیست؟,"['گیاهان و جانوران در دریاچه\u200cها و برکه\u200cها آسیب خواهند دید.', 'خاک منطقه قلیایی\u200cتر خواهد شد.', 'ضخامت لایه اوزون کاهش خواهد یافت.', 'سطح آلاینده\u200cهای هوایی افزایش خواهد یافت.']",A,باران اسیدی pH آب را کاهش داده و به موجودات زنده در اکوسیستم‌های آبی آسیب می‌رساند.,A,0.8819385766983032,A,0.9991050362586975,True,True,True,True,[0.8819386  0.04373795 0.07211169 0.00221188],[9.9910504e-01 8.1508065e-04 6.2852268e-05 1.6916458e-05]
2200,سیاره پلوتون در سال ۱۹۳۰ کشف شد و به عنوان نهمین سیاره نامگذاری گردید. در سال ۲۰۰۳، یک جسم بزرگتر از پلوتون توسط ستاره‌شناس مایکل براون کشف شد. پلوتون به عنوان یک سیاره «کوتوله» دوباره طبقه‌بندی شده است. این موضوع بیشتر به چه چیزی در مورد تحقیقات علمی اشاره دارد؟,"['علمای قبلی از ابزارهای مناسب استفاده نکردند.', 'پلوتون نباید به عنوان یک سیاره طبقه\u200cبندی می\u200cشد.', 'طبقه\u200cبندی\u200cها به محض جمع\u200cآوری شواهد جدید تغییر می\u200cکنند.', 'بررسی ویژگی\u200cهای سیارات باید هر سال انجام شود.']",C,دانش علمی با شواهد جدید تکامل می‌یابد و طبقه‌بندی‌ها را بازبینی می‌کند.,C,0.986946702003479,C,0.9387840628623962,True,True,True,False,[1.0815109e-02 1.8793842e-03 9.8694670e-01 3.5868672e-04],[5.6378365e-02 4.6278178e-03 9.3878406e-01 2.0978658e-04]
2201,سوالی: یک دانش‌آموز یک توپ بزرگ لاستیکی را روی سطح صاف و بدون اصطکاک هل داد. توپ با سرعت ۱ متر در ثانیه غلتید. کدام بیانیه بهترین توصیف را از حرکت توپ زمانی که دانش‌آموز هل دادن توپ را متوقف کرد، ارائه می‌دهد؟,"['توپ شتاب گرفت.', 'توپ حرکت نکرد.', 'توپ تغییر جهت داد.', 'توپ به حرکت در همان جهت ادامه داد.']",D,در غیاب اصطکاک، توپ طبق قانون اول نیوتن با سرعت ثابت در مسیر مستقیم حرکت می‌کند.,A,0.7245239615440369,D,0.8142051100730896,False,True,True,True,[0.72452396 0.09767138 0.06712849 0.11067618],[0.1603265  0.02169783 0.00377052 0.8142051 ]
2202,کدام یک از این گزینه‌ها از مزایای زیست‌محیطی تبدیل به انرژی خورشیدی است؟,"['کاهش آلودگی هوا', 'افزایش هزینه انرژی', 'افزایش استفاده از سوخت\u200cهای فسیلی', 'کاهش تولید انرژی الکتریکی']",A,این انرژی پاک با جایگزینی منابع آلاینده، کیفیت هوا را بهبود می‌بخشد.,A,0.9985308647155762,A,0.999751627445221,True,True,True,True,[9.9853086e-01 9.1723574e-04 3.2705048e-04 2.2477828e-04],[9.9975163e-01 1.5780434e-04 4.2472464e-05 4.8127604e-05]
2203,امواج نوری سریع‌تر از امواج صوتی حرکت می‌کنند، به همین دلیل، یک رعد و برق قبل از شنیدن رعد و برق دیده می‌شود. کدام عامل می‌تواند بر سرعت شنیدن رعد و برق تأثیر بگذارد؟,"['بار الکتریکی امواج صوتی', 'جهتی که امواج صوتی در آن حرکت می\u200cکنند', 'مقدار انرژی آزاد شده توسط هر موج صوتی', 'نوع ماده\u200cای که صوت از طریق آن حرکت می\u200cکند']",D,سرعت صوت به ویژگی‌های فیزیکی محیط عبوری وابسته است و در مواد گوناگون متفاوت است.,D,0.670393168926239,D,0.9018919467926025,True,True,True,True,[0.21679628 0.1032105  0.00960007 0.67039317],[0.07374318 0.01893882 0.00542606 0.90189195]
2204,وقتی جیک در یک روز سرد نفسش را بیرون می‌دهد، ابری تشکیل می‌شود. کدام تغییر رخ می‌دهد که به جیک اجازه می‌دهد نفسش را به عنوان یک ابر ببیند؟,"['گاز به مایع تبدیل می\u200cشود.', 'جامد به گاز تبدیل می\u200cشود.', 'مایع به گاز تبدیل می\u200cشود.', 'مایع به جامد تبدیل می\u200cشود.']",A,بخار آب موجود در نفس گرم در هوای سرد متراکم شده و به قطرات مایع تبدیل می‌شود.,C,0.5077034831047058,A,0.8303456902503967,False,True,True,True,[0.44980037 0.03692186 0.5077035  0.00557437],[8.3034569e-01 6.3150511e-03 1.6286731e-01 4.7198214e-04]
2205,کدام یک از این موارد احتمالاً تعیین می‌کند که آیا یک جهش به یک سازگاری در یک گونه تبدیل خواهد شد؟,"['تنوع ژنتیکی', 'میوز', 'انتخاب طبیعی', 'جانشینی']",C,فرآیندی که صفات مفید را برای بقا و تولیدمثل در محیط انتخاب کرده و گسترش می‌دهد، تعیین می‌کند که آیا یک جهش به سازگاری تبدیل می‌شود.,C,0.5861879587173462,C,0.8900809288024902,True,True,True,True,[0.40131    0.00943791 0.58618796 0.00306404],[1.0713877e-01 1.9623148e-03 8.9008093e-01 8.1801461e-04]
2206,نیروی یک جسم با جرمی معین که با نرخی معین شتاب می‌گیرد، می‌تواند با استفاده از معادله زیر تعیین شود:  نیروی = جرم × شتاب  کدام جسم بیشترین نیرو را خواهد داشت؟,"['یک جسم ۵ کیلوگرمی که با شتاب ۱۰ متر بر ثانیه مربع شتاب می\u200cگیرد', 'یک جسم ۵ کیلوگرمی که با شتاب ۲۰ متر بر ثانیه مربع شتاب می\u200cگیرد', 'یک جسم ۲۰ کیلوگرمی که با شتاب ۴ متر بر ثانیه مربع شتاب می\u200cگیرد', 'یک جسم ۲۰ کیلوگرمی که با شتاب ۳ متر بر ثانیه مربع شتاب می\u200cگیرد']",B,بزرگ‌ترین حاصل ضرب جرم در شتاب، که برابر با نیرو است، در این حالت محاسبه می‌شود.,A,0.4226512610912323,B,0.526667594909668,False,True,True,True,[0.42265126 0.37298843 0.15427472 0.05008567],[0.31944004 0.5266676  0.10452039 0.04937193]
2207,کدام یک از جملات به بهترین وجه نقش‌های فتوسنتز و تنفس را در چرخه کربن توصیف می‌کند؟,"['تنفس و فتوسنتز هر دو کربن را به جو اضافه می\u200cکنند.', 'تنفس و فتوسنتز هر دو کربن را از جو حذف می\u200cکنند.', 'تنفس کربن را به جو اضافه می\u200cکند، در حالی که فتوسنتز کربن را از جو حذف می\u200cکند.', 'فتوسنتز کربن را به جو اضافه می\u200cکند، در حالی که تنفس کربن را از جو حذف می\u200cکند.']",C,گیاهان در فتوسنتز دی‌اکسید کربن هوا را جذب می‌کنند، در حالی که تنفس آن را آزاد می‌سازد. این دو فرآیند نقش متقابل در چرخه کربن دارند.,D,0.6964173913002014,D,0.8763388395309448,False,False,False,False,[0.10763671 0.12196836 0.07397755 0.6964174 ],[0.03378083 0.01836632 0.07151401 0.87633884]
2208,سوالی: یک دانش آموز در حال عبور از جنگل متوجه می‌شود که رشد خزه با افزایش چگالی جنگل افزایش می‌یابد. این دانش آموز چه کرده است؟,"['یک فرضیه.', 'یک نتیجه گیری.', 'یک فرض.', 'یک مشاهده.']",D,دانش‌آموز تنها یک پدیده طبیعی را بدون تحلیل یا پیش‌بینی توصیف کرده است.,C,0.5322496891021729,D,0.7121317982673645,False,True,True,True,[0.3658095  0.0203176  0.5322497  0.08162314],[0.23300862 0.01912651 0.03573303 0.7121318 ]
2209,اگر یک اتم دو پروتون و سه الکترون داشته باشد، آنگاه این اتم,"['بار مثبت دارد.', 'بار منفی دارد.', 'پرتوزا است.', 'خنثی است.']",B,تعداد پروتون‌ها بیشتر از الکترون‌ها است، بنابراین بار مثبت خواهد بود.,D,0.7843939065933228,A,0.989471435546875,False,False,False,False,[0.19793886 0.00993209 0.00773512 0.7843939 ],[9.8947144e-01 3.1770719e-03 6.2560249e-04 6.7258612e-03]
2210,دانش‌آموزان مطالعه می‌کنند که چگونه دماي یک ماده با نرخ حرکت مولکولی ارتباط دارد. مولکول‌ها در کدامیک از این مواد سریع‌تر حرکت می‌کنند؟,"['شیر سرد', 'سوپ گرم', 'آب ذوب شده از یخ', 'بخار در حال جوش آمدن از آب']",D,سرعت مولکول‌ها با دما رابطه مستقیم دارد و بخار جوشان بالاترین دما را در بین مواد ذکر شده دارد.,B,0.5422312021255493,D,0.809009850025177,False,True,True,True,[0.06501374 0.5422312  0.01862675 0.37412828],[0.02414536 0.15992698 0.00691776 0.80900985]
2211,مهارهایی که امواج رادیویی ساطع می‌کنند گاهی بر روی حیوانات قرار می‌گیرند تا موقعیت آن‌ها را پیدا کنند. بهترین دلیل برای استفاده از امواج رادیویی به عنوان یک روش برای ردیابی حیوانات چیست؟,"['امواج رادیویی قابل مشاهده هستند.', 'امواج رادیویی فرکانس بالایی دارند.', 'امواج رادیویی در تمام جهات پخش می\u200cشوند.', 'امواج رادیویی توسط حیوان ایجاد می\u200cشوند.']",C,امواج رادیویی از موانع عبور کرده و مسافت‌های طولانی را طی می‌کنند و در همه جهات منتشر می‌شوند که امکان ردیابی غیرمستقیم را فراهم می‌کند.,A,0.9061475992202759,C,0.9785367250442505,False,True,True,True,[0.9061476  0.00793212 0.03499818 0.05092205],[2.0468168e-02 9.2785561e-04 9.7853673e-01 6.7213630e-05]
2212,دو موجود زنده جفت‌گیری کرده و فرزندان تولید می‌کنند. کدام یک از بیانیه‌های زیر بهترین توضیح را برای ناتوانی فرزندان در تولید مثل ارائه می‌دهد؟,"['الف) والدین از یک جنس و یک گونه متفاوت هستند.', 'ب) والدین از یک گونه متفاوت، اما از همان جنس هستند.', 'ج) والدین از همان جنس و از همان گونه هستند.', 'د) والدین از همان گونه هستند، اما از جنس متفاوتی هستند.']",B,تفاوت در ساختار کروموزومی والدین از گونه‌های مختلف مانع تشکیل گامت‌های سالم در فرزندان می‌شود.,C,0.6297298669815063,C,0.6808017492294312,False,False,False,False,[0.06689361 0.09732963 0.62972987 0.20604682],[0.06283163 0.06283163 0.68080175 0.19353506]
2213,هنگامی که یک دانشمند فرضیه‌ای ارائه می‌دهد، او یا او بیشتر احتمال دارد,"['اطلاعات یک تحقیق را خلاصه کند.', 'آخرین مراحل یک آزمایش را انجام دهد.', 'روش\u200cها را در حین آزمایش تغییر دهد.', 'پیش\u200cبینی کند که چه چیزی در یک تحقیق اتفاق خواهد افتاد.']",D,فرضیه پیش‌بینی آزمایش‌پذیری است که دانشمند در آغاز پژوهش برای آزمودن ارائه می‌دهد.,A,0.5534937977790833,D,0.8445397615432739,False,True,True,True,[0.5534938  0.13994515 0.01029724 0.2962639 ],[0.146759   0.00719342 0.00150782 0.84453976]
2214,نقش میتوکندری در سلول‌ها چیست؟,"['نور خورشید را به انرژی تبدیل می\u200cکند.', 'همه عملکردهای سلول را کنترل می\u200cکند.', 'آب را در تمام سلول منتقل می\u200cکند.', 'قند را تجزیه می\u200cکند تا انرژی آزاد کند.']",D,این اندامک به عنوان نیروگاه سلول، با تجزیه مواد قندی در فرآیند تنفس، انرژی شیمیایی لازم را تولید می‌کند.,B,0.7958462834358215,D,0.9694029092788696,False,True,True,True,[0.15579587 0.7958463  0.00372167 0.04463627],[2.2887399e-02 7.4304510e-03 2.7924564e-04 9.6940291e-01]
2215,جمعیت انسان هر روز در حال افزایش است. این افزایش جمعیت چگونه بر منابع طبیعی که انسان‌ها را تأمین می‌کند تأثیر می‌گذارد؟,"['این افزایش عرضه منابع را افزایش می\u200cدهد.', 'این مقدار منابع را کاهش می\u200cدهد.', 'این منجر به کاهش تقاضا برای منابع می\u200cشود.', 'این کیفیت منابع را بهبود می\u200cبخشد.']",B,افزایش جمعیت تقاضا برای منابع را بالا می‌برد و باعث کاهش ذخایر طبیعی می‌شود.,B,0.9881700277328491,B,0.9951403141021729,True,True,True,True,[1.0817945e-02 9.8817003e-01 1.2399133e-04 8.8799099e-04],[4.6309712e-03 9.9514031e-01 1.3554067e-04 9.3155664e-05]
2216,کدام یک تغییر فیزیکی است؟,"['سوزاندن یک تکه چوب', 'تغییر رنگ یک سقف مسی', 'ایجاد زنگ زدگی بر روی یک نرده آهنی', 'پاره شدن یک ورق کاغذ']",D,در این حالت، ماهیت ماده تغییر نمی‌کند و تنها شکل آن عوض می‌شود، برخلاف موارد دیگر که ترکیب شیمیایی دگرگون می‌شود.,A,0.9507019519805908,B,0.3695591986179352,False,False,False,False,[0.95070195 0.02540968 0.00642457 0.0174638 ],[0.32613483 0.3695592  0.016493   0.287813  ]
2217,یک سلول پوست از یک موش چگونه شبیه به یک آمیب است؟,"['هر دو به انرژی نیاز دارند.', 'هر دو دیواره سلولی دارند.', 'هر دو با پاهای کاذب حرکت می\u200cکنند.', 'هر دو دی\u200cاکسید کربن مصرف می\u200cکنند.']",A,همه موجودات زنده برای انجام فعالیت‌های حیاتی خود به انرژی نیاز دارند.,B,0.845180869102478,A,0.9953784942626953,False,True,True,True,[0.14687042 0.84518087 0.00300094 0.00494771],[9.9537849e-01 3.1250529e-03 1.9363142e-04 1.3027159e-03]
2218,کدام یک از ویژگی‌های ۱۲ مشترک بین زمین و ماه را توصیف می‌کند؟,"['آنها تقریباً اتمسفر یکسانی دارند.', 'آنها تقریباً دارای نیروی گرانشی یکسانی هستند.', 'آنها پوسته\u200cای سنگی دارند که شامل کوه\u200cها می\u200cباشد.', 'آنها مناطقی دارند که نشان\u200cدهنده فرسایش قابل توجه آب است.']",C,هر دو دارای پوسته جامد و عوارض زمین‌شناسی مانند کوه‌ها هستند، در حالی که ماه فاقد ویژگی‌های دیگر است.,B,0.9635508060455322,B,0.49244341254234314,False,False,False,False,[0.02582866 0.9635508  0.00825533 0.00236519],[0.01158116 0.4924434  0.4924434  0.00353205]
2219,یک دانشجو در حال بررسی قانون دوم نیوتن در مورد حرکت است با تغییر نیروی اعمال شده بر روی یک جسم و مشاهده شتاب حاصل. اگر نیروی وارد بر جسم چهار برابر افزایش یابد، شتاب چقدر افزایش خواهد یافت؟,"['2 برابر', '4 برابر', '8 برابر', '16 برابر']",B,طبق قانون دوم نیوتن، شتاب با نیرو رابطه مستقیم دارد و با ثابت ماندن جرم، افزایش چهاربرابری نیرو شتاب را چهار برابر میکند.,B,0.9790661931037903,B,0.997238278388977,True,True,True,True,[0.01607434 0.9790662  0.00169422 0.00316523],[1.1141755e-03 9.9723828e-01 3.8504877e-04 1.2625263e-03]
2220,کدام نوع انرژی برای برش یک تکه چوب به تکه‌های کوچکتر با اره مورد نیاز است؟,"['نور', 'حرارت', 'صدا', 'مکانیکی']",D,برش چوب با اره نیازمند اعمال نیرو و حرکت است که با انرژی مرتبط با حرکت و نیرو انجام می‌شود.,D,0.9803051948547363,D,0.7493496537208557,True,True,True,False,[0.00749204 0.01090085 0.00130192 0.9803052 ],[0.0056547  0.24423037 0.00076528 0.74934965]
2221,پاتریک هنگام اسکیت بازی wrist اش را شکست. پزشک به پاتریک گفت که در حین بهبودی wrist اش غذاهای غنی از ویتامین D مصرف کند. کدام نوع غذا به بهبود wrist پاتریک کمک خواهد کرد؟,"['سبزیجات سبز', 'محصولات لبنی', 'گوشت های کم چرب', 'غلات کامل']",B,ویتامین D برای جذب کلسیم ضروری است و به ترمیم استخوان کمک می‌کند.,B,0.45651593804359436,B,0.9843149781227112,True,True,True,True,[0.16794284 0.45651594 0.06178271 0.31375852],[0.00745685 0.984315   0.0058074  0.00242089]
2222,یک دانشجو این آزمایش را انجام داد: چهار نوع مختلف دانه در گلدان‌های یکسان پر از همان نوع و مقدار خاک کشت شده‌اند. گلدان‌ها در یک مکان گرم و آفتابی قرار داده شدند و به آنها هر روز به مدت یک ماه مقدار یکسانی آب داده شد. کدام سؤال درباره این دانه‌ها در پایان ماه قابل پاسخگویی است؟,"['کدام دانه\u200cها در تاریکی خوب رشد کردند؟', 'کدام دانه\u200cها بلندترین گیاهان را تولید کردند؟', 'کدام دانه\u200cها در دماهای سرد زنده ماندند؟', 'کدام دانه\u200cها به کمترین مقدار آب نیاز داشتند؟']",B,شرایط یکسان است و تنها نوع دانه متفاوت است، بنابراین می‌توان رشد گیاهان را مقایسه کرد و بلندترین را مشخص نمود.,A,0.7348959445953369,B,0.9790751338005066,False,True,True,True,[0.73489594 0.06889209 0.01040115 0.18581079],[2.0479430e-02 9.7907513e-01 1.1439715e-04 3.3101914e-04]
2223,یک توده هوایی به سمت شمال بر فراز اقیانوس آرام در حرکت است، از مناطق گرمسیری، و سپس به سمت شرق از روی ایالات متحده عبور می‌کند. چه الگوی آب و هوایی می‌توان انتظار داشت؟,"['خنک و خشک', 'گرم و خشک', 'خنک و مرطوب', 'گرم و مرطوب']",D,این توده هوا از مناطق گرمسیری اقیانوس سرچشمه می‌گیرد، بنابراین ویژگی‌های [MASK] خود را در طول مسیر حفظ می‌کند و این شرایط را ایجاد می‌نماید.,A,0.5233869552612305,B,0.47344690561294556,False,False,False,False,[0.52338696 0.40920952 0.01245398 0.05494951],[0.15491123 0.4734469  0.04369472 0.32794708]
2224,هنگام انجام یک آزمایش در آزمایشگاه، کدام اقدام می‌تواند یک عمل ایمن نباشد؟,"['بلافاصله نشت\u200cها را به معلم خود گزارش دهید.', 'یک محافظ چشم بپوشید.', 'به دقت به دستورالعمل\u200cها توجه کنید.', 'بوی مواد شیمیایی که در حال مخلوط شدن هستند را استشمام کنید.']",D,بوییدن مواد شیمیایی در حال مخلوط شدن خطرناک است زیرا ممکن است سمی یا خورنده باشند و به سیستم تنفسی آسیب برسانند.,A,0.5425843596458435,A,0.6567449569702148,False,False,False,False,[0.54258436 0.37437195 0.01849383 0.06454982],[0.65674496 0.1647589  0.01373721 0.1647589 ]
2225,گروهی از دانش‌آموزان اثرات مقادیر مختلف آب بر رشد گیاه پیچک را آزمایش کردند. بعد از آن، نتوانستند به یاد بیاورند که هر گیاه در روز چقدر رشد کرده است. آنها باید چه کاری انجام می‌دادند تا علم را به خوبی انجام دهند؟,"['مشاهدات خود را با سایر گروه\u200cها در کلاس خود بحث کنند.', 'آزمایش را با بیش از یک نوع گیاه انجام دهند.', 'اطلاعات روزانه را در یک جدول داده\u200cها ثبت کنند.', 'برای نتایج توضیحات ساختگی ارائه دهند.']",C,ثبت منظم داده‌ها برای پیگیری دقیق تغییرات و جلوگیری از فراموشی در آزمایش علمی ضروری است.,C,0.9765150547027588,C,0.9760065078735352,True,True,True,False,[2.3032812e-02 2.9450623e-04 9.7651505e-01 1.5763781e-04],[2.3314938e-02 5.4831483e-04 9.7600651e-01 1.3023618e-04]
2226,در کدامیک از فعالیت‌ها باید یک دانش‌آموز پیشبند یا روپوش آزمایشگاهی بپوشد؟,"['شکستن یک ژئود', 'تنظیم یک میکروسکوپ', 'پاشیدن آب بر روی گیاهان', 'اضافه کردن نمک به آب در حال جوش']",D,افزودن نمک به آب جوش ممکن است باعث پاشش و سوختگی شود، بنابراین نیاز به محافظت دارد.,D,0.5847200751304626,D,0.9595929384231567,True,True,True,True,[0.27728322 0.11558885 0.02240792 0.5847201 ],[0.03296398 0.00505519 0.0023879  0.95959294]
2227,هر سلول بدنی یک ماهی قرمز شامل ۹۴ کروموزوم است. چند کروموزوم در یک سلول جنسی ماهی قرمز وجود دارد؟,"['۲۳', '۴۷', '۹۴', '۱۸۸']",B,سلول‌های جنسی نیمی از کروموزوم‌های سلول‌های بدنی را دارند، بنابراین با تقسیم تعداد داده شده بر دو، تعداد کروموزوم آن‌ها مشخص می‌شود.,A,0.7208023071289062,A,0.9947471022605896,False,False,False,False,[0.7208023  0.26516837 0.01147006 0.00255932],[9.9474710e-01 2.4850704e-03 8.3239441e-04 1.9353749e-03]
2228,برخی کارخانه‌ها آلاینده‌هایی را در هوا آزاد می‌کنند که باران اسیدی را تشکیل می‌دهد. چه عاملی تعیین می‌کند که باران اسیدی بیشتر احتمال دارد در کجا ببارد؟,"['جریانات اقیانوسی', 'جهت باد', 'دماي هوا', 'رطوبت نسبی']",B,آلاینده‌ها توسط باد جابجا شده و در مناطق دورتر باعث بارش می‌شوند.,B,0.7960212230682373,B,0.9929611086845398,True,True,True,True,[1.081514e-01 7.960212e-01 3.840076e-04 9.544327e-02],[5.9043630e-03 9.9296111e-01 4.2349086e-05 1.0921973e-03]
2229,حرارت از یک جسم به جسم دیگری منتقل می‌شود. یک مثال از انتقال حرارت به وسیله تابش چیست؟,"['قهوه\u200cای که یک فنجان را گرم می\u200cکند', 'هواي داغ که یک اتاق را گرم می\u200cکند', 'خورشید که ماه را گرم می\u200cکند', 'یک صفحه داغ که یک بشر را گرم می\u200cکند']",C,انتقال حرارت از طریق تابش بدون نیاز به محیط مادی و توسط امواج صورت می‌گیرد، مانند گرم شدن یک جسم توسط منبع انرژی در خلأ.,C,0.9623671770095825,C,0.9738153219223022,True,True,True,True,[0.03293039 0.003063   0.9623672  0.00163951],[0.02021089 0.00450966 0.9738153  0.00146407]
2230,کدام ابزار در تحقیق درباره چرخه زندگی پروانهٔ سلطنتی، مفیدترین خواهد بود؟,"['چاقوی تیز', 'ذره\u200cبین', 'تکهٔ بلند نخ', 'یک شیشهٔ بزرگ با سوراخ\u200cهای هوا در بالای آن']",D,برای مشاهده دقیق مراحل رشد پروانه، نیاز به محفظه‌ای ایمن با تهویه مناسب است تا تغییرات به خوبی بررسی شوند.,D,0.5701475143432617,D,0.9124029278755188,True,True,True,True,[0.20974556 0.20974556 0.01036135 0.5701475 ],[0.05067622 0.03482922 0.00209166 0.9124029 ]
2231,یک واحد نجومی (AU) فاصله بین زمین و خورشید است. انرژی خورشید حدود ۸ دقیقه طول می‌کشد تا به زمین برسد. اگر مریخ ۱.۵ واحد نجومی از خورشید فاصله داشته باشد، انرژی خورشید چه مدت طول می‌کشد تا به مریخ برسد؟,"['۴ دقیقه', '۸ دقیقه', '۱۲ دقیقه', '۱۵ دقیقه']",C,سرعت نور ثابت است، بنابراین زمان رسیدن انرژی به مریخ که ۱.۵ برابر دورتر است، ۱.۵ برابر زمان زمین خواهد بود.,C,0.9326567053794861,C,0.899864912033081,True,True,True,False,[0.04034277 0.00794396 0.9326567  0.01905658],[9.6338652e-02 8.8724832e-04 8.9986491e-01 2.9091754e-03]
2232,عقاب‌های طلایی می‌توانند اشیاء کوچک را از فواصل زیاد ببینند. کدام رفتار عقاب‌های طلایی بهترین توضیح را برای این می‌دهد که چرا انتخاب طبیعی به احتمال زیاد این سازگاری ساختاری را ترجیح داده است؟,"['شکار در حین پرواز در هوا انجام می\u200cشود.', 'آنها لانه\u200cهای خود را بر روی صخره\u200cها یا ارتفاعات سنگی می\u200cسازند.', 'زنان وابسته به تغذیه والدین پس از هچ شدن هستند.', 'رنگ پرهای آنها فاقد استتار زیست\u200cمحیطی است.']",A,این توانایی شکار موفق‌تر را تضمین می‌کند و بقا و تولیدمثل را افزایش می‌دهد.,A,0.5881775617599487,A,0.5578458905220032,True,True,True,False,[0.58817756 0.21637844 0.00449079 0.1909533 ],[0.5578459  0.2985934  0.01908844 0.12447225]
2233,بازه pH که احتمالاً باران اسیدی در آن قرار دارد کدام است؟,"['6-Apr', '7-May', '9-Jul', '12-Oct']",A,باران طبیعی pH حدود ۵.۶ دارد و هر مقدار کمتر از آن اسیدی محسوب می‌شود، بنابراین این بازه نشان‌دهنده باران اسیدی است.,C,0.6483951210975647,A,0.9009110331535339,False,True,True,True,[0.18504407 0.02244839 0.6483951  0.14411247],[0.90091103 0.08314566 0.00469076 0.01125254]
2234,چهار دستگاه خانگی (مخلوط‌کن، همزن، تستر و غذاساز) به چهار پریز در طول یک میز متصل شده‌اند. روشن یا خاموش کردن یکی یا چندتا از این دستگاه‌ها بر عملکرد سایر دستگاه‌ها تأثیری ندارد زیرا این چهار دستگاه,"['برق مستقیم دریافت می\u200cکنند.', 'به صورت سری متصل شده\u200cاند.', 'به صورت موازی متصل شده\u200cاند.', 'برق متناوب دریافت می\u200cکنند.']",C,هر دستگاه مستقل از دیگران به برق متصل است و تغییر در یک مدار، سایر مدارها را تحت تأثیر قرار نمی‌دهد.,C,0.586276113986969,C,0.7602805495262146,True,True,True,True,[0.27585754 0.13132788 0.5862761  0.00653843],[0.17097203 0.0628971  0.76028055 0.00585034]
2235,کدام منابع انرژی جایگزین از انرژی گرانشی برای تولید برق استفاده می‌کنند؟,"['انرژی جزر و مد و انرژی آبی', 'انرژی زمین\u200cگرمایی و انرژی آبی', 'انرژی باد و انرژی جزر و مد', 'انرژی زمین\u200cگرمایی و انرژی باد']",A,هر دو از نیروی گرانش برای به حرکت درآوردن آب و تولید برق استفاده می‌کنند.,D,0.5208125114440918,D,0.3643089234828949,False,False,False,False,[0.21710695 0.19159622 0.07048431 0.5208125 ],[0.2503856  0.3215015  0.06380393 0.36430892]
2236,هنگامی که اطلاعات جدید کشف‌شده به شکلی جدید از نظریه‌ای مستقر حمایت می‌کند، آن نظریه,"['رشد می\u200cکند و تغییر می\u200cکند.', 'دیگر معتبر نیست.', 'به قانون تبدیل می\u200cشود.', 'در ارزش کاهش می\u200cیابد.']",A,شواهد جدید اعتبار نظریه را افزایش داده و امکان توسعه و گسترش دامنه توضیح‌دهی آن را فراهم می‌کنند.,A,0.5087835192680359,A,0.47976645827293396,True,True,True,False,[0.5087835  0.02881594 0.44899988 0.01340066],[0.47976646 0.03043176 0.47976646 0.01003533]
2237,یک واکنش گرمازا بهتر است با کدام یک از موارد زیر نشان داده شود؟,"['موتور خودرو.', 'یخچال.', 'تابه سرخ کردنی.', 'بطری شیشه\u200cای.']",A,این وسیله هنگام استفاده انرژی گرمایی به محیط آزاد می‌کند.,B,0.8306020498275757,B,0.9878524541854858,False,False,False,False,[0.07710728 0.83060205 0.07710728 0.01518332],[3.6047490e-03 9.8785245e-01 7.6312535e-03 9.1142324e-04]
2238,جریان الکتریکی در یک مدار با کدام یک متوقف می‌شود؟,"['سیم.', 'باتری.', 'کلید.', 'لامپ.']",C,این وسیله برای قطع کردن مسیر جریان طراحی شده و تنها قادر به متوقف کردن آن است.,A,0.4244886636734009,C,0.992127537727356,False,True,True,True,[0.42448866 0.15616065 0.04474077 0.37460992],[0.00459446 0.00169021 0.99212754 0.0015878 ]
2239,سوالی: یک دانش‌آموز یک لوله آزمایش را می‌اندازد و شیشه آن می‌شکند. اولین چیزی که دانش‌آموز باید انجام دهد چیست؟,"['شیشه\u200cهای شکسته را تمیز کند', 'لوله آزمایش شکسته را تعویض کند', 'حادثه را به معلم گزارش دهد', 'به یک ناحیه جدید در آزمایشگاه منتقل شود']",C,اولین اقدام اطلاع به معلم برای حفظ ایمنی و جلوگیری از خطرات بیشتر است.,C,0.8828495740890503,C,0.9312248826026917,True,True,True,True,[0.10606097 0.00589078 0.8828496  0.0051986 ],[0.05860827 0.00898787 0.9312249  0.00117895]
2240,آریانا از بادکنک‌ها برای بررسی الکتریسیته ساکن استفاده می‌کند. کدام یک از گزینه‌های زیر به بهترین نحو توضیح می‌دهد که چه اتفاقی خواهد افتاد زمانی که او دو بادکنک با بار مثبت را به هم نزدیک کند؟,"['بادکنک\u200cها از هم دور خواهند شد.', 'یک بادکنک بار خود را از دست خواهد داد.', 'بادکنک\u200cها به هم نزدیک خواهند شد.', 'یک بادکنک بار منفی خواهد گرفت.']",A,بارهای همنام یکدیگر را دفع می‌کنند و باعث دور شدن می‌شوند.,C,0.7790130972862244,A,0.9876754283905029,False,True,True,True,[0.19658104 0.00994132 0.7790131  0.01446453],[0.9876754  0.00523371 0.00461873 0.00247223]
2241,ابرها باران و برف را به سطح زمین می‌آورند. باران و برف چگونه عمدتاً از زندگی در زمین حمایت می‌کنند؟,"['آنها سطح زمین را خنک می\u200cکنند.', 'آنها اسیدها را به خاک می\u200cآورند.', 'آنها آب شیرین را به جانداران خشکی می\u200cآورند.', 'آنها کوه\u200cها را تشکیل می\u200cدهند.']",C,آب شیرین حیاتی برای ادامه حیات موجودات خشکی فراهم می‌کنند.,A,0.8728162050247192,C,0.6851403713226318,False,True,True,True,[0.8728162  0.06335021 0.03390892 0.02992452],[0.17323062 0.13491213 0.6851404  0.00671688]
2242,کدام یک از موارد زیر به احتمال زیاد یک سازگاری است که بر اثر تخریب زیستگاه ایجاد شده است؟,"['پرنده\u200cای که در یک برج آب لانه می\u200cسازد', 'پوشش خرگوشی که در زمستان سفید می\u200cشود', 'مارمولکی که پوست خود را می\u200cریزد', 'ماهی سالمونی که به سمت بالای رودخانه شنا می\u200cکند']",A,سازگاری ناشی از تخریب زیستگاه رفتاری است که جانداران در پاسخ مستقیم به تغییرات ایجاد شده توسط انسان در محیط نشان می‌دهند، مانند استفاده از سازه‌های مصنوعی برای لانه‌سازی به جای زیستگاه طبیعی از دست رفته.,C,0.4973962604999542,A,0.8006082773208618,False,True,True,True,[0.3873726  0.09794313 0.49739626 0.01728799],[0.8006083  0.05118117 0.03985994 0.10835055]
2243,تحقیقات در حال انجام است در مورد استفاده از انرژی خورشید برای تجزیه مولکول‌های آب به هیدروژن و اکسیژن. اکسیژن به محیط زیست رها خواهد شد و هیدروژن برای سوخت استفاده خواهد شد. کدام یک از بیانات زیر توضیح می‌دهد که این تکنولوژی چگونه به محیط زیست کمک خواهد کرد؟,"['خصوصیات هیدروژن بهتر درک خواهد شد.', 'دسترسی به منابع پاک افزایش خواهد یافت.', 'جو با اکسیژن تامین خواهد شد.', 'منبع انرژی فراوان خورشید مورد استفاده قرار خواهد گرفت.']",B,این روش با تولید سوخت پاک، وابستگی به منابع آلاینده را کاهش داده و محیط زیست را حفظ می‌کند.,C,0.4345819354057312,C,0.38587209582328796,False,False,False,False,[0.1811607  0.0458046  0.43458194 0.33845276],[0.20654246 0.06705452 0.3858721  0.34053093]
2244,محققان در یک آزمایشگاه علمی راه‌هایی برای تولید نانو لوله‌های کربنی از کیسه‌های پلاستیکی خرید بازیافتی یافته‌اند. این نانو لوله‌ها سپس به عنوان اجزای باتری استفاده می‌شوند. این رویکرد به بهترین نحو توانایی فناوری را نشان می‌دهد تا,"['در دسترسی به منابع افزایش دهد.', 'محصولات موجود را بهبود بخشد.', 'منابع در دسترس را کاهش دهد.', 'باعث تخریب محیط زیست شود.']",A,با تبدیل مواد بازیافتی به اجزای پیشرفته، عملکرد محصولات فعلی را ارتقا می‌دهد و ارزش افزوده ایجاد می‌کند.,B,0.8157515525817871,B,0.9312668442726135,False,False,False,False,[1.8237463e-01 8.1575155e-01 3.0827915e-04 1.5655708e-03],[6.7857184e-02 9.3126684e-01 8.5908730e-05 7.9000206e-04]
2245,رعد و برق و طوفان‌های دریایی از نمونه‌های آب و هوای شدید هستند. کدام یک از این شرایط جوی برای شکل‌گیری رعد و برق و طوفان‌های دریایی ضروری است؟,"['باران سردی که به زمین می\u200cافتد', 'ترکیب توده\u200cهای هوایی برای ایجاد منطقه فشار بالا', 'بادهایی که به سمت پایین و دور از مرکز طوفان می\u200cچرخند', 'هوایی که به سمت مرکز طوفان حرکت کرده و به جو بالا می\u200cرود']",D,برای شکل‌گیری این پدیده‌ها، هوای مرطوب باید به سرعت صعود کند و در جو سرد شود تا ناپایداری لازم ایجاد گردد.,B,0.5583456754684448,D,0.8172123432159424,False,True,True,True,[0.12507136 0.5583457  0.11037509 0.20620781],[0.0868091  0.07660876 0.01936973 0.81721234]
2246,اگر شما یک دماسنج را درون یک لیوان آب یخ قرار دهید، دماسنج باید چه دمایی را نشان دهد؟,"['-10 درجه سانتی\u200cگراد', '0 درجه سانتی\u200cگراد', '32 درجه سانتی\u200cگراد', '100 درجه سانتی\u200cگراد']",B,آب یخ در دمای انجماد آب، یعنی صفر درجه، در تعادل است و دماسنج این دما را نشان می‌دهد.,B,0.90289705991745,B,0.9958706498146057,True,True,True,True,[0.05727109 0.90289706 0.02705295 0.01277891],[3.6482310e-03 9.9587065e-01 1.8163471e-04 2.9946503e-04]
2247,یک گروه از دانشجویان علوم از آب، کاغذ صافی و صفحه داغ برای جدا کردن مخلوطی از نمک و شن استفاده کردند. کدامیک از موارد زیر احتمالاً اولین کاری بود که دانشجویان انجام دادند؟,"['مخلوط را تکان دهند تا شن در کف ته نشین شود', 'مخلوط را از خلال کاغذ صافی بریزند', 'مخلوط را بر روی صفحه داغ گرم کنند', 'نمک را با اضافه کردن آب به مخلوط حل کنند']",D,ابتدا باید نمک در آب حل شود تا بتوان با صاف کردن و تبخیر، آن را از شن جدا کرد.,A,0.7827883362770081,D,0.884539783000946,False,True,True,True,[0.78278834 0.19869453 0.0022073  0.01630984],[0.08227502 0.02713142 0.00605384 0.8845398 ]
2248,کدام منبع غیرقابل تجدید در کامپیوترها و الکترونیک به طور گسترده‌ای استفاده می‌شود؟,"['الف) نفت', 'ب) گاز', 'ج) طلا', 'د) سرب']",C,به دلیل رسانایی بالا و مقاومت در برابر خوردگی، در قطعات الکترونیکی کاربرد گسترده دارد و منبعی محدود است.,C,0.5775986313819885,C,0.885919988155365,True,True,True,True,[0.21248667 0.02239593 0.57759863 0.18751882],[0.02342524 0.00760506 0.88592    0.08304969]
2249,تبخیر در کدام یک بیشترین نرخ را دارد؟,"['رودخانه\u200cها', 'جُوی\u200cها', 'خورها', 'یخچال\u200cهای طبیعی']",C,[MASK] به دلیل سطح گسترده و حرکت دائمی آب، تبخیر بیشتری را تجربه می‌کنند، برخلاف منابع آبی کوچک یا سرد.,A,0.6540138721466064,A,0.5365854501724243,False,False,False,False,[0.6540139  0.24059826 0.01756557 0.08782236],[0.53658545 0.36878943 0.0300365  0.06458863]
2250,کدام یک از این‌ها توسط تمامی سلول‌ها ترشح می‌شود؟,"['شکر', 'آب', 'انرژی', 'اکسیژن']",C,همه سلول‌ها در فرآیندهای متابولیک خود [MASK] تولید و دفع می‌کنند، برخلاف سایر مواد.,D,0.4762089252471924,B,0.8315823674201965,False,False,False,False,[0.25489628 0.22494516 0.04394963 0.47620893],[0.05274758 0.83158237 0.01712463 0.09854545]
2251,یک کشاورز فکر می‌کند که سبزیجات موجود در مزرعه‌اش آب کافی نمی‌گیرند. پسرش پیشنهاد می‌کند که از آب اقیانوس نزدیک برای آبیاری سبزیجات استفاده کنند. آیا این یک ایده خوب است؟,"['الف) بله، زیرا آب اقیانوس به وفور موجود است.', 'ب) بله، زیرا آب اقیانوس دارای بسیاری از کودهای طبیعی است.', 'ج) خیر، زیرا آب اقیانوس برای گیاهانی که در خشکی رشد می\u200cکنند، بیش از حد شور است.', 'د) خیر، زیرا آب اقیانوس به مراتب بیشتر از آب باران آلوده است.']",C,شوری زیاد آب دریا برای گیاهان خشکی مضر است و باعث کم‌آبی و نابودی آن‌ها می‌شود.,C,0.8126741647720337,C,0.9486281871795654,True,True,True,True,[0.1423292  0.03175794 0.81267416 0.01323868],[0.04167981 0.00439302 0.9486282  0.00529899]
2252,استفاده از تلویزیون بهبود ایمنی را از طریق چه چیزی فراهم کرده است؟,"['استفاده از صفحه نمایش\u200cهای بزرگ\u200cتر با رنگ بهتر.', 'توضیح نحوه جلوگیری از فشار ناشی از تبلیغات.', 'فراهم کردن یک محیط که مردم را به ورزش بیشتر تشویق کند.', 'هشدار به مردم درباره خطراتی مانند بد بودن آب و هوا یا حوادث.']",D,تلویزیون با پخش هشدارهای فوری درباره خطرات طبیعی، ایمنی عمومی را افزایش می‌دهد.,D,0.6801049709320068,D,0.9911337494850159,True,True,True,True,[0.11911145 0.19485334 0.00593021 0.680105  ],[6.6262367e-03 2.1512241e-03 8.8791618e-05 9.9113375e-01]
2253,کدام واقعیت بهترین توضیح را دربارهٔ این موضوع می‌دهد که چرا زندگی در زمین وجود دارد اما در ماه وجود ندارد؟,"['ماه جاذبه ندارد.', 'ماه دور خورشید نمی\u200cچرخد.', 'ماه دارای آب و اکسیژن کمی است.', 'ماه بسیار کوچکتر از زمین است.']",C,زندگی به آب و اکسیژن نیاز دارد که ماه فاقد آن‌هاست.,B,0.42110365629196167,C,0.9787660241127014,False,True,True,True,[0.28942004 0.42110366 0.06407578 0.22540055],[1.7648797e-02 2.7065307e-03 9.7876602e-01 8.7868189e-04]
2254,یک دانشمند نمونه‌ای از لیتیم را در ظرفی از آب قرار داد. دانشمند مشاهده کرد که لیتیم شناور است و در حالی که حباب‌های گاز اطراف آن شکل می‌گرفت، صدای زنبوری تولید می‌کند. کدام نتیجه بهترین حمایت را از این مشاهده دارد؟,"['تغییر شیمیایی رخ داده است.', 'لیتیوم توسط آب حل شده است.', 'گازهای حل شده آزاد شده\u200cاند.', 'آب بخار شده است.']",A,تشکیل حباب‌های گاز و صدای مشخص نشان‌دهنده یک واکنش شیمیایی فعال است که ماده جدیدی تولید می‌کند.,C,0.8494149446487427,C,0.7695476412773132,False,False,False,False,[0.13128366 0.01362267 0.84941494 0.00567877],[0.2204791  0.00841636 0.76954764 0.00155687]
2255,سوال: کدام عمل انسانی به حفظ یک منبع تجدیدپذیر کمک می‌کند؟,"['الف) ساخت نیروگاه\u200cهای حرارتی که از زغال\u200cسنگ به عنوان سوخت استفاده می\u200cکنند', 'ب) پاکسازی زمین برای ساخت جاده\u200cها و ساختمان\u200cها', 'ج) هدایت نشت کود به دریاچه\u200cها', 'د) کاشت دوباره درختان در مناطق جنگلی از بین رفته']",D,کاشت درختان، منابع طبیعی را با ترمیم اکوسیستم تجدید می‌کند.,D,0.7805235385894775,D,0.9671524167060852,True,True,True,True,[0.05698439 0.00759244 0.15489964 0.78052354],[0.02239261 0.00221717 0.00823778 0.9671524 ]
2256,کدام یک از تغییرات زیر به دلیل از بین بردن حرارت ایجاد می‌شود؟,"['یک جامد به گاز تبدیل می\u200cشود.', 'یک مایع به گاز تبدیل می\u200cشود.', 'یک جامد به مایع تبدیل می\u200cشود.', 'یک مایع به جامد تبدیل می\u200cشود.']",D,انجماد با گرفتن گرما از ماده اتفاق می‌افتد و باعث کاهش انرژی جنبشی و تشکیل ساختار منظم می‌شود.,B,0.5480273365974426,D,0.7752779126167297,False,True,True,True,[0.3766533  0.54802734 0.03530899 0.04001033],[0.06363869 0.10492245 0.05616095 0.7752779 ]
2257,یک سرخرطومی یک برگ بلوط را می‌خورد. کدام یک از موارد زیر بهترین توصیف کننده انتقال انرژی در این موقعیت است؟,"['هم سرخرطوم و هم برگ انرژی کسب می\u200cکنند.', 'انرژی از برگ به سرخرطوم منتقل می\u200cشود.', 'تجزیه\u200cکننده\u200cها در برگ از سرخرطوم انرژی کسب می\u200cکنند.', 'درخت بلوط زمانی که سرخرطوم برگ را می\u200cخورد انرژی کسب می\u200cکند.']",B,انرژی از تولیدکننده به مصرف‌کننده منتقل می‌شود.,B,0.9343681931495667,B,0.9888067245483398,True,True,True,True,[0.05984894 0.9343682  0.00201617 0.0037667 ],[9.6561266e-03 9.8880672e-01 7.4460055e-04 7.9262315e-04]
2258,یک تغییر زمین‌شناسی جمعیت یک گرگ را به دو جمعیت جدید تقسیم می‌کند. تغییرات ژنتیکی به طور مستقیم چه تاثیری بر دو جمعیت جدید در طول زمان می‌گذارد؟,"['نرخ جهش آنها افزایش می\u200cیابد.', 'وجود و توزیع الل\u200cها دچار انحراف می\u200cشود.', 'آنها به طور متفاوتی به فشارهای انتخابی یکسان پاسخ می\u200cدهند.', 'آنها برای حفظ یکنواختی ویژگی\u200cها با یکدیگر جفت\u200cگیری می\u200cکنند.']",B,جدایی جغرافیایی باعث می‌شود هر جمعیت مستقلانه تحت فشارهای انتخابی تکامل یابد و واکنش‌های متفاوتی نشان دهد.,B,0.7382446527481079,C,0.7858644723892212,True,False,False,False,[0.18592976 0.73824465 0.05326977 0.02255584],[0.10635519 0.10635519 0.7858645  0.00142516]
2259,ماه و زمین مشابهت دارند در,"['جو سطحی.', 'زمین سنگی.', 'جاذبه.', 'اندازه.']",B,هر دو جرم آسمانی دارای نیروی گرانش هستند، اگرچه شدت آن متفاوت است. این ویژگی فیزیکی مشترک، یک شباهت اساسی محسوب می‌شود.,A,0.8876760601997375,C,0.9502199292182922,False,False,False,False,[0.88767606 0.05017716 0.00528863 0.05685817],[0.02552111 0.00173673 0.9502199  0.0225223 ]
2260,در یک رویه آزمایشگاهی، یک دانش‌آموز اندازه‌های مختلف ذرات خاک را مشاهده می‌کند. کدام ابزار برای این تحقیق مناسب‌تر است؟,"['یک لنز دستی با بزرگنمایی ۱X', 'یک میکروسکوپ با بزرگنمایی ۴۰X', 'یک میکروسکوپ نوری با بزرگنمایی ۱۰۰X', 'یک میکروسکوپ تشریحی با بزرگنمایی ۴X']",D,برای مشاهده ذرات خاک، بزرگنمایی متوسط جزئیات را به خوبی نشان می‌دهد و از پیچیدگی غیرضروری جلوگیری می‌کند.,B,0.5788363218307495,B,0.921096682548523,False,False,False,False,[0.01761643 0.5788363  0.397828   0.00571922],[0.02473891 0.9210967  0.05237228 0.00179208]
2261,"سوال: شرکت X هر سال 100 اتوبوس سفارشی تولید می‌کند. شرکت Y هر سال 10,000 اتوبوس از یک نوع خاص تولید می‌کند. کدام یک از دلایل زیر احتمالاً بیشتر است که یک مشتری اتوبوسی از شرکت X به جای شرکت Y بخرد؟","['الف) برای کاهش هزینه اتوبوس', 'ب) برای اطمینان از اینکه اتوبوس به راحتی قابل تعویض باشد', 'ج) برای ارائه ایده\u200cهایی درباره نحوه ساخت اتوبوس', 'د) برای اطمینان از اینکه مردم می\u200cدانند چگونه اتوبوس را برانند']",C,شرکت X محصولات سفارشی برای نیازهای خاص تولید می‌کند، در حالی که شرکت Y محصولات استاندارد و قابل تعویض ارائه می‌دهد.,B,0.6366651654243469,B,0.8550664186477661,False,False,False,False,[0.30073932 0.63666517 0.01683452 0.04576096],[0.08942199 0.8550664  0.02948824 0.02602328]
2262,دانش‌آموزان به یک سفر میدانی در کلاس می‌روند تا حشرات را جمع‌آوری کنند. کدام یک از این موارد یک قاعده ایمنی مهم است که دانش‌آموزان باید رعایت کنند؟,"['حشرات را با دستان برهنه بردارند.', 'در هر زمان با یک همکلاسی بمانند.', 'بدون اینکه ابتدا نگاه کنند، زیر سنگ\u200cهای بزرگ دست ببرند.', 'از گروه فاصله بگیرند.']",B,همراهی با دیگران در محیط ناشناخته، ایمنی را با دسترسی به کمک و نظارت متقابل افزایش می‌دهد.,A,0.7106707096099854,D,0.3967204689979553,False,False,False,False,[0.7106707  0.01139753 0.20361057 0.07432123],[0.24062313 0.05369028 0.30896622 0.39672047]
2263,یک سنگ داغ درون یک سطل آب سرد انداخته می‌شود. انرژی حرارتی از سنگ به آب از طریق,"['جوشیدن.', 'تبخیر.', 'رسانایی.', 'تابش.']",C,انتقال گرما از جسم گرم‌تر به سردتر از طریق تماس مستقیم و بدون جابجایی ماده صورت می‌گیرد که با تعریف رسانایی مطابقت دارد.,C,0.9647777080535889,C,0.9859615564346313,True,True,True,True,[0.02280046 0.00165166 0.9647777  0.01077017],[9.8182447e-03 6.0834829e-04 9.8596156e-01 3.6119304e-03]
2264,کدام یک از این موارد در تمامی مراحل چرخه زندگی پروانه لازم است؟,"['بال\u200cها', 'چشم\u200cها', 'خاک', 'هوا']",D,برای تنفس در همه مراحل رشد، از تخم تا بلوغ، این عامل حیاتی است و بدون آن بقا ممکن نیست.,C,0.5574087500572205,D,0.9529184699058533,False,True,True,True,[0.29835942 0.05875045 0.55740875 0.08548141],[0.04170509 0.00439568 0.00098081 0.95291847]
2265,مخلوط مخصوص نوعی تنقلات است. یکی از انواع مخلوط مخصوص شامل کشمش، تکه‌های شکلات، بادام‌زمینی و دانه‌های آفتابگردان است. کدام یک از جملات توصیف می‌کند که چرا مخلوط مخصوص یک مخلوط است؟,"['این مخلوط شامل چهار ماده است.', 'مواد مختلف با هم متراکم می\u200cشوند.', 'هر جزء خواص اصلی خود را حفظ می\u200cکند.', 'اجزاء را نمی\u200cتوان از مخلوط جدا کرد.']",C,هر ماده در این ترکیب، ویژگی‌های فیزیکی و شیمیایی خود را حفظ کرده و بدون واکنش با دیگران مخلوط شده است.,A,0.43363431096076965,C,0.9553999900817871,False,True,True,True,[0.4336343  0.20483434 0.18076567 0.18076567],[4.1326545e-02 2.3314843e-03 9.5539999e-01 9.4200479e-04]
2266,کدام تغییر بهترین مثال از یک تغییر فیزیکی است؟,"['پختن یک کوکی', 'سوزاندن کاغذ', 'ذوب شدن بستنی', 'زنگ زدگی یک میخ']",C,تغییر حالت ماده بدون دگرگونی در ترکیب شیمیایی و قابل بازگشت است.,A,0.5348173379898071,C,0.8200055956840515,False,True,True,True,[0.53481734 0.03418973 0.41651616 0.01447684],[0.1436132  0.03204444 0.8200056  0.00433674]
2267,در کدام نوع مرز، تشکیل کوه‌ها موجب تولید کوه‌هایی می‌شود که کاملاً از مواد پوسته‌ای موجود ساخته شده‌اند؟,"['مرز واگرا بین دو صفحه اقیانوسی', 'مرز واگرا بین یک صفحه اقیانوسی و یک صفحه قاره\u200cای', 'مرز همگرا بین یک صفحه اقیانوسی و یک صفحه قاره\u200cای', 'مرز همگرا بین دو صفحه قاره\u200cای']",D,برخورد صفحات قاره‌ای باعث فشردگی و چین‌خوردگی پوسته و تشکیل کوه‌ها از مواد موجود می‌شود.,B,0.6493648290634155,B,0.625643789768219,False,False,False,False,[0.1867743  0.6493648  0.127369   0.03649183],[0.03163949 0.6256438  0.13960001 0.2031168 ]
2268,کدام عبارت بهترین توضیح را برای این که روزهای تابستانی در آرکانزاس گرم‌تر از روزهای زمستانی هستند، ارائه می‌دهد؟,"['خورشید در تابستان به زمین نزدیک\u200cتر از زمستان است.', 'خورشید در تابستان لکه\u200cهای خورشیدی بیشتری نسبت به زمستان دارد.', 'کره غربی زمین در تابستان به سمت خورشید متمایل است.', 'کره شمالی زمین در تابستان به سمت خورشید متمایل است.']",D,نیمکره شمالی در تابستان به سمت خورشید متمایل می‌شود و پرتوهای مستقیم‌تری دریافت می‌کند.,A,0.9091160297393799,A,0.5271443128585815,False,False,False,False,[0.909116   0.02739936 0.00548022 0.05800444],[0.5271443  0.25095832 0.02645081 0.19544654]
2269,امواج راسبی امواج دراز و آهسته دریا هستند. چه ویژگی از یک موج راسبی تغییر می‌کند اگر طول موج دو برابر شود؟,"['دامنه دو برابر می\u200cشود.', 'فرکانس دو برابر می\u200cشود.', 'دامنه به نصف کاهش می\u200cیابد.', 'فرکانس به نصف کاهش می\u200cیابد.']",D,سرعت این امواج با ریشه دوم طول موج متناسب است. با دو برابر شدن طول موج، سرعت افزایش می‌یابد. از آنجایی که فرکانس برابر است با سرعت تقسیم بر طول موج، فرکانس کاهش خواهد یافت.,A,0.7909431457519531,D,0.6139118671417236,False,True,True,True,[0.79094315 0.15513875 0.02695907 0.02695907],[0.22672948 0.15461607 0.00474253 0.61391187]
2270,امواج تولید شده توسط صدای یک فرد مشابه امواج تولید شده توسط زلزله هستند زیرا هر دو,"['به وسیله ارتعاشات فیزیکی ایجاد می\u200cشوند.', 'به وسیله نیروی جاذبه جابجا می\u200cشوند.', 'از نوع امواج الکترومغناطیسی هستند.', 'دارای فرکانس یکسان هستند.']",A,هر دو موج از طریق لرزش در محیط مادی تولید شده و برای انتقال نیاز به ماده دارند.,A,0.9852129817008972,A,0.9627192616462708,True,True,True,False,[9.8521298e-01 3.6012665e-03 9.3017792e-05 1.1092681e-02],[0.96271926 0.01574433 0.00579202 0.01574433]
2271,ماشین‌ها با بنزین ساخته شده از نفت کار می‌کنند. بهترین راه برای صرفه‌جویی در بنزین چیست؟,"['همسفری به مدرسه', 'سوار اتوبوس به مدرسه شدن', 'سوار دوچرخه به مدرسه شدن', 'تنها به مدرسه رانندگی کردن']",C,دوچرخه‌سواری نیاز به سوخت فسیلی ندارد و به طور کامل وابستگی به بنزین را حذف می‌کند، بنابراین بیشترین صرفه‌جویی را ایجاد می‌نماید.,A,0.3982837498188019,C,0.9836628437042236,False,True,True,True,[0.39828375 0.21318594 0.03704616 0.35148418],[0.0124796  0.00140017 0.98366284 0.00245738]
2272,کدام یک از فعالیت‌های زیر توسط واحد بازاریابی یک سازمان تولیدی انجام می‌شود؟,"['تبلیغات', 'حمل و نقل', 'ذخیره\u200cسازی', 'کنترل کیفیت']",A,واحد بازاریابی مسئول ترویج محصولات است و [MASK] ابزار اصلی آن برای جذب مشتریان محسوب می‌شود.,A,0.9886093139648438,A,0.996211051940918,True,True,True,True,[9.8860931e-01 8.5615031e-03 3.7616619e-04 2.4529116e-03],[9.9621105e-01 2.4597333e-03 1.6738694e-04 1.1618957e-03]
2273,کدام یک از این موارد نمونه‌ای از تغییر شکل آب از بخار آب به مایع است؟,"['تشکیل رطوبت بر روی یک آینه زمانی که بر روی آن نفس می\u200cکشید', 'تشکیل عرق بر روی بدن شما هنگام ورزش کردن', 'ذوب شدن تکه\u200cهای یخ زمانی که آنها را در یک مایع گرم می\u200cگذارید', 'خشک شدن رودها در طول یک تابستان بسیار گرم']",A,بخار آب در بازدم با سطح سرد برخورد کرده و به مایع تبدیل می‌شود که نمونه‌ای از میعان است.,A,0.7921624183654785,A,0.8791149258613586,True,True,True,True,[0.7921624  0.02111041 0.17675534 0.00997185],[0.8791149  0.04959627 0.06368288 0.00760583]
2274,کدام جنبه از زندگی مدرن می‌تواند به احتمال زیاد یک اپیدمی را به پاندمی تبدیل کند؟,"['واکسیناسیون', 'حمل و نقل', 'ارتباطات', 'بهداشت']",B,جابجایی سریع و گسترده انسان‌ها در جهان امروزی، انتقال بیماری‌ها را بین مناطق مختلف تسهیل می‌کند و دامنه شیوع را افزایش می‌دهد.,B,0.5741720795631409,B,0.9866322875022888,True,True,True,True,[0.0223502  0.5741721  0.3930838  0.01039381],[2.7984427e-03 9.8663229e-01 9.7675249e-03 8.0176722e-04]
2275,سوال: با عقب‌نشینی یخچال‌ها در پایان آخرین دوره یخ، دما افزایش یافت و به تشکیل دریاچه‌ها کمک کرد. گیاهان پیشگام در تپه‌های شنی نزدیک دریاچه‌ها رشد کردند. در فاصله دورتر از تپه‌های شنی، اراضی چمنی و نواحی جنگلی توسعه یافتند. کدام فرآیند پس از ذوب شدن یخچال‌ها رخ داد و باعث توسعه اراضی چمنی و جنگل‌ها شد؟,"['الف) جانشینی اولیه', 'ب) تخریب زی habitats ت', 'ج) کاهش منابع', 'د) جهش ژنتیکی']",A,پس از عقب‌نشینی یخ، گیاهان ابتدا در زمین‌های بکر رشد کردند و سپس جوامع پیچیده‌تر به تدریج شکل گرفتند که نشان‌دهنده توالی اکولوژیکی اولیه است.,A,0.9265191555023193,A,0.9164871573448181,True,True,True,False,[0.92651916 0.04594883 0.00293741 0.02459464],[0.91648716 0.05836065 0.00334433 0.02180778]
2276,نتیجه‌گیری یک مطالعه تحقیقاتی نشان داد که افرادی که ساعات کاری بیشتری دارند، شانس بیشتری برای داشتن فشار خون بالا دارند. این نتیجه‌گیری از مطالعه‌ای بر روی ۲۰۰ مرد با سنین مختلف به‌دست آمد. این تحقیق چگونه متعصب است؟,"['حجم نمونه خیلی بزرگ بود.', 'دانشمندان این مطالعه را انجام ندادند.', 'زنان از مطالعه کنار گذاشته شدند.', 'هیچ دارویی به مردان داده نشد.']",C,مطالعه فقط روی مردان انجام شد و زنان را شامل نشد، بنابراین نتایج برای همه قابل تعمیم نیست.,C,0.7500900626182556,C,0.9931868314743042,True,True,True,True,[0.21490441 0.01532627 0.75009006 0.01967932],[5.9987064e-03 7.6264993e-04 9.9318683e-01 5.1898976e-05]
2277,کدام یک از این موارد توسط والدین به فرد منتقل می‌شود؟,"['موهای کوتاه', 'بازوهای بلند', 'گوش\u200cهای سوراخ شده', 'زخم روی پا']",B,ویژگی‌های فیزیکی مانند طول اندام‌ها از طریق ژن‌ها از والدین به ارث می‌رسند.,A,0.5669559836387634,B,0.9216752648353577,False,True,True,True,[0.566956   0.00713692 0.38966277 0.03624428],[0.06676593 0.92167526 0.00785043 0.00370828]
2278,کدام شیء بیشترین فضای اشغالی را دارد؟,"['یک کهکشان', 'یک سیاهچاله', 'یک ستاره نوترونی', 'یک منظومه شمسی']",A,کهکشان شامل میلیاردها ستاره و سیاره است و وسعت بسیار زیادی دارد، در حالی که سایر گزینه‌ها به مراتب کوچک‌تر هستند.,A,0.8074265718460083,A,0.996452808380127,True,True,True,True,[0.8074266  0.05171797 0.03136853 0.10948694],[9.9645281e-01 9.0157619e-04 1.9497951e-04 2.4507381e-03]
2279,چگونه سوابق تحقیق می‌توانند مفیدتر باشند؟,"['سوابق سرنخ\u200cهایی از اشتباهات انجام شده در تحقیق ارائه می\u200cدهند.', 'سوابق اثبات می\u200cکنند که تحقیق چندین بار انجام شده است.', 'سوابق نیاز به تکرار تحقیق را کنار می\u200cگذارند.', 'سوابق نتایج تحقیق را دقیق می\u200cسازند.']",A,سوابق با نشان دادن خطاهای قبلی، از تکرار آن‌ها جلوگیری کرده و کیفیت پژوهش را بهبود می‌بخشند.,A,0.8281777501106262,A,0.9913724660873413,True,True,True,True,[0.82817775 0.07718313 0.00717915 0.08745994],[9.9137247e-01 6.6667814e-03 2.7517093e-04 1.6856262e-03]
2280,دانش‌آموزان در حال مطالعه بر روی چگونگی تأثیر موقعیت‌های زمین و خورشید بر تغییرات در زمین هستند. پس از گذشت چهار فصل بر روی زمین، چه اتفاقی افتاده است؟,"['زمین یک دور چرخش به دور ماه را تکمیل کرده است.', 'زمین یک دور گردش به دور خورشید را تکمیل کرده است.', 'خورشید یک دور گردش به دور زمین را تکمیل کرده است.', 'ماه یک دور گردش به دور زمین را تکمیل کرده است.']",B,چهار فصل در اثر گردش زمین به دور خورشید رخ می‌دهد و تکمیل آن‌ها نشان‌دهنده پایان یک دور کامل است.,B,0.8736120462417603,B,0.9850463271141052,True,True,True,True,[0.07143087 0.87361205 0.04909367 0.0058634 ],[1.2497157e-02 9.8504633e-01 2.1716801e-03 2.8486247e-04]
2281,شباهت بین موج‌های صوتی و موج‌های نوری چیست؟,"['هر دو انرژی را حمل می\u200cکنند.', 'هر دو در خلأ حرکت می\u200cکنند.', 'هر دو ناشی از ارتعاشات هستند.', 'هر دو با سرعت یکسانی حرکت می\u200cکنند.']",A,هر دو قابلیت انتقال انرژی را دارند، اگرچه روش‌های انتقال متفاوت است.,B,0.7257868051528931,B,0.4483931362628937,False,False,False,False,[0.11086908 0.7257868  0.16131356 0.00203064],[0.3081758  0.44839314 0.24000756 0.00342352]
2282,کدام یک از این موارد پاسخ گربه‌ها به محرک‌های خارجی است؟,"['موهای پشت در زمان ترس راست می\u200cشوند', 'کاهش ضربان قلب در زمان خواب', 'حرکت مواد زائد به داخل مثانه', 'افزایش دما در هنگام عفونت']",A,گربه‌ها در برابر تهدیدهای بیرونی با راست کردن موهای بدن واکنش دفاعی نشان می‌دهند، در حالی که سایر موارد فرآیندهای داخلی هستند.,D,0.4925598204135895,A,0.9923527836799622,False,True,True,True,[0.3385311  0.14112076 0.02778832 0.49255982],[9.9235278e-01 2.4240268e-03 6.9449533e-04 4.5286790e-03]
2283,کدام روش بهترین تعیین‌کننده این است که آیا دمای آب بر مدت‌زمان حل شدن یک مکعب شکر تأثیر دارد؟,"['آزمایش سه مکعب شکر، یکی در هر دمای آب متفاوت.', 'آزمایش سه مکعب شکر در یک دمای آب.', 'آزمایش یک مکعب شکر خرد شده و یک مکعب شکر سالم در آب.', 'آزمایش سه مکعب شکر، یکی در اسید، یکی در باز و یکی در آب.']",A,برای بررسی تأثیر دما، باید تنها متغیر مستقل تغییر کند و سایر عوامل ثابت بمانند.,A,0.9826666116714478,A,0.9689443707466125,True,True,True,False,[0.9826666  0.01232172 0.00101143 0.00400028],[0.9689444  0.02567064 0.00144824 0.00393672]
2284,سوالی از یک دانش‌آموز پرسیده شد تا نموداری از زون فرورانش (سبدوکشن) تهیه کند که در آن پوسته اقیانوسی و پوسته قاره‌ای به هم برخورد می‌کنند. کدام ویژگی زمین‌شناسی باید در انتهای زون فرورانش گنجانده شود؟,"['جزیره', 'فلات', 'شکاف', 'خندق']",D,در فرورانش، صفحه اقیانوسی سنگین‌تر زیر صفحه قاره‌ای می‌رود و گودال عمیقی در کف دریا ایجاد می‌کند.,C,0.6120051741600037,D,0.9146961569786072,False,True,True,True,[0.19946663 0.15413587 0.6120052  0.03439236],[0.01695073 0.05140244 0.01695073 0.91469616]
2285,سوالی: یک توپ به سمت زمین بتنی پرتاب شده و به سمت بالا پرش می‌کند. چه نیرویی باعث می‌شود که توپ به سمت بالا پرش کند؟,"['الف) زمین', 'ب) جاذبه', 'ج) اصطکاک هوا بر روی توپ', 'د) شخصی که توپ را پرتاب می\u200cکند']",A,بر اساس قانون سوم نیوتن، زمین نیروی واکنشی برابر و مخالف به توپ وارد می‌کند که باعث جهش آن به سمت بالا می‌شود.,D,0.7496638894081116,A,0.5411011576652527,False,True,True,True,[0.05430547 0.18954471 0.00648586 0.7496639 ],[0.54110116 0.1975109  0.00777893 0.253609  ]
2286,خوان و لکیسا چند شیء را از روی یک سطح شیبدار پایین می‌غلتانند. آنها می‌خواهند ببینند کدام شی‌ء بیشتر می‌غلتد. آنها باید چه کاری انجام دهند تا بتوانند تحقیق خود را تکرار کنند؟,"['اشیاء را در گروه\u200cها تقسیم کنند.', 'ارتفاع سطح شیبدار را تغییر دهند.', 'اشیاء مختلفی برای غلتاندن انتخاب کنند.', 'جزئیات تحقیق را ضبط کنند.']",D,برای تکرار آزمایش، باید تمام مراحل و شرایط دقیقاً ثبت شوند تا امکان بازسازی وجود داشته باشد.,B,0.8152967691421509,D,0.7466020584106445,False,True,True,True,[0.1611698  0.81529677 0.01176667 0.01176667],[0.24238619 0.00635923 0.00465251 0.74660206]
2287,سیستم‌های فشار بالا مانع از صعود هوا به مناطق سردتر جو می‌شوند، جایی که آب می‌تواند متراکم شود. اگر یک سیستم فشار بالا به مدت طولانی در یک منطقه باقی بماند، احتمالاً چه اتفاقی خواهد افتاد؟,"['مه', 'باران', 'خشکسالی', 'توفان']",C,جلوگیری از صعود هوا و تشکیل ابر باعث کاهش بارش و کمبود رطوبت می‌شود.,C,0.9105302691459656,C,0.9756149053573608,True,True,True,True,[0.08403342 0.00174406 0.91053027 0.00369217],[2.2944264e-02 8.1003155e-04 9.7561491e-01 6.3085317e-04]
2288,سوال: دانش‌آموزان به تلسکوپ موریس و. آفیتمان، واقع در رصدخانه کمک‌هزینه فضایی مریلند در بالتیمور، مراجعه کردند. آنها در مورد ستاره‌ها، سیارات و ماه یاد گرفتند. دانش‌آموزان اطلاعات زیر را ثبت کردند. • الگوهای ستاره‌ای ثابت می‌مانند، اما موقعیت‌های آنها در آسمان به نظر می‌رسد که تغییر می‌کند. • خورشید، سیارات و ماه در آسمان به نظر می‌رسد که حرکت می‌کنند. • پروکسیما قنطورس نزدیک‌ترین ستاره به منظومه شمسی ماست. • قطب‌نما ستاره‌ای است که بخشی از الگوی ستاره‌ای به نام دوتایی کوچک است. کدام جمله بهترین توضیح را می‌دهد که چرا خورشید هر روز به نظر می‌رسد که در آسمان حرکت می‌کند؟,"['الف) خورشید دور زمین می\u200cچرخد.', 'ب) زمین دور خورشید می\u200cچرخد.', 'پ) خورشید حول محور خود می\u200cچرخد.', 'ت) زمین حول محور خود می\u200cچرخد.']",D,چرخش زمین باعث حرکت ظاهری خورشید در آسمان می‌شود، نه حرکت واقعی آن.,B,0.8883617520332336,B,0.6815067529678345,False,False,False,False,[0.06485744 0.88836175 0.03063648 0.01614429],[0.06388718 0.68150675 0.13524915 0.11935695]
2289,کدام حوزه موضوعی بهترین گزینه برای تحقیق به منظور پیدا کردن راه‌هایی برای کاهش مشکلات زیست‌محیطی ناشی از انسان‌ها است؟,"['تبدیل نور خورشید به برق', 'جستجو برای ذخایر جدید زغال\u200cسنگ', 'پیدا کردن مخازنی که شامل نفت هستند', 'تبدیل جنگل\u200cها به زمین\u200cهای کشاورزی']",A,انرژی پاک و تجدیدپذیر، وابستگی به سوخت‌های فسیلی را کاهش داده و آلودگی را کم می‌کند.,A,0.5843119025230408,A,0.9969831109046936,True,True,True,True,[0.5843119  0.01379548 0.00186702 0.40002564],[9.9698311e-01 1.3370637e-03 1.6475859e-04 1.5150917e-03]
2290,یک سال، درختان بلوط در یک پارک شروع به تولید آکیوهای بیشتری نسبت به معمول کردند. سال بعد، جمعیت سنجاب‌های زمینی در پارک نیز افزایش یافت. کدام یک بهترین توضیح برای افزایش سنجاب‌ها در سال بعد است؟,"['منطقه\u200cهای سایه\u200cدار افزایش یافتند.', 'منابع غذایی افزایش یافتند.', 'سطح اکسیژن افزایش یافت.', 'آب در دسترس افزایش یافت.']",B,افزایش تولید بلوط در سال اول، غذای بیشتری برای سنجاب‌ها فراهم کرد که مستقیماً باعث رشد جمعیت آن‌ها شد.,B,0.6690307259559631,B,0.9897809028625488,True,True,True,True,[0.31602773 0.6690307  0.00127151 0.01367002],[9.7224405e-03 9.8978090e-01 9.5315459e-05 4.0129307e-04]
2291,ویژگی کدام یک از یوزها احتمال بیشتری دارد که آموخته شود نه اینکه به ارث برسد؟,"['سرعت', 'پوشش خال\u200cدار', 'استراتژی\u200cهای شکار', 'ناخن\u200cهایی که جمع نمی\u200cشوند']",C,رفتارهای شکار به دلیل نیاز به یادگیری از محیط و تجربه، اکتسابی‌تر از ویژگی‌های فیزیکی ارثی هستند.,B,0.33201172947883606,C,0.8439021706581116,False,True,True,True,[0.10778843 0.33201173 0.22818811 0.33201173],[0.04234495 0.10000539 0.8439022  0.01374739]
2292,جواب: ذرات موجود در یک بلوک آهن چگونه تحت تأثیر قرار می‌گیرند زمانی که بلوک ذوب می‌شود؟,"['A) ذرات جرم بیشتری پیدا می\u200cکنند.', 'B) ذرات انرژی کمتری دارند.', 'C) ذرات سریع\u200cتر حرکت می\u200cکنند.', 'D) ذرات در حجم افزایش می\u200cیابند.']",C,با افزودن انرژی گرمایی، انرژی جنبشی ذرات افزایش یافته و سریع‌تر حرکت می‌کنند.,C,0.5601395964622498,C,0.9881207942962646,True,True,True,True,[0.23259059 0.04615901 0.5601396  0.16111079],[0.00957434 0.00100913 0.9881208  0.00129575]
2293,گیاهان و حیوانات برای رشد به غذا نیاز دارند. چه اتفاقی برای بیشتر غذایی که گیاهان تولید می‌کنند می‌افتد؟,"['غذا به صورت گاز آزاد می\u200cشود.', 'غذا به آب تبدیل می\u200cشود.', 'غذا برای استفاده\u200cهای آینده ذخیره می\u200cشود.', 'غذا برای جذب نور خورشید استفاده می\u200cشود.']",C,بیشتر غذای تولیدشده توسط گیاهان برای رشد و متابولیسم مصرف شده و مازاد آن در اندام‌های مختلف جهت استفاده بعدی انباشته می‌شود.,B,0.4805588722229004,C,0.8993933796882629,False,True,True,True,[0.42409173 0.48055887 0.04469894 0.05065053],[6.5151840e-02 3.4873266e-02 8.9939338e-01 5.8156677e-04]
2294,یک دانش‌آموز می‌خواهد تأثیر سیر را بر رشد یک گونه قارچ تعیین کند. چندین نمونه از کشت‌های قارچی در مقدار یکسانی آگار و نور رشد می‌کنند. به هر نمونه مقدار متفاوتی سیر داده می‌شود. متغیر مستقل در این تحقیق چیست؟,"['مقدار آگار', 'مقدار نور', 'مقدار سیر', 'مقدار رشد']",C,عامل دستکاری‌شده توسط پژوهشگر برای بررسی تأثیر بر رشد قارچ است.,C,0.9960405826568604,C,0.996557891368866,True,True,True,True,[2.8251279e-03 4.1991778e-04 9.9604058e-01 7.1430416e-04],[3.2217745e-03 1.3719971e-04 9.9655789e-01 8.3215818e-05]
2295,مدل‌های علمی بسیار رایج هستند. برای کدامیک از اهداف زیر، یک مدل فیزیکی کمترین کمک را خواهد کرد؟,"['شبیه\u200cسازی پدیده\u200cهای علمی', 'ساده\u200cسازی یک ایده پیچیده', 'اجازه دادن به تجسم', 'نشان دادن داده\u200cها']",D,مدل‌های فیزیکی برای نمایش اطلاعات آماری مناسب نیستند و ابزارهای دیگری کارآمدترند.,A,0.6394443511962891,C,0.4489842355251312,False,False,False,False,[0.63944435 0.2084097  0.07607299 0.07607299],[0.2723227  0.11352099 0.44898424 0.16517207]
2296,در طی یک تحقیق، حرارت از یک مایع به محیط منتقل شد. کدام جفت توضیحات می‌تواند به بهترین نحو این نتیجه را توضیح دهد؟,"['الف) دمای مایع افزایش یافت، یا مایع گاز شد.', 'ب) دمای مایع افزایش یافت، یا مایع جامد شد.', 'ج) دمای مایع کاهش یافت، یا مایع گاز شد.', 'د) دمای مایع کاهش یافت، یا مایع جامد شد.']",D,انتقال حرارت از مایع به محیط باعث کاهش دمای آن می‌شود و در صورت کافی بودن این کاهش، مایع منجمد و جامد می‌گردد.,A,0.9467543363571167,D,0.9706175923347473,False,True,True,True,[0.94675434 0.00830379 0.00830379 0.03663802],[0.02556473 0.00112324 0.0026945  0.9706176 ]
2297,چشم‌خواب‌های آزمایشگاهی به همراه غذای معمولی خود به توت‌فرنگی، توت‌زمینی یا مکمل‌های اسفناج تغذیه شدند. پس از هشت هفته، به این چَشم‌خواب‌ها آزمون‌های حافظه و مهارت‌های حرکتی داده شد. چَشم‌خواب‌هایی که مکمل توت‌فرنگی دریافت کرده‌ بودند، بیشترین پیشرفت را نشان دادند. کدام یک از این گزینه‌ها متغیر مستقل (دستکاری شده) در این تحقیق است؟,"['آزمون مهارت\u200cهای حرکتی', 'فرآیند پیری', 'آزمون حافظه', 'مکمل\u200cها']",D,عامل تغذیه‌ای که توسط محقق تغییر داده شد و تأثیر آن بر عملکرد حیوانات بررسی گردید.,D,0.9840528964996338,D,0.9968582391738892,True,True,True,True,[1.4133044e-02 1.6879514e-03 1.2615621e-04 9.8405290e-01],[2.75655999e-03 2.81600340e-04 1.03594975e-04 9.96858239e-01]
2298,جانِت یک تحقیق انجام می‌دهد تا ببیند کدام غذاها او را بیشتر خسته می‌کنند. او هر روز در یک زمان مشخص یکی از چهار غذای مختلف را به مدت چهار روز می‌خورد و سپس احساساتش را ثبت می‌کند. او از دوستش، کارمن، می‌خواهد که همان تحقیق را انجام دهد تا ببیند آیا نتایج مشابهی می‌گیرد یا نه. کدام یک از این موارد انجام این تحقیق را دشوارتر می‌کند؟,"['اندازه\u200cگیری مقدار خستگی', 'اطمینان از خوردن همان غذاها', 'ثبت مشاهدات در یک نمودار مشابه', 'اطمینان از اینکه غذاها در دمای یکسان هستند']",A,برای مقایسه نتایج، هر دو باید دقیقاً یک نوع غذا بخورند. تفاوت در مواد یا پخت، مقایسه را بی‌معنا می‌کند.,A,0.4521319270133972,D,0.5863596200942993,True,False,False,False,[0.45213193 0.14736025 0.00305836 0.39744946],[0.13186066 0.27697667 0.00480302 0.5863596 ]
2299,تقریباً ۵۰ میلیون هکتار از جنگل‌های بارانی گرمسیری هر ساله قطع می‌شود. کدام اثر احتمالاً ناشی از قطع این جنگل‌ها خواهد بود؟,"['کاهش در فرسایش خاک', 'کاهش در تنوع زیستی', 'بهبود در کیفیت هوا', 'بهبود در کیفیت آب']",B,نابودی زیستگاه‌ها و کاهش گونه‌های گیاهی و جانوری، تنوع زیستی را به شدت کاهش می‌دهد.,B,0.953370213508606,B,0.9974793791770935,True,True,True,True,[4.2175490e-02 9.5337021e-01 5.9227413e-04 3.8621123e-03],[2.0179991e-03 9.9747938e-01 3.8514184e-04 1.1746163e-04]
2300,کدام عمل نمایانگر یک روش ایمنی در آزمایشگاه نیست؟,"['چشیدن نمونه\u200cهای شیمیایی', 'استفاده از دستکش\u200cهای مقاوم به گرما اگر شیشه\u200cکاری داغ باشد', 'بستن موهای بلند', 'شستن پاشش شیمیایی با مقدار زیادی آب']",A,چشیدن مواد شیمیایی خطرناک است و برخلاف اصول ایمنی آزمایشگاهی محسوب می‌شود، زیرا می‌تواند باعث مسمومیت یا آسیب شود.,C,0.8668288588523865,C,0.8337732553482056,False,False,False,False,[0.09207965 0.02054575 0.86682886 0.02054575],[0.09958002 0.04703827 0.83377326 0.01960847]
2301,سو میزان شکر را که در یک فنجان آب سرد، یک فنجان آب گرم و یک فنجان آب داغ حل می‌شود، اندازه‌گیری کرد. او احتمالاً چه چیزی را مشاهده کرده است؟,"['آب سرد بیشترین شکر را حل کرد.', 'آب گرم بیشترین شکر را حل کرد.', 'آب داغ بیشترین شکر را حل کرد.', 'آب سرد، آب گرم و آب داغ به یک میزان شکر را حل کردند.']",C,حلالیت شکر در آب با افزایش دما بیشتر می‌شود، بنابراین دمای بالاتر باعث حل شدن مقدار بیشتری می‌شود.,B,0.5658735036849976,B,0.9916766881942749,False,False,False,False,[0.30289027 0.5658735  0.00497286 0.12626345],[7.5126225e-03 9.9167669e-01 2.4915868e-04 5.6148774e-04]
2302,گونه‌های مختلفی از جوندگان گیاه‌خوار در همان اکوسیستم زندگی می‌کردند. کدام عامل احتمالاً افزایش پیدا کرد و موجب افزایش رقابت برای منابع بین جوندگان شد؟,"['باروری خاک', 'جمعیت تولیدکنندگان در منطقه', 'مقدار پسماند غذایی که توسط شکارچیان باقی می\u200cماند', 'نرخ جابه\u200cجایی مصرف\u200cکنندگان اولیه به منطقه']",D,افزایش منابع غذایی باعث رشد جمعیت و تشدید رقابت بین گونه‌ها می‌شود.,C,0.5210366249084473,B,0.8305978178977966,False,False,False,False,[0.11671401 0.35950446 0.5210366  0.00274485],[0.04167736 0.8305978  0.12638505 0.00133972]
2303,یک انسان نمی‌تواند از دست دادن کدام یک از موارد زیر زنده بماند؟,"['آپاندیس', 'کبد', 'ریه', 'کلیه']",B,بدون این عضو، سم‌زدایی و متابولیسم مختل می‌شود و بقا غیرممکن است.,A,0.8557300567626953,A,0.8716249465942383,False,False,False,False,[0.85573006 0.06235316 0.00185371 0.08006305],[0.87162495 0.07210849 0.00670713 0.04955939]
2304,با وجود اینکه هر دو به یک خانواده تعلق دارند، یک عقاب و یک پلیکان متفاوت هستند. یکی از تفاوت‌های آن‌ها چیست؟,"['تمایل آن\u200cها به خوراکی خوراکی', 'توانایی پرواز آن\u200cها', 'روش باروری آن\u200cها', 'روش گرفتن غذا توسط آن\u200cها']",D,عقاب با پنجه شکار می‌کند، اما پلیکان از کیقه منقار برای صید استفاده می‌نماید.,B,0.4242631793022156,D,0.9628488421440125,False,True,True,True,[0.22709173 0.42426318 0.12155344 0.22709173],[3.2818429e-02 3.9196019e-03 4.1312305e-04 9.6284884e-01]
2305,آتش‌سوزی‌های جنگلی در بسیاری از مناطق به دلیل شرایط خشکسالی رخ می‌دهد. اگر شرایط خشکسالی برای مدت طولانی ادامه یابد، کدام یک ممکن است تهدیدی برای بازگشت درختان باشد؟,"['کاهش ضخامت خاک', 'کاهش میزان فرسایش', 'افزایش جمعیت باکتری\u200cها', 'افزایش تولید اکسیژن']",A,خشکسالی طولانی خاک را نازک می‌کند و مواد مغذی لازم برای رشد مجدد درختان را کاهش می‌دهد.,A,0.8883649110794067,A,0.9141569137573242,True,True,True,True,[0.8883649  0.03451299 0.07306399 0.00405808],[9.1415691e-01 1.0017468e-02 7.5185269e-02 6.4039533e-04]
2306,تکامل زیستی می‌تواند از تمام این موارد رخ دهد به جز,"['رقابت.', 'فسیل\u200cسازی.', 'تنوع.', 'سازگاری.']",B,تکامل از طریق سازوکارهای طبیعی رخ می‌دهد، اما فسیل‌سازی تنها نتیجهٔ حفظ بقایا است و نه علت تکامل.,B,0.7888936996459961,B,0.9986704587936401,True,True,True,True,[0.1365547  0.7888937  0.01004777 0.06450388],[1.1602232e-03 9.9867046e-01 6.1489576e-05 1.0791756e-04]
2307,یک اکوسیستم آتش‌سوزی اوج به آتش‌سوزی‌های دوره‌ای جنگل برای حفظ ثبات نیاز دارد. کدام‌یک از این موارد به‌طور خاص می‌تواند نتیجه جلوگیری از وقوع آتش‌سوزی‌های طبیعی در این اکوسیستم باشد؟,"['گونه\u200cهای کاج سریع\u200cتر تولیدمثل خواهند کرد.', 'گونه\u200cهای پهن\u200cبرگ جایگزین گونه\u200cهای کاج خواهند شد.', 'مناطق سوخته به\u200cراحتی کنترل خواهند شد.', 'درختان به مناطق قبلاً بی\u200cدرخت گسترش می\u200cیابند.']",B,جلوگیری از آتش باعث تجمع مواد آلی و سایه‌افزونی می‌شود که شرایط را برای رشد گونه‌های پهن‌برگ فراهم کرده و گونه‌های کاج را تضعیف می‌کند.,A,0.5230820775032043,C,0.7981629967689514,False,False,False,False,[0.5230821  0.11671539 0.31726533 0.04293719],[0.15716761 0.02094056 0.798163   0.02372876]
2308,عطارد، نزدیک‌ترین سیاره به خورشید، دارای دماهای سطحی_extreme است که از ۴۶۵ درجه سانتی‌گراد در نور خورشید تا -۱۸۰ درجه سانتی‌گراد در تاریکی متغیر است. چرا این چنین دامنه وسیعی از دماها در عطارد وجود دارد؟,"['سیاره خیلی کوچک است و نمی\u200cتواند گرما را نگه دارد.', 'این سیاره فقط از یک طرف گرم می\u200cشود.', 'این سیاره گرما را از سمت تاریک خود منعکس می\u200cکند.', 'این سیاره جو ندارد که گرما را نگه دارد.']",D,جو بسیار نازک عطارد قادر به حفظ و توزیع گرما نیست، بنابراین سمت روشن بسیار گرم و سمت تاریک بسیار سرد می‌شود.,B,0.8989654779434204,A,0.543316662311554,False,False,False,False,[0.05769387 0.8989655  0.03965238 0.00368825],[0.54331666 0.32953823 0.03419458 0.09295052]
2309,کدام جمله یک نظر است؟,"['بسیاری از گیاهان سبز هستند.', 'بسیاری از گیاهان زیبا هستند.', 'گیاهان به نور خورشید نیاز دارند.', 'گیاهان می\u200cتوانند در مکان\u200cهای مختلف رشد کنند.']",B,زیبایی یک مفهوم ذهنی و غیرقابل اندازه‌گیری است، برخلاف حقایق عینی دیگر که مبتنی بر مشاهده علمی هستند.,B,0.5052171945571899,B,0.9448645114898682,True,True,True,True,[0.2704233  0.5052172  0.06033959 0.16402   ],[0.03183023 0.9448645  0.0170375  0.00626774]
2310,آماندا و جیک درباره اشکال حرکتی و پتانسیل انرژی در یک مدار الکتریکی ساده یاد گرفتند. مداری که آنها مطالعه می‌کنند دارای یک باتری، سیم‌ها و یک لامپ می‌باشد. کدام یک از این موارد یک شکل از انرژی پتانسیل در مدار است؟,"['انرژی شیمیایی در باتری', 'انرژی نوری از لامپ', 'انرژی گرمایی از دست رفته از سیم\u200cهای برقی', 'انرژی الکتریکی در حال حرکت از طریق لامپ']",A,انرژی ذخیره‌شده در باتری که قابلیت تبدیل به سایر انواع انرژی را دارد، پتانسیل محسوب می‌شود.,A,0.9918144345283508,A,0.9970876574516296,True,True,True,True,[9.9181443e-01 1.3268886e-03 9.1195630e-04 5.9467023e-03],[9.9708766e-01 6.9712789e-04 5.4292381e-04 1.6723231e-03]
2311,یک آتشفشان فوران می‌کند و مناطق اطراف را با گدازه و خاکستر آتشفشانی پوشش می‌دهد. هنگامی که اکوسیستم شروع به بازسازی می‌کند، کدام نوع گیاه احتمالاً اولین گیاه خواهد بود که زمین اطراف فوران را استعمار کند؟,"['خزه ها', 'گل های وحشی', 'درختان چوب سخت', 'بوته های همیشه سبز']",A,گیاهان پیشگام در خاک فقیر رشد می‌کنند و زمینه را برای گونه‌های دیگر فراهم می‌سازند.,A,0.6814182996749878,A,0.9793044328689575,True,True,True,True,[0.6814183  0.06338178 0.00452018 0.2506798 ],[9.7930443e-01 9.6054524e-03 2.0568300e-04 1.0884403e-02]
2312,کدام ابزار آشپزی کمترین تأثیر را بر محیط زیست دارد؟,"['گریل گازی', 'تابه برقی', 'فر مایکروویو', 'آشپزخانه خورشیدی']",D,این وسیله از انرژی تجدیدپذیر خورشید بهره می‌برد و هیچ آلودگی یا مصرف سوخت فسیلی ایجاد نمی‌کند.,D,0.4977644979953766,B,0.7462928295135498,True,False,False,False,[0.20749912 0.26643416 0.0283022  0.4977645 ],[0.00954238 0.7462928  0.00187901 0.2422858 ]
2313,کامرون در حال خرید یک میز جدید است. او می‌خواهد اطمینان حاصل کند که میز در گوشه اتاقش جا می‌شود. هنگام خرید میز جدید، کدامیک از موارد زیر به بهترین نحو به او کمک خواهد کرد تا مطمئن شود که میز جا می‌شود؟,"['عکسی که فرش اتاقش را نشان می\u200cدهد', 'نقشه\u200cای از اندازه\u200cهای اتاقش', 'طرحی که نشان می\u200cدهد چگونه یک میز را سر هم کند', 'فهرستی از ابزارهایی که برای سر هم کردن میز نیاز دارد']",B,مقایسه ابعاد میز با فضای اتاق تنها با دانستن اندازه دقیق آن ممکن است.,B,0.9864555597305298,B,0.9614750146865845,True,True,True,False,[1.2272974e-02 9.8645556e-01 8.8905118e-04 3.8237614e-04],[2.582340e-02 9.614750e-01 1.219811e-02 5.034761e-04]
2314,فتوسنتز چه چیزی تولید می‌کند که به رشد گیاهان کمک می‌کند؟,"['آب', 'اکسیژن', 'پروتئین', 'قند']",D,فتوسنتز [MASK] تولید می‌کند که منبع انرژی برای رشد گیاه است.,A,0.94681715965271,B,0.9868038296699524,False,False,False,False,[0.94681716 0.01970822 0.00098121 0.03249336],[9.5242988e-03 9.8680383e-01 9.4303326e-04 2.7287572e-03]
2315,کدام‌یک از گزینه‌های زیر احتمالاً بیشتر به اکوسیستم باتلاقی آسیب می‌زند؟,"['ساخت یک پروژه مسکونی', 'کاشت گل\u200cهای وحشی بومی', 'یک دوره بارش شدید', 'ضربه صاعقه']",A,ساخت‌وساز مسکونی باعث تخریب دائمی زیستگاه و تغییر الگوی آبی این محیط حساس می‌شود.,A,0.7824176549911499,A,0.9981154203414917,True,True,True,True,[0.78241765 0.00149867 0.19782616 0.0182575 ],[9.9811542e-01 7.0814410e-04 6.2493497e-04 5.5150315e-04]
2316,یک دانش‌آموز دو قابلمه آب را روی اجاق با بالاترین تنظیم گرم می‌کند. یک قابلمه حاوی ۱ لیتر آب و قابلمه دیگر حاوی ۳ لیتر آب است. دانش‌آموز هر دو قابلمه را تا زمانی که آب به جوش بیاید، گرم می‌کند. کدام یک از بیانیه‌های زیر بهترین توصیف کنندهٔ اتفاقی است که برای آب در قابلمه‌ها می‌افتد؟,"['آب در هر دو قابلمه در یک زمان به جوش می\u200cآید.', 'آب در هر دو قابلمه در یک دما به جوش می\u200cآید.', 'آب ۳ لیتر گرم\u200cتر از آب ۱ لیتر می\u200cشود قبل از اینکه به جوش بیاید.', 'آب ۳ لیتر سریع\u200cتر از آب ۱ لیتر گرما را جذب می\u200cکند.']",B,نقطه جوش آب در فشار استاندارد ثابت است و به حجم آن بستگی ندارد، بنابراین هر دو در دمای یکسان به جوش می‌آیند.,A,0.42981502413749695,A,0.7103959321975708,False,False,False,False,[0.42981502 0.13954051 0.37931043 0.05133409],[0.71039593 0.04577028 0.23244065 0.01139312]
2317,کدام یک از موارد زیر به احتمال زیاد نتیجه بریدن مناطق بزرگ و پیوسته جنگل خواهد بود؟,"['درصد اکسیژن در آن ناحیه افزایش خواهد یافت.', 'مقدار فرسایش در آن ناحیه افزایش خواهد یافت.', 'تنوع گونه\u200cها در ناحیه افزایش خواهد یافت.', 'مواد مغذی خاک در آن ناحیه افزایش خواهد یافت.']",B,جنگل‌زدایی پوشش گیاهی را حذف می‌کند که خاک را تثبیت می‌کرد، بنابراین فرسایش افزایش می‌یابد.,B,0.7302456498146057,B,0.9938365817070007,True,True,True,True,[0.098828   0.73024565 0.16293983 0.00798653],[0.00316935 0.9938366  0.00149709 0.00149709]
2318,گروهی می‌خواهد بداند که آیا تعداد پرندگان آبزی که از آرکانزاس عبور می‌کنند هر سال تغییر می‌کند یا خیر. چه روشی باید استفاده کنند تا این اطلاعات را جمع‌آوری کنند؟,"['در یکی از سال\u200cها تا حد امکان پرنده بگیرید. داده\u200cها راجع به مکان هر پرنده جمع\u200cآوری کنید.', 'در اولین روز بهار سال آینده، تعداد پرندگان در بزرگترین دریاچه ایالت را بشمارید. داده\u200cها را با سال گذشته مقایسه کنید.', 'یک ناظر در یک نقطه از مرز ایالت قرار دهید. از آن شخص بخواهید پرندگان را زمانی که به ایالت پرواز می\u200cکنند بشمارد. این کار را به مدت دو سال انجام دهید.', 'یک روز در سال را در هنگام مهاجرت انتخاب کنید. تعداد پرندگان را در ده دریاچه مختلف در ایالت بشمارید. این کار را هر سال در همان روز به مدت ده سال تکرار کنید.']",D,شمارش سالانه در روز و مکان‌های ثابت، امکان ردیابی تغییرات جمعیت پرندگان مهاجر در بلندمدت را فراهم می‌کند.,C,0.8835934400558472,C,0.761520504951477,False,False,False,False,[0.08202663 0.02663015 0.88359344 0.00774982],[0.13337031 0.07138798 0.7615205  0.0337213 ]
2319,ماهی‌های پشه‌ای که در جزایر باهاماس یافت می‌شوند، در برکه‌های آب شیرین جداگانه‌ای زندگی می‌کنند که هر کدام زمانی یک منبع آب واحد بودند. زمانی که چندین ماهی پشه نر و ماده از دو برکه جداگانه گرفته شده و در یک برکه واحد گذاشته می‌شوند، ترجیح تولید مثلی هر ماهی پشه برای ماهی‌های از برکه اصلی خود است. کدام یک از این گزینه‌ها احتمالاً موجب این ترجیح تولید مثل شده است؟,"['دسترس\u200cپذیری غذا بر ترجیحات تولید مثل ماهی\u200cها تأثیر گذاشته است.', 'رقابت برای یافتن جفت مناسب بر ترجیحات تولید مثل تأثیر گذاشته است.', 'شکارچیان در برکه بر ترجیحات تولید مثل ماهی\u200cها تأثیر گذاشته\u200cاند.', 'نوع\u200cآوری به دلیل جداسازی تولید مثل بر ترجیحات تولید مثل تأثیر گذاشته است.']",D,جداسازی طولانی‌مدت جمعیت‌ها باعث تفاوت‌های رفتاری و فیزیولوژیکی شده که ترجیح جفت‌گیری با همنوعان اصلی را ایجاد می‌کند.,A,0.9413703083992004,B,0.5497754812240601,False,False,False,False,[0.9413703  0.02827465 0.00208046 0.02827465],[0.3778548  0.5497755  0.01442388 0.05794591]
2320,دانش‌آموزان در حال تحقیق در مورد چگونگی عملکرد زنگ در هستند. کدامیک از موارد زیر به احتمال زیاد یک مشاهده در طول تحقیق است؟,"['تمامی زنگ\u200cهای در صداهای زیبایی تولید می\u200cکنند.', 'یک باتری بهترین منبع تغذیه برای زنگ در است.', 'اکثر مردم ترجیح می\u200cدهند از زنگ در به جای کوبیدن استفاده کنند.', 'زنگ در از یک تکه سیم که دور یک آهن ربا پیچیده شده است، استفاده می\u200cکند.']",D,این گزینه یک واقعیت فیزیکی قابل مشاهده و تأیید مستقیم را توصیف می‌کند، برخلاف نظرات شخصی یا ترجیحات موجود در دیگر موارد.,C,0.6606338024139404,D,0.48406046628952026,False,True,True,True,[0.21531583 0.02234228 0.6606338  0.10170799],[0.42718187 0.03094495 0.05781278 0.48406047]
2321,کدام یک از موارد زیر بهترین توصیف را از جرم یک بلوک جامد یخ ارائه می‌دهد؟,"['مقدار ماده موجود در بلوک', 'مقدار فضایی که بلوک اشغال می\u200cکند', 'نیروی جاذبه\u200cای که بر روی بلوک عمل می\u200cکند', 'فاصله بین مولکول\u200cها در بلوک']",A,جرم نشان‌دهنده مقدار ماده در جسم است و به حجم، وزن یا فاصله مولکولی وابسته نیست.,B,0.9122246503829956,A,0.9868610501289368,False,True,True,True,[7.4297242e-02 9.1222465e-01 5.6726643e-04 1.2910925e-02],[9.8686105e-01 1.1092265e-02 3.4559006e-04 1.7010538e-03]
2322,در اورگلیدز، وضعیت بدنی تمساح آمریکایی به شدت با عمق آب ارتباط دارد. هنگامی که سطح آب بیش از حد بالا می‌رود، گونه‌های جانوری در مناطق وسیع‌تری پراکنده می‌شوند و این امر منجر به کاهش وضعیت بدنی به دلیل عدم توانایی در یافتن منابع غذایی کافی می‌شود. هنگامی که سطح آب پایین می‌آید، گونه‌های جانوری در مناطق کوچک‌تری جمع می‌شوند و این امکان را به تمساح‌ها می‌دهد که به طور موثرتری شکار کنند. این سناریو نمونه‌ای از این است که بقا و زنده ماندن تمساح‌ها به محدودیت کدام عامل بستگی دارد؟,"['نرخ تجزیه', 'مساحت زیستگاه طعمه', 'خروجی تولیدکننده', 'چرخش آب']",B,پراکندگی طعمه بر اساس سطح آب، دسترسی به غذا را تعیین می‌کند و بقای تمساح را محدود می‌سازد.,B,0.52756667137146,B,0.995557963848114,True,True,True,True,[0.31998536 0.5275667  0.00129753 0.15115039],[3.5660816e-03 9.9555796e-01 2.8983384e-05 8.4701867e-04]
2323,باد یک منبع طبیعی است که به سواحل southeastern خلیج چساپیک سود می‌رساند. چگونه می‌توان این بادها بهترین سود را برای انسان‌ها داشته باشند؟,"['بادها می\u200cتوانند نشت\u200cهای نفتی را به داخل خلیج بدمند.', 'بادها می\u200cتوانند به سوخت\u200cهای فسیلی تبدیل شوند.', 'بادها می\u200cتوانند آلودگی هوا را به سمت زمین بدمند.', 'بادها می\u200cتوانند به انرژی الکتریکی تبدیل شوند.']",D,باد با تبدیل به برق توسط توربین‌ها، منبع انرژی پاک و پایدار برای مناطق ساحلی فراهم می‌کند.,D,0.924712061882019,D,0.9472767114639282,True,True,True,True,[6.6594571e-02 7.9535870e-03 7.3979888e-04 9.2471206e-01],[4.6430949e-02 5.9030326e-03 3.8934720e-04 9.4727671e-01]
2324,معلم علوم جوآن به کلاس هشدار داد که در هنگام یادگیری دربارهٔ کشفیات جدید علمی شک و تردید داشته باشند. چرا مهم است که در مورد کشفیات جدید در علم شک و تردید داشته باشیم؟,"['زیرا بسیاری از کشفیات علمی بر اساس حقایق نیستند', 'زیرا بیشتر کشفیات علمی هیچ ارزش علمی ندارند', 'زیرا بیشتر دانشمندان در فرموله کردن کشفیات علمی اشتباه می\u200cکنند', 'زیرا همه کشفیات علمی باید به\u200cطور انتقادی مورد بررسی قرار گیرند تا بتوانند پذیرفته شوند']",D,علم بر پایه ارزیابی دقیق و تأیید شواهد استوار است تا از اعتبار و صحت یافته‌ها اطمینان حاصل شود.,D,0.9565319418907166,D,0.9429712295532227,True,True,True,False,[4.2027082e-02 1.2494322e-03 1.9160662e-04 9.5653194e-01],[5.4036558e-02 2.6903215e-03 3.0184575e-04 9.4297123e-01]
2325,آب‌های خاکستری به آب‌های خروجی از خانه‌ها اشاره دارد که از سینک‌ها و وان‌ها به دست می‌آید. این آب‌ها شامل مواد بیولوژیکی انسانی نیستند، بنابراین می‌توان از آن‌ها مجدداً استفاده کرد به جای اینکه به عنوان فاضلاب درمان شوند. کدام استفاده‌ها از آب‌های خاکستری مدیریت خوبی را نشان می‌دهد؟,"['شستن ظرف\u200cها و نوشیدن', 'نوشیدن و آبیاری باغچه\u200cهای گل', 'آبیاری باغچه\u200cهای گل و آب دادن به درختان', 'آب دادن به درختان و شستن ظرف\u200cها']",C,برای مصارف غیرخوراکی مانند آبیاری گیاهان مناسب است و هدررفت آب را کاهش می‌دهد.,C,0.6459473967552185,C,0.6680935621261597,True,True,True,True,[0.14356843 0.11181121 0.6459474  0.09867305],[0.07041654 0.24577789 0.66809356 0.01571205]
2326,کدام مقایسه از پروانه‌ها و شب‌پره‌ها بیان‌گر یک حقیقت است؟,"['پروانه\u200cها زیباتر و تماشای آن\u200cها سرگرم\u200cکننده\u200cتر از شب\u200cپره\u200cها هستند.', 'پروانه\u200cها در پرواز کردن بهتر از شب\u200cپره\u200cها هستند.', 'پروانه\u200cها و شب\u200cپره\u200cها در طول روز بسیار شادتر هستند.', 'پروانه\u200cها و شب\u200cپره\u200cها از نظر تعداد پاها برابر هستند.']",D,هر دو حشره متعلق به یک راسته بوده و هر کدام شش پا دارند که از نظر علمی تعداد پاهایشان برابر است.,A,0.38514259457588196,D,0.9862561821937561,False,True,True,True,[0.3851426  0.3851426  0.0463595  0.18335536],[1.23426002e-02 1.30090048e-03 1.00314675e-04 9.86256182e-01]
2327,به عنوان یک زیستگاه با برکه‌ای کوچک که از یک خشکسالی طولانی عبور می‌کند، کدام یک از این موارد بیشتر احتمال دارد برای بسیاری از ماهی‌ها در برکه اتفاق بیفتد؟,"['آنها به محیط خشک عادت می\u200cکنند.', 'آنها از منابع دیگر آب استفاده می\u200cکنند.', 'آنها به زیستگاه دیگری منتقل می\u200cشوند.', 'آنها قادر به بقاء نخواهند بود.']",D,کاهش شدید آب و منابع غذایی، امکان زنده‌ماندن ماهی‌ها را از بین می‌برد.,C,0.5688501000404358,D,0.897537112236023,False,True,True,True,[0.18467858 0.237132   0.5688501  0.0093394 ],[0.05083376 0.01265352 0.0389756  0.8975371 ]
2328,یک آزمایش در یک ظرف محصور انجام می‌شود. دمای اولیه ظرف ۷۰ درجه فارنهایت و فشار هوای آن ۲۰ psi است. ظرف گرم می‌شود و فشار داخل ظرف به صورت یکنواخت با افزایش دما افزایش می‌یابد. اگر ظرف دوباره به دمای ۷۰ درجه فارنهایت خنک شود، فشار هوای آن چقدر خواهد بود؟,"['۱۰ psi', '۲۰ psi', '۳۰ psi', '۴۰ psi']",B,حجم ثابت است و با بازگشت دما به مقدار اولیه، فشار نیز به حالت اول برمی‌گردد.,C,0.46295154094696045,B,0.9208662509918213,False,True,True,True,[0.11889579 0.19602601 0.46295154 0.22212657],[0.02737663 0.92086625 0.03515229 0.01660477]
2329,نظریه مدرن اتم بهترین توصیف را به عنوان نتیجه کدام یک از این فعالیت ها دارد؟,"['آزمایش\u200cهای جان دالتون در اوایل دهه ۱۸۰۰', 'مکالمات بین دو دانشمند مهم', 'تحقیقات بسیاری از دانشمندان در طول سال\u200cهای متوالی', 'ایده\u200cهای اتم\u200cها توسط دموکریتوس بیش از ۲۰۰۰ سال پیش']",C,این نظریه حاصل تلاش‌های پیوسته و جمعی دانشمندان در طول تاریخ است.,C,0.8700274229049683,C,0.9813401103019714,True,True,True,True,[0.10390996 0.01384466 0.8700274  0.01221787],[1.7973872e-02 5.0987949e-04 9.8134011e-01 1.7620964e-04]
2330,کدام بخش از دستگاه گوارش ابتدا باعث تغییرات شیمیایی در غذا می‌شود؟,"['دندان\u200cها در دهان', 'سالiva در دهان', 'آنزیم\u200cها در معده', 'آنزیم\u200cها در روده کوچک']",B,تجزیه کربوهیدرات‌ها در دهان با آنزیم موجود در مایع دهان آغاز می‌شود، که اولین تغییر شیمیایی است.,B,0.8406334519386292,B,0.6767339706420898,True,True,True,False,[0.05363504 0.84063345 0.03686279 0.06886876],[3.1966648e-01 6.7673397e-01 4.4102254e-04 3.1584795e-03]
2331,سوال: اندازه‌ها و رنگ‌های مختلفی از ستارگان وجود دارد. کدامیک از گزینه‌های زیر بهترین توصیف کننده‌ی دسته‌ای است که خورشید در آن قرار می‌گیرد؟,"['الف) ستارگان فوق غول آبی', 'ب) ستارگان غول قرمز', 'ج) ستارگان زرد اصلی', 'د) ستارگان کوتوله سفید']",C,خورشید در مرحله پایدار زندگی خود قرار دارد و در دسته‌ای طبقه‌بندی می‌شود که ستارگان زرد رنگ هستند و انرژی را از همجوشی هیدروژن تولید می‌کنند.,A,0.4651053845882416,C,0.9230879545211792,False,True,True,True,[0.46510538 0.14982253 0.28210068 0.10297143],[0.05947387 0.00710314 0.92308795 0.01033501]
2332,کدام یک از این اشیاء احتمالاً در آب شناور خواهد ماند؟,"['ماربل شیشه\u200cای', 'توپ فولادی', 'توپ لاستیکی سخت', 'توپ تنیس روی میز']",D,چگالی کم به دلیل ساختار سبک و هوادار باعث شناوری در آب می‌شود.,B,0.9414982199668884,C,0.8928288221359253,False,False,False,False,[0.05280538 0.9414982  0.00302599 0.00267043],[0.07300213 0.03091105 0.8928288  0.003258  ]
2333,جرم هوایی در ارتفاع 1000 متری در مرکز فشار پایین یک طوفان در نیمکره شمالی قرار دارد. کدامیک از گزینه‌های زیر به‌طور بهترین بیان‌گر حرکت ذرات هوا در این جرم هوا به‌دلیل شرایط طوفان و چرخش زمین در حینی که این جرم هوا به سمت خارج حرکت می‌کند، است؟,"['ذرات هوا به سمت بالا و چپ حرکت می\u200cکنند.', 'ذرات هوا به سمت بالا و راست حرکت می\u200cکنند.', 'ذرات هوا به سمت پایین و چپ حرکت می\u200cکنند.', 'ذرات هوا به سمت پایین و راست حرکت می\u200cکنند.']",B,در نیمکره شمالی، هوای همگرا شده در مرکز کم‌فشار به سمت بالا حرکت می‌کند و اثر کوریولیس آن را به راست منحرف می‌نماید.,A,0.5641329288482666,A,0.7228060960769653,False,False,False,False,[0.5641329  0.30195862 0.00704612 0.12686232],[0.7228061  0.2659055  0.00332121 0.00796716]
2334,بیشتر اکسیژن موجود در جو توسط جلبک‌ها تولید می‌شود. بیشتر جلبک‌ها در کجا زندگی می‌کنند؟,"['اقیانوس ساحلی', 'اقیانوس عمیق', 'برکه\u200cها', 'دریاچه\u200cها']",A,جلبک‌ها که تولیدکنندگان اصلی اکسیژن هستند، در آب‌های ساحلی به دلیل نور و مواد مغذی فراوان رشد بهینه دارند.,A,0.735565721988678,A,0.9982376098632812,True,True,True,True,[0.7355657  0.05328421 0.1641269  0.04702314],[9.9823761e-01 1.0436353e-03 2.2570197e-04 4.9297838e-04]
2335,یک دانشمند در حین انجام یک تحقیق یک کشف می‌کند، اما نمی‌تواند سوابق روشنی از آزمایش‌های انجام شده حفظ کند. کمبود این سواد، چگونه بر کار یک دانشمند تأثیر می‌گذارد؟,"['این روش\u200cها و نتایج را باطل می\u200cکند.', 'این باعث نادرست شدن داده\u200cهای حاصل از مطالعه می\u200cشود.', 'این مانع از تأیید نتایج توسط دیگر دانشمندان می\u200cشود.', 'این مانع از توسعه\u200cی فرضیات جدید توسط دیگر دانشمندان می\u200cشود.']",C,بدون مستندات، تکرار آزمایش و تأیید یافته‌ها توسط دیگران غیرممکن می‌شود.,B,0.8028033971786499,C,0.42968589067459106,False,True,True,True,[0.15715781 0.8028034  0.021269   0.01876982],[0.17911972 0.2953185  0.4296859  0.09587588]
2336,استخراج سطحی زغال سنگ شامل برداشتن تمام پوشش گیاهی و سنگ‌های بالای زغال سنگی است که استخراج می‌شود. کدام دو زیربخش زمین به طور فوری تحت تأثیر استخراج سطحی قرار می‌گیرند؟,"['Lithosphere و Atmosphere', 'Biosphere و Hydrosphere', 'Lithosphere و Biosphere', 'Atmosphere و Hydrosphere']",C,این روش مستقیماً پوشش گیاهی و لایه‌های سنگی را حذف می‌کند.,C,0.5962332487106323,C,0.9823310375213623,True,True,True,True,[0.03796732 0.36304912 0.59623325 0.00275034],[3.54283908e-03 1.40121989e-02 9.82331038e-01 1.13884365e-04]
2337,پروتئین‌هایی که در زیرواحدهای ریبوزومی سنتز می‌شوند، تحت تغییرات شدید پساسنتزی قرار می‌گیرند و بسته‌بندی شده و به مقصد مناسب هدایت می‌شوند. کدام مؤلفه ساختاری سلول در چنین تغییری نقش دارد؟,"['شبکه آندوپلاسمی', 'لیزوزوم\u200cها', 'میان\u200cواره', 'آرایش گلژی']",D,دستگاه گلژی پروتئین‌های سنتز شده را تغییر داده، با افزودن گروه‌های شیمیایی آماده می‌کند و از طریق وزیکول‌ها به مقصد می‌فرستد.,A,0.7632126212120056,D,0.42611104249954224,False,True,True,True,[0.7632126  0.01378891 0.02965082 0.19334763],[0.29286155 0.12304036 0.15798695 0.42611104]
2338,کدام یک از این موارد بزرگ‌ترین تغییری است که می‌تواند بین تابستان و زمستان مشاهده شود؟,"['مقدار نور روز', 'ارتفاع امواج اقیانوس', 'تعداد طوفان\u200cها', 'اندازه ابرها']",A,تغییرات فصلی در مدت زمان روشنایی روز به دلیل انحراف محور زمین، قابل‌پیش‌بینی و چشمگیر است، برخلاف سایر پدیده‌های متغیر.,A,0.656181275844574,A,0.9921775460243225,True,True,True,True,[0.6561813  0.24139561 0.01361861 0.08880448],[9.9217755e-01 3.1210931e-03 1.6032268e-04 4.5411638e-03]
2339,کدام ساختار زمین‌شناسی احتمالاً بیشترین زمان را برای تشکیل نیاز دارد؟,"['الف) گسل', 'ب) حفره فرونشست', 'ج) پیچ و تاب رودخانه', 'د) رشته\u200cکوه']",D,تشکیل رشته‌کوه‌ها طی میلیون‌ها سال و از طریق فرآیندهای تکتونیکی کند صورت می‌گیرد، برخلاف سایر پدیده‌های زمین‌شناسی سریع‌تر.,B,0.4953482747077942,D,0.6448483467102051,False,True,True,True,[0.18081033 0.49534827 0.05870052 0.26514083],[0.03695275 0.30460477 0.01359416 0.64484835]
2340,زمین‌شناسان هفت صفحه تکتونیکی اصلی را در سطح زمین شناسایی کرده‌اند. کدامیک از شواهد به بهترین نحو نشان می‌دهد که صفحات تکتونیکی با یکدیگر برخورد می‌کنند؟,"['باد ساختارهای سنگی سطح را فرسایش می\u200cدهد.', 'فسیل\u200cها به هزاران سال پیش برمی\u200cگردند.', 'هنگامی که یخچال\u200cهای طبیعی عقب\u200cنشینی می\u200cکنند، سنگ\u200cهای کوچکی به جا می\u200cمانند.', 'لایه\u200cهای قدیمی\u200cتر سنگ بالای لایه\u200cهای جدیدتر سنگ قرار دارند.']",D,برخورد صفحات باعث چین‌خوردگی و جابجایی لایه‌ها می‌شود که در آن لایه‌های قدیمی روی جدیدتر قرار می‌گیرند.,A,0.4515194892883301,D,0.8094728589057922,False,True,True,True,[0.4515195  0.06110652 0.08890946 0.39846456],[0.15815425 0.01918629 0.01318653 0.80947286]
2341,کدام یک از بخش‌های سلول گیاهی وظیفه‌ای دارد که بیشتر شبیه به وظیفه‌ی اسکلت حیوانی است؟,"['غشای سلولی', 'دیواره سلولی', 'کلرولپلاست', 'هسته']",B,این بخش ساختار و استحکام گیاه را فراهم می‌کند، مشابه نقش اسکلت در حیوانات.,B,0.9666855335235596,B,0.9984315037727356,True,True,True,True,[0.02260145 0.96668553 0.00114298 0.00957005],[8.9984457e-04 9.9843150e-01 1.7173834e-04 4.9694139e-04]
2342,کدام دستگاه در حین تشریح حیوانات مورد نیاز نیست؟,"['دستکش', 'عینک ایمنی', 'پالتوی آزمایشگاهی', 'شستشوی ایمنی']",D,[MASK] یک مکان است نه وسیله محافظتی، بنابراین در طول تشریح به عنوان دستگاه استفاده نمی‌شود.,B,0.39935994148254395,A,0.5103194117546082,False,False,False,False,[0.31102183 0.39935994 0.10097401 0.18864428],[0.5103194  0.18773602 0.02879025 0.27315432]
2343,در بسیاری از نقاط جهان، زمین‌هایی که برای کشاورزی خشک‌تر از آن هستند برای چراگاه دام استفاده می‌شوند. چرا بیش از حد در این اراضی، گیاهان بومی را نابود کرده و پوشش طبیعی خاک را از بین می‌برد. چرا چرا بیش از حد منجر به بیابانی شدن می‌شود؟,"['با افزایش نرخ فرسایش لایه سطحی خاک', 'با اجازه دادن به گونه\u200cهای غیر بومی برای مستعمره کردن زمین', 'با کاهش غذای موجود برای دام', 'با باعث شدن اینکه زمین بارش باران را سریع\u200cتر جذب کند']",A,چرای زیاد پوشش گیاهی را نابود می‌کند و خاک را در برابر فرسایش آسیب‌پذیر می‌سازد، که به بیابانی شدن منجر می‌شود.,A,0.6087839603424072,A,0.7557336688041687,True,True,True,True,[0.60878396 0.37069133 0.00603866 0.01448599],[0.75573367 0.21652132 0.00456452 0.02318056]
2344,کدام یک از مسائل مهم و جنجالی مربوط به استفاده از انرژی هسته‌ای نیست؟,"['دفع مواد زاید هسته\u200cای', 'خطرات بهداشتی در مناطق اطراف نیروگاه\u200cهای هسته\u200cای', 'آلودگی حرارتی در آب\u200cهای استفاده شده برای خنک\u200cسازی', 'بیکاری ناشی از تبدیل به انرژی هسته\u200cای']",D,موضوع بیکاری یک چالش اقتصادی-اجتماعی است، نه مسئله فنی یا زیست‌محیطی مرتبط با انرژی هسته‌ای.,D,0.5942476391792297,D,0.789015531539917,True,True,True,True,[0.31932276 0.04858865 0.03784088 0.59424764],[0.17605317 0.01855587 0.0163755  0.78901553]
2345,یک جزیره انواع مختلفی از پرندگان دارد، هیچ گونه بومی از مارها ندارد و چندین شکارچی بزرگ در آنجا وجود دارد. مارهای قهوه‌ای تخم‌پرندگان را می‌خورند. نتیجهٔ احتمالی آزاد شدن تصادفی مارهای قهوه‌ای در این جزیره چیست؟,"['مارهای بیشتر و پرندگان کمتر', 'مارهای بیشتر و پرندگان بیشتر', 'مارهای کمتر و پرندگان کمتر', 'مارهای کمتر و پرندگان بیشتر']",A,با نبود رقابت، مارها زیاد می‌شوند و با خوردن تخم‌ها، جمعیت پرندگان کاهش می‌یابد.,A,0.43708014488220215,A,0.9551151394844055,True,True,True,True,[0.43708014 0.12425105 0.00158872 0.43708014],[0.95511514 0.01354439 0.00266705 0.02867348]
2346,یک دانش‌آموز می‌تواند با قرار دادن کدام یک از اشیا در توده کمپوست، منابع را حفظ کند؟,"['کودها', 'گیاهان لوبیا', 'فلاسک\u200cهای شیشه\u200cای', 'پیپت\u200cهای پلاستیکی']",B,مواد آلی مانند بقایای گیاهی در فرآیند کمپوست تجزیه شده و با بازگرداندن مواد مغذی به خاک، به حفظ منابع کمک می‌کنند.,A,0.6428096294403076,A,0.5597483515739441,False,False,False,False,[0.6428096  0.3440712  0.00264762 0.01047154],[0.55974835 0.43593246 0.00060614 0.00371308]
2347,کدامیک بهتر توضیح می‌دهد که چرا جرم کل محصول(ها) کمتر از وزن کل واکنش‌دهنده(ها) پس از یک واکنش شیمیایی است؟,"['الف) یک تغییر فیزیکی اتفاق افتاده است.', 'ب) اتم\u200cهای شرکت\u200cکننده در واکنش جرم خود را از دست داده\u200cاند.', 'ج) رسوباتی در محلول جدید ایجاد شده\u200cاند.', 'د) گازهایی به جو آزاد شده\u200cاند.']",D,طبق قانون پایستگی جرم، کاهش وزن ظاهری ناشی از آزاد شدن گاز به محیط است که در توزین محاسبه نمی‌شود.,B,0.9822330474853516,A,0.45994922518730164,False,False,False,False,[1.2559202e-02 9.8223305e-01 5.8740168e-04 4.6202717e-03],[0.45994923 0.21557386 0.00835871 0.31611818]
2348,کربن در مخازن مختلف بر روی زمین چرخه می‌چرخد. مدت زمانی که برای شکل‌گیری این مخازن لازم است به طور قابل توجهی متفاوت است. کدام فرآیند در چرخه کربن برای شکل‌گیری مخزن مشخص‌شده میلیون‌ها سال طول می‌کشد؟,"['ادغام کربن از طریق هضم در بافت\u200cهای جانوری', 'رهاسازی کربن به جو در حین تنفس', 'کربن جوی ادغام شده در قندها در گیاهان', 'تجزیه کربن در بافت\u200cهای گیاهی برای تشکیل نفت']",D,تشکیل نفت از مواد آلی به میلیون‌ها سال زمان نیاز دارد، زیرا یک فرآیند زمین‌شناسی کند است که تحت فشار و دمای بالا رخ می‌دهد.,A,0.6178853511810303,D,0.7377141714096069,False,True,True,True,[0.61788535 0.09401839 0.0305233  0.25757292],[0.24137916 0.01361768 0.00728902 0.7377142 ]
2349,مدت زمان تقریبی که ماه برای تکمیل یک چرخش حول زمین نیاز دارد چقدر است؟,"['7 روز', '30 روز', '90 روز', '365 روز']",B,دوره مداری ماه حدود ۲۷ روز است که نزدیک به ۳۰ روز است و دوره هلالی آن نیز تقریباً ۳۰ روز محسوب می‌شود.,D,0.9345764517784119,B,0.9982292056083679,False,True,True,True,[0.05881921 0.00482817 0.00177619 0.93457645],[1.0395577e-03 9.9822921e-01 2.9783830e-04 4.3335214e-04]
2350,کدام یک از موارد زیر نتیجه تبادل بخش‌های کروموزوم همولوگ در طول فرآیند میوز است؟,"['جهش\u200cهای تصادفی', 'کاهش تعداد گامت\u200cها', 'نسل\u200cهایی با ترکیب\u200cهای منحصر به فرد از صفات', 'کاهش تعداد آلل\u200cها در هر کروموزوم']",C,این فرآیند باعث نوترکیبی ژنتیکی شده و در نتیجه نسل‌های جدید دارای صفات بی‌نظیر می‌شوند.,B,0.7495661377906799,C,0.9829561710357666,False,True,True,True,[0.06128826 0.74956614 0.04212276 0.14702289],[1.5795186e-02 7.8639598e-04 9.8295617e-01 4.6229834e-04]
2351,کدام یک از عبارات دلیل این نیست که در یک جنگل درختان با ارتفاعات متفاوتی رشد می‌کنند؟,"['برخی از آنها به نور خورشید کمتری نیاز دارند.', 'درختان در سال\u200cهای متفاوتی کاشته شده\u200cاند.', 'پرندگان در درختان کوتاه\u200cتر آشیانه می\u200cسازند.', 'تنها درختان بلند شاخه\u200cهایی با برگ دارند.']",C,این ادعا که فقط درختان بلند برگ دارند نادرست است و ربطی به تفاوت ارتفاع ندارد.,B,0.5675981044769287,D,0.7130277752876282,False,False,False,False,[0.11220413 0.5675981  0.11220413 0.20799361],[0.08515903 0.18028165 0.02153157 0.7130278 ]
2352,کلاس آنا تعداد پروانه‌ها را در باغ مدرسه برای یک تکلیف شمارش کرد. نتایج آنا با باقی کلاس متفاوت بود. او باید چه کار کند؟,"['تکلیف را تغییر دهد.', 'نتایج را به حال خود بگذارد.', 'نتایج خود را با کلاس مطابقت دهد.', 'از معلم بخواهد برایش شمارش کند.']",B,برای اطمینان از صحت شمارش و یادگیری بهتر، باید نتایج را با دیگران مقایسه و بررسی مجدد کند.,C,0.9448100924491882,C,0.9509704113006592,False,False,False,False,[5.3094730e-02 1.6285706e-03 9.4481009e-01 4.6659328e-04],[4.7717366e-02 1.1760606e-03 9.5097041e-01 1.3613890e-04]
2353,گل ساعت یک نوع پیچک گلدهنده است که به درختان و نرده‌ها می‌چسبد. کدام یک از رفتارهای زیر بیشتر به گل ساعت کمک می‌کند تا به نرده‌ای بیفتد؟,"['پیچ خوردن ساقه\u200cها در پاسخ به لمس', 'متورم شدن ساقه\u200cها در پاسخ به آب', 'باز شدن گل\u200cها در پاسخ به نور', 'رشد ریشه\u200cها در پاسخ به جاذبه']",A,این گیاه با پیچش ساقه‌هایش به دور اجسام مجاور در اثر تماس فیزیکی، به تکیه‌گاه می‌چسبد و بالا می‌رود. سایر پاسخ‌ها به محرک‌های دیگر، در این فرآیند کمکی نمی‌کنند.,A,0.43347516655921936,D,0.7111078500747681,True,False,False,False,[0.43347517 0.12419271 0.00885701 0.43347517],[0.26160195 0.01698701 0.01030314 0.71110785]
2354,گروه‌های خونی در طبقه‌بندی ABO چگونه از یکدیگر تمایز می‌یابند؟,"['اندازه\u200cهای مختلف گلبول\u200cهای قرمز', 'اندازه\u200cهای مختلف گلبول\u200cهای سفید', 'پروتئین\u200cهای علامت\u200cگذاری مختلف روی گلبول\u200cهای قرمز', 'پروتئین\u200cهای علامت\u200cگذاری مختلف روی گلبول\u200cهای سفید']",C,تمایز گروه‌های خونی بر اساس وجود یا عدم وجود آنتی‌ژن‌های خاص روی سطح گلبول‌های قرمز است.,C,0.9516862630844116,C,0.9669299721717834,True,True,True,True,[0.02873844 0.00395057 0.95168626 0.01562482],[0.02965857 0.00214846 0.96693    0.00126301]
2355,سوال: بسیاری از حیوانات در معرض خطر به دام افتاده، برچسب‌گذاری می‌شوند و سپس به محیط زیست خود بازگردانده می‌شوند. برچسب ممکن است قطعه‌ای از پلاستیک یا فلز کدگذاری شده باشد که در جایی ایمن روی بدن قرار می‌گیرد. احتمالاً دلیل اصلی برچسب‌گذاری یک حیوان چیست؟,"['الف) برای پایش عادات غذایی آن\u200cها', 'ب) برای پایش عادات جابجایی آن\u200cها', 'ج) برای پایش عادات خواب آن\u200cها', 'د) برای پایش عادات تولید مثل آن\u200cها']",B,هدف اصلی ردیابی حرکات و مهاجرت حیوانات برای برنامه‌ریزی حفاظتی و درک سلامت جمعیت است.,B,0.47316741943359375,B,0.9765952825546265,True,True,True,True,[0.36850315 0.47316742 0.00590995 0.15241952],[1.5846975e-02 9.7659528e-01 9.5168472e-04 6.6060019e-03]
2356,یک گلاید، هواپیمای بدون موتوری است. علاوه بر اندازه، کدام یک از موارد اصلی باید در طراحی یک گلاید برای پوشش فاصله‌ای طولانی در نظر گرفته شود؟,"['تاثیرات زیست\u200cمحیطی و جرم', 'هزینه و تاثیرات زیست\u200cمحیطی', 'استحکام و هزینه', 'جرم و استحکام']",D,برای پرواز طولانی، کاهش وزن و استحکام ساختاری ضروری است.,A,0.6959667801856995,D,0.7904835343360901,False,True,True,True,[0.6959668  0.22638907 0.00414646 0.07349776],[0.19986553 0.00878148 0.00086948 0.79048353]
2357,برخی از گونه‌های باکتری یک ماده‌ای تولید می‌کنند که برای حشرات سمی و برای انسان‌ها بی‌خطر است. دانشمندان ژنی را که تولید این ماده را کنترل می‌کند جداسازی کرده‌اند. بهترین دلیل برای وارد کردن این ژن به گیاهان ذرت کدام است؟,"['ذرت سریع\u200cتر رشد خواهد کرد.', 'به کود کمتری نیاز خواهد بود.', 'به سموم کمتری نیاز خواهد بود.', 'ذرت مغذی\u200cتر خواهد بود.']",C,گیاهان مقاومت طبیعی در برابر آفات پیدا می‌کنند و نیاز به سمپاشی کاهش می‌یابد.,C,0.48595649003982544,C,0.9495571255683899,True,True,True,True,[0.3784633  0.09569051 0.4859565  0.03988974],[3.2492056e-02 1.7391745e-02 9.4955713e-01 5.5905676e-04]
2358,کدام جمله توصیف کننده سیارک‌ها و دنباله‌دارها است؟,"['A) سیارک\u200cها گازی هستند و دنباله\u200cدارها جامد هستند.', 'B) سیارک\u200cها جامد هستند و دنباله\u200cدارها گازی هستند.', 'C) هم سیارک\u200cها و هم دنباله\u200cدارها جامد هستند.', 'D) هم سیارک\u200cها و هم دنباله\u200cدارها گازی هستند.']",B,هر دو از مواد جامد تشکیل شده‌اند، اگرچه دنباله‌دارها در نزدیکی خورشید گاز تولید می‌کنند.,A,0.8233104348182678,A,0.5852987766265869,False,False,False,False,[0.82331043 0.1618031  0.00437981 0.01050662],[0.5852988  0.40226957 0.00736782 0.00506383]
2359,اکثریت عناصر موجود در جدول تناوبی عناصر چیست؟,"['گازها.', 'فلزات.', 'مایعات.', 'غیر فلزات.']",B,بیشتر عناصر جدول تناوبی فلز هستند و این گروه اکثریت را تشکیل می‌دهند.,B,0.970147430896759,B,0.9952391386032104,True,True,True,True,[1.5742347e-02 9.7014743e-01 2.1764376e-04 1.3892571e-02],[7.4071309e-04 9.9523914e-01 1.5861000e-05 4.0042568e-03]
2360,چگونه خصوصیات قابل اندازه‌گیری یک توپ گلف تغییر می‌کند اگر آن را از زمین به ماه منتقل کنیم؟,"['توده آن همان خواهد بود، اما وزن متفاوتی خواهد داشت.', 'وزن آن همان خواهد بود، اما توده متفاوتی خواهد داشت.', 'چگالی آن همان خواهد بود، اما توده متفاوتی خواهد داشت.', 'توده آن همان خواهد بود، اما چگالی متفاوتی خواهد داشت.']",A,جرم ثابت می‌ماند زیرا به مقدار ماده بستگی دارد، اما وزن به دلیل کاهش گرانش تغییر می‌کند.,A,0.5875347852706909,A,0.9856281280517578,True,True,True,True,[0.5875348  0.2764498  0.01987011 0.11614527],[9.8562813e-01 1.2504538e-02 5.4941111e-04 1.3179686e-03]
2361,یک گروه از دانش‌آموزان در حال تحقیق درباره دو ماده هستند تا تعیین کنند کدام یک نمک سفره و کدام یک شکر سفره است. چگونه دانش‌آموزان بهترین راه را برای شناسایی هر ماده پیدا می‌کنند؟,"['با توجه به اینکه آیا در آب حل می\u200cشوند', 'با بررسی رنگ ماده', 'با مشاهده اینکه آیا به یک سطح می\u200cچسبند', 'با بررسی شکل کریستال']",D,نمک و شکر ساختار بلوری متفاوتی دارند که به راحتی از نظر ظاهری قابل تشخیص است.,D,0.6151942014694214,D,0.874047040939331,True,True,True,True,[0.37313414 0.00994369 0.00172795 0.6151942 ],[0.11736887 0.00750314 0.00108093 0.87404704]
2362,اسکات در حال بررسی نتایج تلاقی بین گل‌های قرمز و سفید بود. نتیجه‌ای که نشان‌دهندهٔ عدم تسلط کامل است، کدام یک از موارد زیر است؟,"['۰٪ گل\u200cهای صورتی', '۲۵٪ گل\u200cهای سفید', '۵۰٪ گل\u200cهای قرمز', '۱۰۰٪ گل\u200cهای صورتی']",D,عدم تسلط کامل با فنوتیپ میانی در تمام فرزندان مشخص می‌شود که از والدین با صفات متفاوت حاصل می‌گردد.,A,0.6316255927085876,B,0.7570163011550903,False,False,False,False,[0.6316256  0.23418452 0.06709498 0.06709498],[0.09041271 0.7570163  0.14906535 0.00350568]
2363,شکارچیان طوفان افرادی هستند که به طوفان‌ها نزدیک می‌شوند تا آن‌ها را مشاهده کرده و اندازه‌گیری‌هایی انجام دهند. چه دانشی شکارچیان طوفان به مطالعه طوفان‌ها اضافه کرده‌اند که بیشتر به اصلاح نظریه‌های شکل‌گیری طوفان کمک کرده است؟,"['دیدگاه\u200cهای آن\u200cها درباره خسارات طوفان', 'تجربیات شخصی آن\u200cها در طوفان\u200cها', 'داده\u200cهای جمع\u200cآوری شده آن\u200cها در ابتدای طوفان\u200cها', 'شور و اشتیاقشان برای مطالعه طوفان\u200cهای مختلف']",C,اطلاعات اولیه از شرایط جوی در شروع طوفان، درک فرآیندهای شکل‌گیری آن را بهبود می‌بخشد.,B,0.48372867703437805,C,0.9465383291244507,False,True,True,True,[0.42522478 0.48372868 0.03986228 0.05118417],[4.7309812e-02 6.0147676e-03 9.4653833e-01 1.3710170e-04]
2364,دانشمندان معتقدند که حرکت قاره‌ای در طول تاریخ زمین‌شناسی زمین تأثیر قابل توجهی بر روی چرخه‌های آب و هوای گرمتر و خنک‌تر زمین داشته است. کدام جمله ویژگی قاره‌های زمین را توصیف می‌کند که بیشترین احتمال را دارد تا تغییرات در آب و هوای جهانی را زمانی که قاره‌ها حرکت می‌کنند به وجود آورد؟,"['محل قاره بر روی بازتاب سطح آن تأثیر می\u200cگذارد.', 'عمق صفحه قاره\u200cای تعیین\u200cکننده ظرفیت حرارتی ویژه آن است.', 'حرکت قاره\u200cای مقادیر زیادی انرژی جنبشی را جذب می\u200cکند.', 'دمای یک قاره تحت تأثیر نزدیک\u200cترین اقیانوس آن قرار دارد.']",A,موقعیت قاره‌ها میزان بازتاب نور خورشید را تغییر داده و با تأثیر بر پوشش یخی، آب‌وهوا را متأثر می‌کند.,A,0.4391305446624756,A,0.9622345566749573,True,True,True,True,[0.43913054 0.3419952  0.07630945 0.14256482],[0.96223456 0.01748679 0.01201848 0.00826017]
2365,کدام ویژگی‌ها بر روی سطح زمین و ماه وجود دارد؟,"['گیاهان', 'اقیانوس\u200cها', 'حیوانات', 'کوه\u200cها']",D,ماه فاقد حیات و آب است، اما ویژگی‌های فیزیکی مانند [MASK] در هر دو وجود دارند.,B,0.6953487992286682,D,0.9065734148025513,False,True,True,True,[0.19767042 0.6953488  0.00117539 0.10580535],[2.7376145e-02 6.5671958e-02 3.7848533e-04 9.0657341e-01]
2366,ریختن مواد شیمیایی سمی به دریاچه احتمالاً منجر به چه چیزی خواهد شد؟,"['افزایش سطح اکسیژن در دریاچه.', 'رشد سریع\u200cتر گیاهان نزدیک دریاچه.', 'مواد شیمیایی سمی هیچ تأثیری بر دریاچه نداشته باشند.', 'آسیب یا مرگ ماهی\u200cها در دریاچه.']",D,آلودگی آب باعث مسمومیت و آسیب به موجودات آبزی می‌شود.,D,0.8416675329208374,D,0.8383490443229675,True,True,True,False,[0.05401659 0.10091628 0.00339963 0.84166753],[0.02868673 0.128565   0.00439925 0.83834904]
2367,مقاله‌ای اخیر در یک نشریه علمی رابطه بین جریان‌های همرفت و تکتونیک صفحه‌ای را توضیح می‌دهد. در حالی که مایع درون گوشته گردش می‌کند، باعث حرکت صفحات قشری می‌شود. کدام یک احتمالاً موجب گردش مایعات درون زمین می‌شود؟,"['انتقال انرژی', 'گرمایش جهانی', 'تغییرات جزر و مدی', 'جریان\u200cهای اقیانوسی']",A,[MASK] از هسته، اختلاف دما ایجاد کرده و حرکت همرفتی در گوشته را موجب می‌شود.,C,0.6755052804946899,A,0.5117279887199402,False,True,True,True,[0.06234282 0.21930446 0.6755053  0.04284755],[0.511728   0.24172318 0.21331996 0.03322884]
2368,چانه‌ی شکاف‌دار در انسان‌ها توسط آلل غالب C کدگذاری می‌شود. چانه‌ای بدون شکاف توسط آلل مغلوب c کدگذاری می‌شود. مردی با ترکیب آللی cc برای این ویژگی، زایگوتی با زنی که ترکیب آللی Cc برای این ویژگی دارد، تولید می‌کند. کدام ترکیب‌های آللی می‌توانند در زایگوت رخ دهند؟,"['Cc یا cc', 'CC یا Cc', 'فقط CC', 'فقط Cc']",A,مرد تنها گامت c تولید می‌کند و زن گامت‌های C یا c، پس ترکیب‌های ممکن Cc و cc هستند.,B,0.505918562412262,A,0.8448355793952942,False,True,True,True,[0.34771243 0.50591856 0.00142102 0.1449481 ],[0.8448356  0.1288028  0.00099891 0.02536278]
2369,پنل‌های خورشیدی برای جذب نور خورشید استفاده می‌شوند. کدام رنگ پنل بیشترین نور خورشید را جذب می‌کند؟,"['الف) سیاه', 'ب) سبز', 'ج) سفید', 'د) زرد']",A,رنگ تیره کمترین بازتاب نور دارد و بیشترین انرژی خورشیدی را جذب می‌کند.,A,0.7687638401985168,A,0.9562363028526306,True,True,True,True,[0.76876384 0.05568907 0.10404087 0.07150618],[0.9562363  0.01551661 0.0106644  0.01758263]
2370,یکی از محدودیت‌های شبکه‌های غذایی در نمایش یک اکوسیستم این است که آنها...,"['...تولیدکنندگان موجود در اکوسیستم را شامل نمی\u200cشوند.', '...تمام گونه\u200cهای موجود در اکوسیستم را شامل نمی\u200cشوند.', '...مصرف\u200cکنندگان موجود در اکوسیستم را نشان نمی\u200cدهند.', '...رابطه\u200cهای شکارچی و طعمه را در اکوسیستم نشان نمی\u200cدهند.']",B,شبکه‌های غذایی اغلب تمام گونه‌ها، به ویژه گونه‌های نادر یا کم‌جمعیت، را در بر نمی‌گیرند.,A,0.39812856912612915,A,0.8159405589103699,False,False,False,False,[0.39812857 0.39812857 0.01568022 0.18806261],[0.81594056 0.18135116 0.00094424 0.00176407]
2371,کدام یک از روش‌ها می‌تواند باعث تغییر شیمیایی یک تکه کاغذ شود؟,"['کاغذ را نصف کنید', 'کاغذ را در آب خیس کنید', 'کاغذ را با آتش بسوزانید', 'کاغذ را با قیچی ببرید']",C,سوزاندن ساختار مولکولی را دگرگون کرده و ماده جدیدی تولید می‌کند، برخلاف تغییرات فیزیکی دیگر.,C,0.9866594076156616,C,0.991327702999115,True,True,True,True,[0.00969178 0.00216253 0.9866594  0.00148628],[7.5688804e-03 7.4942067e-04 9.9132770e-01 3.5400127e-04]
2372,دانشمندان توضیح داده‌اند که چگونه اسیدهای آمینه، کربوهیدرات‌ها، اسیدهای نوکلئیک و اسیدهای چرب می‌توانند قبل از ظهور موجودات زنده در زمین سنتز شده باشند. کدام یک از کشفیات زیر بیشتر از ادعای این که زندگی به‌طور خودبه‌خود از این بیوشیمیایی‌ها به وجود آمده، حمایت می‌کند؟,"['این مواد شیمیایی می\u200cتوانند به\u200cصورت خودجوش به ساختاری که توانایی تکثیر دارد، سازمان\u200cدهی شوند.', 'این مواد شیمیایی امروز توسط موجودات زنده مورد استفاده قرار می\u200cگیرند.', 'این مواد شیمیایی در یک سیاره دیگر یافت شده\u200cاند.', 'این مواد شیمیایی می\u200cتوانند به\u200cصورت خودجوش به یک ویروس سازمان\u200cدهی شوند.']",A,سازمان‌یابی خودبه‌خودی مولکول‌های پایه به ساختارهای تکثیرشونده، گذار از شیمی به زیست‌شناسی را نشان می‌دهد.,C,0.7112820148468018,C,0.601414680480957,False,False,False,False,[0.20378572 0.03981551 0.711282   0.04511688],[0.28408816 0.0432273  0.6014147  0.07126977]
2373,معادله زیر محصولات تشکیل شده را نشان می‌دهد وقتی که یک محلول نیترات نقره (AgNO3) با یک محلول کلرید سدیم (NaCl) واکنش می‌دهد. AgNO3  + NaCl (مواد واکنش دهنده) -> NaNO3  + AgCl (محصولات) در این معادله، مجموع جرم مواد واکنش دهنده,"['بیشتر از مجموع جرم محصولات است', 'برابر با مجموع جرم محصولات است', 'برابر با جرم AgCl است', 'کمتر از جرم AgCl است']",B,طبق قانون پایستگی جرم، در واکنش‌های شیمیایی جرم کل مواد واکنش‌دهنده و محصولات برابر است.,B,0.8154847621917725,B,0.9688379764556885,True,True,True,True,[1.8231498e-01 8.1548476e-01 6.4733648e-04 1.5528793e-03],[2.9485833e-02 9.6883798e-01 7.8577083e-04 8.9039496e-04]
2374,چرا انرژی خروجی یک ماشین همیشه کمتر از انرژی ورودی آن است؟,"['بخشی از انرژی در حین کارکرد ماشین نابود می\u200cشود.', 'ماشین باید بر نیروی ثابت مغناطیسی غلبه کند.', 'انرژی مفید با انتقال انرژی به محیط اطراف کاهش می\u200cیابد.', 'بخشی از انرژی در حین تبدیل به صورت گرما آزاد می\u200cشود.']",C,بر اساس قانون اول ترمودینامیک، انرژی از بین نمی‌رود اما بخشی از آن در اثر اصطکاک به گرما تبدیل شده و تلف می‌شود.,A,0.8459822535514832,A,0.8610119819641113,False,False,False,False,[0.84598225 0.00341706 0.00301554 0.14758505],[0.861012   0.00242787 0.00400288 0.13255726]
2375,کدام معادله یک معادله شیمیایی متعادل است؟,"['2NaOH + CaBr_{2} -> Ca(OH)_{2} + NaBr', 'NO + Cl_{2} -> NOCl', 'CaCO_{3} -> CaO + 2CO_{2}', '2AlCl_{3} + 3Mg -> 3MgCl_{2} + 2Al']",D,این معادله متعادل است چون تعداد اتم‌های هر عنصر در دو طرف واکنش یکسان می‌باشد.,A,0.7994893789291382,D,0.7709435820579529,False,True,True,True,[0.7994894  0.01478686 0.00698482 0.17873895],[0.19492507 0.01813086 0.01600042 0.7709436 ]
2376,جغدهای جیغ‌کش دو نوع رنگی دارند: قرمز و خاکستری. چه مزیتی جغد جیغ‌کش خاکستری نسبت به جغد جیغ‌کش قرمز دارد در زیستگاهی که از درختان با پوست تیره تشکیل شده است؟,"['آشیانه\u200cسازی', 'غذاخوری', 'تولید مثل', 'پنهان شدن']",D,رنگ خاکستری در محیط تیره استتار بهتری فراهم می‌کند و دیده نشدن را آسان‌تر می‌سازد.,D,0.6871526837348938,D,0.9222544431686401,True,True,True,True,[0.28700787 0.0233757  0.00246378 0.6871527 ],[7.6148130e-02 1.5559021e-03 4.1463387e-05 9.2225444e-01]
2377,گیاهان غیربومی می‌توانند مناطقی را که زمانی توسط گونه‌های گیاهی بومی پر شده بودند، تسخیر کنند. کدام فرآیند غیرزیستی کمترین احتمال را برای باعث شدن تهاجم گیاهان غیربومی دارد؟,"['سیلاب', 'هوازدگی', 'طوفان\u200cهای گرد و غبار', 'آب شدن یخچال\u200cهای طبیعی']",B,فرآیندی کند و غیرمستقیم است که تأثیر فوری بر اکوسیستم ندارد، برخلاف سایر عوامل که اختلال ایجاد می‌کنند.,B,0.40246403217315674,B,0.6830767393112183,True,True,True,True,[0.2766092  0.40246403 0.00748747 0.3134393 ],[0.080947   0.68307674 0.01593941 0.22003677]
2378,ویژگی رنگ گل در برخی از گونه‌های گیاهان رز بسیار متغیر است که منجر به تشکیل گل‌هایی با رنگ‌های مختلف می‌شود. چگونه این تنوع رنگ گل در گیاهان رز به وجود آمده است؟,"['از طریق جهش', 'از طریق گرده\u200cافشانی', 'از طریق انتخاب طبیعی', 'از طریق تولیدمثل غیرجنسی']",A,این تنوع ناشی از تغییرات ژنتیکی طبیعی است که بر سنتز رنگدانه‌ها اثر می‌گذارد و منشأ اصلی محسوب می‌شود.,A,0.6669456362724304,A,0.9959725737571716,True,True,True,True,[0.66694564 0.09026127 0.21652554 0.02626753],[9.9597257e-01 2.8029510e-03 9.0998498e-04 3.1448243e-04]
2379,جولی می‌خواست برای صبحانه یک تخم‌مرغ آب‌پز بخورد. او تخم‌مرغ را به مدت پانزده دقیقه در آب جوش قرار داد. وقتی که او پوسته را شکست، بخش‌های مایع تخم‌مرغ به حالت جامد درآمده بود. دلیل این امر چیست؟,"['الف) حرارت، آب تخم\u200cمرغ را خارج کرد.', 'ب) حرارت، پیوندهای شیمیایی تخم\u200cمرغ را تغییر داد.', 'ج) جوشاندن، بخش\u200cهای جامد تخم\u200cمرغ را به سطح آورد.', 'د) باکتری\u200cهای موجود در تخم\u200cمرغ مایع کشته شدند.']",B,گرما ساختار پروتئین‌ها را با تغییر پیوندهای شیمیایی تغییر می‌دهد و باعث جامد شدن آن می‌شود.,B,0.6698279976844788,B,0.9693348407745361,True,True,True,True,[0.24641596 0.669828   0.05455495 0.02920116],[0.02573119 0.96933484 0.00145165 0.00348234]
2380,دانشمندان در حال جمع آوری نمونه های گرانیت در کوه های غرب نوادای آمریکا هستند. کدام یک از این فرمت ها بهترین گزینه برای نمایش و مقایسه درصد مواد معدنی یافت شده در یک نمونه گرانیت است؟,"['نمودار ستونی', 'نمودار خطی', 'نمودار دایره\u200cای', 'نمودار پراکندگی']",C,این نمودار برای نمایش سهم نسبی اجزای یک کل مناسب است و مقایسه درصد مواد معدنی را به صورت بصری امکان‌پذیر می‌کند.,A,0.5079073905944824,C,0.9211365580558777,False,True,True,True,[0.5079074  0.03664925 0.4482267  0.00721666],[0.07531671 0.00231018 0.92113656 0.00123655]
2381,یک ماده در فاز (حالت) جامد دارای,"['شکل معین و حجم معین', 'شکل معین اما حجم معین ندارد', 'شکل معین ندارد اما حجم معین دارد', 'نه شکل معین دارد و نه حجم معین']",A,جامدات به دلیل ساختار مولکولی منظم، شکل و حجم ثابتی دارند.,A,0.9640557765960693,A,0.9983110427856445,True,True,True,True,[0.9640558  0.02897016 0.00392068 0.00305343],[9.9831104e-01 1.1838363e-03 2.9932067e-04 2.0571989e-04]
2382,فرآیندهای زندگی به انرژی نیاز دارند. فرآیندهای بیوشیمیایی شامل واکنش‌های خاصی هستند. کدام یک از ویژگی‌های فرآیندهای بیوشیمیایی است که در تمام حیوانات مشترک است؟,"['در هر سطح pH عمل می\u200cکند', 'حرارت به عنوان یک محصول آزاد می\u200cشود', 'تنها از تنفس بی\u200cهوازی استفاده می\u200cکند', 'مقدار انرژی جذب شده']",B,همه فرآیندهای بیوشیمیایی در حیوانات نیاز به جذب انرژی برای انجام واکنش‌های ضروری و متابولیسم دارند.,B,0.4390965700149536,D,0.8208784461021423,True,False,False,False,[0.20741452 0.43909657 0.01152011 0.34196874],[0.04667401 0.12687312 0.00557442 0.82087845]
2383,وقتی حرکت مولکول‌های آب مایع کند می‌شود، چه چیزی احتمالاً اتفاق می‌افتد؟,"['آب مایع به جامد تبدیل می\u200cشود.', 'آب مایع متراکم می\u200cشود.', 'آب مایع دچار تغییر شیمیایی می\u200cشود.', 'آب مایع بخار می\u200cشود.']",A,کاهش انرژی جنبشی مولکول‌ها باعث نزدیک‌تر شدن و تشکیل ساختار منظم می‌شود.,A,0.8890057802200317,A,0.4867258369922638,True,True,True,False,[0.8890058  0.09388371 0.00460173 0.01250879],[0.48672584 0.48672584 0.01652523 0.01002306]
2384,کدام رویداد به احتمال زیاد باعث انفجار تنوع پستانداران شد که در دوران کرتاسه رخ داد؟,"['تشکیل ابرقارهٔ پانگه\u200cآ', 'فعالیت آتشفشانی شدید', 'دمای سردتر', 'افزایش سطح دریاها']",C,سرد شدن هوا فرصت‌های اکولوژیکی ایجاد کرد و رقابت با دایناسورها را کاهش داد، که به گسترش و تنوع پستانداران کمک کرد.,A,0.9471311569213867,C,0.9757025837898254,False,True,True,True,[0.94713116 0.04724707 0.00180357 0.00381815],[2.2767756e-02 1.2844688e-03 9.7570258e-01 2.4514517e-04]
2385,کدام ویژگی بیشتر احتمال دارد که یک گربه از والدین خود به ارث ببرد؟,"['داشتن زخم', 'دنبال کردن یک اسباب\u200cبازی', 'داشتن پشم سفید', 'دانستن نامش']",C,ویژگی‌های فیزیکی ارثی هستند، در حالی که موارد دیگر اکتسابی محسوب می‌شوند.,C,0.7007958292961121,C,0.7567853927612305,True,True,True,True,[0.17718893 0.0948424  0.7007958  0.0271728 ],[0.16886166 0.06212073 0.7567854  0.0122323 ]
2386,پسری می‌تواند چهره‌اش را وقتی به یک دریاچه آرام نگاه می‌کند ببیند. کدام خاصیت فیزیکی دریاچه این را ممکن می‌سازد؟,"['انعطاف\u200cپذیری', 'بازتابندگی', 'دما', 'حجم']",B,دیدن چهره در آب به دلیل بازتاب نور از سطح آن امکان‌پذیر است.,B,0.6775859594345093,B,0.9984210729598999,True,True,True,True,[0.32006893 0.67758596 0.0010267  0.00131831],[1.4952134e-03 9.9842107e-01 3.4082164e-05 4.9589253e-05]
2387,بهترین واحد برای اندازه‌گیری فاصله‌ها بین زمین و سایر سیستم‌های خورشیدی در جهان کدام است؟,"['مایل', 'کیلومتر', 'سال نوری', 'واحدهای نجومی']",C,فواصل بین ستاره‌ای بسیار بزرگ است و واحدهای معمولی غیرعملی می‌شوند. [MASK] به دلیل درک آسان و استاندارد بودن برای این مقیاس نجومی مناسب است.,C,0.9850417971611023,C,0.9747784733772278,True,True,True,False,[1.2424088e-02 3.7517495e-04 9.8504180e-01 2.1589829e-03],[2.2790663e-02 7.7985355e-04 9.7477847e-01 1.6509499e-03]
2388,کدام ویژگی فقط به یکی از این گروه‌های طبقه‌بندی شدهٔ جانوری: خزندگان، پستانداران، پرندگان، دوزیستان یا ماهی‌ها تعلق دارد؟,"['مو دارند', 'تخم می\u200cگذارند', 'پاهای وب\u200cدار دارند', 'با آبشش نفس می\u200cکشند']",A,تنها این گروه دارای پوشش مو است که مختص آنهاست و در سایر دسته‌ها دیده نمی‌شود.,B,0.6257743239402771,A,0.9993712306022644,False,True,True,True,[0.23020951 0.6257743  0.08535358 0.05866259],[9.9937123e-01 4.1478995e-04 4.1069765e-05 1.7291016e-04]
2389,کدام حیوانات احتمالاً بیشترین کمک را از سیلاب در یک منطقه ساحلی خواهند برد؟,"['گوزن\u200cها', 'راکون\u200cها', 'تمساح\u200cها', 'کایوت\u200cها']",C,[MASK] در زیستگاه‌های آبی زندگی می‌کنند و سیلاب قلمرو و منابع غذاییشان را افزایش می‌دهد.,A,0.5392258763313293,B,0.49188289046287537,False,False,False,False,[0.5392259  0.25471225 0.00769164 0.19837011],[0.43408513 0.4918829  0.02178133 0.05225069]
2390,کدام نمونه، تابع غشای انتخابی نفوذپذیر یک سلول است؟,"['پشتیبانی از شکل سلول', 'ساخت پروتئین\u200cها برای سلول', 'محدود کردن مواد شیمیایی که از سلول خارج می\u200cشوند', 'ذخیره\u200cسازی محصولات زائد برای سلول']",C,غشای سلولی عبور مواد را کنترل می‌کند و از خروج برخی مواد جلوگیری می‌نماید.,C,0.9423859715461731,C,0.9905647039413452,True,True,True,True,[0.04124413 0.00920281 0.942386   0.00716715],[7.4749426e-03 7.4011955e-04 9.9056470e-01 1.2202507e-03]
2391,بر اساس جدول تناوبی عناصر، کدام مجموعه از عناصر خواص مشابهی دارد؟,"['H، C، I', 'He، H، Al', 'He، Ne، Ar', 'Na، Ca، Al']",C,این عناصر به گروه گازهای نجیب تعلق دارند که به دلیل داشتن لایه‌ی الکترونی کامل، رفتار شیمیایی مشابهی نشان می‌دهند.,B,0.39196258783340454,C,0.7287426590919495,False,True,True,True,[0.18515001 0.3919626  0.18515001 0.23773733],[0.0990106  0.1121937  0.72874266 0.06005296]
2392,کدام یک بیشتر احتمال دارد که عامل توانایی حشره‌های چینی برای زنده ماندن در برابر تماس مکرر با حشره‌کش‌ها باشد؟,"['تنوع گونه\u200cها', 'تنوع ژنتیکی', 'تنوع بوم\u200cشناختی', 'تنوع جمعیتی']",B,مقاومت در برابر سموم از طریق [MASK] ایجاد می‌شود که امکان انتخاب طبیعی و بقای افراد سازگار را فراهم می‌کند.,B,0.5281661748886108,B,0.9845394492149353,True,True,True,True,[0.466105   0.5281662  0.00061121 0.00511763],[1.4153847e-02 9.8453945e-01 3.4343291e-04 9.6318137e-04]
2393,کدام یک از گزینه‌های ذکر شده، جهان طبیعی را با استفاده از یک مدل نمایندگی می‌کند؟,"['خواندن کتابی دربارهٔ یک جامعهٔ سگ\u200cهای مرتعی', 'نگاه کردن به تصویری از یک جامعهٔ سگ\u200cهای مرتعی', 'تحقیق دربارهٔ یک جامعهٔ سگ\u200cهای مرتعی با استفاده از اینترنت', 'مشاهدهٔ یک جامعهٔ سگ\u200cهای مرتعی در یک نمایشگاه در باغ وحش']",D,مشاهده مستقیم نمونه واقعی در محیط شبیه‌سازی شده، نمایش عینی از طبیعت را فراهم می‌کند.,D,0.7027743458747864,D,0.8094888925552368,True,True,True,True,[0.17768918 0.09511016 0.02442631 0.70277435],[0.11041164 0.07588474 0.00421475 0.8094889 ]
2394,بخار آب در جو به عنوان ___ وجود دارد.,"['یک گاز قابل مشاهده', 'یک مایع قابل مشاهده', 'یک گاز نامرئی', 'یک مایع نامرئی']",C,بخار آب حالت گازی دارد و با چشم دیده نمی‌شود، زیرا مولکول‌های آن در هوا پراکنده هستند.,C,0.9734009504318237,C,0.9894574284553528,True,True,True,True,[1.7655201e-02 6.0412777e-04 9.7340095e-01 8.3397264e-03],[9.7763799e-03 1.7906065e-04 9.8945743e-01 5.8711722e-04]
2395,کدام یک از این موارد قانون ایمنی برای آزمایشگاه علوم نیست؟,"['مایعات را با دقت درون یک بشر اندازه\u200cگیری کنید.', 'هرگز اشیاء را در حین نگه داشتن در دستان خود برش ندهید.', 'هنگام کار با مواد خطرناک از عینک ایمنی استفاده کنید.', 'هنگام یادداشت\u200cبرداری از بوها، بخارات را به سمت بینی خود بفرستید به جای اینکه صورت خود را بر روی منبع قرار دهید.']",A,استنشاق مستقیم بخارات شیمیایی خطرناک است و برخلاف اصول ایمنی آزمایشگاهی که هدایت غیرمستقیم بو را توصیه می‌کند.,A,0.42266979813575745,B,0.7256852984428406,True,False,False,False,[0.4226698  0.3730048  0.08322862 0.12109693],[0.20954299 0.7256853  0.03641311 0.02835856]
2396,کدام یک از ویژگی‌های ارثی درخت است؟,"['یک شاخه شکسته درخت کاج', 'یک توخالی در درخت بلوط', 'یک زخم بر روی درخت افرا', 'یک تنه ضخیم بر روی درخت گردو']",D,ضخامت تنه یک صفت ذاتی و ژنتیکی است که از طریق بذر منتقل می‌شود، برخلاف ویژگی‌های اکتسابی ناشی از محیط.,A,0.47964373230934143,D,0.9455453753471375,False,True,True,True,[0.47964373 0.4232841  0.01437127 0.08270095],[2.877694e-02 2.539556e-02 2.821192e-04 9.455454e-01]
2397,جزر و مدهای اقیانوس زمین به شدت تحت تأثیر ماه قرار دارند. در کدام fases ماهی جزر و مدهای اقیانوس در زمین در پایین‌ترین حد خود هستند؟,"['پایداری کامل و ربع اول', 'ماه کامل و ماه نو', 'ربع آخر و ماه نو', 'ربع اول و ربع آخر']",D,جزر و مد کم‌ترین است وقتی ماه و خورشید در زاویه قائم باشند و نیروهایشان خنثی شود.,A,0.46067965030670166,A,0.4555671215057373,False,False,False,False,[0.46067965 0.0907132  0.13198693 0.3166202 ],[0.45556712 0.14847985 0.04254019 0.3534128 ]
2398,یک دانش‌آموز دو دانه لوبیا را در دو گلدان یکسان که حاوی نوع یکسانی از خاک هستند، کاشت. او یک گلدان را در یک کمد و دیگری را نزدیک یک پنجره آفتابی قرار داد. هر روز، ۱۵ میلی‌لیتر آب به هر گلدان ریخت. کدام عامل برای دو گلدان متفاوت بود؟,"['مقدار آب', 'مقدار نور', 'نوع خاک', 'نوع دانه']",B,همه شرایط یکسان بود به جز محل قرارگیری که میزان نور دریافتی را تغییر داد.,B,0.9623714685440063,B,0.9981391429901123,True,True,True,True,[0.00956463 0.96237147 0.02294436 0.00511958],[7.9232856e-04 9.9813914e-01 6.1706605e-04 4.5145518e-04]
2399,تریسی در حال یادگیری درباره سازماندهی ساختاری در حیوانات بود. کدام سطح از سازماندهی ساختاری بهترین توصیف را برای یک تخم مرغ ارائه می‌دهد؟,"['یک سلول', 'یک بافت', 'یک سیستم', 'یک اندام']",A,تخم‌مرغ [MASK] کامل است که تمام اجزای لازم برای رشد موجود زنده را دارد.,D,0.6455365419387817,D,0.8865404725074768,False,False,False,False,[0.0774001  0.06830535 0.20875797 0.64553654],[0.04396617 0.03880001 0.03069333 0.8865405 ]
2400,برخی از انواع مختلف گیاهان ویژگی‌های مشترکی دارند. کدام ویژگی بیشتر گیاهان مشترک است؟,"['اندازه ریشه\u200cهای آن\u200cها', 'شکل برگ\u200cهای آن\u200cها', 'رنگ گل\u200cهای آن\u200cها', 'ساختار سلول\u200cهای آن\u200cها']",D,ویژگی‌های ظاهری گیاهان متنوع است، اما ساختار سلولی پایه در همه آن‌ها مشترک و متمایزکننده است.,A,0.5307121276855469,D,0.9762084484100342,False,True,True,True,[0.5307121  0.1331408  0.01425392 0.3218932 ],[1.4144151e-02 9.1321506e-03 5.1520066e-04 9.7620845e-01]
2401,گیاهان معمولاً نیاز به خوردن سایر ارگانیسم‌ها ندارند زیرا گیاهان,"['نیاز به انرژی غذایی برای زندگی ندارند.', 'نور خورشید را به انرژی غذایی تبدیل می\u200cکنند.', 'تمام انرژی غذایی خود را از خاک می\u200cگیرند.', 'انرژی غذایی را در ریشه\u200cهای خود ذخیره می\u200cکنند.']",B,گیاهان با فتوسنتز، انرژی خورشید را به غذا تبدیل می‌کنند و نیازی به مصرف موجودات دیگر ندارند.,B,0.7526756525039673,B,0.9316211938858032,True,True,True,True,[0.24388123 0.75267565 0.00129992 0.00214321],[6.7750543e-02 9.3162119e-01 2.1903089e-04 4.0920361e-04]
2402,شکل برگ‌های گیاهانی که در اقلیم بارانی به خوبی زنده می‌مانند، غالباً کدام است؟,"['قرمز و درخشان.', 'عریض و صاف.', 'ضخیم و مومی.', 'تیز و باریک.']",B,در مناطق پرباران، این نوع برگ‌ها با دفع رطوبت اضافی و جلوگیری از بیماری‌های قارچی، سازگاری بهتری برای بقا ایجاد می‌کنند.,B,0.934800386428833,B,0.9836174249649048,True,True,True,True,[0.03608721 0.9348004  0.00431    0.02480235],[0.00655035 0.9836174  0.00742252 0.00240974]
2403,اگر فوک‌های ماده معمولاً هر سال به همان سواحل بازگردند تا زایمان کنند و در این سواحل به طور مکرر از سوی انسان‌ها مزاحمت ایجاد شود، فوک‌ها احتمالاً چگونه پاسخ خواهند داد؟,"['آنها رنگ خود را تغییر خواهند داد.', 'آنها تعداد بیشتری توله\u200cزا خواهند آورد.', 'آنها بیشتر به شکار غذا خواهند رفت.', 'آنها در سواحل مختلف زایمان خواهند کرد.']",D,به دلیل مزاحمت انسان در سواحل همیشگی، فوک‌ها برای حفظ امنیت توله‌ها، محل زایمان را به مناطق آرام‌تر تغییر می‌دهند. این واکنش منطقی بقا را افزایش می‌دهد.,D,0.6189205050468445,D,0.5535182356834412,True,True,True,False,[0.20093407 0.1773237  0.00282173 0.6189205 ],[0.1089942  0.33572578 0.00176173 0.55351824]
2404,کدام یک از گزینه‌های زیر نوع اصلی تنش است که یک گیره ثابت بر روی یک قطعه چوب وارد می‌کند؟,"['تنش کششی', 'تنش برشی', 'تنش چرخشی', 'تنش فشاری']",D,گیره با اعمال نیروی فشاری، تنشی ایجاد می‌کند که در برابر تغییر شکل مقاومت می‌نماید.,A,0.9646525382995605,D,0.8714624047279358,False,True,True,True,[0.96465254 0.01058113 0.00499817 0.01976816],[0.11747981 0.00751023 0.00354758 0.8714624 ]
2405,کدام فعالیت به طور مؤثرتری اطمینان می‌دهد که استئوسیت‌ها به درستی عمل کنند؟,"['افزایش نرخ تنفسی', 'مصرف غذاهای حاوی مواد معدنی زیاد', 'کاهش ورزش\u200cهای استرس\u200cزا', 'نوشیدن آب بدون یون']",B,استئوسیت‌ها برای عملکرد صحیح به مواد معدنی نیاز دارند که از طریق تغذیه مناسب تأمین می‌شود.,B,0.8628434538841248,B,0.997027575969696,True,True,True,True,[0.11654532 0.86284345 0.00245691 0.01815426],[2.4956372e-03 9.9702758e-01 1.5954075e-04 3.1728466e-04]
2406,خرگوش برف‌پوش سالی دو بار پشم خود را می‌ریزد. در تابستان، پشم خرگوش قهوه‌ای است. در زمستان، پشم سفید است. کدام یک از این جملات بهترین توضیح برای مزیت ریختن پشم است؟,"['ریختن پشم خرگوش را تمیز نگه می\u200cدارد.', 'ریختن پشم به خرگوش کمک می\u200cکند تا سریع\u200cتر حرکت کند.', 'ریختن پشم خانه خرگوش را گرم نگه می\u200cدارد.', 'ریختن پشم به خرگوش کمک می\u200cکند تا در زیستگاه خود باند شود.']",D,تغییر رنگ پشم برای استتار در محیط‌های مختلف، شانس پنهان‌ماندن از شکارچیان را افزایش می‌دهد.,C,0.38176023960113525,A,0.49642127752304077,False,False,False,False,[0.29731518 0.26237974 0.38176024 0.05854483],[0.49642128 0.07612867 0.08626509 0.34118503]
2407,چهار میله با ضخامت یکسان اما ساخته شده از فلزات مختلف مورد آزمایش قرار گرفتند تا مشخص شود کدامیک انعطاف‌پذیرتر است. بهترین روش برای گزارش نتایج این آزمایش کدام یک از گزینه‌های زیر است؟,"['فهرستی از هر نوع میله استفاده شده', 'ترسیمی از هر میله قبل از آزمایش', 'جدولی که نشان دهد هر میله چقدر وزن داشت', 'نمودار میله\u200cای که نشان دهد هر میله چقدر خم شد']",D,مقایسه بصری میزان خمش هر نمونه تحت نیروی یکسان، انعطاف‌پذیری را به‌طور مستقیم و کمّی نشان می‌دهد.,D,0.7043906450271606,D,0.9568527936935425,True,True,True,True,[2.9363370e-01 1.8731952e-03 1.0242705e-04 7.0439065e-01],[4.2205721e-02 8.7595184e-04 6.5467968e-05 9.5685279e-01]
2408,سه بازیکن بیسبال تحقیق می‌کنند که چه کسی می‌تواند یک توپ بیسبال را دورتر پرتاب کند. آن‌ها در زمین بازی محلی را برای تحقیق خود مشخص می‌کنند. کدام یک باید ثابت نگه داشته شود؟,"['قد بازیکنان', 'رنگ توپ\u200cهای بیسبال پرتاب شده', 'ترتیب پرتاب بازیکنان', 'نقطه\u200cای که بازیکنان از آن پرتاب می\u200cکنند']",D,برای مقایسه منصفانه توانایی پرتاب، باید مکان پرتاب ثابت باشد تا فاصله تحت تأثیر موقعیت قرار نگیرد و تنها مهارت سنجیده شود.,D,0.9269833564758301,D,0.9557613134384155,True,True,True,True,[0.05224578 0.01952282 0.00124805 0.92698336],[0.03691441 0.00389075 0.00343357 0.9557613 ]
2409,کدام ویژگی به عنوان نتیجه‌ای از جدا شدن صفحات تکتونیکی شکل نمی‌گیرد؟,"['خندق', 'دره شکاف', 'حوضه اقیانوسی', 'رشته کوه میان اقیانوسی']",A,[MASK] مستقیماً از جدایی صفحات تکتونیکی تشکیل می‌شود، در حالی که سایر پدیده‌ها مربوط به مراحل پیشرفته‌تر گسترش اقیانوس هستند.,C,0.547085702419281,C,0.47740471363067627,False,False,False,False,[0.17761272 0.07404    0.5470857  0.2012616 ],[0.22727871 0.09474387 0.4774047  0.20057276]
2410,گربه‌سانان به دلیل شکار، خشکسالی و بیماری به شدت در معرض انقراض قرار گرفته‌اند. اکنون تنوع ژنتیکی در جمعیت‌های گربه‌سان بسیار کم است. کدام‌یک از موارد زیر نتیجه محدودیت تنوع ژنتیکی در جمعیت‌های کنونی گربه‌سان‌ها نسبت به جمعیت‌های قبلی با تنوع بیشتر است؟,"['گربه\u200cسانان در جمعیت\u200cهای کنونی نسبت به بیماری\u200cهای جدید مقاوم\u200cتر هستند.', 'نرخ بقا در گربه\u200cسانان جوان در جمعیت\u200cهای کنونی افزایش یافته است.', 'گربه\u200cسانان در جمعیت\u200cهای کنونی کمتر قادر به جفت\u200cگیری با سایر گونه\u200cها هستند.', 'جمعیت\u200cهای کنونی گربه\u200cسان\u200cها کمتر قادر به سازگاری با تغییرات محیطی هستند.']",D,کاهش تنوع ژنتیکی احتمال وجود ویژگی‌های سازگار با تغییرات محیطی را کم می‌کند و انعطاف‌پذیری جمعیت را کاهش می‌دهد.,C,0.5435757637023926,D,0.4632086753845215,False,True,True,True,[0.10661912 0.01881939 0.54357576 0.33098575],[0.11711749 0.01089362 0.40878022 0.46320868]
2411,یک مکعب یخ ذوب می‌شود و سپس تبخیر می‌شود. مکعب یخ و بخار آب دارای چه ویژگی مشابهی هستند؟,"['جرم.', 'چگالی.', 'حجم.', 'دما.']",A,جرم در تغییر حالت فیزیکی ثابت می‌ماند زیرا ماده اضافه یا حذف نمی‌شود.,B,0.9229581356048584,A,0.9978912472724915,False,True,True,True,[0.05946551 0.92295814 0.00430767 0.01326855],[9.9789125e-01 1.8983705e-03 4.4645396e-05 1.6587776e-04]
2412,منابع طبیعی زیادی در مریلند و مناطق اطراف آن وجود دارد. برخی از این منابع طبیعی تجدیدپذیر و برخی دیگر تجدیدناپذیر هستند. مردم از هر دو نوع منابع در فعالیت‌های روزمره خود استفاده می‌کنند. استفاده از منابع طبیعی اغلب محصولات زائدی تولید می‌کند. مراکز بازیافت محلی هستند که مردم مواد قابل استفاده مجدد را برای تولید محصولات جدید به آنجا می‌برند. بازیافت کاغذ چگونه به طرز مثبتی بر محیط زیست تأثیر می‌گذارد؟,"['آلودگی هوا را کاهش می\u200cدهد', 'فرسایش خاک را افزایش می\u200cدهد', 'درختانی که قطع می\u200cشوند را کاهش می\u200cدهد', 'تخریب زیستگاه را افزایش می\u200cدهد']",C,با استفاده مجدد از کاغذ، نیاز به بریدن درختان تازه کاهش یافته و از منابع طبیعی محافظت می‌شود.,A,0.9899380207061768,C,0.948306143283844,False,True,True,True,[9.8993802e-01 3.6141234e-03 5.9586819e-03 4.8911845e-04],[4.7029313e-02 4.4432948e-03 9.4830614e-01 2.2121861e-04]
2413,یک کشاورز هر سال به مدت چند سال در مزرعه‌ای ذرت می‌کارد. هر سال او متوجه می‌شود که تولید ذرت او در هر هکتار کاهش یافته است علیرغم اینکه شرایط آب و هوایی بسیار مشابهی وجود داشته است. تغییر در کدام عامل غیرزیستی احتمالاً باعث کاهش تولید ذرت شده است؟,"['کاهش مواد مغذی خاک', 'افزایش بارش', 'افزایش سرعت باد', 'کاهش نور خورشید']",A,کشت مداوم محصول یکسان باعث کاهش تدریجی مواد مغذی خاک می‌شود و با شرایط آب و هوایی ثابت، این عامل دلیل اصلی کاهش عملکرد است.,A,0.9445834159851074,A,0.9936714172363281,True,True,True,True,[9.445834e-01 8.252446e-03 4.108651e-04 4.675329e-02],[9.9367142e-01 2.1651729e-03 1.1839253e-04 4.0450757e-03]
2414,درختان به اکسیژن نیاز دارند. ریشه‌های نزدیک به سطح زمین اکسیژنی را که درخت نیاز دارد، جذب می‌کنند. کدام موجودات به درختان کمک می‌کنند تا اکسیژن دریافت کنند؟,"['دارکوب\u200cها که درخت را سوراخ می\u200cکنند', 'زمین\u200cکرم\u200cها که در زمین نزدیک درخت سوراخ می\u200cکنند', 'قارچ\u200cها که در پایه درخت رشد می\u200cکنند', 'سنجاب\u200cها که گردوها را در زمین نزدیک درخت می\u200cخورند']",B,کرم‌های خاکی با حفاری خاک، نفوذ اکسیژن را افزایش داده و جذب آن توسط ریشه‌ها را تسهیل می‌کنند.,C,0.972518801689148,B,0.6612393260002136,False,True,True,True,[2.3005858e-02 3.9978181e-03 9.7251880e-01 4.7747130e-04],[0.02563903 0.6612393  0.31234732 0.00077423]
2415,در موش‌ها، یک گونه خاص نشان‌دهندهٔ غالبیت ناقص در رنگ‌آمیزی پوشش است. فرزندان یک موش سیاه (BB) و یک موش سفید (bb) موش‌های خاکستری (Bb) خواهند بود. تلاقی بین دو موش خاکستری به احتمال زیاد چه درصدی از رنگ‌های پوشش را تولید خواهد کرد؟,"['25% سیاه، 75% خاکستری', '25% خاکستری، 75% سفید', '25% سفید، 25% سیاه، 50% خاکستری', '25% خاکستری، 25% سیاه، 50% سفید']",C,در تلاقی دو هتروزیگوت با غالبیت ناقص، نسبت فنوتیپ‌ها ۲۵ درصد هر یک از رنگ‌های خالص و ۵۰ درصد رنگ میانی است.,A,0.410086065530777,A,0.3574741780757904,False,False,False,False,[0.41008607 0.00851106 0.21950327 0.36189967],[0.35747418 0.00665047 0.35747418 0.27840117]
2416,دانش‌آموزان در مورد منابع طبیعی در مریلند در حال یادگیری هستند. یک گروه از دانش‌آموزان به تحقیق درباره اطلاعات منابع طبیعی تجدیدپذیر در ایالت می‌پردازند. گروه دیگر به تحقیق درباره اطلاعات منابع طبیعی غیرتجدیدپذیر در ایالت مشغول است. منابعی که دانش‌آموزان بررسی می‌کنند شامل گیاهان، حیوانات، خاک، مواد معدنی، آب، زغال‌سنگ و نفت است. کدام یک از فعالیت‌های انسانی زیر به طور منفی بر یک منبع طبیعی تأثیر می‌گذارد؟,"['ماهیگیری در یک دریاچه', 'استفاده از آب برای تولید برق', 'کاشت گیاهان بومی در کنار دریاچه', 'هدایت آبهای اضافی از زمین\u200cهای کشاورزی به سمت دریاچه']",D,هدایت آب کشاورزی به دریاچه باعث آلودگی و آسیب به کیفیت آب و اکوسیستم می‌شود.,A,0.35757285356521606,D,0.8429714441299438,False,True,True,True,[0.35757285 0.31555694 0.04839222 0.27847803],[0.14677286 0.00938287 0.00087274 0.84297144]
2417,کلاسی در علوم یک پوستر طراحی کرد تا نشان دهد که جزایر حائل در سواحل فلوریدا چگونه شکل گرفته‌اند. دانش‌آموزان اثرات باد، امواج و جزر و مدها را بر روی ماسه‌ای که این جزایر را تشکیل می‌دهد، نشان دادند. در این پوستر، کدام جفت سیستم باید دانش‌آموزان بگویند بیشترین تأثیر را در شکل‌گیری جزایر حائل داشته است؟,"['الف) آب\u200cکره و جو', 'ب) جو و سنگ\u200cکره', 'ج) زیست\u200cکره و آب\u200cکره', 'د) سنگ\u200cکره و زیست\u200cکره']",A,جزایر حائل عمدتاً توسط آب دریا و باد شکل می‌گیرند که مربوط به آب‌کره و جو هستند.,A,0.48997706174850464,A,0.9307987689971924,True,True,True,True,[0.48997706 0.48997706 0.00074825 0.01929765],[9.3079877e-01 6.7690738e-02 2.8991266e-04 1.2205777e-03]
2418,کدام یک از موارد زیر انرژی مکانیکی یک کالسکه در حالت استراحت در بالای یک تپه تند را توصیف می‌کند؟,"['کالسکه هیچ انرژی مکانیکی ندارد.', 'تمام انرژی مکانیکی کالسکه جنبشی است.', 'تمام انرژی مکانیکی کالسکه پتانسیل است.', 'نیمی از انرژی مکانیکی کالسکه پتانسیل و نیمه دیگر جنبشی است.']",C,کالسکه ساکن است و انرژی جنبشی ندارد، بنابراین تمام انرژی آن پتانسیل است.,C,0.8936419486999512,C,0.9860886931419373,True,True,True,True,[0.08312165 0.0046894  0.89364195 0.01854695],[1.2510381e-02 5.4966781e-04 9.8608869e-01 8.5134216e-04]
2419,پرندگان هومینگ می‌توانند در هوا معلق بمانند و با سرعت بسیار زیادی پرواز کنند. این ویژگی برای پرنده هومینگ در تمام موارد زیر مفید است به جز,"['فرار سریع از شکارچیان.', 'رسیدن آسان به گل\u200cها.', 'در یک مکان ماندن برای نوشیدن شهد.', 'نگه\u200cداشتن تخم\u200cها گرم.']",D,توانایی پروازی پرنده به گرم کردن تخم‌ها کمک نمی‌کند و مربوط به رفتارهای دیگر است.,B,0.4227086007595062,D,0.7751474976539612,False,True,True,True,[0.2905231  0.4227086  0.03038261 0.25638574],[0.13470043 0.02652409 0.06362798 0.7751475 ]
2420,یک بادکنک پر از آب در یک فریزر قرار داده شده است. کدام ویژگی آب در هنگام رسیدن به نقطه انجماد تغییر خواهد کرد؟,"['رنگ', 'جرم', 'حالت', 'وزن']",C,با انجماد، [MASK] آب از مایع به جامد تغییر می‌کند و سایر ویژگی‌ها ثابت می‌مانند.,C,0.9867995381355286,C,0.8949548006057739,True,True,True,False,[0.00856254 0.00314998 0.98679954 0.00148795],[0.03086386 0.06533878 0.8949548  0.00884264]
2421,فسیلی که در کلرادو کشف شده به دوران پرکامبرین اوایل مِزوئیک برمی‌گردد. یک سال بعد، فسیل مشابهی در وایومینگ پیدا می‌شود که همچنین به اوایل دوران مِزوئیک مربوط می‌شود. این دو موجود احتمالاً در کجا زندگی کرده‌اند؟,"['همان محیط در حدود همان زمان.', 'همان محیط در زمان\u200cهای مختلف.', 'محیط\u200cهای مختلف در حدود همان زمان.', 'محیط\u200cهای مختلف در زمان\u200cهای مختلف.']",A,هر دو فسیل از یک دوره زمانی و منطقه جغرافیایی مشابه کشف شده‌اند.,A,0.9847242832183838,A,0.9527842402458191,True,True,True,False,[0.9847243  0.00131451 0.01247174 0.00148954],[9.5278424e-01 7.8941441e-05 4.7067180e-02 6.9665570e-05]
2422,ماده می‌تواند تغییرات مختلفی را تجربه کند. کدام یک بهترین مثال برای تغییر شیمیایی است؟,"['حل شدن نمک', 'سوزاندن چوب', 'جوش آمدن آب', 'ذوب شدن یخ']",B,این فرآیند باعث ایجاد مواد جدید با ساختار مولکولی متفاوت می‌شود و برگشت‌ناپذیر است، در حالی که سایر موارد تنها حالت فیزیکی ماده را عوض می‌کنند.,B,0.9850217700004578,B,0.9935605525970459,True,True,True,True,[1.4023164e-02 9.8502177e-01 2.5684322e-04 6.9817225e-04],[5.9079272e-03 9.9356055e-01 3.2304780e-04 2.0857534e-04]
2423,کدام یک از مقادیر ذکر شده در واحدی غیر از ژول اندازه‌گیری می‌شود؟,"['حرارت', 'نور', 'توان', 'کار']",C,شدت [MASK] با کندلا سنجیده می‌شود که واحد مستقل و متفاوت از ژول است.,C,0.6583743691444397,C,0.49923476576805115,True,True,True,False,[0.19010682 0.08980011 0.65837437 0.06171865],[0.12622632 0.3431187  0.49923477 0.03142022]
2424,چه چیزی بهترین توصیف کننده ویژگی الکتریکی یک اتم است؟,"['خنثی', 'عایق شده', 'بار مثبت', 'بار منفی']",A,اتم در حالت عادی به دلیل تعادل تعداد ذرات باردار مثبت و منفی، از نظر الکتریکی بی‌بار است.,A,0.4975607693195343,A,0.9997037053108215,True,True,True,True,[0.49756077 0.23503105 0.08579023 0.18161793],[9.9970371e-01 1.5795096e-04 4.2511921e-05 9.5802097e-05]
2425,یخچال برای ایجاد یک مکان سرد برای ذخیره غذا از برق استفاده می‌کند. استفاده از یخچال چه تاثیر منفی بر محیط زیست دارد؟,"['الف) برقی که برای سرد نگه داشتن غذا نیاز است، می\u200cتواند گران باشد.', 'ب) اگر برق قطع شود، غذا خراب شده و شما را بیمار می\u200cکند.', 'ج) ذخیره غذا به مدت طولانی\u200cتر، سفرهای خرید را کاهش داده و مصرف بنزین را کم می\u200cکند.', 'د) یخچال\u200cهای قدیمی حاوی مواد شیمیایی هستند و در دفن زباله\u200cها فضا اشغال می\u200cکنند.']",D,یخچال‌های قدیمی مواد شیمیایی خطرناک دارند و در دفن زباله فضا و محیط را آلوده می‌کنند.,D,0.9748052954673767,D,0.9781858921051025,True,True,True,True,[2.2569802e-02 1.8526420e-03 7.7229610e-04 9.7480530e-01],[0.01812729 0.00245326 0.00123358 0.9781859 ]
2426,مشاهدهٔ گرگور مندل از گیاهان نخود مثال یک مورد است از,"['شواهد مبتنی بر تحقیق که از یک نظریهٔ علمی پشتیبانی می\u200cکند.', 'یک نتیجه که توسط یک فرضیه آزمایش می\u200cشود.', 'آزمایش تصادفی در طول یک آزمایش.', 'شواهدی برای و علیه یک مدل علمی.']",A,مشاهدات مندل پایه‌ای برای قوانین وراثت شد و از نظریه علمی پشتیبانی کرد.,A,0.9468377232551575,A,0.9975627660751343,True,True,True,True,[9.4683772e-01 3.2621242e-02 7.5528410e-04 1.9785782e-02],[9.9756277e-01 8.9643151e-04 6.2939376e-05 1.4779656e-03]
2427,کدام روش بهترین کمک را برای تعیین اعتبار علمی یک تحقیق فراهم می‌آورد؟,"['ثبت یادداشت\u200cها در مورد وضعیت تجهیزات استفاده شده در این روش', 'برگزاری یک تحقیق با گروهی از افراد', 'اجرای این روش به طور کامل به یک بار', 'تکرار یک تحقیق چندین بار']",D,تکرار نتایج توسط دیگران، صحت یافته‌ها را تأیید می‌کند و اعتبار علمی را افزایش می‌دهد.,C,0.7826298475265503,D,0.6904817819595337,False,True,True,True,[0.12096151 0.03927045 0.78262985 0.05713817],[0.01811544 0.28783563 0.00356714 0.6904818 ]
2428,روبرت یک ماهیگیر است که می‌خواهد راهی برای گرفتن ماهی‌های بیشتر پیدا کند. او تصمیم گرفت اندازه‌های مختلف قلاب‌ها را امتحان کند. روبرت در حین استفاده از کرم به عنوان طعمه، ۴ ماهی گربه‌ای، ۳ قزل‌آلا و ۷ ماهی پِرچ گرفت. کدام یک از متغیرهای مستقل (دستکاری‌شده) در تحقیق روبرت است؟,"['نوع طعمه', 'اندازه قلاب', 'نوع ماهی گرفته\u200cشده', 'تعداد ماهی\u200cهای گرفته\u200cشده']",B,عامل تغییر داده شده توسط محقق [MASK] است، در حالی که سایر عوامل ثابت نگه‌داشته شده‌اند.,B,0.9884146451950073,B,0.9884987473487854,True,True,True,True,[9.7185066e-03 9.8841465e-01 1.7800066e-04 1.6888232e-03],[9.8435096e-03 9.8849875e-01 4.0629017e-04 1.2514618e-03]
2429,کدام عمل رقابتی بین نگرانی‌های زیست‌محیطی و سودهای اقتصادی ایجاد می‌کند؟,"['حفاظت از حیات وحش در معرض خطر', 'بازگرداندن حیات وحش به زیستگاه\u200cهای طبیعی آن\u200cها', 'استفاده از زمین\u200cهای جنگلی برای ساخت خانه', 'استفاده از اتوبوس\u200cهای شهری برای حمل\u200cونقل']",C,تخریب جنگل برای ساخت‌وساز سود اقتصادی دارد اما به محیط‌زیست آسیب می‌زند و باعث تعارض بین این دو می‌شود.,C,0.9280856847763062,C,0.994533896446228,True,True,True,True,[5.93305305e-02 1.16828745e-02 9.28085685e-01 9.00886545e-04],[5.1580332e-03 2.4890236e-04 9.9453390e-01 5.9119495e-05]
2430,کدام عبارت بهترین توضیح را دربارهٔ آنچه که برای یک برگ وقتی که آب مورد نیازش را از دست می‌دهد، ارائه می‌دهد؟,"['فشار تَرگور آن کاهش می\u200cیابد.', 'فشار جوی آن کاهش می\u200cیابد.', 'نرخ تعرق آن افزایش می\u200cیابد.', 'نرخ فتوسنتز آن افزایش می\u200cیابد.']",A,با از دست دادن آب، فشار داخلی سلول‌های برگ کاهش یافته و باعث پژمردگی می‌شود.,C,0.706222414970398,A,0.9463387727737427,False,True,True,True,[0.25980473 0.02397754 0.7062224  0.00999533],[0.9463388  0.03263591 0.00920538 0.01181994]
2431,کجا کار کردن با ابزار برقی خطرناک‌ترین است؟,"['در یک گاراژ', 'کنار یک استخر شنا', 'نزدیک یک تلویزیون یا کامپیوتر', 'در یک زیرزمین خنک']",B,وجود آب و رطوبت در محیط، رسانایی الکتریسیته را افزایش داده و خطر برق‌گرفتگی شدید ایجاد می‌کند.,D,0.6345722079277039,B,0.8862541913986206,False,True,True,True,[0.18109918 0.15981945 0.02450911 0.6345722 ],[0.05621543 0.8862542  0.03409638 0.02343408]
2432,زمانی که مردم بر روی ماه راه میرفتند، متوجه شدند که میتوانند بیشتر از روی زمین پرش کنند. چرا این درست است؟,"['بر روی ماه هیچ جوی وجود ندارد.', 'ماه نیروی گرانشی کمتری نسبت به زمین وارد می\u200cکند.', 'لباس\u200cهای فضایی به آن\u200cها کمک کرد تا بیشتر پرش کنند.', 'ماه سریعتر از زمین می\u200cچرخد.']",B,گرانش ماه کمتر از زمین است، بنابراین پرش‌ها بلندتر می‌شوند.,B,0.9317435026168823,B,0.9625738859176636,True,True,True,True,[6.7429386e-02 9.3174350e-01 5.1482976e-04 3.1226003e-04],[3.7177533e-02 9.6257389e-01 1.7216612e-04 7.6398261e-05]
2433,برای یافتن جمعیت سوسک‌ها، دانشمندان باید از یک دستگاه بسیار تخصصی استفاده کنند. کدام عامل احتمالاً توانایی یافتن سوسک‌ها را محدود می‌کند؟,"['آب و هوا', 'هزینه', 'حجم نمونه', 'سیاست']",B,محدودیت در تعداد حشراتی که می‌توان مطالعه کرد، به دلیل پنهان‌کاری و پراکندگی آن‌ها، جمع‌آوری داده‌های دقیق را مشکل می‌سازد و نیاز به ابزار ویژه را توجیه می‌کند.,A,0.5070593357086182,C,0.8700932264328003,False,False,False,False,[0.50705934 0.08880478 0.23951787 0.16461806],[0.10391782 0.00764633 0.8700932  0.01834258]
2434,سنجابی یک بلوط را از شاخه یک درخت بلوط انداخت. کدام یک از این موارد در حین سقوط بلوط از درخت به زمین تغییر خواهد کرد؟,"['جرم بلوط', 'نیروی وارده بر بلوط', 'چگالی بلوط', 'سرعت بلوط']",D,[MASK] به دلیل شتاب گرانش افزایش می‌یابد، در حالی که سایر ویژگی‌ها ثابت می‌مانند.,B,0.6607037782669067,D,0.43088585138320923,False,True,True,True,[0.14799994 0.6607038  0.0012606  0.19003569],[0.23063658 0.33557424 0.00290329 0.43088585]
2435,آنا یک دونده مسافت‌های طولانی است. پس از پایان یک مسابقه او متوجه شد که به دلیل آزاد شدن انرژی حرارتی احساس گرما می‌کند. منبع انرژی حرارتی او چه چیزی ممکن است باشد؟,"['اصطکاک ناشی از هوا', 'گرما که از خورشید جذب می\u200cشود', 'انرژی مکانیکی که جذب می\u200cشود', 'تبدیل\u200cهای انرژی که در بدن او رخ می\u200cدهد']",D,گرمای تولیدشده ناشی از تبدیل انرژی درون بدن هنگام فعالیت بدنی است.,A,0.46820321679115295,D,0.6485052108764648,False,True,True,True,[0.46820322 0.09219468 0.4131879  0.02641422],[0.30873474 0.01741762 0.02534249 0.6485052 ]
2436,در حین انجام یک آزمایش، یک دانش آموز چندین دمای مختلف آب، دو اندازه‌گیری جرم و سه اندازه‌گیری حجم جمع‌آوری می‌کند. بهترین راه برای سازماندهی داده‌ها کدام است؟,"['در یک جدول', 'در یک نمودار', 'در یک روایت کتبی', 'توسط تصاویر نشان داده شده']",A,جدول داده‌های عددی را به صورت منظم و قابل مقایسه نمایش می‌دهد و تحلیل چند متغیره را تسهیل می‌کند.,A,0.9955081939697266,A,0.9906136989593506,True,True,True,False,[9.9550819e-01 3.1948946e-03 3.8157575e-04 9.1535266e-04],[9.9061370e-01 8.4376149e-03 3.3754704e-04 6.1121874e-04]
2437,سارا یک چراغ قوه را روشن کرده و یک شی را به سمت نور نگه می‌دارد. چگونه می‌تواند بفهمد که آیا شی مات است؟,"['هیچ نوری از آن عبور نخواهد کرد.', 'برخی از نورها منعکس خواهند شد.', 'نور با زاویه\u200cای منحرف خواهد شد.', 'نور به وضوح از آن عبور خواهد کرد.']",A,,A,0.6456143856048584,A,0.6687623262405396,True,True,True,True,[0.6456144  0.3037777  0.02235212 0.02825573],[0.6687623  0.31713736 0.00957672 0.00452372]
2438,زیردریایی‌ها بسیاری از نقاط اقیانوس را اکتشاف کرده‌اند. وقتی زیردریایی‌ها به اعماق میروند، دانشمندان مشاهده می‌کنند که مقدار - افزایش می‌یابد.,"['مقدار نور', 'دمای آب', 'فشار آب', 'انواع ارگانیسم\u200cهای اقیانوسی']",C,با افزایش عمق، وزن آب بالایی سبب افزایش فشار می‌شود.,C,0.9932538866996765,C,0.9977588653564453,True,True,True,True,[5.2325176e-03 1.3229877e-03 9.9325389e-01 1.9059444e-04],[2.0185644e-03 1.8775575e-04 9.9775887e-01 3.4731322e-05]
2439,مدت زمان بین شب و روز در زمین در طول سال متغیر است. این تغییر زمان عمدتاً توسط,"['موقعیت خورشید.', 'موقعیت ماه.', 'زاویه کج شدن زمین.', 'فاصله زمین از خورشید.']",C,انحراف محور چرخش زمین باعث تغییر زاویه تابش خورشید در طول سال می‌شود و بر مدت شب و روز تأثیر می‌گذارد.,C,0.8849145770072937,C,0.4821699857711792,True,True,True,False,[0.0496318  0.06372849 0.8849146  0.00172505],[0.13814402 0.37551436 0.48217    0.00417159]
2440,یک عملکرد اصلی دانه گیاه چیست؟,"['غذا را ذخیره کند تا در دوره اولیه توسعه استفاده شود', 'گرده را جذب کند تا در دوره توسعه استفاده شود', 'نور را جذب کند تا در زمان فتوسنتز استفاده شود', 'کلروفیل تولید کند تا در زمان فتوسنتز استفاده شود']",A,دانه مواد غذایی را برای رشد اولیه گیاه ذخیره می‌کند تا قبل از فتوسنتز مستقل استفاده شود.,C,0.7650669813156128,A,0.9966220855712891,False,True,True,True,[0.19419633 0.02978097 0.765067   0.01095581],[9.9662209e-01 1.3094484e-03 1.6813651e-03 3.8707221e-04]
2441,یک اختاپوس دارای سلول‌های ویژه‌ای در پوست خود به نام رنگدانه‌ها است که به اختاپوس این امکان را می‌دهد که تقریباً به‌صورت آنی رنگ خود را تغییر دهد. رنگدانه‌ها احتمالاً به اختاپوس کمک می‌کنند,"['سرعت شنا را افزایش دهد.', 'تنفس را کندتر کند.', 'از شکارچیان پنهان شود.', 'دمای بدن را تنظیم کند.']",C,توانایی تغییر رنگ برای استتار و پنهان‌شدن از خطرات محیطی به‌کار می‌رود.,C,0.9824753999710083,C,0.990065336227417,True,True,True,True,[1.6098838e-02 8.0151402e-04 9.8247540e-01 6.2421977e-04],[9.5557775e-03 2.4681800e-04 9.9006534e-01 1.3211215e-04]
2442,در یک خودرو، کدام یک از اجزا به طور خاص برای ارائه بازخورد به راننده طراحی شده است؟,"['فرمان', 'سرعت سنج', 'پدال ترمز', 'کلید خودرو']",B,این وسیله اطلاعات لحظه‌ای را برای ایمنی و رعایت مقررات به راننده نشان می‌دهد، در حالی که سایر اجزا برای کنترل خودرو به کار می‌روند.,B,0.8522371053695679,B,0.7453188896179199,True,True,True,False,[0.13171984 0.8522371  0.00237513 0.01366793],[0.24196962 0.7453189  0.00443183 0.00827974]
2443,نوع بار موهای فردی که به دلیل الکتریسیته ساکن در حالت ایستاده قرار دارند چیست؟,"['بارهای خنثی', 'خروجی خنثی', 'بار مثبت دائمی', 'بارهای مثبت موقتی']",D,الکتریسیته ساکن با از دست دادن الکترون و ایجاد بار مثبت موقتی همراه است.,A,0.5795233845710754,D,0.7803229689598083,False,True,True,True,[0.5795234  0.10110022 0.07873693 0.24063945],[0.12013476 0.09356105 0.00598116 0.78032297]
2444,کدامیک از این موارد عملکرد سیستم گردش خون نیست؟,"['شکستن غذا به مواد مغذی', 'انتقال مواد مغذی و اکسیژن', 'حذف محصولات زاید از بدن', 'دفاع از بدن در برابر مهاجمان خارجی']",A,سیستم گردش خون مواد را انتقال می‌دهد و دفاع می‌کند، اما تجزیه غذا بر عهده سیستم گوارش است.,A,0.45405343174934387,D,0.8417787551879883,True,False,False,False,[0.45405343 0.07828863 0.01360452 0.45405343],[0.11347823 0.02914362 0.01559946 0.84177876]
2445,دانش‌آموزان از دو کلاس تحقیق یکسانی انجام دادند. هر کلاس نتایج متفاوتی به دست آورد. بهترین راه برای دانش‌آموزان برای تعیین اینکه چرا نتایج متفاوت بود چیست؟,"['مرور مراحل انجام شده در تحقیق.', 'تغییر فرضیه تحقیق.', 'تحقیق در مورد داده\u200cهای مربوط به تحقیقات مشابه.', 'انجام یک تحقیق متفاوت.']",A,بررسی مراحل آزمایش به شناسایی خطاها کمک می‌کند و علت تفاوت نتایج را مشخص می‌سازد.,C,0.6077623963356018,A,0.9959956407546997,False,True,True,True,[0.36862653 0.01835283 0.6077624  0.00525818],[9.9599564e-01 2.1968922e-03 1.7109413e-03 9.6524702e-05]
2446,رعد و برق می‌تواند تمام این اشکال انرژی را تولید کند به جز,"['انرژی حرارتی.', 'انرژی خورشیدی.', 'انرژی نوری.', 'انرژی الکتریکی.']",B,رعد و برق انرژی الکتریکی، حرارتی و نوری تولید می‌کند، اما انرژی خورشیدی منبع مستقل دارد و از آن حاصل نمی‌شود.,B,0.9304467439651489,B,0.9911484718322754,True,True,True,True,[0.05948147 0.93044674 0.00380252 0.0062693 ],[8.5333465e-03 9.9114847e-01 5.2351825e-05 2.6586451e-04]
2447,یک منطقه‌ی روستایی برای ساختن یک جاده به سنگ خالی شد، اما جاده هیچ‌گاه ساخته نشد. این منطقه شروع به بازسازی کرد. کدام ارگانیسم‌ها احتمالاً ابتدا دوباره ظاهر شدند؟,"['درختان', 'بوته\u200cها', 'لیکن\u200cها و خزه\u200cها', 'علف\u200cهای هرز و چمن\u200cزار']",C,اولین موجودات در مناطق سنگی تخریب‌شده هستند که روی سنگ رشد کرده و خاک تشکیل می‌دهند.,C,0.6567676067352295,C,0.9188406467437744,True,True,True,True,[0.31023505 0.01069892 0.6567676  0.02229846],[0.07571823 0.00255077 0.91884065 0.0028904 ]
2448,یک دانش‌آموز تأثیر آهن بر رشد گیاهان را مورد بررسی قرار داد. چهار گیاه یکسان هنگام آبیاری مقادیر متفاوتی از مکمل آهن دریافت کردند. این تحقیق می‌توانست بهبود یابد اگر,"['کرم\u200cهای خاکی در خاک وجود داشتند.', 'تعداد کمتری گیاه در آزمایش وجود داشت.', 'گیاهانی که آب بدون مکمل آهن دریافت کردند وجود داشتند.', 'گیاهانی که مقادیر متفاوتی از نور خورشید دریافت کردند وجود داشتند.']",C,گروه کنترل بدون آهن برای مقایسه تأثیر واقعی آن بر رشد گیاهان ضروری است تا عوامل دیگر حذف شوند.,C,0.5528176426887512,C,0.9248145222663879,True,True,True,True,[0.33530086 0.09531771 0.55281764 0.01656374],[0.06699334 0.00623135 0.9248145  0.00196078]
2449,در زمستان، پوست روباه قطبی سفید است. در تابستان، پوست به رنگ قهوه‌ای مایل به قرمز تیره می‌شود. چه عاملی به احتمال زیاد باعث تغییر رنگ پوست این روباه می‌شود؟,"['مقدار نور خورشید موجود', 'زیستگاه روباه', 'ژن\u200cهای روباه', 'سن روباه']",C,تغییر رنگ برای استتار در فصول مختلف رخ می‌دهد که توسط میزان نور خورشید تنظیم می‌شود.,D,0.5004709362983704,A,0.998526930809021,False,False,False,False,[0.14394853 0.34531456 0.01026593 0.50047094],[9.9852693e-01 9.0876204e-04 3.9085367e-04 1.7344028e-04]
2450,اتانول سوختی جایگزین است که از ذرت ساخته می‌شود. یکی از اثرات نامطلوب استفاده از اتانول به عنوان سوخت چیست؟,"['کاهش هزینه تولید سوخت', 'کاهش زمین\u200cهای کشاورزی در دسترس برای تولید غذا', 'افزایش مصرف سوخت\u200cهای فسیلی', 'افزایش اثر کربن ناشی از رانندگی اتومبیل\u200cها']",B,استفاده از محصولات کشاورزی برای سوخت، زمین کمتری برای تولید غذا باقی می‌گذارد و این مسئله می‌تواند عرضه مواد غذایی را کاهش دهد.,D,0.6746484041213989,B,0.9960706233978271,False,True,True,True,[0.04296068 0.21988352 0.06250743 0.6746484 ],[1.690310e-03 9.960706e-01 5.487633e-04 1.690310e-03]
2451,کدام یک از شرایط ژنتیکی زیر ناشی از مشکلی در تفکیک است؟,"['تریزومی ۱۶: وضعیتی که زمانی ایجاد می\u200cشود که یک زیگوت سه نسخه از کروموزوم ۱۶ دریافت می\u200cکند', 'بیماری هانتینگتون: وضعیتی که زمانی ایجاد می\u200cشود که یک زیگوت یک الل غالب جهش\u200cیافته دریافت می\u200cکند', ' هموفیلی: وضعیتی که زمانی ایجاد می\u200cشود که یک زیگوت یک کروموزوم X با یک الل مغلوب خاص دریافت می\u200cکند', 'آنمی داسی شکل: وضعیتی که زمانی ایجاد می\u200cشود که یک زیگوت یک الل مغلوب برای هموگلوبین از هر والد دریافت می\u200cکند']",A,مشکل در تفکیک کروموزوم‌ها باعث ناهنجاری‌های عددی مانند وجود سه نسخه از یک کروموزوم به جای دو نسخه می‌شود.,A,0.579918384552002,A,0.9666774868965149,True,True,True,True,[0.5799184  0.1890088  0.12990373 0.10116912],[0.9666775  0.01199172 0.00933916 0.01199172]
2452,یک زیستگاه خاص در طی ۷۵ سال گذشته تغییرات زیادی در شرایط محیطی را تجربه کرده است. کدام یک از این موارد به احتمال زیاد ویژگی یک گونه است که بهترین شانس برای بقاء در این تغییرات محیطی را دارد؟,"['جمعیت با تعداد زیادی فرد', 'تنوع زیاد گونه\u200cها در جامعه کنونی', 'انطباق\u200cهایی که به افراد اجازه می\u200cدهد در شرایط مختلف زندگی کنند', 'رفتارهایی که توسعه انطباق\u200cها در محیط\u200cهای جدید را ترویج می\u200cکنند']",D,توانایی زندگی در شرایط گوناگون، سازگاری با تغییرات محیطی را افزایش داده و شانس بقا را بهبود می‌بخشد.,C,0.976926863193512,C,0.9872276782989502,False,False,False,False,[2.0000154e-02 6.8436761e-04 9.7692686e-01 2.3886776e-03],[1.0967108e-02 3.2098871e-04 9.8722768e-01 1.4842368e-03]
2453,بر اساس راهنماهای ایمنی آزمایشگاهی، دانش‌آموزان در صورت برخورد مواد شیمیایی با چشم‌هایشان باید چه کار کنند؟,"['چشمک زنند و چندین بار به سرعت.', 'چشم\u200cهای خود را با آب بشویند.', 'چشم\u200cهای خود را با دستمال کاغذی بمالند.', 'عینک ایمنی بزنند.']",B,شستشوی سریع چشم با آب فراوان، بهترین روش برای کاهش آسیب ناشی از مواد شیمیایی و محافظت از بافت‌های چشم است.,B,0.9517976641654968,B,0.9232621788978577,True,True,True,False,[0.04157475 0.95179766 0.00269964 0.00392795],[7.5490512e-02 9.2326218e-01 8.3862385e-04 4.0871263e-04]
2454,کدام یک از گزینه‌های زیر در کاهش ازدحام ترافیک هوایی در یک فرودگاه شلوغ تأثیرگذارتر خواهد بود؟,"['ارائه بازخورد عملکرد به خلبانان', 'ارائه اطلاعات پروازی به مسافران', 'افزایش تعداد هواپیماها در فرودگاه', 'افزایش تعداد باندهای فرود در فرودگاه']",D,افزایش ظرفیت عملیاتی فرودگاه با توسعه زیرساخت‌ها، تراکم و تأخیرها را مستقیماً کاهش می‌دهد.,D,0.8081153035163879,D,0.7480843663215637,True,True,True,False,[0.15943845 0.02770625 0.00473998 0.8081153 ],[0.05397978 0.009528   0.18840793 0.74808437]
2455,در استرالیا، دماهای میانه روز می‌توانند به بیش از ۱۱۰ درجه فارنهایت (۴۳ درجه سانتی‌گراد) برسند. برای اینکه بدن خود را خنک نگه دارند، کانگوروها بازوهای خود را لیس می‌زنند و آنها را با لایه‌ای ضخیم از بزاق می‌پوشانند. هنگامی که بزاق تبخیر می‌شود، به عنوان یک مکانیزم خنک‌کننده عمل می‌کند و دمای بدن کانگورو را کاهش می‌دهد. کدامیک از اصطلاحات زیر بهترین توصیف کننده این فعالیت است؟,"['انتخاب طبیعی', 'مکانیزم دفاعی', 'انطباق\u200cهای ساختاری', 'انطباق\u200cهای رفتاری']",D,این رفتار آموخته یا غریزی برای تنظیم دما در پاسخ به گرما است، نه تغییر فیزیکی بدن.,B,0.9804370999336243,B,0.9518850445747375,False,False,False,False,[9.5837489e-03 9.8043710e-01 3.9556855e-04 9.5837489e-03],[1.06366305e-02 9.51885045e-01 3.52767413e-04 3.71254869e-02]
2456,خانوادهٔ مایکل در حال ساخت یک خانه جدید است. آن‌ها می‌خواهند از برق تولید شده توسط منابع تجدیدپذیر استفاده کنند. کدامیک از این تأمین‌کننده‌های برق به خانواده کمک می‌کند تا به هدف خود برسد؟,"['موتور بنزینی', 'پنل\u200cهای خورشیدی سطوح', 'نیروگاه زغال\u200cسنگ', 'نیروگاه هسته\u200cای']",B,انرژی خورشیدی تجدیدپذیر و بدون آلودگی است، برخلاف سایر منابع که پایان‌پذیرند.,B,0.9939606189727783,B,0.9986088871955872,True,True,True,True,[5.2695842e-03 9.9396062e-01 1.4042966e-04 6.2936207e-04],[1.1830336e-03 9.9860889e-01 1.4129320e-04 6.6742192e-05]
2457,یک خودرو که با سرعت ۵۰ کیلومتر در ساعت در جهت شمال شرقی حرکت می‌کند، کدام یک از موارد زیر را نمایندگی می‌کند؟,"['سرعت', 'شتاب', 'شتاب منفی', 'توقف']",B,[MASK] ثابت و جهت ثابت نشان‌دهنده بردار [MASK] است و [MASK] صفر می‌باشد.,A,0.47817671298980713,A,0.8343119621276855,False,False,False,False,[0.4781767  0.25594956 0.25594956 0.00992424],[0.83431196 0.14385343 0.01359116 0.00824346]
2458,زمین در هر سال یک بار به دور خورشید می‌چرخد. حدوداً چند بار ماه به دور زمین در یک سال می‌چرخد؟,"['1', '7', '13', '28']",C,چون ماه هر ۲۷ روز یک بار می‌چرخد و سال ۳۶۵ روز است، تقسیم این دو عدد حدود ۱۳ بار می‌دهد.,C,0.611975371837616,C,0.9989895224571228,True,True,True,True,[0.10634538 0.17533389 0.6119754  0.10634538],[9.1096055e-04 2.9282777e-05 9.9898952e-01 7.0245733e-05]
2459,یک دانش‌آموز یک تخته شکلات را در روز گرم زیر نور آفتاب گذاشت. هنگامی که شکلات ذوب شد، کدام ویژگی تغییر کرد؟,"['جرم آن', 'شکل آن', 'وزن آن', 'ترکیب آن']",B,در تغییر فیزیکی ذوب، فقط شکل ماده تغییر می‌کند و ترکیب، جرم و وزن ثابت می‌مانند.,D,0.333183228969574,B,0.9886900782585144,False,True,True,True,[0.22899327 0.17834014 0.25948337 0.33318323],[7.6377243e-03 9.8869008e-01 4.8826335e-04 3.1838771e-03]
2460,کدام نوع مخزن آب همیشه می‌تواند آب شیرین فراهم کند؟,"['دریاچه\u200cهای داخلی', 'دلتاهای رودخانه', 'یخچال\u200cهای کوهستانی', 'دریاهای گرمایی']",C,این منابع از برف و یخ طبیعی تشکیل شده‌اند که شیرین هستند و معمولاً آلودگی ندارند، بنابراین آب شیرین پایدار تأمین می‌کنند.,A,0.5300673842430115,C,0.9468880295753479,False,True,True,True,[0.5300674  0.07173682 0.36430964 0.03388607],[0.04732729 0.00342838 0.946888   0.00235629]
2461,کدام تغییرات احتمالاً تأثیر منفی بر یک اکوسیستم خواهند گذاشت؟,"['ساخت یک جاده', 'کاشت یک درخت', 'اضافه کردن یک منبع آب شیرین', 'ایجاد یک پناهگاه طبیعی']",A,ساخت جاده زیستگاه را تخریب کرده و آلودگی را افزایش می‌دهد، که تعادل طبیعی را بر هم می‌زند.,A,0.9982526898384094,A,0.998222291469574,True,True,True,False,[9.9825269e-01 3.7992824e-04 1.9710416e-04 1.1702613e-03],[9.9822229e-01 6.3051929e-04 3.3749267e-04 8.0960279e-04]
2462,آب دارای خواص شیمیایی منحصر به فرد زیادی است. کدام ویژگی آب باعث می‌شود که آب حلال خوبی برای نمک‌های بلوری باشد؟,"['قطبی بودن قوی', 'رسانایی ضعیف', 'ویسکوزیته بالا', 'pH پایین']",A,قطبیت شدید مولکول‌های آب، برهم‌کنش قوی با یون‌ها ایجاد کرده و پیوندهای بلوری را می‌شکند.,A,0.9970998764038086,A,0.9994431138038635,True,True,True,True,[9.9709988e-01 1.6966067e-03 3.7482925e-05 1.1660596e-03],[9.9944311e-01 4.8973272e-04 1.2260219e-05 5.4946486e-05]
2463,کدام یک از دلایل طبیعی خشک شدن رودخانه‌ها است؟,"['آلودگی', 'فرسایش', 'بالا رفتن سطح آب\u200cهای زیرزمینی', 'کمبود بارش']",D,رودخانه‌ها به بارش وابسته‌اند و کاهش طبیعی آن می‌تواند منجر به خشکی شود.,C,0.814008891582489,C,0.7260740995407104,False,False,False,False,[0.05183497 0.05873672 0.8140089  0.07541943],[0.03165321 0.03586778 0.7260741  0.20640486]
2464,یک دانش‌آموز سنگی را مشاهده کرد که از ذرات کوچک شن تشکیل شده و در لایه‌های روشن و تیره آرایش یافته است. کدام یک از بیانات زیر نحوه شکل‌گیری این نوع سنگ را به درستی توصیف می‌کند؟,"['خاک رس تحت فشار منجمد شده و یخ زده است.', 'لاوا از یک آتشفشان در آب به سرعت سرد شده است.', 'رسوبات رودخانه به آرامی فشرده و باهم سیمان شده\u200cاند.', 'مواد معدنی در غارهای زیرزمینی به سنگ جامد تبدیل شده\u200cاند.']",C,این سنگ از فشرده‌شدن و سیمان‌شدن تدریجی رسوبات در محیط‌های آبی تشکیل می‌شود که لایه‌بندی را ایجاد می‌کند.,B,0.5737112164497375,C,0.9263346791267395,False,True,True,True,[0.271002   0.5737112  0.07764337 0.07764337],[0.05875775 0.01331709 0.9263347  0.0015905 ]
2465,کلاسی از مهندسی دستور داده شده است که یک ربات توسعه دهد. ربات باید به گونه‌ای طراحی شود که تنها منبع تأمین انرژی آن انرژی الکترومغناطیسی باشد. کلاسی که مهندسی در آن برگزار می‌شود، به چه موضوعی احتمالاً می‌پردازد؟,"['استفاده از باتری\u200cها و انرژی شیمیایی', 'نحوه استفاده از انرژی تابشی و جمع\u200cآوری\u200cکننده\u200cهای خورشیدی', 'تبدیل انرژی جنبشی به انرژی پتانسیل', 'نحوه تبدیل انرژی حرارتی به انرژی الکتریکی']",B,ربات تنها با انرژی الکترومغناطیسی کار می‌کند که تابش خورشیدی نمونه‌ای از آن است و سایر منابع انرژی مرتبط نیستند.,B,0.8491776585578918,B,0.9819843173027039,True,True,True,True,[1.4698964e-01 8.4917766e-01 3.7591666e-04 3.4568650e-03],[1.7915551e-02 9.8198432e-01 2.4524543e-05 7.5540913e-05]
2466,پاراتیسم و ولواکوس هر دو می‌توانند به طور جنسی تولید مثل کنند. تولید مثل جنسی در ولواکوس چگونه با تولید مثل جنسی در پاراتیسم متفاوت است؟,"['کلونی\u200cهای ولواکوس گامت تولید می\u200cکنند.', 'سلول\u200cهای ولواکوس از طریق پیوستگی به صورت جنسی تولید مثل می\u200cکنند.', 'کلونی\u200cهای ولواکوس فرزندان تک\u200cسلولی تولید می\u200cکنند.', 'سلول\u200cهای ولواکوس از طریق جوانه\u200cزنی گیاهی تولید مثل می\u200cکنند.']",A,ولواکوس با تبادل مواد ژنتیکی از طریق اتصال سلولی تولید مثل می‌کند، در حالی که پاراتیسم از طریق لقاح گامت‌ها عمل می‌نماید.,A,0.7439669966697693,B,0.8957640528678894,True,False,False,False,[0.743967   0.16632602 0.0476532  0.0420538 ],[0.09422862 0.89576405 0.00469137 0.00531601]
2467,کدامیک از موارد زیر بهترین توضیح را برای دلیل لرزش پنجره‌ها در هنگام طوفان رعد و برق ارائه می‌دهد؟,"['انرژی الکتریکی', 'انرژی صوتی', 'انرژی نوری', 'انرژی حرارتی']",B,لرزش پنجره‌ها ناشی از امواج صوتی تولید شده توسط صاعقه است.,A,0.9133089780807495,B,0.8132420778274536,False,True,True,True,[0.913309   0.06641882 0.0015378  0.01873429],[0.18288203 0.8132421  0.00146333 0.00241263]
2468,کدام نوع سنگ برای مطالعه تاریخ موجودات زنده مفیدتر است؟,"['بازالت', 'مرمر', 'گرانیت', 'سنگ آهک']",D,به دلیل حفظ فسیل‌های دریایی و ثبت بهتر تاریخ حیات در مقایسه با سایر سنگ‌ها مناسب‌تر است.,A,0.6213738918304443,D,0.7946293950080872,False,True,True,True,[0.6213739  0.17872338 0.02117935 0.17872338],[0.17730579 0.02719072 0.00087404 0.7946294 ]
2469,دانشمندان گونه جدیدی از یک ارگانیسم پیچیده را در ته دریا پیدا کردند. این ارگانیسم احتمالاً,"['یک\u200cسلولی است.', 'یک نوع باکتری است.', 'از چندین سلول تشکیل شده است.', 'هسته\u200cای سازمان\u200cیافته ندارد.']",C,پیچیدگی موجودات معمولاً نشان‌دهنده ساختار چندسلولی است.,A,0.5107061266899109,C,0.875012993812561,False,True,True,True,[0.5107061  0.06911656 0.39773834 0.02243886],[0.11934891 0.00455591 0.875013   0.00108212]
2470,یک دانش‌آموز در حال مخلوط کردن یک فنجان شکلات داغ با یک قاشق است. چگونه حرارت بین شکلات داغ و قسمتی از قاشق که در شکلات داغ قرار دارد منتقل می‌شود؟,"['انتقال حرارت از قاشق به شکلات داغ صورت می\u200cگیرد.', 'انتقال حرارت از شکلات داغ به قاشق صورت می\u200cگیرد.', 'جابه\u200cجایی حرارت از قاشق به شکلات داغ صورت می\u200cگیرد.', 'جابه\u200cجایی حرارت از شکلات داغ به قاشق صورت می\u200cگیرد.']",B,گرما از جسم گرم‌تر به سردتر منتقل می‌شود و شکلات داغ است.,B,0.7690016031265259,B,0.9193716645240784,True,True,True,True,[0.22075337 0.7690016  0.00168547 0.00855954],[0.07517241 0.91937166 0.00121505 0.00424094]
2471,ذهن پرسشگر برای یک دانشمند مفید خواهد بود زیرا به دانشمند کمک می‌کند تا,"['خلاق\u200cتر شود.', 'به کار دیگر دانشمندان بی\u200cاعتماد گردد.', 'برای قبول فرضیه\u200cهای منتشرشده تلاش کند.', 'تحقیقات انجام دهد تا نظریه\u200cها را تأیید یا رد کند.']",D,ذهن پرسشگر دانشمند را به بررسی دقیق نظریه‌ها وادار می‌کند تا با تحقیق علمی آن‌ها را تأیید یا رد کند.,A,0.535341203212738,D,0.9101189374923706,False,True,True,True,[0.5353412  0.02370573 0.3679343  0.07301879],[0.07412574 0.00287417 0.01288112 0.91011894]
2472,کدام یک از ویژگی‌های جوی در زیر بیشتر بر رسوب‌گذاری جوی تأثیر دارد؟,"['شیب', 'ارتفاع', 'سطح پایه', 'کیفیت آب']",A,[MASK] با تأثیر بر دما و فشار، شرایط رسوب‌گذاری را مستقیماً کنترل می‌کند.,D,0.7263000011444092,D,0.8245084285736084,False,False,False,False,[0.16142762 0.03601937 0.07625301 0.7263    ],[0.14327808 0.0151014  0.01711213 0.8245084 ]
2473,کدام مخلوط را می‌توان به اجزای آن جدا کرد؟,"['چیپس سیب\u200cزمینی', 'کیک شکلاتی', 'سالاد میوه', 'تخم\u200cمرغ هم زده']",C,اجزای این ترکیب به دلیل ناهمگن بودن به آسانی قابل مشاهده و جداسازی هستند.,C,0.44608187675476074,A,0.5060968995094299,True,False,False,False,[0.3065873  0.03661663 0.44608188 0.21071415],[0.5060969  0.05997427 0.12696554 0.3069633 ]
2474,مسئول ایجاد باد چیست؟,"['عملکرد موج', 'انرژی خورشیدی', 'درختان در حال وزش', 'نیروی جاذبه']",B,گرمایش نابرابر زمین توسط خورشید، اختلاف فشار ایجاد کرده و حرکت هوا را سبب می‌شود.,A,0.8681913614273071,A,0.4880901873111725,False,False,False,False,[0.86819136 0.03822024 0.00190287 0.09168559],[0.4880902  0.4880902  0.00254133 0.0212783 ]
2475,یک گروه از دانش‌آموزان تشکیل حباب‌ها را هنگام جوشیدن آب مشاهده کردند. چه اتفاقی برای ماده افتاد به دلیل تغییر فیزیکی در آب؟,"['ماده جدیدی در حباب\u200cها ایجاد شد.', 'ماده قدیمی وقتی آب به گاز تبدیل شد، نابود شد.', 'ماده هنگام تغییر شکل حفظ شد.', 'ترکیب ماده تغییر پیدا کرد.']",C,حباب‌ها ناشی از تبدیل آب مایع به بخار است که یک تغییر فیزیکی محسوب می‌شود. در این فرآیند، خود ماده حفظ می‌شود و تنها حالت آن تغییر می‌کند.,B,0.7369738817214966,C,0.9615048766136169,False,True,True,True,[0.14511876 0.7369739  0.11301861 0.0048887 ],[3.2900888e-02 5.0455146e-03 9.6150488e-01 5.4867426e-04]
2476,موتورهای دیزل می‌توانند از سوخت‌های مختلفی استفاده کنند. کدام سوخت، تجدیدپذیرترین سوخت برای موتور دیزل است؟,"['سوخت دیزل معمولی', 'زرده نفتی تصفیه شده', 'روغن گیاهی تولید شده به روش معمولی', 'روغن گیاهی تولید شده به صورت ارگانیک']",D,از منابع گیاهی قابل کشت مجدد به‌دست می‌آید و چرخه کربن خنثی‌تری نسبت به سوخت‌های فسیلی دارد.,B,0.8882870674133301,B,0.923321545124054,False,False,False,False,[0.04396683 0.88828707 0.01129162 0.05645453],[0.02171444 0.92332155 0.01916293 0.03580106]
2477,سیگار کشیدن تنباکو به چه نحوی بیشتر احتمال دارد بر توانایی یک فرد برای موفقیت در فعالیت‌های بدنی تأثیر منفی بگذارد؟,"['این امر با تعادل و هماهنگی تداخل می\u200cکند.', 'این امر توانایی تصمیم\u200cگیری سریع را کاهش می\u200cدهد.', 'این امر استقامت و کارایی قلبی-عروقی را کاهش می\u200cدهد.', 'این امر سرعت و قدرت انقباضات عضلانی را کاهش می\u200cدهد.']",C,سیگار با کاهش ظرفیت تنفسی و انتقال اکسیژن، استقامت و کارایی بدن در فعالیت‌های بدنی را مستقیماً مختل می‌کند.,C,0.8655599355697632,C,0.8813797235488892,True,True,True,True,[0.04911852 0.07146701 0.86555994 0.01385451],[0.03471297 0.04457234 0.8813797  0.03933495]
2478,آنیه در یک روز گرم یک مکعب یخ را روی پیاده‌رو قرار داد. این مکعب یخ به زودی آب شده و یک برکه تشکیل داد. چه فرآیندی باعث آب شدن مکعب یخ شد؟,"['انتقال حرارت از طریق مکعب یخ به وسیلهٔ جابه\u200cجایی.', 'انتقال حرارت از هوای اطراف به مکعب یخ به وسیلهٔ تابش.', 'انتقال حرارت از هوا و پیاده\u200cرو به وسیلهٔ هدایت.', 'انتقال حرارت از طریق مکعب یخ به داخل پیاده\u200cرو به وسیلهٔ هدایت.']",C,یخ به دلیل تماس مستقیم با هوای گرم و سطح داغ پیاده‌رو ذوب می‌شود و انتقال حرارت عمدتاً از طریق رسانایی صورت می‌گیرد.,B,0.5510778427124023,C,0.7123464941978455,False,True,True,True,[0.42917985 0.55107784 0.01285925 0.00688306],[1.2573662e-01 1.6144903e-01 7.1234649e-01 4.6787199e-04]
2479,جلبک‌های بزرگ روی سطح دریاچه کدام فاکتور غیر زیستی را از رسیدن به قعر دریاچه باز می‌دارند؟,"['آب', 'نمک', 'نور', 'اکسیژن']",C,جلبک‌های سطحی با ایجاد سد، از عبور این عامل حیاتی برای موجودات عمق دریاچه جلوگیری می‌کنند.,B,0.5970774292945862,B,0.7632266879081726,False,False,False,False,[0.28093985 0.5970774  0.01782012 0.1041626 ],[0.04917413 0.7632267  0.0159645  0.17163455]
2480,برخی از دانشمندان نظریه پردازی می‌کنند که حرکت صفحات می‌تواند سطح آب در دریاهای زمین را تغییر دهد. چگونه طبیعت حرکت صفحات، تغییرات احتمالی در سطح دریا را محدود می‌کند؟,"['با ایجاد تنها تغییرات کوچک', 'با تغییر دادن تنها چند حوضه اقیانوسی خاص', 'با ایجاد تغییرات در نرخ\u200cهای بسیار کند', 'با ایجاد تغییرات جفتی با اثرات معادل و مخالف']",C,فرآیند حرکت صفحات بسیار کند است و در مقیاس زمانی طولانی رخ می‌دهد، بنابراین تغییرات سطح دریا تدریجی و محدود می‌شود.,D,0.9574228525161743,D,0.8747986555099487,False,False,False,False,[0.03690643 0.00440784 0.00126287 0.95742285],[0.06337021 0.01247833 0.04935276 0.87479866]
2481,عنصر کربن یک گاز است که تقریباً هیچ فعالیت شیمیایی نشان نمی‌دهد. برای یافتن عنصری دیگر با خواص مشابه، دانش‌آموز باید به چه چیزی در جدول تناوبی عناصر توجه کند؟,"['عنصری در همان گروه', 'عنصری در همان دوره', 'عنصری با همان بار خالص', 'عنصری با همان جرم اتمی']",A,عناصر موجود در یک ستون عمودی جدول، به دلیل داشتن تعداد الکترون‌های یکسان در لایه بیرونی، خواص شیمیایی مشابهی دارند.,A,0.787722110748291,A,0.9970312118530273,True,True,True,True,[7.8772211e-01 1.0577698e-01 7.2394335e-04 1.0577698e-01],[9.9703121e-01 2.4485714e-03 3.3137811e-04 1.8881356e-04]
2482,به چه طریقی ممکن است مواد مغذی خاک در زمین‌های کشاورزی کاهش یابند؟,"['چ grazing بیش از حد', 'فرسایش بادی', 'افزایش آبیاری', 'افزایش کوددهی']",C,[MASK] لایه سطحی غنی از مواد مغذی را جابجا کرده و حاصلخیزی خاک را کاهش می‌دهد.,D,0.698735773563385,D,0.6282513737678528,False,False,False,False,[0.1759793  0.10673685 0.01854808 0.6987358 ],[0.14018184 0.20396335 0.02760344 0.6282514 ]
2483,تمساح‌های آمریکایی در باتلاق‌های فلوریدا به وفور یافت می‌شوند. آنها به خاطر خوردن قورباغه‌ها، لاک‌پشت‌ها، ماهی‌ها، موش‌ها و پرندگان شناخته شده‌اند. تمساح آمریکایی چه نقشی در اکوسیستم خود ایفا می‌کند؟,"['مصرف\u200cکننده', 'تجزیه\u200cکننده', 'گندخوار', 'تولیدکننده']",A,با خوردن حیوانات دیگر، انرژی خود را به دست می‌آورد و در رأس زنجیره غذایی قرار دارد.,B,0.7910795211791992,A,0.9670812487602234,False,True,True,True,[0.20040725 0.7910795  0.00321407 0.00529911],[9.6708125e-01 3.4505730e-03 1.2182012e-04 2.9346267e-02]
2484,یک گونه از مارمولک‌ها عمدتاً میوه‌های یک نوع خاص از درخت را می‌خورند. اگر ویروسی بیشتر این درختان را از بین ببرد، کدام مارمولک‌های فردی احتمالاً زنده خواهند ماند؟,"['مارمولک\u200cهایی که می\u200cتوانند بالاتر در درختان میوه بالا بروند', 'مارمولک\u200cهایی که رنگ تیره\u200cتری دارند', 'مارمولک\u200cهایی که می\u200cتوانند انواع دیگری از غذا را پیدا کنند', 'مارمولک\u200cهایی که فرزندان بیشتری تولید می\u200cکنند']",C,آن‌هایی که قادر به یافتن خوراک دیگر هستند، شانس بیشتری برای زنده ماندن در بحران غذایی دارند.,A,0.7489312887191772,C,0.9555016756057739,False,True,True,True,[0.7489313  0.11575314 0.10215178 0.03316383],[0.04198181 0.00152919 0.9555017  0.00098732]
2485,تغییرات اقلیمی ممکن است میزان یخ‌های شناور در اقیانوس‌های جهان را کاهش دهد. این تغییر چگونه می‌تواند تأثیر عمده‌ای بر تأمین غذا برای موجودات مصرف‌کننده دریایی داشته باشد؟,"['با کاهش مقدار نمک حل\u200cشده در آب اقیانوس', 'با افزایش توانایی آب برای جداسازی به لایه\u200cهای مجزا', 'با تغییر شرایط دمایی که تولیدکنندگان تک\u200cسلولی نیاز دارند', 'با جلوگیری از پاسخ سریع موجودات به تغییرات محیطی']",C,تغییر دما مستقیماً بر تولیدکنندگان اولیه دریایی تأثیر می‌گذارد که پایه زنجیره غذایی هستند و وابسته به شرایط دمایی خاص می‌باشند.,C,0.8691902160644531,C,0.9591081142425537,True,True,True,True,[0.1171735  0.00848802 0.8691902  0.00514824],[3.7188657e-02 3.2495088e-03 9.5910811e-01 4.5373308e-04]
2486,چرا باید حشرات نر تحت درمان قرار گیرند تا تولید اسپرم آن‌ها متوقف شود؟,"['برای افزایش تعداد حشرات ماده', 'برای کاهش جمعیت کل حشرات', 'برای تولید گونه\u200cهای جدید حشرات', 'برای جلوگیری از جفت\u200cگیری حشرات']",B,هدف کاهش جمعیت با مهار تولیدمثل از طریق جلوگیری از بارور شدن تخم‌ها است.,B,0.6968855261802673,B,0.9628397822380066,True,True,True,True,[0.01126411 0.6968855  0.00134531 0.2905051 ],[0.00303473 0.9628398  0.00098523 0.03314018]
2487,چند نوع پرنده در یک جزیره کوچک زندگی می‌کنند. یک طوفان بیشتر گیاهانی را که پرندگان روی آن‌ها تغذیه و لانه‌سازی می‌کنند، از بین می‌برد. کدام نوع پرنده احتمال بیشتری دارد که در جزیره زنده بماند؟,"['پرندگان با بیشترین تعداد', 'پرندگان که بهترین توانایی سازگاری را دارند', 'پرندگان که می\u200cتوانند دورترین پرواز کنند', 'پرندگان با قوی\u200cترین منقار']",B,پرندگان انعطاف‌پذیرتر می‌توانند با تغییر منابع غذایی و رفتار خود با شرایط جدید سازگار شوند و شانس بقا افزایش می‌یابد.,B,0.8639700412750244,B,0.9903700947761536,True,True,True,True,[0.11738326 0.86397004 0.00276059 0.0158861 ],[8.4355399e-03 9.9037009e-01 2.1788316e-04 9.7648456e-04]
2488,کدام عمل تغییر شیمیایی را نشان می‌دهد؟,"['موهای بلند کوتاه شده و خشک می\u200cشود.', 'یک مداد چوبی تیز شده و می\u200cشکند.', 'یک مکعب یخ ذوب شده و به مایع شفافی تبدیل می\u200cشود.', 'یک میخ آهنی روی سطح خود نارنجی و پوسته\u200cای می\u200cشود.']",D,زنگ زدن آهن یک واکنش شیمیایی است که ماده جدیدی با ویژگی‌های متفاوت تولید می‌کند، برخلاف تغییرات فیزیکی که تنها شکل ماده را عوض می‌کنند.,C,0.8924962282180786,C,0.5614255666732788,False,False,False,False,[0.05705537 0.04443477 0.8924962  0.00601359],[0.14306395 0.23587257 0.56142557 0.05963792]
2489,سرعت یک موج ۲ هرتز که طول موج آن ۱۰ متر است، چقدر است؟,"['۵ متر بر ثانیه', '۸ متر بر ثانیه', '۱۲ متر بر ثانیه', '۲۰ متر بر ثانیه']",D,سرعت موج برابر حاصل‌ضرب فرکانس و طول موج است که [MASK] می‌شود.,D,0.9264551997184753,D,0.6654954552650452,True,True,True,False,[0.04102486 0.00432399 0.02819595 0.9264552 ],[0.27526087 0.00504158 0.05420208 0.66549546]
2490,ساختار سلولی که سلول گیاهی را از سلول جانوری سفت تر می کند چیست؟,"['غشای سلولی.', 'سیتوپلاسم.', 'دیواره سلولی.', 'ریبوزوم.']",C,سلول‌های گیاهی دارای ساختار سخت خارجی هستند که در سلول‌های جانوری وجود ندارد و استحکام بیشتری می‌دهد.,C,0.9588941931724548,C,0.9898666143417358,True,True,True,True,[0.03701733 0.00308642 0.9588942  0.00100201],[9.7043104e-03 2.2120182e-04 9.8986661e-01 2.0779988e-04]
2491,دمای بدن انسان نسبتاً ثابت است. کدام یک از مکانیسم‌های بازخورد به بدن انسان کمک می‌کند تا دمای طبیعی خود را در یک محیط سرد حفظ کند؟,"['آب از پوست آزاد می\u200cشود.', 'عضلات در حرکات کوچک می\u200cلرزند.', 'نرخ ضربان قلب کند می\u200cشود.', 'ریه\u200cها هوای اضافی جذب می\u200cکنند.']",B,لرزش غیرارادی عضلات در سرما گرما تولید می‌کند تا دمای بدن ثابت بماند.,C,0.4501611888408661,B,0.9834043383598328,False,True,True,True,[0.39726585 0.12998489 0.4501612  0.02258799],[0.01233097 0.98340434 0.00311776 0.00114696]
2492,سوابق فسیلی نشان می‌دهند که تغییرات گونه‌ها به طور کلی,"['زمانی متوقف می\u200cشوند که یک گونه تشکیل شود.', 'در شرایط پایدار افزایش می\u200cیابند.', 'در طول نسل\u200cهای مختلف رخ می\u200cدهند.', 'مستقل از محیط هستند.']",C,تغییرات گونه‌ها در طول زمان و طی نسل‌های متمادی به صورت تدریجی اتفاق می‌افتد.,B,0.829786479473114,C,0.9675470590591431,False,True,True,True,[0.02495969 0.8297865  0.1436331  0.00162075],[2.0159392e-02 1.2227289e-02 9.6754706e-01 6.6199675e-05]
2493,فیتوپلانکتون‌ها موجودات میکروسکوپی شبیه گیاه هستند که در آب‌هایی مانند اقیانوس شناورند. آن‌ها در طی فرایند فتوسنتز دی‌اکسید کربن را جذب می‌کنند. اگر جمعیت فیتوپلانکتون‌ها نابود شود، احتمالاً چه اتفاقی خواهد افتاد؟,"['درجه حرارت دریاها کاهش می\u200cیابد.', 'گازهای گلخانه\u200cای افزایش می\u200cیابند.', 'اکسیژن جو افزایش می\u200cیابد.', 'سطح دریاها به طور قابل توجهی کاهش می\u200cیابد.']",B,با حذف این موجودات، جذب دی‌اکسید کربن کاهش یافته و غلظت گازهای گلخانه‌ای افزایش می‌یابد.,B,0.6349890828132629,B,0.9984195232391357,True,True,True,True,[0.05952642 0.6349891  0.2999476  0.00553682],[1.4893817e-03 9.9841952e-01 5.2581603e-05 3.8469523e-05]
2494,کدام یک از ترکیبات زیر یک ترکیب آلی است؟,"['آب (H2O)', 'هگزان (C6H14)', 'آمونیاک (NH3)', 'دی اکسید گوگرد (SO2)']",B,ترکیبات آلی حاوی کربن هستند و این ماده دارای اتم کربن است.,B,0.9978832602500916,B,0.9992220401763916,True,True,True,True,[1.3252655e-03 9.9788326e-01 8.2114784e-05 7.0936355e-04],[4.8203347e-04 9.9922204e-01 9.4918018e-05 2.0094145e-04]
2495,یک حیوان شش پا دارد. احتمالاً این حیوان چیست؟,"['یک عنکبوت', 'یک مگس', 'یک مارمولک', 'یک هزارپا']",B,حشرات شش پا دارند و مگس از این گروه است.,A,0.8513352274894714,A,0.8617335557937622,False,False,False,False,[0.8513352  0.01384142 0.00349966 0.13132371],[8.6173356e-01 1.3266835e-01 5.3377938e-04 5.0643580e-03]
2496,یک دانش‌آموز سینی یخ را از فریزر خارج کرده و آن را روی یک میز قرار می‌دهد. یخ‌ها جامد و سرد هستند. دانش‌آموز فراموش می‌کند که سینی یخ را دوباره به فریزر برگرداند. روز بعد، یخ‌ها باید چه حالتی داشته باشند؟,"['مایع و گرم\u200cتر', 'جامد و گرم\u200cتر', 'مایع و سردتر', 'جامد و سردتر']",A,یخ در دمای اتاق ذوب شده و به آب تبدیل می‌شود، اما دمای آن نزدیک صفر درجه باقی می‌ماند و سرد است.,D,0.9152078032493591,D,0.984889566898346,False,False,False,False,[0.04556551 0.03548646 0.00374025 0.9152078 ],[1.0941135e-02 6.1725662e-04 3.5520664e-03 9.8488957e-01]
2497,کدام یک ویژگی مشترک تمام عناصر را توصیف می‌کند؟,"['الف) تمام عناصر فلزات هستند.', 'ب) تمام عناصر شش الکترون دارند.', 'ج) تمام عناصر مواد خالص هستند.', 'د) تمام عناصر در فاز جامد وجود دارند.']",C,عناصر از اتم‌های یکسان تشکیل شده‌اند و نمی‌توان آن‌ها را به مواد ساده‌تر تجزیه کرد، بنابراین خالص هستند.,B,0.8566368818283081,C,0.9831530451774597,False,True,True,True,[0.03308592 0.8566369  0.00836543 0.10191181],[0.01092184 0.00333097 0.98315305 0.00259417]
2498,کدام گاز توسط تولیدکنندگان آزاد می‌شود که مصرف‌کنندگان برای زنده ماندن آن را جذب می‌کنند؟,"['اکسیژن', 'نیتروژن', 'بخار آب', 'دی\u200cاکسید کربن']",A,گیاهان گازی آزاد می‌کنند که برای تنفس موجودات زنده ضروری است.,D,0.6020918488502502,D,0.668844997882843,False,False,False,False,[0.09305796 0.02044212 0.28440803 0.60209185],[0.31841794 0.00312166 0.00961539 0.668845  ]
2499,محتمل‌ترین دلیل اینکه صدا در آب نمکى سریع‌تر از آب شیرین حرکت می‌کند، این است که آب نمکى,"['انعطاف\u200cپذیری بیشتری دارد.', 'گرما را سریع\u200cتر جذب می\u200cکند.', 'چگالی بالاتری دارد.', 'صدا را بهتر بازتاب می\u200cدهد.']",C,چگالی بیشتر آب شور انتقال انرژی صوتی را کارآمدتر می‌کند و سرعت صوت را افزایش می‌دهد.,C,0.643957793712616,C,0.9822419881820679,True,True,True,True,[0.23689884 0.11278075 0.6439578  0.00636265],[1.5876463e-02 1.3032195e-03 9.8224199e-01 5.7830010e-04]
2500,دمیدن می‌تواند باعث شود که آتش چوبی داغ‌تر بسوزد زیرا دمیدن,"['غذا را به اندازه\u200cای داغ می\u200cکند که بسوزد', 'اکسیژن بیشتری که برای سوختن لازم است اضافه می\u200cکند', 'مقدار چوبی را که باید بسوزد افزایش می\u200cدهد', 'انرژی مورد نیاز برای ادامه آتش را تأمین می\u200cکند']",B,با افزایش اکسیژن، واکنش سوختن سریع‌تر شده و حرارت بیشتر می‌شود.,B,0.8308839201927185,B,0.8376016616821289,True,True,True,True,[0.12791888 0.8308839  0.01931286 0.02188434],[0.14669493 0.83760166 0.00384868 0.01185477]
2501,محصولات واکنش بین یک اسید قوی و یک باز قوی چیست؟,"['یک نمک و آب', 'دو عنصر مختلف', 'یک اسید ضعیف و یک باز ضعیف', 'یون های هیدروژن و یون های هیدروکسید']",A,در واکنش خنثی‌سازی، یون‌های اسید و باز با هم ترکیب شده و آب و یک ترکیب یونی تولید می‌کنند.,A,0.9992073178291321,A,0.9984839558601379,True,True,True,False,[9.9920732e-01 1.5973346e-04 1.4096429e-04 4.9201370e-04],[9.9848396e-01 1.6549074e-04 1.6549074e-04 1.1851981e-03]
2502,کلای در حال تماشای وضعیت آب و هواست تا برای سفر به ساحل فردا آماده شود. پیش‌بینی آب و هوا نشان می‌دهد که یک سیستم فشار پایین تا صبح به این ناحیه وارد خواهد شد. کلای احتمالاً در صبح چه نوع هوایی را انتظار دارد؟,"['مه\u200cآلود', 'آفتابی', 'روشن و سردتر', 'ابری و بارانی']",D,سیستم فشار پایین معمولاً منجر به ابری شدن و بارندگی می‌شود.,C,0.6051527857780457,D,0.783867359161377,False,True,True,True,[0.17405777 0.02355616 0.6051528  0.19723327],[0.17490445 0.03902646 0.00220172 0.78386736]
2503,یک جمعیت دفی نیای از پایین یک دریاچه به عمق یک متر در طول روز به سطح دریاچه در شب مهاجرت عمودی نشان می‌دهد. جمعیت دفی نیای به کدام عامل بیشتر احتمالاً پاسخ می‌دهد؟,"['pH آب', 'شفافیت آب', 'فشار آب', 'دماي آب']",D,مهاجرت عمودی این موجودات عمدتاً به دلیل تغییرات دمایی در لایه‌های آب برای تنظیم متابولیسم و بقا صورت می‌گیرد.,C,0.7372956871986389,D,0.9903164505958557,False,True,True,True,[0.16515678 0.02869995 0.7372957  0.06884759],[0.00275995 0.00108081 0.00584281 0.99031645]
2504,کدام یک از موارد زیر در سلول یوکاریوتی وجود دارد اما در سلول پروکاریوتی وجود ندارد؟,"['دی\u200cان\u200cای', 'سیتوپلاسم', 'هسته', 'غشاء سلولی']",C,سلول‌های یوکاریوتی دارای [MASK] سازمان‌یافته هستند، در حالی که پروکاریوت‌ها فاقد آن می‌باشند.,C,0.4699253439903259,C,0.8249562382698059,True,True,True,True,[0.22197701 0.2515329  0.46992534 0.05656477],[0.11208266 0.04123291 0.82495624 0.02172821]
2505,خورشید به عنوان یک ستاره طبقه‌بندی می‌شود. کدام ویژگی خورشید را به عنوان یک ستاره شناسایی می‌کند؟,"['الف) خورشید حول محور خود می\u200cچرخد.', 'ب) خورشید در خارج از کهکشان راه شیری واقع شده است.', 'ج) خورشید بخشی از دب اکبر است.', 'د) خورشید در یک واکنش هسته\u200cای نور و انرژی تولید می\u200cکند.']",D,ستاره‌ها با تولید نور و انرژی از طریق واکنش‌های هسته‌ای شناخته می‌شوند، که خورشید نیز این ویژگی را دارد.,D,0.6038851141929626,D,0.8926363587379456,True,True,True,True,[0.1049395  0.00592028 0.28525513 0.6038851 ],[0.08367931 0.0025269  0.02115744 0.89263636]
2506,هنگامی که نمک خوراکی (NaCl) تولید می‌شود، کدام یک از گزینه‌های زیر به بهترین نحو اقدامات اتم‌های سدیم (Na) و کلر (Cl) را توصیف می‌کند؟,"['اتم\u200cهای سدیم، اتم\u200cهای کلر را جایگزین می\u200cکنند.', 'اتم\u200cهای سدیم و کلر با هم ترکیب می\u200cشوند.', 'اتم\u200cهای سدیم در اتم\u200cهای کلر حل می\u200cشوند.', 'اتم\u200cهای سدیم و کلر به\u200cطور شیمیایی پیوند می\u200cزنند.']",D,نمک از پیوند یونی بین سدیم و کلر تشکیل می‌شود که طی آن الکترون مبادله می‌شود و ترکیب پایدار ایجاد می‌کند.,B,0.654808759689331,B,0.9640430212020874,False,False,False,False,[0.12995078 0.65480876 0.00265523 0.21258527],[1.0543515e-02 9.6404302e-01 1.2084590e-04 2.5292577e-02]
2507,تمام سلول‌ها، پروکاریوت و یوکاریوت، ویژگی‌های مشترکی دارند. کدام ویژگی سلولی در هر دو نوع سلول پروکاریوت و یوکاریوت وجود دارد؟,"['ریبوزوم', 'غشاء کلروپلاست', 'هسته', 'شبکهٔ اندوپلاسمی']",A,[MASK]‌ها در هر دو نوع سلول برای ساخت پروتئین وجود دارند، برخلاف سایر اجزای سلولی که فقط در یوکاریوت‌ها یافت می‌شوند.,A,0.9785841107368469,A,0.9987693428993225,True,True,True,True,[9.785841e-01 6.098706e-04 6.098706e-04 2.019614e-02],[9.98769343e-01 9.25415807e-05 1.11626454e-04 1.02649769e-03]
2508,جانت نمونه‌هایی از مواد معدنی برای شناسایی دریافت کرده است. یکی از نمونه‌های او زرد است. کدام یک از این مواد معدنی احتمالاً زرد است؟,"['تالک', 'گوگرد', 'ژیپس', 'هماتیت']",B,[MASK] به دلیل ویژگی‌های ذاتی معمولاً زردرنگ است، در حالی که سایر مواد معدنی ذکر‌شده عموماً رنگ‌های متفاوتی دارند.,A,0.8133273124694824,A,0.8298523426055908,False,False,False,False,[0.8133273  0.07550361 0.07550361 0.03566538],[0.82985234 0.04163996 0.11318915 0.01531848]
2509,کدام تعامل بین حیوانات بهترین کنترل را بر جمعیت یک گونه دارد؟,"['حیوانات وحشی که قلمروهای خود را علامت\u200cگذاری می\u200cکنند', 'ماهی رموora که با کوسه\u200cها سفر می\u200cکنند', 'شیرها که بر روی گورخرها شکار می\u200cکنند', 'گرگ\u200cها که در گروه\u200cهای دسته\u200cجمعی سفر می\u200cکنند']",C,شکار گروهی هماهنگ، جمعیت طعمه‌ها را به‌طور طبیعی تنظیم می‌کند و از رشد بی‌رویه آن‌ها جلوگیری می‌نماید.,A,0.6840738654136658,C,0.797320544719696,False,True,True,True,[0.68407387 0.17228664 0.07181976 0.07181976],[0.06493873 0.10706587 0.79732054 0.03067489]
2510,حوضه رود هامبولت یکی از مهم‌ترین منابع چندین منبع غیرقابل تجدید است. کدام‌یک از این منابع غیرقابل تجدید از حوضه رود هامبولت تولید می‌شود؟,"['زغال\u200cسنگ از ذخایر کوهستانی', 'نفت و گاز از مخازن زیرزمینی', 'انرژی الکتریکی از نیروگاه\u200cهای برق\u200cآبی', 'معدن از طلا، نقره و مس']",D,این منطقه به دلیل استخراج فلزات گران‌بها از طریق معدن‌کاری شناخته شده است.,C,0.6614762544631958,D,0.5243222713470459,False,True,True,True,[0.2155904  0.08987145 0.66147625 0.03306186],[0.13256943 0.1928874  0.15022086 0.5243223 ]
2511,ماهیچه قلب به بهترین شکل توصیف می‌شود به عنوان,"['همان نوع سلول\u200cها که با هم کار می\u200cکنند.', 'سیستم\u200cهای مختلف که با هم کار می\u200cکنند.', 'همان نوع ارگان\u200cها که سیستمی را تشکیل می\u200cدهند.', 'ارگان\u200cهای مختلف که عملکردی را انجام می\u200cدهند.']",A,سلول‌های تخصص‌یافته و مشابه قلب به صورت هماهنگ برای انقباض عمل می‌کنند و یک واحد یکپارچه تشکیل می‌دهند.,D,0.5083840489387512,D,0.4736984372138977,False,False,False,False,[0.3480447  0.12803848 0.01553283 0.50838405],[0.36891672 0.09327675 0.06410811 0.47369844]
2512,گیاهان در انتهای ساقه‌های خود بافت‌های تخصصی دارند. این بافت‌ها به گیاهان چه کمکی می‌کنند؟,"['غذا را هضم کنند', 'بیشتر رشد کنند', 'غذا تولید کنند', 'آب را جذب کنند']",B,این بافت‌ها با تولید برگ‌ها و جوانه‌ها، فرآیند فتوسنتز را تسهیل کرده و غذاسازی را ممکن می‌سازند.,A,0.4673226475715637,B,0.869572103023529,False,True,True,True,[0.46732265 0.11908439 0.04964176 0.36395124],[0.10385558 0.8695721  0.01804739 0.00852498]
2513,بسیاری از گونه‌های مختلف گیاهی و جانوری در جنگل‌های بارانی آمازون زندگی می‌کنند. نتیجهٔ محتمل بزرگ از جنگل‌زدایی‌های وسیع در جنگل‌های بارانی آمازون چیست؟,"['افزایش در جمعیت حیوانات', 'کاهش در تولید اکسیژن', 'افزایش در بارش', 'کاهش در آلاینده\u200cها']",B,جنگل‌زدایی وسیع با از بین بردن درختان، توانایی تولید اکسیژن را به شدت کاهش می‌دهد.,B,0.8132162690162659,B,0.9992935657501221,True,True,True,True,[0.18109903 0.81321627 0.0023156  0.00336918],[6.1657431e-04 9.9929357e-01 2.8837565e-05 6.1049119e-05]
2514,به منظور دسته‌بندی یک موجود جدید کشف‌شده، یک دانشمند به بررسی ساختار، DNA و چرخه زندگی آن موجود می‌پردازد. دانشمند احتمالاً از نتایج این بررسی برای استفاده خواهد کرد,"['ساخت روش\u200cهای علمی جدید.', 'بازنگری در دانش علمی.', 'ایجاد فرضیات جدید.', 'رد نظریه\u200cهای علمی.']",B,داده‌های جدید ممکن است با طبقه‌بندی‌های فعلی ناسازگار باشند و نیاز به اصلاح دانش موجود ایجاد کنند.,B,0.7109894752502441,B,0.9938316345214844,True,True,True,True,[0.1797663  0.7109895  0.08491559 0.02432872],[5.9413649e-03 9.9383163e-01 5.3034582e-05 1.7389368e-04]
2515,کدام‌یک از این فرآیندها امکان جذب آب توسط سلول‌ها را فراهم می‌کند؟,"['اسمز', 'میوز', 'فتوسنتز', 'تنفس']",A,حرکت غیرفعال آب از طریق غشا به درون سلول، فرآیند اصلی جذب آب است.,A,0.5584925413131714,A,0.6377306580543518,True,True,True,True,[0.55849254 0.15938696 0.2627847  0.01933583],[0.63773066 0.34002182 0.01042946 0.01181813]
2516,بهترین رویه‌ای که باید هنگام انجام یک آزمایش رعایت شود چیست؟,"['احتیاط در هنگام استفاده از شیشه\u200cهای داغ', 'خاموش کردن مشعل\u200cها زمانی که از آن\u200cها استفاده نمی\u200cکنید', 'مطالعه رویه\u200cهای آزمایشگاهی قبل از انجام آزمایش', 'بررسی با معلم خود درباره رویه دور ریختن مواد شیمیایی']",D,آشنایی با خطرات و جلوگیری از حوادث با مطالعه پیش از آزمایش امکان‌پذیر است.,C,0.8384524583816528,C,0.91753751039505,False,False,False,False,[0.14513315 0.01553781 0.83845246 0.00087658],[7.5316064e-02 7.0054852e-03 9.1753751e-01 1.4092089e-04]
2517,در یک تصادف خودرو، کمربند ایمنی به جلوگیری از آسیب‌ها کمک می‌کند با وارد کردن نیرویی,"['کمتر از نیروی مسافر در حال حرکت', 'بیشتر از نیروی خودرو در حال حرکت', 'در همان جهت حرکت خودرو', 'در جهت مخالف حرکت مسافر']",D,کمربند ایمنی نیرویی در خلاف جهت حرکت سرنشین اعمال می‌کند تا سرعت او را کاهش دهد و از برخورد جلوگیری کند.,D,0.691634476184845,D,0.8949398994445801,True,True,True,True,[0.2544381  0.04421471 0.00971268 0.6916345 ],[0.0937749  0.00599483 0.00529042 0.8949399 ]
2518,امیلی یک فنجان چای درست کرد و آن را با یک قاشق هم زد. قاشق گرم شد. چگونه گرما از چای به قاشق منتقل شد؟,"['حرکت همرفتی', 'تابش', 'رسانش', 'تبخیر']",C,گرما از طریق تماس مستقیم و بدون جابجایی ماده منتقل شد که مشخصه [MASK] است.,C,0.7961540818214417,B,0.6897178888320923,True,False,False,False,[0.06484373 0.13727418 0.7961541  0.00172803],[0.02082768 0.6897179  0.2875172  0.00193728]
2519,فیل‌ها در سوانای آفریقا درختچه‌ها و درختان کوچک را می‌خورند. این رفتار زمین را پاکسازی کرده و باعث می‌شود که علف‌ها رشد کنند. چراهایی مانند غزال‌ها علف‌ها را می‌خورند. شیرها به غزال‌ها حمله می‌کنند. کدام دو موجود در این سناریو در همکاری نزدیک‌تری هستند؟,"['الف) فیل\u200cها و درختچه\u200cها', 'ب) درختچه\u200cها و شیرها', 'ج) فیل\u200cها و غزال\u200cها', 'د) غزال\u200cها و شیرها']",C,فیل‌ها با پاکسازی زمین، غذای غزال‌ها را فراهم می‌کنند و این رابطه غیرمستقیم حیاتی است.,A,0.6864708662033081,C,0.7879696488380432,False,True,True,True,[0.68647087 0.03857705 0.25155395 0.02339816],[0.20000969 0.00878781 0.78796965 0.00323286]
2520,کدام زیستگاه دارای بیشترین پوشش گیاهی است؟,"['الف) بیابان', 'ب) جنگل', 'ج) مرتع', 'د) توندرا']",B,جنگل‌ها به دلیل شرایط آب‌وهوایی مناسب، بیشترین تراکم و تنوع گیاهی را دارند.,B,0.8153725266456604,B,0.982020914554596,True,True,True,True,[0.09814614 0.8153725  0.0190265  0.06745479],[0.00651422 0.9820209  0.00198673 0.00947814]
2521,هنگامی که یک توپ بولینگ از دست بازیکن رها می‌شود، انرژی در توپ به‌طور جزئی,"['در توپ ذخیره می\u200cشود تا زمانی که به میخ\u200cها برخورد کند.', 'با افزایش اصطکاک بر روی توپ افزایش می\u200cیابد.', 'از انرژی جنبشی به انرژی پتانسیل گرانشی تبدیل می\u200cشود.', 'به گرما و صدا تبدیل می\u200cشود زمانی که با زمین تماس می\u200cگیرد.']",D,با کاهش ارتفاع، انرژی پتانسیل گرانشی به انرژی جنبشی تبدیل می‌شود.,C,0.9096479415893555,C,0.9363557696342468,False,False,False,False,[0.08411612 0.00254009 0.90964794 0.0036958 ],[0.05985922 0.00111363 0.93635577 0.00267145]
2522,کدام کار در آشپزخانه نمونه‌ای از یک تغییر فیزیکی است؟,"['سرخ کردن تخم\u200cمرغ', 'پختن کیک', 'ذوب کردن کره', 'برشته کردن نان']",C,تغییر حالت از جامد به مایع بدون تشکیل ماده جدید، نشان‌دهنده یک تغییر فیزیکی است.,A,0.8648985624313354,A,0.9300658702850342,False,False,False,False,[0.86489856 0.02936489 0.07982204 0.02591442],[0.9300659  0.02841662 0.03592197 0.00559556]
2523,پرسش: موی برخی از حیوانات در زمستان ضخیم‌تر می‌شود و در بهار می‌ریزد. این مشاهدات نشان می‌دهد که حیوانات چگونه,"['A) به تغییرات محیطی پاسخ می\u200cدهند', 'B) برای بقا از جایی به جای دیگر حرکت می\u200cکنند', 'C) چربی برای زمستان ذخیره می\u200cکنند', 'D) با دیگر حیوانات برای غذا رقابت می\u200cکنند']",A,حیوانات با تغییر فصل، موی خود را برای تنظیم دما و سازگاری با محیط تغییر می‌دهند.,A,0.8889486193656921,A,0.9778141379356384,True,True,True,True,[8.88948619e-01 3.60113988e-03 1.06898025e-01 5.52252692e-04],[9.7781414e-01 1.4903210e-03 2.0573245e-02 1.2233299e-04]
2524,برای یک فعالیت علمی، میا باید هر شب تصویری از ماه بکشد. اگر میا یک ماه نو کشید، چه نوع ماهی حدود یک هفته بعد کشید؟,"['ماه کنگره\u200cای', 'ماه کامل', 'ماه نو', 'نیمه اول']",D,یک هفته پس از [MASK]، ماه به فازی می‌رسد که نیمی از آن روشن است.,C,0.38109588623046875,D,0.743594765663147,False,True,True,True,[0.33631593 0.12372372 0.3810959  0.1588644 ],[0.1665678  0.04772247 0.04211494 0.74359477]
2525,کدام یک از این بلایای طبیعی غیرقابل پیش بینی ترین هستند؟,"['زلزله ها', 'طوفان های گرمسیری', 'تورنادوها', 'بوران ها']",A,زلزله‌ها بدون هشدار قبلی رخ می‌دهند و پیش‌بینی دقیق زمان و مکان آن‌ها ممکن نیست، برخلاف سایر بلایای طبیعی.,A,0.9234541654586792,A,0.999546229839325,True,True,True,True,[9.2345417e-01 6.6633992e-02 7.5189385e-04 9.1599422e-03],[9.99546230e-01 3.28343594e-04 2.53191392e-05 1.00139136e-04]
2526,هنگامی که آب شروع به یخ زدن می‌کند، مولکول‌های آب,"['انرژی حرارتی بیشتری به دست می\u200cآورند.', 'بیشتر آزادانه حرکت می\u200cکنند.', 'در اندازه افزایش می\u200cیابند.', 'در سرعت کاهش می\u200cیابند.']",D,با کاهش دما، انرژی جنبشی مولکول‌ها کم شده و سرعت حرکت آن‌ها کاهش می‌یابد.,B,0.8561301231384277,D,0.9782143831253052,False,True,True,True,[0.13193445 0.8561301  0.00127339 0.01066194],[2.0561578e-02 7.9725886e-04 4.2674193e-04 9.7821438e-01]
2527,خوزه دو آهنربای میله‌ای دارد. او انتهای دو آهنربا را به هم فشار می‌دهد و سپس رها می‌کند. آهنرباها به سرعت از هم دور می‌شوند. کدام یک از جملات زیر بهترین توضیح را دربارهٔ این موضوع ارائه می‌دهد؟,"['قطب\u200cهای شمال دو آهنربا رو به روی یکدیگر قرار دارند.', 'یک آهنربا قطب شمال و یک آهنربا قطب جنوب است.', 'انتهای آهنرباها یکدیگر را دفع می\u200cکنند اما مراکز آن\u200cها جذب می\u200cشوند.', 'یک آهنربا انرژی را ذخیره کرده و یک آهنربا انرژی را آزاد می\u200cکند.']",A,آهنرباها به دلیل قرارگیری قطب‌های مشابه در مقابل هم، یکدیگر را دفع می‌کنند که باعث دور شدن آن‌ها می‌شود.,A,0.9136815667152405,A,0.9948301911354065,True,True,True,True,[0.91368157 0.01323821 0.04548952 0.02759079],[9.9483019e-01 3.5949324e-03 2.5240387e-04 1.3225017e-03]
2528,کدام سؤال را می‌توان از طریق تحقیق علمی پاسخ داد؟,"['انرژی خورشیدی چگونه بر تشکیل ابرها تأثیر می\u200cگذارد؟', 'چرا ببرها از ایگواناها زیباترند؟', 'بهترین موضوع برای تحصیل در دانشگاه چیست؟', 'آیا انسان\u200cها باید در سفر به فضا سرمایه\u200cگذاری کنند؟']",A,این پرسش درباره تأثیر یک پدیده طبیعی است که با مشاهده و آزمایش قابل بررسی است، برخلاف سؤالات دیگر که مبتنی بر ترجیحات شخصی یا ارزش‌ها هستند.,A,0.9717738032341003,A,0.999521017074585,True,True,True,True,[0.9717738  0.0050994  0.00741958 0.01570726],[9.9952102e-01 2.3135138e-04 1.2383348e-04 1.2383348e-04]
2529,سوال: نظریهٔ فعلی و مسلط دربارهٔ منشأ حیات در زمین به مواد پیش از زیستی اتکا دارد که کدام خاصیت را ابتدا توسعه داده‌اند؟,"['الف) جدایی پایدار از محیط خود', 'ب) چینش به شکل ساختارهای خودتکثیر شونده', 'ج) ذخیره\u200cی ویژگی\u200cها به صورت رمزگذاری\u200cشده شیمیایی', 'د) انباشت مولکول\u200cهای ذخیره\u200cکننده انرژی']",B,نظریه منشأ حیات بر ظهور مولکول‌هایی تأکید دارد که قابلیت تکثیر خودکار دارند، زیرا این ویژگی اساس انتقال اطلاعات و تکامل است.,B,0.3568994104862213,B,0.9155030250549316,True,True,True,True,[0.21647044 0.3568994  0.3568994  0.06973076],[0.04540251 0.915503   0.03120466 0.00788977]
2530,عملکرد اصلی تنه‌ی درخت چیست؟,"['هوا', 'میوه', 'نور خورشید', 'حمایت']",D,ساختار اصلی درخت است که شاخه‌ها و برگ‌ها را نگه می‌دارد و استحکام می‌بخشد.,B,0.6860466003417969,D,0.8574461340904236,False,True,True,True,[0.08161714 0.6860466  0.22359845 0.00873785],[0.06983574 0.06983574 0.00288247 0.85744613]
2531,زمانی که رعد و برق اتفاق می‌افتد، هواي اطراف را گرم می‌کند. هوای گرم منبسط می‌شود و رعد را تولید می‌کند. انرژی رعد و برق به کدام نوع انرژی تبدیل می‌شود تا رعد تولید کند؟,"['جاذبه\u200cای', 'مکانیكی', 'هسته\u200cای', 'تابشی']",B,گرمای ناگهانی هوا باعث انبساط سریع و ایجاد موج صوتی می‌شود که این پدیده مربوط به انرژی حرکتی و صوتی است.,B,0.8575367331504822,B,0.9985232949256897,True,True,True,True,[0.09109259 0.85753673 0.00834157 0.04302909],[1.0197513e-03 9.9852329e-01 2.0717504e-04 2.4990077e-04]
2532,کدام یک از این رفتارها را دلفین یاد می‌گیرد؟,"['خوردن ماهی\u200cهای کوچک', 'شنا کردن در آب شور', 'تعادل دادن یک توپ روی بینی\u200cاش', 'تنفس از طریق سوراخ نفسش']",C,این رفتار آموختنی است و غریزی نیست، برخلاف سایر موارد که طبیعی و ذاتی هستند.,C,0.41207554936408997,C,0.7937904596328735,True,True,True,True,[0.1946507  0.3636554  0.41207555 0.02961835],[0.10659185 0.08301381 0.79379046 0.01660381]
2533,زمین تقریباً چه مدت زمانی طول می‌کشد تا یک بار به دور خورشید بچرخد؟,"['یک روز', 'یک هفته', 'یک ماه', 'یک سال']",D,زمین برای یک دور کامل گردش به دور خورشید تقریباً ۳۶۵ روز طول می‌کشد که معادل [MASK] است.,A,0.8279075622558594,D,0.9725766777992249,False,True,True,True,[8.2790756e-01 7.1070623e-03 6.8204408e-04 1.6430329e-01],[2.5516465e-02 1.4395404e-03 4.6735036e-04 9.7257668e-01]
2534,هر شب، جانی در کنار لامپی که با یک لامپ رشته‌ای روشن شده است، مطالعه می‌کند. بهترین نشانه‌ای که نشان‌دهنده ناکارآمدی انتقال انرژی الکتریکی به لامپ است کدام است؟,"['لامپ داغ می\u200cشود.', 'لامپ نور تولید می\u200cکند.', 'لامپ از سیم\u200cهای مسی استفاده می\u200cکند.', 'لامپ می\u200cتواند با یک کلید خاموش شود.']",A,بیشتر انرژی الکتریکی به جای نور به گرما تبدیل می‌شود که نشانه اتلاف انرژی است.,A,0.7826635241508484,A,0.9700548052787781,True,True,True,True,[0.7826635  0.17531934 0.00776341 0.03425377],[9.7005481e-01 2.9293118e-02 3.8644241e-04 2.6559772e-04]
2535,کدام یک از این موارد یک عنصر غیرزیستی در یک اکوسیستم است؟,"['میانگین بارش سالانه در اکوسیستم', 'انواع تولیدکنندگان موجود در اکوسیستم', 'اندازه جمعیت شکارچی در اکوسیستم', 'میکروارگانیسم\u200cهای موجود در خاک اکوسیستم']",A,میانگین بارش بخشی از عوامل فیزیکی غیرزنده محیط است، در حالی که سایر گزینه‌ها موجودات زنده و جزو اجزای زیستی هستند.,A,0.5082086324691772,A,0.9886151552200317,True,True,True,True,[0.50820863 0.06904775 0.02540125 0.39734235],[9.8861516e-01 4.6321629e-03 8.0494920e-04 5.9478148e-03]
2536,بخرها به ساخت سد در عرض رودخانه‌ها و نهرها از طریق قطع درختان و جمع‌آوری بوته‌ها و درختچه‌ها شناخته شده‌اند. جمعیت بخرها در ایالات متحده به دلیل شکار توسط انسان کاهش یافته است. چه پیامد زیست‌محیطی است که به طور معمول با کاهش جمعیت بخرها اتفاق می‌افتد؟,"['کاهش قابل توجهی در جمعیت ماهی\u200cها', 'افزایش قابل توجهی در بوم\u200cسازگان\u200cهای جنگلی', 'افزایش قابل توجهی در تبخیر آب', 'کاهش قابل توجهی در تعداد زیستگاه\u200cهای برکه']",D,با کاهش بخرها، سدهایشان حفظ نمی‌شود و برکه‌های ایجادشده خشک می‌شوند، که زیستگاه‌های آبی را کاهش می‌دهد.,D,0.6654792428016663,D,0.8962482213973999,True,True,True,True,[0.14848849 0.14848849 0.03754377 0.66547924],[0.05076076 0.00223027 0.05076076 0.8962482 ]
2537,جریان‌های طولانی ساحلی امواج اقیانوس هستند که به سواحل در زوایای بسیار کوچک ضربه می‌زنند. در مناطقی که جریان‌های طولانی ساحلی وجود دارند، این جریان‌ها چه تأثیری بر مناطق زمینی دارند؟,"['آنها کوه\u200cها را می\u200cسازند.', 'آنها زلزله\u200cها را ایجاد می\u200cکنند.', 'آنها ماسه را جابه\u200cجا می\u200cکنند و جزایر شنی ایجاد می\u200cکنند.', 'آنها رودخانه\u200cهای آب شور درون\u200cساحلی ایجاد می\u200cکنند.']",C,این جریان‌ها با حرکت کج امواج، مواد رسوبی را در کنار ساحل منتقل کرده و باعث پدید آمدن عوارضی مانند خشکی‌های ماسه‌ای می‌شوند.,C,0.9821279048919678,C,0.9825429916381836,True,True,True,True,[1.5952321e-02 1.0197979e-03 9.8212790e-01 8.9996838e-04],[1.5635112e-02 1.4542919e-03 9.8254299e-01 3.6770260e-04]
2538,صوت از طریق کدام ماده سریع‌تر منتقل می‌شود؟,"['پانۀ چوبی', 'آب', 'هوا', 'فولاد']",D,سرعت صوت در جامدات به دلیل تراکم مولکولی و کشسانی بیشتر، بالاتر از مایعات و گازها است.,C,0.6808246374130249,A,0.6011425256729126,False,False,False,False,[0.11738889 0.19505952 0.68082464 0.00672692],[0.6011425  0.02661951 0.00762662 0.3646114 ]
2539,کدام یک از موارد زیر نمونه‌ای از تولید مثل غیرجنسی است؟,"['لاک\u200cپشت\u200cها تخم\u200cهای بارور شده را در چاله\u200cای در شن می\u200cگذارند.', 'دانه\u200cها در مخروط\u200cهای کاج پس از رسیدن گرده به مخروط\u200cها تشکیل می\u200cشوند.', 'ماهی\u200cها سلول\u200cهای تخم و اسپرم را در سطح آب آزاد می\u200cکنند.', 'درختان انشعابات ریشه\u200cمانند ارسال می\u200cکنند که ساقه\u200cهای جدیدی تولید می\u200cکنند.']",D,این روش بدون ادغام سلول‌های جنسی و تنها از یک والد صورت می‌گیرد، در حالی که سایر موارد شامل فرآیندهای جنسی هستند.,B,0.671392560005188,A,0.6866212487220764,False,False,False,False,[0.27987805 0.67139256 0.00580868 0.04292069],[0.68662125 0.2862263  0.01844135 0.00871108]
2540,کدام مرحله از ماه پس از ماه گلابی در حال رشد رخ می دهد؟,"['ماه گلابی در حال کاسته شدن', 'ماه هلالی در حال رشد', 'ماه کامل', 'ماه نو']",C,مراحل ماه به ترتیب تکامل می‌یابند. پس از رسیدن به حداکثر رشد، ماه شروع به کاهش می‌کند که مرحله بعدی پس از رشد کامل محسوب می‌شود.,B,0.934920072555542,A,0.886425793170929,False,False,False,False,[0.02812207 0.9349201  0.01963237 0.01732551],[0.8864258  0.03457244 0.06458982 0.01441194]
2541,کدامیک بهترین نشان‌دهنده انتقال انرژی توسط امواج است؟,"['زنگی که در یک برج به صدا در می\u200cآید', 'یک برگ که از درخت می\u200cافتد', 'یک توپ که از تپه پایین می\u200cغلتد', 'یک پرچم که در باد تکان می\u200cخورد']",A,صدای زنگ انرژی را بدون جابجایی ماده از طریق امواج صوتی منتقل می‌کند، در حالی که سایر موارد حرکت فیزیکی اجسام هستند.,D,0.8257842063903809,D,0.8498414158821106,False,False,False,False,[0.14349978 0.0191195  0.01159656 0.8257842 ],[0.11546368 0.025364   0.0093309  0.8498414 ]
2542,پس از اخرین عصر یخبندان، ذوب شدن یخ‌های قطبی و کوهستانی سبب افزایش سطح آب‌های اقیانوس‌ها شد. کدام یک از موارد زیر احتمالاً نتیجه این افزایش سطح آب اقیانوس‌ها است؟,"['افزایش میزان شوری در باتلاق\u200cهای ساحلی موجود', 'افزایش تعداد موجودات در صخره\u200cهای موجود', 'کاهش تعداد جزر و مدها در هر روز', 'کاهش عمق بستر اقیانوس']",A,افزایش سطح آب اقیانوس باعث نفوذ آب شور به مناطق ساحلی و باتلاق‌ها می‌شود که شوری آنها را بالا می‌برد و با گزینه مطابقت دارد.,A,0.8128034472465515,A,0.9804234504699707,True,True,True,True,[0.81280345 0.01930289 0.10935833 0.0585353 ],[0.98042345 0.00454914 0.00101505 0.01401233]
2543,کدام نوع پل از کابل‌ها برای پشتیبانی استفاده می‌کند؟,"['پل خرپایی', 'پل معلق', 'پل تیرک', 'پل کنسولی']",B,این پل با کابل‌های آویزان از برج‌ها بار اصلی را تحمل می‌کند و به تکیه‌گاه‌ها منتقل می‌نماید.,A,0.4166586995124817,B,0.8560780882835388,False,True,True,True,[0.4166587  0.25271627 0.04425994 0.28636506],[0.10184533 0.8560781  0.00849162 0.03358503]
2544,کدام تغییر سبب ایجاد ساختاری بر روی سطح زمین می‌شود؟,"['A) سیل باعث می\u200cشود مردم شهری را ترک کنند.', 'B) زلزله در میدانی امواجی ایجاد می\u200cکند.', 'C) یک آتشفشان با لوا یک زمین جدید ایجاد می\u200cکند.', 'D) landslide به دریاچه\u200cای باعث ایجاد یک موج جزر و مدی می\u200cشود.']",C,فوران آتشفشان با انجماد مواد مذاب، ساختارهای زمینی جدیدی را مستقیماً شکل می‌دهد.,B,0.5169236660003662,C,0.9515100717544556,False,True,True,True,[0.04770721 0.51692367 0.40258056 0.03278866],[0.01357256 0.03255888 0.9515101  0.00235856]
2545,در کلاس علوم، محلولی از آب و یک ترکیب غیرسمی تولید می‌شود. پس از اتمام نمایش، باید با این محلول چه کاری انجام شود؟,"['باید درون چاه فاضلاب ریخته شود.', 'باید درون سطل بازیافت ریخته شود.', 'باید درون یک ظرف زباله ریخته شود.', 'باید درون یک ظرف مخصوص دفع مواد خطرناک قرار گیرد.']",C,محلول غیرسمی است و خطری ندارد، بنابراین می‌توان آن را در سیستم فاضلاب دفع کرد.,A,0.442721962928772,B,0.8340641260147095,False,False,False,False,[0.44272196 0.44272196 0.04666255 0.06789362],[1.6423696e-01 8.3406413e-01 1.1066200e-03 5.9233099e-04]
2546,کدام دانشمند ادعا کرد که زمین مرکز جهان است؟,"['آریستوتل', 'کپرنیک', 'اینشتین', 'نیوتن']",A,فیلسوف یونانی باستان این نظریه را مطرح کرد که قرن‌ها پذیرفته بود.,A,0.9889379739761353,A,0.930437445640564,True,True,True,False,[9.889380e-01 9.652694e-03 6.170761e-04 7.923414e-04],[0.93043745 0.06740066 0.00121535 0.00094651]
2547,ستاره‌های دوتایی توسط دانشمندان برای تعیین کدام یک از ویژگی‌های یک ستاره استفاده می‌شوند؟,"['جرم.', 'درخشش.', 'فاصله از زمین.', 'فاصله از خورشید.']",A,حرکت مداری این ستاره‌ها با قوانین فیزیکی، محاسبه دقیق جرم را ممکن می‌سازد.,A,0.6947993636131287,A,0.9992731213569641,True,True,True,True,[0.69479936 0.01272569 0.28963545 0.00283949],[9.9927312e-01 6.1716413e-04 3.8240112e-05 7.1441937e-05]
2548,برخی از گونه‌های گیاهی و جانوری به یکدیگر وابسته‌اند. کدام‌یک از این حیوانات به هزاران گونهٔ گیاهی در تولید مثل کمک می‌کنند؟,"['سنجاب\u200cها', 'کرم\u200cهای خاکی', 'زنبورهای عسل', 'سوسک\u200cها']",C,این حشرات به دلیل نقش اساسی در انتقال دانه‌های گرده، تکثیر تعداد زیادی از گیاهان را امکان‌پذیر می‌سازند.,C,0.9049109816551208,C,0.9534673690795898,True,True,True,True,[0.0836781  0.00606162 0.904911   0.00534936],[0.04255214 0.00199019 0.95346737 0.00199019]
2549,یک دانش‌آموز برنامه‌ریزی می‌کند تا سرعت‌های مختلف توپ‌ها را هنگامی که از روی شیب می‌غلتند محاسبه کند. کدام یک از اطلاعات زیر کمترین نیاز را دارد که دانش‌آموز ثبت کند؟,"['اندازه هر توپ', 'ضخامت شیب', 'طول شیب', 'زمانی که توپ طول می\u200cکشد تا سفر کند']",B,[MASK] تأثیری بر سرعت غلتش ندارد و تنها مربوط به ساختار سطح است، نه دینامیک حرکت.,B,0.6639819145202637,C,0.5697571635246277,True,False,False,False,[0.13177125 0.6639819  0.05493043 0.14931639],[0.08669513 0.30259573 0.56975716 0.04095188]
2550,کدام ویژگی از یک سگ خانگی ارثی است؟,"['سگ از یک گربه خانگی دوری می\u200cکند.', 'سگ بر روی یک مبل می\u200cپرد.', 'سگ به فرمان غلت می\u200cخورد.', 'سگ وقتی بوی غذا می\u200cگیرد آب دهانش راه می\u200cافتد.']",D,واکنش غیرارادی مانند آب دهان ریختن در برابر بو، یک ویژگی ذاتی است که از طریق ژن‌ها منتقل می‌شود و اکتسابی نیست.,D,0.5153000950813293,D,0.9955158829689026,True,True,True,True,[0.114979   0.01556071 0.35416025 0.5153001 ],[4.1325144e-03 2.4817677e-04 1.0345547e-04 9.9551588e-01]
2551,تمشک‌های وحشی به‌طور غیرجنسی با جوانه زدن ریشه‌های جدید هنگام تماس ساقه‌ها با زمین تولید‌مثل می‌کنند. همچنین آن‌ها از طریق گل‌های خود به‌طور جنسی تولید مثل می‌کنند. چه مزیتی برای گیاه تمشک وجود دارد که قادر به تولیدمثل جنسی و غیرجنسی باشد؟,"['این امکان را می\u200cدهد که گیاهان بلندتر رشد کنند.', 'این امکان را می\u200cدهد که گل\u200cهایی تولید کند که حشرات را جذب می\u200cکنند.', 'این امکان را می\u200cدهد که تمشک\u200cهای با طعم بیشتری تولید شود.', 'این امکان را می\u200cدهد که گیاهان تمشک به شرایط جدید سازگار شوند.']",D,تولیدمثل غیرجنسی جمعیت را سریع افزایش می‌دهد و تولیدمثل جنسی تنوع ژنتیکی برای سازگاری با تغییرات محیطی فراهم می‌کند.,D,0.5032716989517212,D,0.8464579582214355,True,True,True,True,[0.18514332 0.30524972 0.00633526 0.5032717 ],[0.12005327 0.0323119  0.00117696 0.84645796]
2552,برخی از ابزارها سطح اکسیژن را در لایه اوزون جو زمین ثبت می‌کنند. نگهداری سوابق این داده‌ها برای سال‌های متمادی نمونه‌ای از چیست؟,"['A) جمع آوری شواهد از طریق تحقیق مداوم.', 'B) شناسایی فرضیه ای که از داده\u200cها حمایت می\u200cکند.', 'C) نتیجه\u200cگیری درباره شواهد از نتایج.', 'D) ارائه داده\u200cهایی که آسان برای فهم باشد.']",A,ثبت داده‌ها در طول زمان برای تحلیل روندها و بررسی تغییرات محیطی به صورت مستمر انجام می‌شود.,A,0.4381686747074127,A,0.6197821497917175,True,True,True,True,[0.43816867 0.07644031 0.1428093  0.3425817 ],[0.61978215 0.06558023 0.1573188  0.1573188 ]
2553,چه چیزی باید پیش از تشکیل ابرها رخ دهد؟,"['باید بخار آب گرمتر شود.', 'باید بخار آب انرژی حرارتی خود را از دست بدهد.', 'باید بارندگی شروع به افتادن و جریانی شود.', 'باید تعرق بخار آب را به جو اضافه کند.']",B,تشکیل ابر نیازمند سرد شدن بخار آب در جو است تا مولکول‌ها به هم نزدیک شده و متراکم شوند، نه وقوع بارندگی یا تعرق.,A,0.8317766189575195,B,0.9660999178886414,False,True,True,True,[0.8317766  0.14510682 0.01505703 0.00805945],[0.02544574 0.9660999  0.00501056 0.00344371]
2554,رشد گیاه تحت تأثیر عوامل محیطی مانند جاذبه قرار دارد. اگر به بذر اجازه داده شود که جوانه بزند و در حالی که به پهلو است، رشد کند، کدام یک احتمالاً رخ خواهد داد؟,"['ریشه\u200cها به سمت پایین رشد می\u200cکنند، ساقه\u200cها به سمت پایین رشد می\u200cکنند', 'ریشه\u200cها به سمت پایین رشد می\u200cکنند، ساقه\u200cها به سمت بالا رشد می\u200cکنند', 'ریشه\u200cها به سمت بالا رشد می\u200cکنند، ساقه\u200cها به سمت پایین رشد می\u200cکنند', 'ریشه\u200cها به سمت بالا رشد می\u200cکنند، ساقه\u200cها به سمت بالا رشد می\u200cکنند']",B,ریشه‌ها به دلیل گرایش مثبت به جاذبه به سمت پایین و ساقه‌ها به دلیل گرایش منفی به سمت بالا رشد می‌کنند، حتی در وضعیت افقی.,A,0.5757670998573303,B,0.8850122690200806,False,True,True,True,[0.5757671  0.1869242  0.21181288 0.02549585],[0.10569964 0.88501227 0.00464412 0.00464412]
2555,آنی تا آخر خط دوید. در پایان دویدنش، او هوای بیشتری به ریه‌هایش می‌کشید و ضربان قلبش افزایش یافته بود. چه سیستم‌هایی نرخ تنفس و ضربان قلب آنی را تنظیم می‌کنند؟,"['عضلانی و اسکلتی', 'عصبی و درون\u200cریز', 'گوارشی و دفعی', 'تنفسی و گردش خون']",B,سیستم‌های عصبی و هورمونی با همکاری هم، افزایش تنفس و ضربان قلب را در فعالیت بدنی کنترل می‌کنند.,B,0.9460279941558838,B,0.9973556995391846,True,True,True,True,[1.7108524e-02 9.4602799e-01 7.4427990e-05 3.6789108e-02],[1.9556691e-03 9.9735570e-01 5.3771186e-05 6.3491287e-04]
2556,کدام یک از فرآیندهای زیر معمولاً بیشترين زمان را می‌گیرد؟,"['ماسه داغ سرد شده و سنگ جدیدی تشکیل می\u200cدهد.', 'بخار آب متراکم شده و ابر تشکیل می\u200cدهد.', 'یک موج زلزله از طریق گوشته حرکت می\u200cکند.', 'یک حوضه اقیانوسی بین دو قاره تشکیل می\u200cشود.']",D,این فرآیند زمین‌شناسی به میلیون‌ها سال زمان نیاز دارد، برخلاس سایر موارد که بسیار سریع‌تر رخ می‌دهند.,A,0.44296666979789734,A,0.5018647313117981,False,False,False,False,[0.44296667 0.18465598 0.30444625 0.06793114],[0.50186473 0.18318895 0.04631742 0.26862884]
2557,زمانی که عرق یک شخص تبخیر می‌شود، آن شخص احساس خنکی می‌کند. کدام یک از بیانیه‌های زیر بهترین توصیف را از دلیل کمک‌کننده عرق‌ریزی به احساس خنکی شخص ارائه می‌دهد؟,"['حرارت هنگام تبخیر توسط عرق جذب می\u200cشود.', 'حرارت هنگام تبخیر توسط بدن جذب می\u200cشود.', 'دمای آب در عرق هنگام تبخیر کاهش می\u200cیابد.', 'دمای آب در بدن هنگام تبخیر عرق افزایش می\u200cیابد.']",A,تبخیر عرق انرژی گرمایی از پوست می‌گیرد و با کاهش دما، احساس خنکی ایجاد می‌کند.,A,0.9055479764938354,A,0.9284045696258545,True,True,True,True,[0.905548   0.03507764 0.0015412  0.05783324],[0.92840457 0.0521728  0.00623115 0.01319135]
2558,کدام یک از این رفتارها احتمالاً خرس از زندگی در محیطش یاد گرفته است؟,"['نوشیدن آب', 'خوردن ماهی', 'باز کردن درب سطلهای زباله', 'محافظت از جوانانش']",C,محافظت از فرزندان رفتاری ذاتی است، نه آموخته از محیط. رفتارهای دیگر ممکن است از طریق سازگاری با شرایط انسان‌ها یاد گرفته شوند.,B,0.3468666970729828,D,0.8848373293876648,False,False,False,False,[0.27014005 0.3468667  0.23839776 0.14459555],[0.09253541 0.01272052 0.00990675 0.8848373 ]
2559,کدام یک از موارد زیر کمترین آسیب را به زمین وارد می‌کند؟,"['زلزله با شدت ۷.۲', 'روند طوفان استوایی', 'طوفان الکتریکی', 'فوران آتشفشان']",C,این پدیده جوی تأثیر مستقیم و ماندگار کمی بر محیط دارد، برخلاف سایر موارد که باعث تخریب گسترده و تغییرات اساسی می‌شوند.,B,0.47097915410995483,B,0.5017951130867004,False,False,False,False,[0.41563764 0.47097915 0.05669162 0.05669162],[0.44283262 0.5017951  0.03606704 0.0193053 ]
2560,اعمال انسانی بر محیط زیست تأثیر می‌گذارد. کدام عمل انسانی کوچکترین مساحت را تحت تأثیر قرار می‌دهد؟,"['سوزاندن یک جنگل', 'سوزاندن سوخت\u200cهای فسیلی', 'کندن یک محل دفن زباله جدید', 'پاشیدن مواد شیمیایی بر روی محصولات']",C,این عمل در مقیاس کوچک و محدود به زمین‌های کشاورزی انجام می‌شود و مساحت کمتری را تحت تأثیر قرار می‌دهد.,C,0.6555545330047607,C,0.8379955887794495,True,True,True,True,[0.30845478 0.02551809 0.65555453 0.01047261],[0.12951872 0.0172567  0.8379956  0.01522898]
2561,در یک آزمایش آزمایشگاهی، دانش‌آموزان در حال آزمایش هویت یک پودر ناشناخته هستند. کدام روش برای انتقال پودر به ترازوی دقیق‌ترین است؟,"['با یک برس به روی کاغذ انتقال جارو بزنید', 'با یک کاردک آزمایشگاهی به روی کاغذ انتقال بردارید', 'با انگشتان بگیرید و به روی کاغذ انتقال بگذارید', 'از بطری به روی کاغذ انتقال بریزید']",B,این روش کنترل دقیق مقدار را فراهم کرده و از آلودگی نمونه جلوگیری می‌کند.,A,0.4207782447338104,D,0.5448663234710693,False,False,False,False,[0.42077824 0.2552149  0.03481048 0.28919637],[0.20044513 0.22713408 0.02755449 0.5448663 ]
2562,لیوسین یکی از اسیدهای آمینه‌ای است که بدن شما به آن نیاز دارد اما نمی‌تواند آن را تولید کند. کدام یک از این موارد پیش می‌آید تا بدن انسان بتواند لیوسین دریافت کند؟,"['بدن لیوسین را از سایر اسیدهای آمینه تبدیل می\u200cکند.', 'بدن کربوهیدرات\u200cهای حاوی لیوسین را ذخیره می\u200cکند.', 'بدن اسیدهای چرب را تجزیه می\u200cکند تا لیوسین به دست آورد.', 'بدن پروتئین\u200cهای موجود در غذا را هضم می\u200cکند تا لیوسین به دست آورد.']",D,لیوسین یک اسید آمینه ضروری است که بدن فقط با تجزیه پروتئین‌های غذایی می‌تواند آن را به دست آورد و جذب کند.,D,0.6184142231941223,D,0.781149685382843,True,True,True,True,[0.17856826 0.00224784 0.20076971 0.6184142 ],[0.15381749 0.00190626 0.06312657 0.7811497 ]
2563,خورشید تقریباً 1.5 × 10^8 کیلومتر از زمین فاصله دارد. سرعت نور 3.0 × 10^8 متر در ثانیه است. فاصله از خورشید تا زمین در ثانیه‌های نوری چقدر است؟,"['2.0 ثانیه نوری', '0.5 ثانیه نوری', '2.0 × 10^-3 ثانیه نوری', '5.0 × 10^2 ثانیه نوری']",D,با تبدیل فاصله به متر و تقسیم بر سرعت نور، زمان حدود ۵۰۰ ثانیه محاسبه می‌شود.,A,0.8318470120429993,A,0.47011280059814453,False,False,False,False,[0.831847   0.03654881 0.09934996 0.03225421],[0.4701128  0.3231035  0.07209413 0.13468957]
2564,در بسیاری از مناطق گرمسیری، پشه‌ها ممکن است ناقل یک انگل باشند که می‌تواند موجب بیماری عفونی در انسان‌ها شود. چه چیزی بهترین توصیف را از این نوع ارتباط بین پشه‌ها و انسان‌ها ارائه می‌دهد؟,"['شکارچی-مورد شکار', 'رقابت برای منابع', 'عوامل زیستی که با یکدیگر تعامل دارند', 'انتقال انرژی بین تولیدکننده و مصرف\u200cکننده']",C,این رابطه نمونه‌ای از تعامل زیستی است که در آن یک انگل از طریق ناقل به میزبان منتقل شده و بیماری ایجاد می‌کند.,A,0.8205203413963318,C,0.9699618220329285,False,True,True,True,[0.82052034 0.02186613 0.01502835 0.14258505],[2.9404948e-02 3.1660922e-04 9.6996182e-01 3.1660922e-04]
2565,ایرا باید پس از مدرسه یک تحقیق آزمایشگاهی را انجام می‌داد. او مواد، مواد شیمیایی، تجهیزات و وسایل حفاظتی را از معلمش تهیه کرد. به سرعت، اما با احتیاط، مراحل موجود در دستورالعمل آزمایش را انجام داد. به منظور صرفه‌جویی در زمان، تصمیم گرفت که مشاهدات و نتایج خود را بعداً ثبت کند. کدام یک احتمالاً تحت تأثیر منفی تصمیم او قرار خواهد گرفت؟,"['توانایی پیروی از دستورالعمل\u200cها', 'توانایی نوشتن یک گزارش معتبر', 'توانایی پیروی از دستورالعمل\u200cهای ایمنی', 'توانایی رسیدن به یک نتیجه']",B,ثبت نکردن فوری نتایج باعث فراموشی جزئیات و کاهش دقت گزارش نهایی می‌شود.,C,0.5793833136558533,B,0.9777607321739197,False,True,True,True,[0.35141376 0.06106655 0.5793833  0.00813633],[1.7838495e-02 9.7776073e-01 3.5126079e-03 8.8812638e-04]
2566,کدام یک از این موارد درباره جلبک‌ها، باکتری‌ها و گیاهان گل‌دار درست است؟,"['الف) آنها غیرآلی هستند.', 'ب) همه آنها کلروفیل دارند.', 'ج) آنها از سلول\u200cها تشکیل شده\u200cاند.', 'د) همه آنها از موجودات دیگر تغذیه می\u200cکنند.']",C,همه موجودات زنده ساختار سلولی دارند و این سه گروه از آن جمله هستند.,B,0.6393255591392517,C,0.9773231744766235,False,True,True,True,[0.16227949 0.63932556 0.11153295 0.08686195],[0.0124477  0.00666278 0.9773232  0.00356633]
2567,برخی از سلول‌های گیاهی برای انتقال مواد مغذی از غشای سلولی به انرژی نیاز دارند. کدام نوع تبدیل انرژی توسط این سلول‌های گیاهی برای وارد کردن مولکول‌های مواد مغذی به داخل غشای سلولی استفاده می‌شود؟,"['انرژی حرارتی به انرژی جنبشی', 'انرژی پتانسیل به انرژی نوری', 'انرژی شیمیایی به انرژی جنبشی', 'انرژی جنبشی به انرژی پتانسیل']",C,انتقال فعال مواد مغذی نیازمند تبدیل [MASK] برای حرکت در برابر شیب غلظت است.,C,0.7803229689598083,C,0.8156002759933472,True,True,True,True,[0.09356105 0.00598116 0.78032297 0.12013476],[0.05908189 0.01493824 0.8156003  0.11037949]
2568,کدام یک از موارد زیر ترکیب را تعریف می‌کند؟,"['مواد مختلفی که با هم مخلوط شده\u200cاند', 'اتم\u200cها و مولکول\u200cها که با هم مخلوط شده\u200cاند', 'اتم\u200cهای عناصر مختلف که با هم ترکیب شده\u200cاند', 'اتم\u200cهای یک عنصر که با هم ترکیب شده\u200cاند']",C,ترکیب شیمیایی از اتم‌های عناصر مختلف تشکیل شده که با پیوند شیمیایی به هم متصل هستند، نه مخلوط فیزیکی یا اتم‌های یک عنصر.,A,0.7970975637435913,C,0.9785182476043701,False,True,True,True,[0.79709756 0.17750947 0.01856376 0.00682923],[2.0071898e-02 1.1323789e-03 9.7851825e-01 2.7750141e-04]
2569,سطح زمین به طور مداوم از فرسایش و تخریب تغییر می‌کند. در مقایسه با زمین، فرسایش و تخریب در ماه بسیار کم است به دلیل,"['کمبود گرانش در ماه.', 'جو نازک در ماه.', 'کمبود هوا و آب در ماه.', 'کمبود موجودات زنده در ماه.']",C,فرسایش زمین عمدتاً توسط آب و هوا ایجاد می‌شود که در ماه وجود ندارد.,B,0.9468284845352173,B,0.9769241213798523,False,False,False,False,[0.03649804 0.9468285  0.00937347 0.00730007],[0.01095915 0.9769241  0.00967142 0.00244532]
2570,یک دانش‌آموز مشاهده می‌کند که یک ارگانیسم یک‌سلولی و یک برگ گیاه دارای قسمت‌های سبز مشابهی هستند. این دانش‌آموز فکر می‌کند که هر دو ارگانیسم از قسمت‌های سبز برای زندگی استفاده می‌کنند. کدام مدرک از نتیجه‌گیری حمایت می‌کند که هر دو ارگانیسم به قسمت‌های سبز برای زندگی نیاز دارند؟,"['هر دو ارگانیسم از قسمت\u200cهای سبز برای حرکت استفاده می\u200cکنند.', 'هر دو ارگانیسم اگر قسمت\u200cهای سبز حذف شوند می\u200cمیرند.', 'قسمت\u200cهای سبز در هر دو ارگانیسم مشاهده می\u200cشود که نور تولید می\u200cکنند.', 'قسمت\u200cهای سبز در هر دو ارگانیسم می\u200cتوانند قسمت\u200cهای سبز بیشتری تولید کنند.']",B,حذف بخش‌های سبز باعث مرگ هر دو موجود می‌شود که نشان‌دهنده ضرورت آن‌ها برای بقا است.,B,0.8070467114448547,B,0.9899874329566956,True,True,True,True,[0.09714396 0.8070467  0.08572925 0.01008016],[9.6111763e-03 9.8998743e-01 1.2878983e-04 2.7264806e-04]
2571,مقدار زیادی از رسوب توسط آب هنگام جاری شدن آب به سمت پایین در رودخانه‌ها و جوی‌ها جمع‌آوری می‌شود. وقتی آب در یک رودخانه یا جوی به سرعت جریان داشته و سپس شروع به کند شدن می‌کند، احتمالاً چه اتفاقی برای ذرات رسوبی که آب حمل می‌کند خواهد افتاد؟,"['مقدار ذرات رسوب بزرگتری که توسط آب حمل می\u200cشود افزایش خواهد یافت.', 'مقدار ذرات رسوب کوچک\u200cتری که توسط آب حمل می\u200cشود افزایش خواهد یافت.', 'مقدار ذرات رسوب بزرگتری که توسط آب حمل می\u200cشود کاهش خواهد یافت.', 'مقدار ذرات رسوب کوچک\u200cتری که توسط آب حمل می\u200cشود کاهش خواهد یافت.']",C,با کاهش سرعت آب، انرژی آن برای حمل ذرات درشت کم شده و آن‌ها ته‌نشین می‌شوند.,C,0.7201231718063354,C,0.7737030386924744,True,True,True,True,[0.2328783  0.02803149 0.7201232  0.01896705],[0.19715706 0.02354705 0.77370304 0.00559292]
2572,کدام یک از این عناصر به احتمال زیاد در یک ترکیب آلی یافت نمی‌شود؟,"['کربن', 'هیدروژن', 'نیتروژن', 'پتاسیم']",D,ترکیبات آلی معمولاً بر پایه [MASK] و [MASK] هستند و فلزات قلیایی در آن‌ها نادرند.,A,0.6037291288375854,C,0.7288081049919128,False,False,False,False,[0.6037291  0.08202564 0.28406963 0.03017555],[0.2104447  0.02474437 0.7288081  0.03600284]
2573,چه اتفاقی می‌افتد وقتی دمای خانه کمتر از دمای انتخاب‌شده در ترموستات باشد؟,"['شومینه داغ خواهد شد.', 'ترموستات داغ خواهد شد.', 'شومینه به طور خودکار روشن خواهد شد.', 'ترموستات صدای بیپ می\u200cدهد.']",C,ترموستات برای افزایش دما، سیستم گرمایش را روشن می‌کند.,A,0.6980355978012085,C,0.6340062022209167,False,True,True,True,[0.6980356  0.09483859 0.15636238 0.05076344],[0.29715273 0.05851284 0.6340062  0.01032813]
2574,کدام یک از این‌ها رفتار غریزی نیست؟,"['پرنده\u200cای که لانه می\u200cسازد', 'لاک\u200cپشتی که تخم\u200cهایش را دفن می\u200cکند', 'خرس در زمستان خواب زمستانی می\u200cرود', 'اسب با شخم\u200cزنیدن']",D,رفتارهای ذاتی بدون یادگیری انجام می‌شوند، اما این مورد با آموزش انسان به دست می‌آید و غریزی نیست.,C,0.43535086512565613,C,0.9009605646133423,False,False,False,False,[0.3390516  0.18006894 0.43535087 0.04552856],[0.06577725 0.01663109 0.90096056 0.01663109]
2575,یک میکروسکوپ، یک شی را با بزرگنمایی 50 برابری بزرگ می‌کند. اگر تصویر نشان‌دهنده 0.5 سانتی‌متر طول باشد، طول شی چقدر است؟,"['100 سانتی\u200cمتر', '25 سانتی\u200cمتر', '2.5 سانتی\u200cمتر', '0.01 سانتی\u200cمتر']",D,اندازه تصویر تقسیم بر بزرگنمایی، طول واقعی جسم را نشان می‌دهد که برابر با ۰.۰۱ سانتی‌متر است.,C,0.5336942076683044,D,0.9122802019119263,False,True,True,True,[0.3668023  0.08313353 0.5336942  0.01636996],[0.05923853 0.00378699 0.02469429 0.9122802 ]
2576,کدام یک از این فرآیندها شامل انتقال مقدار زیادی از انرژی حرارتی است؟,"['فرسایش', 'رسوب\u200cگذاری', 'زیرکشندگی', 'سیمان\u200cسازی']",C,این فرآیند با اصطکاک و فشار زیاد، انرژی گرمایی زیادی تولید می‌کند و باعث ذوب سنگ‌ها می‌شود.,A,0.412381112575531,A,0.765985906124115,False,False,False,False,[0.4123811  0.07166109 0.32116273 0.19479504],[0.7659859  0.00854264 0.09184203 0.13362937]
2577,در یک جنگل، تجزیه‌کننده‌ها چگونه به بقای دیگر موجودات کمک می‌کنند؟,"['آنها اکسیژن را به هوایی که حیوانات تنفس می\u200cکنند، آزاد می\u200cکنند.', 'آنها مواد مغذی را به خاک اضافه می\u200cکنند که گیاهان برای رشد استفاده می\u200cکنند.', 'آنها درختان را به پناهگاهی تبدیل می\u200cکنند که حیوانات می\u200cتوانند در آنجا پنهان شوند.', 'آنها از نور خورشید برای تهیه غذا برای گیاهان و حیوانات استفاده می\u200cکنند.']",B,مواد آلی مرده را تجزیه کرده و عناصر ضروری را برای رشد گیاهان به خاک بازمی‌گردانند.,B,0.9718204140663147,B,0.9766116738319397,True,True,True,True,[2.5834985e-02 9.7182041e-01 1.8714801e-03 4.7318425e-04],[2.2788970e-02 9.7661167e-01 4.3064405e-04 1.6864263e-04]
2578,بهترین روش برای حفظ منابع طبیعی در خانه چیست؟,"['تمام شیشه\u200cها را در سطل زباله بیندازید.', 'برای تمیز کردن نشت\u200cها از دستمال\u200cهای کاغذی استفاده کنید.', 'زمان حمام کردن را کاهش دهید.', 'هر روز چمن را آبیاری کنید.']",C,صرفه‌جویی در مصرف آب با کاهش زمان حمام، به حفظ این منبع مهم کمک می‌کند.,C,0.7078338861465454,C,0.9388536810874939,True,True,True,True,[0.17757569 0.1077051  0.7078339  0.00688536],[5.3381924e-02 7.2244573e-03 9.3885368e-01 5.3995044e-04]
2579,کدامیک ترکیب کربوهیدرات‌ها را توصیف می‌کند؟,"['چربی\u200cها به هم پیوسته و فسفولیپیدها را تشکیل می\u200cدهند', 'مونومرها به هم پیوسته و پلیمرها را تشکیل می\u200cدهند', 'اسیدهای آمینه به هم پیوسته و پلی\u200cپپتیدها را تشکیل می\u200cدهند', 'قندها به هم پیوسته و پلی\u200cساکاریدها را تشکیل می\u200cدهند']",D,کربوهیدرات‌ها از اتصال واحدهای قندی تشکیل می‌شوند که پلی‌ساکاریدها را به وجود می‌آورند.,B,0.7653998732566833,D,0.5533513426780701,False,True,True,True,[0.05544538 0.7653999  0.008371   0.1707838 ],[0.01311564 0.43095046 0.00258262 0.55335134]
2580,چگونه باید از یک نمودار خطی برای نمایش داده‌های فاصله و زمان یک جسم متحرک استفاده کرد؟,"['محور y باید به عنوان زمان، که متغیر وابسته است، علامت\u200cگذاری شود.', 'محور y باید به عنوان فاصله، که متغیر مستقل است، علامت\u200cگذاری شود.', 'محور x باید به عنوان فاصله، که متغیر وابسته است، علامت\u200cگذاری شود.', 'محور x باید به عنوان زمان، که متغیر مستقل است، علامت\u200cگذاری شود.']",D,زمان متغیر مستقل روی محور افقی و فاصله متغیر وابسته روی محور عمودی نمایش داده می‌شود.,D,0.9039145112037659,D,0.924170196056366,True,True,True,True,[0.05801148 0.03518574 0.00288822 0.9039145 ],[6.0010605e-02 1.5173056e-02 6.4614665e-04 9.2417020e-01]
