index,question,options,gold,masked_explanation,pred_noexp,prob_noexp,pred_exp,prob_exp,is_correct_noexp,is_correct_exp,sufficiency,usefulness,probs_noexp,probs_exp,similarity_with_base_clean,gold_prob_noexp,gold_prob_exp,delta_gold_prob,bertscore_P_raw,bertscore_R_raw,bertscore_F1_raw,bertscore_P_clean,bertscore_R_clean,bertscore_F1_clean
0,جرج می‌خواهد دست‌هایش را با مالیدن به سرعت گرم کند. کدام سطح پوست بیشترین گرما را تولید می‌کند؟,"['کف\u200cهای خشک', 'کف\u200cهای مرطوب', 'کف\u200cهای چرب شده با روغن', 'کف\u200cهای پوشیده شده با لوسیون']",A,وجود رطوبت بین دو سطح باعث کاهش اصطکاک و افزایش تبدیل انرژی مکانیکی به گرما می‌شود.,C,0.8796225190162659,B,0.0504786036908626,False,False,False,False,[0.081658   0.03404012 0.8796225  0.00467938],[0.0504786  0.6149553  0.32916188 0.00540419],0.7008379101753235,0.081658,0.0504786,-0.0311793999999999,0.9273524284362793,0.6481426954269409,0.7630067467689514,0.9276701807975769,0.6495344638824463,0.7640780210494995
1,کدام یک از جملات زیر بهترین توضیح را برای این موضوع ارائه می‌دهد که چرا مغناطیس‌ها معمولاً به درب یخچال می‌چسبند؟,"['در یخچال سطحی صاف وجود دارد.', 'درب یخچال حاوی آهن است.', 'درب یخچال یک هادی خوب است.', 'درب یخچال دارای سیم\u200cهای برق است.']",B,زیرا درب یخچال حاوی آهن است که ماده‌ای فرومغناطیس است.,B,0.9000676274299622,B,0.9942674040794371,True,True,True,True,[0.05058037 0.9000676  0.03939204 0.00995987],[4.0317224e-03 9.9426740e-01 1.1551079e-03 5.4563431e-04],0.750714123249054,0.9000676,0.9942674,0.0941998,0.7933040857315063,0.5420336723327637,0.6440281271934509,0.7855836749076843,0.5414227843284607,0.6410412192344666
2,سوالی: چین‌خوردگی مشاهده‌شده در لایه‌های سنگ‌های رسوبی بیشتر احتمالاً ناشی از,"['سرد شدن ماگما در حال جریان.', 'مقارن شدن صفحات قشری.', 'رسوب\u200cگذاری مواد رسوبی در کنار رودخانه.', 'حل شدن معدنی کربنات.']",B,چین‌خوردگی در سنگ‌های رسوبی نتیجه نیروهای تکتونیکی و حرکت صفحات قشری زمین است.,B,0.5060479044914246,B,0.973011553287506,True,True,True,True,[0.4465857  0.5060479  0.0369455  0.01042096],[2.2883039e-02 9.7301155e-01 3.7355532e-03 3.6986987e-04],0.8404921293258667,0.5060479,0.97301155,0.4669636499999999,0.8771636486053467,0.7006378173828125,0.7790257930755615,0.8771637678146362,0.7006378173828125,0.7790258526802063
3,کدام یک از این موارد را دانشمندان به عنوان جدیدترین توضیح درباره اینکه چرا بسیاری از گیاهان و جانوران در پایان دوره مزوزوئیک منقرض شدند، ارائه می‌دهند؟,"['بیماری جهانی', 'تشکیل کوه\u200cهای جهانی', 'ظهور پستانداران که به گیاهان و جانوران حمله می\u200cکردند', 'ضربه یک سیارک که گرد و غبار ایجاد کرد و نور خورشید را مسدود کرد']",D,ضربه یک سیارک به زمین، باعث ایجاد گرد و غبار و مسدود شدن نور خورشید، کاهش فتوسنتز و زنجیره غذایی، و در نهایت انقراض بسیاری از گونه‌ها در پایان دوره مزوزوئیک شد.,A,0.6778459548950195,D,0.9504498839378356,False,True,True,True,[0.67784595 0.1168753  0.15007086 0.05520798],[4.7505319e-02 1.6003409e-03 4.4439861e-04 9.5044988e-01],0.8590747117996216,0.05520798,0.95044988,0.8952418999999999,0.8722905516624451,0.7149009108543396,0.7857921719551086,0.8722905516624451,0.7149009108543396,0.7857921719551086
4,یک قایق تحت تأثیر جریان یک رودخانه که به سمت شمال می‌رود و بادی که بر روی بادبان‌های آن می‌وزد، قرار دارد. قایق به سمت شمال‌شرقی حرکت می‌کند. در کدام جهت باد به احتمال زیاد بر روی بادبان‌های قایق نیرو وارد می‌کند؟,"['غرب', 'شرق', 'شمال', 'جنوب']",B,باد باید مولفه [MASK]ی داشته باشد تا قایق به سمت [MASK]‌[MASK] حرکت کند، بنابراین به احتمال زیاد از سمت [MASK] می‌وزد.,B,0.5282155871391296,B,0.5920970439910889,True,True,True,True,[0.24853863 0.5282156  0.02968371 0.19356208],[0.31692672 0.59209704 0.02026045 0.07071591],0.8276456594467163,0.5282156,0.59209704,0.0638814399999999,0.9134549498558044,0.7549961805343628,0.8267009258270264,0.8762325048446655,0.7169517278671265,0.788629949092865
5,کدام شکل زمین نتیجه نیروی سازنده یک یخچال طبیعی است؟,"['دره\u200cهای حفر شده توسط یک یخچال طبیعی متحرک', 'توده\u200cهای سنگی جمع\u200cشده توسط یک یخچال طبیعی آب شده', 'خطوط ایجاد شده در سطح گرانیت توسط یک یخچال طبیعی', 'تپه\u200cهای سنگ بستر خراشیده شده توسط عبور یک یخچال طبیعی']",B,یخچال‌های طبیعی متحرک می‌توانند دره‌هایی با دیواره‌های شیب‌دار و کف تخت ایجاد کنند.,A,0.5269642472267151,A,0.0058414381928741,False,False,False,False,[0.52696425 0.15097779 0.15097779 0.17108025],[0.9823788  0.00584144 0.0096309  0.00214894],0.8002303242683411,0.15097779,0.00584144,-0.14513635,0.8162499666213989,0.5475736856460571,0.6554468870162964,0.8162500262260437,0.5475736856460571,0.6554469466209412
6,کدام جمله بهترین مقایسه را بین موجودات تک‌سلولی و چندسلولی ارائه می‌دهد؟,"['بافت\u200cها در یک موجود تک\u200cسلولی مانند سلول\u200cها در یک موجود چندسلولی هستند.', 'هسته در یک موجود تک\u200cسلولی مانند پوست یک موجود چندسلولی است.', 'اندامک\u200cها در یک موجود تک\u200cسلولی مانند اعضا در یک موجود چندسلولی هستند.', 'سیتوپلاسم در یک موجود تک\u200cسلولی مانند سیستم عصبی در یک موجود چندسلولی است.']",C,در موجودات تک‌سلولی، اندامک‌ها وظایف مختلف را انجام می‌دهند، همانند اعضای مختلف در موجودات چندسلولی.,A,0.786097526550293,C,0.9786397218704224,False,True,True,True,[0.7860975  0.023831   0.15539762 0.0346739 ],[2.0550441e-02 6.2056951e-04 9.7863972e-01 1.8926300e-04],0.8544518351554871,0.15539762,0.97863972,0.8232421,0.8587382435798645,0.701845109462738,0.7724050879478455,0.8587382435798645,0.701845109462738,0.7724050879478455
7,در چارچوب یک آزمایش، یک فضانورد یک ترازو به ماه می‌برد و خود را وزن می‌کند. ترازو ۳۱ پوند را نشان می‌دهد. اگر جرم فضانورد حدود ۸۴ کیلوگرم باشد، وزن و جرم تقریبی فضانورد هنگام ایستادن بر روی زمین کدامند؟,"['۳۱ پوند و ۱۴ کیلوگرم', '۳۱ پوند و ۸۴ کیلوگرم', '۱۸۶ پوند و ۱۴ کیلوگرم', '۱۸۶ پوند و ۸۴ کیلوگرم']",D,جرم فضانورد در هر شرایطی ۸۴ کیلوگرم است. وزن فضانورد در ماه ۳۱ پوند است که با توجه به شتاب گرانش ماه، وزن او در زمین حدود ۶ برابر این مقدار، یعنی ۱۸۶ پوند خواهد بود. بنابراین، وزن و جرم فضانورد در زمین به ترتیب [MASK] است.,D,0.5123115181922913,D,0.8159210085868835,True,True,True,True,[0.1663232  0.01063269 0.31073263 0.5123115 ],[0.06645367 0.00806175 0.10956358 0.815921  ],0.9301311373710632,0.5123115,0.815921,0.3036095,0.8783065676689148,0.7839189171791077,0.8284329175949097,0.8749255537986755,0.7804650068283081,0.8250002264976501
8,کدام یک از موارد زیر ویژگی‌ای است که سگ از والدین خود به ارث نمی‌برد؟,"['طول موهایش', 'شکل بینی\u200cاش', 'اندازه اشتهایش', 'رنگ موهایش']",C,اندازه اشتها تحت تأثیر عوامل محیطی و رفتاری است و ارثی نیست.,B,0.4021743535995483,C,0.955148696899414,False,True,True,True,[0.3132137  0.40217435 0.06934355 0.21526843],[0.03703513 0.00509109 0.9551487  0.00272506],0.6354847550392151,0.06934355,0.9551487,0.8858051499999999,0.7906973361968994,0.5374836325645447,0.6399532556533813,0.7906973361968994,0.5374836325645447,0.6399532556533813
9,پیمایشی که لاک‌پشت‌های دریایی در ابتدای زندگی خود معمولاً تیره رنگ هستند. گاهی اوقات، لاک‌پشتی بیرون می‌آید که تقریباً سفید رنگ است. هنگامی که این لاک‌پشت رنگ روشن از لانه به سمت اقیانوس خزیده می‌شود، ممکن است در معرض آفتاب سوختگی قرار گیرد. رنگ روشن این لاک‌پشت‌ها چه تأثیری خواهد داشت؟,"['الف) به لاک\u200cپشت\u200cها کمک می\u200cکند که شانس بیشتری برای زادآوری داشته باشند.', 'ب) باعث قوی\u200cتر شدن پوسته لاک\u200cپشت\u200cهای دریایی می\u200cشود.', 'ج) احتمال زنده ماندن لاک\u200cپشت\u200cها برای زادآوری را کاهش می\u200cدهد.', 'د) در توسعه یک گونه جدید از لاک\u200cپشت\u200cهای دریایی کمک می\u200cکند.']",C,رنگ روشن لاک‌پشت‌ها احتمال آفتاب سوختگی و آسیب‌های سلامتی را افزایش می‌دهد و در نتیجه احتمال زنده ماندن آن‌ها برای زادآوری را کاهش می‌دهد.,C,0.5924316048622131,C,0.9314451217651368,True,True,True,True,[0.27984488 0.09014531 0.5924316  0.03757815],[0.05954529 0.00520301 0.9314451  0.0038066 ],0.8646650910377502,0.5924316,0.9314451,0.3390135000000001,0.8148537874221802,0.659940242767334,0.7292609214782715,0.8148537874221802,0.659940242767334,0.7292609214782715
10,فتوسنتز یک فرایند است که شامل دی‌اکسید کربن، آب، گلوکز، اکسیژن و نور خورشید می‌باشد. کدام معادله شیمیایی صحیح برای فتوسنتز است؟,"['O_{2} + H_{2}O + انرژی -> C_{6}H_{12}O_{6} + CO_{2}', 'CO_{2} + H_{2}O -> C_{6}H_{6}O_{3} + O_{2} + انرژی', '6O_{2} + 6H_{2}O -> C_{6}H_{12}O_{6} + 6CO_{2} + انرژی', '6CO_{2} + 6H_{2}O + انرژی -> C_{6}H_{12}O_{6} + 6O_{2}']",D,در فتوسنتز، دی‌اکسید کربن و آب با انرژی نور خورشید به گلوکز و اکسیژن تبدیل می‌شوند. معادله صحیح شامل ۶ مولکول دی‌اکسید کربن، ۶ مولکول آب و تولید ۶ مولکول اکسیژن است.,D,0.8747984766960144,D,0.9697604179382324,True,True,True,True,[1.1792953e-01 6.1883742e-04 6.6531291e-03 8.7479848e-01],[2.5944388e-02 3.1654348e-04 3.9787004e-03 9.6976042e-01],0.877136766910553,0.87479848,0.96976042,0.0949619399999999,0.8191521167755127,0.6214978694915771,0.7067660689353943,0.8191521167755127,0.6214978694915771,0.7067660689353943
11,کدامیک از موارد زیر نمونه‌ای از یک تغییر فیزیکی است؟,"['روشن کردن یک کبریت', 'شکستن یک شیشه', 'سوختن بنزین', 'زنگ\u200cزدگی آهن']",B,شکستن شیشه به ذرات کوچکتر، تغییری در ماهیت ماده ایجاد نمی‌کند.,C,0.6676990389823914,B,0.986164689064026,False,True,True,True,[0.13147774 0.19129898 0.66769904 0.00952422],[0.01087005 0.9861647  0.00129824 0.00166698],0.671761691570282,0.19129898,0.9861647,0.79486572,0.6785250902175903,0.5368233919143677,0.5994134545326233,0.6831173896789551,0.5345680713653564,0.5997817516326904
12,کدام یک از مناطق زیر بیشتر احتمال دارد تا سنگ‌های دگرگونی مانند گنیس و شیست را تشکیل دهد؟,"['بستر دریا', 'بیابان بادزده', 'محل عمیق زیر زمین', 'محل تحت پوشش یخچال']",C,فشار و حرارت زیاد در عمق زمین شرایط مناسبی را برای تشکیل سنگ‌های دگرگونی مانند گنیس و شیست فراهم می‌کند.,C,0.7616659998893738,C,0.7279162406921387,True,True,True,False,[0.17061582 0.03806954 0.761666   0.02964858],[0.11162958 0.14333521 0.72791624 0.01711895],0.9017730951309204,0.761666,0.72791624,-0.0337497599999999,0.8149386048316956,0.6866978406906128,0.7453422546386719,0.8149386048316956,0.6866979002952576,0.7453423142433167
13,حشرات نر در یک جمعیت برای جلوگیری از تولید اسپرم درمان می‌شوند. آیا این کار می‌تواند جمعیت این حشرات را کاهش دهد؟,"['خیر، زیرا حشرات هنوز هم جفت\u200cگیری خواهند کرد.', 'خیر، زیرا این کار نرخ جهش فرزندان را تغییر نمی\u200cدهد.', 'بله، زیرا این کار به شدت نرخ زاد و ولد را کاهش می\u200cدهد.', 'بله، زیرا نرها خواهند مرد.']",C,با جلوگیری از تولید اسپرم در نرها، باروری تخم‌ها کاهش می‌یابد و در نتیجه نرخ زاد و ولد به شدت پایین می‌آید و جمعیت کاهش می‌یابد.,C,0.5505214929580688,C,0.7017905116081238,True,True,True,True,[0.43042463 0.0112926  0.5505215  0.00776128],[0.29254982 0.00392017 0.7017905  0.00173956],0.8611844182014465,0.5505215,0.7017905,0.151269,0.7839275598526001,0.6321066617965698,0.6998783349990845,0.7839276194572449,0.6321066617965698,0.6998783946037292
14,در زمین، آب می‌تواند به صورت جامد، مایع یا گاز باشد. کدام منبع انرژی بیشترین تأثیر را بر وضعیت ماده آب دارد؟,"['خورشید', 'باد', 'جریان\u200cهای اقیانوسی', 'هسته فلزی']",A,انرژی [MASK] با تبخیر و ذوب یخ، وضعیت ماده آب را از جامد به مایع و گاز تغییر می‌دهد و بیشترین تأثیر را دارد.,A,0.9873910546302797,A,0.9787389636039734,True,True,True,False,[0.98739105 0.00148738 0.00356805 0.00755356],[0.97873896 0.0031273  0.00963277 0.00850089],0.8557813763618469,0.98739105,0.97873896,-0.00865209,0.7683670520782471,0.657573401927948,0.7086659073829651,0.7581631541252136,0.6445528268814087,0.6967571973800659
15,یک کشتی مقدار زیادی نفت را در نزدیکی یک ناحیه ساحلی نشت می‌کند. کدام یک از بیانیه‌ها توصیف می‌کند که نفت چگونه احتمالاً بر زیستگاه ساحلی تأثیر خواهد گذاشت؟,"['نرخ تولید مثل ماهی\u200cها افزایش خواهد یافت.', 'پرندگان آبی قادر به استفاده از بال\u200cهای خود نخواهند بود.', 'گیاهان آبزی در معرض نور خورشید بیشتری قرار خواهند گرفت.', 'گیاهان ساحلی به مواد مغذی بیشتری دسترسی خواهند داشت.']",B,آلودگی نفتی باعث آسیب جدی به پرندگان می‌شود و مانع حرکت و دفاع آنها می‌گردد.,A,0.9468340873718262,B,0.972525954246521,False,True,True,True,[0.9468341  0.02523227 0.00270134 0.02523227],[2.5614997e-02 9.7252595e-01 5.8387290e-04 1.2752955e-03],0.8429872989654541,0.02523227,0.97252595,0.94729368,0.7125595211982727,0.5480334758758545,0.6195600032806396,0.7125595211982727,0.5480334758758545,0.6195600032806396
16,یک ویژگی شیمیایی معدنی وقتی مشهود است که معدنی,"['به راحتی هنگام ضربه با چکش می\u200cشکند', 'هنگام قرار دادن اسید بر روی آن حباب کند', 'به راحتی توسط ناخن خراشیده می\u200cشود', 'نور را از سطح خود بازتاب می\u200cدهد']",B,واکنش با اسید و تولید حباب گاز، ویژگی شیمیایی برخی مواد معدنی است که به شناسایی آنها کمک می‌کند.,A,0.5072625875473022,B,0.9811320900917052,False,True,True,True,[0.5072626  0.2386797  0.2386797  0.01537796],[1.7726049e-02 9.8113209e-01 6.0655200e-04 5.3528027e-04],0.825595498085022,0.2386797,0.98113209,0.74245239,0.7535610795021057,0.6566075086593628,0.7017513513565063,0.7535610795021057,0.6566075086593628,0.7017513513565063
17,یک غروب که در حال تاریک شدن است، الکس بر روی ایوان جلویی می‌نشیند و به آرامی ناپدید شدن خورشید پشت خانه همسایه آن طرف خیابان را تماشا می‌کند. کدام گزینه این مشاهدات را توضیح می‌دهد؟,"['نور خورشید توسط ابرها منعکس می\u200cشود.', 'نور خورشید توسط جو زمین شکست می\u200cیابد.', 'خورشید هر روز از غرب به شرق حرکت می\u200cکند.', 'خورشید به نظر می\u200cرسد که به دلیل چرخش زمین در حال حرکت است.']",D,نور خورشید هنگام عبور از جو زمین شکسته می‌شود، بنابراین الکس خورشید را در حال ناپدید شدن می‌بیند.,D,0.9096762537956238,B,0.0646340027451515,True,False,False,False,[0.06589673 0.01297583 0.01145113 0.90967625],[0.04442226 0.88876635 0.00217737 0.064634  ],0.8247119188308716,0.90967625,0.064634,-0.84504225,0.8277574181556702,0.6872947812080383,0.7510148286819458,0.8277573585510254,0.6872948408126831,0.7510148286819458
18,یک تبلیغ خمیردندان بیان می‌کند که یک برند از خمیردندان‌ها، غلظت بیشتری از فلوراید نسبت به هر خمیردندان دیگری که در دسترس است، دارد. این تبلیغ احتمالاً به این نکته اشاره دارد که خمیردندان تبلیغ‌شده,"['طعم خوشایندی دارد.', 'توسط دندانپزشکان توصیه می\u200cشود.', 'به بهداشت دهان و دندان کمک می\u200cکند.', 'گران\u200cترین برند فروخته\u200cشده است.']",C,تبلیغ با اشاره به غلظت بیشتر فلوراید، به مزایای آن برای جلوگیری از پوسیدگی دندان و بهبود بهداشت دهان و دندان اشاره دارد.,C,0.963753879070282,C,0.980492353439331,True,True,True,True,[0.02266532 0.01213187 0.9637539  0.00144895],[1.2536944e-02 6.7105424e-03 9.8049235e-01 2.6019599e-04],0.8558109402656555,0.9637539,0.98049235,0.0167384499999999,0.8402738571166992,0.7174944877624512,0.7740455865859985,0.8402738571166992,0.7174944877624512,0.7740455865859985
19,سلول‌ها چه چیزی را تجزیه می‌کنند تا انرژی تولید کنند؟,"['غذا', 'آب', 'کلروفیل', 'دی\u200cاکسید کربن']",A,سلول‌ها مواد [MASK]یی را برای تولید انرژی تجزیه می‌کنند.,A,0.994198203086853,A,0.9957711100578308,True,True,True,True,[0.9941982  0.00189504 0.0011494  0.00275727],[9.9577111e-01 1.9260485e-03 8.0289651e-04 1.5000080e-03],0.8645952939987183,0.9941982,0.99577111,0.0015729099999999,0.8889250755310059,0.7274199724197388,0.8001037836074829,0.8852267861366272,0.7134086489677429,0.7900843620300293
20,لورا ۵۰ میلی‌لیتر آب جوش را به ۱۰۰ میلی‌لیتر آب یخ اضافه می‌کند. اگر این ۱۵۰ میلی‌لیتر آب سپس در فریزر قرار گیرد، در چه دمايي آب یخ می‌زند؟,"['۰ درجه سانتی\u200cگراد', '۱۵ درجه سانتی\u200cگراد', '۳۷ درجه سانتی\u200cگراد', '۵۰ درجه سانتی\u200cگراد']",A,آب در [MASK] یخ می‌زند زیرا دمای نهایی مخلوط بالای ۰ درجه است.,A,0.9709250330924988,A,0.9805831909179688,True,True,True,True,[0.97092503 0.01382248 0.0044875  0.01076496],[0.9805832  0.01234372 0.00353654 0.00353654],0.8336915373802185,0.97092503,0.9805832,0.00965817,0.8205386996269226,0.7015358805656433,0.7563852071762085,0.7921379804611206,0.6609182357788086,0.7206031084060669
21,پیامی از مغز به عضله در بازو توسط کدام ساختارها منتقل می‌شود؟,"['عصب\u200cهای حسی', 'عصب\u200cهای بینابینی', 'عصب\u200cهای حرکتی', 'عصب\u200cهای مکانورسپتوری']",C,پیام‌ها از مغز به عضلات توسط رشته‌های عصبی حرکتی منتقل می‌شوند.,C,0.9269867539405824,C,0.9923450350761414,True,True,True,True,[0.040412   0.02777473 0.92698675 0.00482653],[6.6863680e-03 4.8435890e-04 9.9234504e-01 4.8435890e-04],0.918736696243286,0.92698675,0.99234504,0.06535829,0.837891697883606,0.6699190139770508,0.7445491552352905,0.837891697883606,0.6699190735816956,0.7445491552352905
22,ترکیب خاک بر توانایی خاک در حفظ و انتقال آب و هوا تأثیر می‌گذارد. کدام نوع خاک برای کاشت یک باغ مولد بهترین است؟,"['خاک\u200cهای شنی زیرا محتوای سیلیس بالایی دارند.', 'خاک\u200cهای لومی زیرا شامل شن و رس هستند.', 'خاک\u200cهای کمی سنگی زیرا معدنیات مورد نیاز را تأمین می\u200cکنند.', 'خاک\u200cهای رسی زیرا خاک\u200cهای سنگینی هستند و آب را حفظ می\u200cکنند.']",B,خاک‌های لومی با ترکیبی از شن، رس و مواد آلی، ساختار مناسبی برای رشد گیاهان دارند و آب را به خوبی حفظ و زهکشی می‌کنند.,A,0.3312472105026245,B,0.9704288244247437,False,True,True,True,[0.3312472  0.3312472  0.04518104 0.29232463],[0.02555976 0.9704288  0.00163398 0.00237743],0.9164679050445556,0.3312472,0.9704288,0.6391815999999999,0.834183394908905,0.7063459157943726,0.764960527420044,0.834183394908905,0.7063459157943726,0.764960527420044
23,زمین در یک روز چند بار حول محور خود می‌چرخد؟,"['یک بار', 'دو بار', '۲۴ بار', '۳۶۵ بار']",A,زمین در ۲۴ ساعت [MASK] حول محور خود می‌چرخد.,B,0.5344530344009399,A,0.982693076133728,False,True,True,True,[0.41623244 0.53445303 0.02619632 0.02311817],[0.9826931  0.01100236 0.00315223 0.00315223],0.7914485931396484,0.41623244,0.9826931,0.56646066,0.8779772520065308,0.5949830412864685,0.7092949151992798,0.8876200318336487,0.5852835178375244,0.7054221630096436
24,دو دانش‌آموز از آن‌ها خواسته می‌شود که نموداری را در مورد طیف الکترومغناطیسی تهیه کنند. از چپ به راست، نمودار یکی از دانش‌آموزان طیف را از پرتوهای گامای تا امواج رادیویی نشان می‌دهد، در حالی که نمودار دانش‌آموز دیگر عکس آن را نشان می‌دهد. اگر معلم بگوید که هر دو نمودار صحیح هستند، آنگاه,"['اهمیتی ندارد که دانش\u200cآموزان نمودارهای خود را چگونه برچسب\u200cگذاری کنند.', 'راه\u200cهای متعددی برای سازماندهی اطلاعات وجود دارد.', 'امواج دارای خواص یکسانی هستند.', 'دانش\u200cآموزان تشویق می\u200cشوند که کار خود را انجام دهند.']",B,از آنجایی که طیف الکترومغناطیسی را می‌توان از دو جهت سازماندهی کرد، [MASK],B,0.8339493274688721,B,0.9519121646881104,True,True,True,True,[1.6389394e-01 8.3394933e-01 9.3524628e-05 2.0631202e-03],[4.7578406e-02 9.5191216e-01 2.3090567e-04 2.7852540e-04],0.7119185328483582,0.83394933,0.95191216,0.1179628299999999,0.7241519689559937,0.5195813179016113,0.6050426363945007,0.7397900819778442,0.5264225006103516,0.6151291728019714
25,زغال‌سنگ سنگی جامد است که از مواد ارگانیک در یک دلتای آب‌گرفته تشکیل شده است. تشکیل زغال‌سنگ نشان می‌دهد که,"['زغال\u200cسنگ عمدتاً از بقایای اسکلتی حیوانات تشکیل شده است.', 'زغال\u200cسنگ از ماگما که در طول زمان جامد شده است تشکیل می\u200cشود.', 'بلافاصله وقتی آب حذف می\u200cشود، به حالت فسیل در می\u200cآید.', 'فرایندهای زمین\u200cشناسی سال\u200cها ادامه دارد.']",D,فرآیند تشکیل زغال‌سنگ نیاز به زمان طولانی دارد و نشان می‌دهد که فرآیندهای زمین‌شناسی سال‌ها ادامه داشته است.,A,0.959161937236786,D,0.9318119287490844,False,True,True,True,[0.95916194 0.01353552 0.00161659 0.02568591],[6.0035948e-02 7.6327142e-03 5.1941274e-04 9.3181193e-01],0.7027781009674072,0.02568591,0.93181193,0.90612602,0.6963920593261719,0.5359573364257812,0.6057315468788147,0.6903139352798462,0.5329949259757996,0.6015387773513794
26,ستاره‌ها معمولاً بر اساس درخشندگی ظاهری‌شان در آسمان شب طبقه‌بندی می‌شوند. ستاره‌ها همچنین می‌توانند به طرق دیگر نیز طبقه‌بندی شوند. کدام‌یک از این روش‌ها برای طبقه‌بندی ستاره‌ها کمترین کاربرد را دارد؟,"['رنگ قابل مشاهده', 'ترکیب', 'بافت سطحی', 'دما']",C,[MASK] ستاره‌ها به دلیل فاصله زیاد و تکنولوژی‌های فعلی، قابل اندازه‌گیری دقیق نیست.,A,0.4372477233409881,B,0.2038446366786956,False,False,False,False,[0.43724772 0.34186167 0.05940665 0.161484  ],[0.23098624 0.48899788 0.20384464 0.07617118],0.724250316619873,0.05940665,0.20384464,0.14443799,0.9414764642715454,0.6393195390701294,0.761520504951477,0.9315294623374939,0.6372014880180359,0.7567543387413025
27,مایکل آموخته است که حرکت زمین در منظومه شمسی باعث تغییراتی می‌شود که می‌توان آن‌ها را روی این سیاره مشاهده کرد. کدام تغییر در زمینی که زمانی برای چرخش یک بار بر روی محور خود نیاز دارد، قابل مشاهده است؟,"['تبدیل روز به شب', 'تغییر زمستان به بهار', 'تغییر ژانویه به فوریه', 'تبدیل ماه نو به ماه کامل']",A,"<answer>[MASK]</answer>
<concise_explanation>
زمین با یک بار چرخش حول محور خود، تغییر روز به شب را تجربه می‌کند.",A,0.801138162612915,A,0.9987565279006958,True,True,True,True,[0.80113816 0.12214074 0.0576952  0.01902586],[9.987565e-01 8.084556e-04 1.642477e-04 2.707987e-04],0.8404877781867981,0.80113816,0.9987565,0.19761834,0.5337692499160767,0.6582077741622925,0.5894929766654968,0.5334968566894531,0.658142626285553,0.5893007516860962
28,کدام یک از موارد زیر مشاهدهای است درباره ملخها که یک کلاس علوم می‌توانست در پیاده‌روی طبیعت خود انجام دهد؟,"['ملخها در یک ظرف پر از گیاهان بیشترین عمر را خواهند کرد.', 'ملخها سبز رنگ هستند و پاهای پشتی بلندی و شاخکهایی دارند.', 'ملخها احتمالاً علف بیشتری به نسبت برگ درختان خواهند خورد.', 'همه ملخها از تخمهایی که سال قبل گذاشته شده بودند، بیرون آمده\u200cاند.']",B,مشاهده ویژگی‌های فیزیکی مانند رنگ، شکل پاها و شاخک‌ها در طبیعت امکان‌پذیر است.,B,0.5573395490646362,B,0.9783557653427124,True,True,True,True,[0.23233369 0.55733955 0.1823608  0.02796593],[2.0068565e-02 9.7835577e-01 1.1321909e-03 4.4337235e-04],0.6426969170570374,0.55733955,0.97835577,0.4210162199999999,0.8922445774078369,0.6506583094596863,0.752537727355957,0.8922445774078369,0.6506583094596863,0.752537727355957
29,چه ویژگی ای از DNA باعث تمایز سلولی در جنین های در حال توسعه می شود؟,"['کدام ژن ها وجود دارند', 'چندین نسخه از هر ژن وجود دارد', 'کدام ژن ها فعال هستند', 'چه پروتئینی توسط یک ژن تولید می شود']",C,فعال بودن ژن‌ها در سلول‌های مختلف باعث تولید پروتئین‌های متفاوت و در نتیجه ایجاد سلول‌های تخصصی می‌شود.,C,0.8969911932945251,C,0.9971066117286682,True,True,True,True,[0.05723084 0.04457142 0.8969912  0.00120649],[2.1684191e-03 4.4054104e-04 9.9710661e-01 2.8443467e-04],0.8100506663322449,0.8969912,0.99710661,0.10011541,0.9041887521743774,0.6677926182746887,0.7682158946990967,0.9041887521743774,0.6677926182746887,0.7682158946990967
30,حرارت، نور و صدا همگی اشکال مختلف ___ هستند.,"['سوخت', 'انرژی', 'ماده', 'الکتریسیته']",B,[MASK] می‌تواند به شکل‌های مختلفی مانند حرارت، نور و صدا ظاهر شود.,B,0.9977158308029176,B,0.995762050151825,True,True,True,False,[1.5000050e-03 9.9771583e-01 4.1653638e-04 3.6759206e-04],[3.5633312e-03 9.9576205e-01 2.7477459e-04 3.9979466e-04],0.808318018913269,0.99771583,0.99576205,-0.00195378,0.9061857461929321,0.7167841792106628,0.800433337688446,0.8967905640602112,0.7321969866752625,0.8061785101890564
31,کدام یک از ویژگی‌های زیر توسط عناصر خانواده کربن به اشتراک گذاشته می‌شود؟,"['عدد اتمی ۶', 'جرم اتمی ۱۲', 'ساختار الکترونی یکسان', 'تعداد الکترون\u200cهای والانس']",D,همه عناصر خانواده کربن دارای [MASK] یکسان هستند که رفتار شیمیایی مشابهی را برای آنها به ارمغان می‌آورد.,C,0.6934155225753784,C,0.0155288036912679,False,False,False,False,[0.15532748 0.04450206 0.6934155  0.10675491],[0.01759644 0.00238142 0.9644933  0.0155288 ],0.7381747364997864,0.10675491,0.0155288,-0.09122611,0.8548382520675659,0.5870040655136108,0.696044921875,0.8427947759628296,0.5740852952003479,0.682959794998169
32,کدام یک از این فعالیت‌های انسانی به انقراض گونه‌ها کمک نمی‌کند؟,"['شکار', 'تخریب زیستگاه', 'اکولوژی بازسازی', 'گونه\u200cهای غیربومی معرفی شده']",C,احیای اکولوژیک به بازگرداندن زیستگاه‌ها و گونه‌های از بین رفته کمک می‌کند و تنوع زیستی را بهبود می‌بخشد.,B,0.3139594197273254,B,0.0089379912242293,False,False,False,False,[0.13190424 0.31395942 0.2770682  0.2770682 ],[0.03119665 0.8014356  0.00893799 0.15842968],0.6805903911590576,0.2770682,0.00893799,-0.26813021,0.852786660194397,0.6640617251396179,0.7466837167739868,0.8571657538414001,0.6689791679382324,0.7514699101448059
33,عدم تحمل لاکتوز وضعیتی در سیستم گوارش است که در آن شخص قادر به هضم لاکتوز، شکر موجود در شیر، نیست. فردی که به عدم تحمل لاکتوز مبتلا است، آنزیم لاکتاز کافی تولید نمی‌کند که برای شکستن لاکتوز لازم است. اگر تعداد بزرگسالان مبتلا به عدم تحمل لاکتوز بیشتر از کودکان باشد، این امر به چه معناست؟,"['تولید لاکتاز با گذشت زمان کاهش می\u200cیابد.', 'هضم غذا لاکتاز را تجزیه می\u200cکند.', 'عدم تحمل لاکتوز یک واکنش آلرژیک است.', 'عدم تحمل لاکتوز مسری است.']",A,تولید آنزیم لاکتاز با افزایش سن کاهش می‌یابد، زیرا در بیشتر افراد این آنزیم در دوران کودکی وجود دارد ولی با گذشت زمان کم می‌شود.,A,0.9842245578765868,A,0.9996724128723145,True,True,True,True,[0.98422456 0.00758839 0.00460259 0.0035845 ],[9.9967241e-01 2.5587142e-04 3.2530403e-05 3.9239152e-05],0.8592323064804077,0.98422456,0.99967241,0.0154478499999999,0.9087139368057251,0.7247648239135742,0.8063819408416748,0.9087139368057251,0.7247648239135742,0.8063819408416748
34,چهار ماده در ظرف‌های کوچک قرار می‌گیرند. این مواد سپس از ظرف‌های کوچک به ظرف‌های بزرگ‌تر منتقل می‌شوند. کدام ماده به‌طور کامل ظرف بزرگ‌تر را پر خواهد کرد؟,"['هوا', 'یخ', 'شن', 'آب']",A,موادی با حجم ثابت می‌توانند به طور کامل ظرف را پر کنند.,D,0.531457245349884,D,0.0574223101139068,False,False,False,False,[0.04943323 0.41389933 0.00521022 0.53145725],[0.05742231 0.23068608 0.00685812 0.70503354],0.786737859249115,0.04943323,0.05742231,0.0079890799999999,0.8133511543273926,0.573079526424408,0.6723955273628235,0.8223150968551636,0.5803720951080322,0.6804777979850769
35,کدام یک از اجسام آسمانی زیر بیشترین چگالی را دارد؟,"['یک سیاره', 'یک شهاب\u200cواره', 'یک سحابی', 'یک ستاره نوترونی']",D,ستاره‌های نوترونی به دلیل نیروی گرانش قوی و ترکیب نوترونی، چگالی بسیار بالایی دارند.,D,0.889293909072876,D,0.964677631855011,True,True,True,True,[0.04997493 0.05662902 0.00410219 0.8892939 ],[0.02913074 0.00506216 0.00112952 0.96467763],0.9202031493186952,0.8892939,0.96467763,0.0753837299999999,0.8662572503089905,0.735460638999939,0.7955185174942017,0.8662571907043457,0.735460638999939,0.7955185174942017
36,جنگل‌های بارانی گونه‌های درختی بیشتری نسبت به هر بیوم دیگری دارند. با این حال، دانشمندان متوجه شده‌اند که خاک سطح جنگل نسبتاً فقیر از مواد مغذی است. چه چیزی احتمالاً می‌تواند دلیل این مسئله باشد؟,"['عدم فرسایش دسترسی به مواد معدنی را کاهش می\u200cدهد.', 'مواد مغذی به\u200cوسیله\u200cی حیات گیاهی مصرف می\u200cشوند.', 'سطح جنگل به اندازه کافی نور خورشید دریافت نمی\u200cکند.', 'حیوانات مواد مغذی را می\u200cخورند.']",B,رشد سریع گیاهان و درختان موجب جذب و مصرف سریع مواد مغذی خاک می‌شود و بارندگی زیاد نیز موجب شستشو و خروج مواد مغذی می‌گردد.,B,0.9262003898620604,B,0.9815473556518556,True,True,True,True,[0.06683215 0.9262004  0.00491754 0.00204994],[1.7977668e-02 9.8154736e-01 3.0932284e-04 1.6556859e-04],0.8086411356925964,0.9262004,0.98154736,0.0553469599999999,0.8802589178085327,0.6949180364608765,0.776684582233429,0.8802589774131775,0.6949179768562317,0.776684582233429
37,کدام یک از این ویژگی‌ها در انسان‌ها ارثی نیست؟,"['قد', 'رنگ مو', 'رنگ پوست', 'هوش']",D,[MASK] تحت تأثیر ترکیبی از عوامل ژنتیکی و محیطی است و به طور کامل ارثی نیست.,A,0.5928718447685242,D,0.5586931109428406,False,True,True,True,[0.59287184 0.11765902 0.07136381 0.21810538],[0.3388645  0.06672638 0.03571605 0.5586931 ],0.8056676387786865,0.21810538,0.5586931,0.34058772,0.8754160404205322,0.6147162914276123,0.722261369228363,0.8652608394622803,0.591059148311615,0.7023460268974304
38,لکه‌های آب روی پیاده‌رو به سرعت در حال تبخیر هستند. علت عمده تبخیر این لکه‌ها چیست؟,"['حرارت', 'ابرها', 'هوا', 'آب']",A,[MASK] باعث افزایش انرژی مولکول‌های [MASK] شده و سرعت تبخیر را افزایش می‌دهد.,A,0.9826138615608216,A,0.962340235710144,True,True,True,False,[0.98261386 0.00976582 0.00169704 0.00592327],[0.96234024 0.0120198  0.0120198  0.01362022],0.7681500911712646,0.98261386,0.96234024,-0.0202736199999999,0.8578473925590515,0.607775092124939,0.7114769220352173,0.828738808631897,0.5838304162025452,0.6850537061691284
39,یک مهندس زمان لازم برای حرکت صدا از طریق نمونه‌های مختلف مواد را اندازه‌گیری کرد. تمام نمونه‌ها از نظر شکل و اندازه یکسان بودند. اندازه‌گیری‌ها با استفاده از امواج اولتراسونیک با فرکانس ۵ مگاهرتز انجام شد. مهندس احتمالاً سعی در پاسخ به کدام سؤال داشت؟,"['در کدام ماده صدا سریع\u200cتر حرکت می\u200cکند؟', 'در کدام ماده صدا دورتر می\u200cرود؟', 'آیا فرکانس بر مسافت حرکت صدا تأثیر می\u200cگذارد؟', 'آیا شکل محیط بر سرعت صدا تأثیر می\u200cگذارد؟']",A,با اندازه‌گیری زمان حرکت صدا در مواد مختلف و ثابت بودن فرکانس و شکل نمونه‌ها، مهندس در حال بررسی سرعت حرکت صدا است تا ببیند در کدام ماده صدا سریع‌تر حرکت می‌کند.,A,0.8877829909324646,A,0.9947432279586792,True,True,True,True,[0.887783   0.01266354 0.00598183 0.09357163],[0.9947432  0.00133667 0.00171632 0.00220379],0.8953902125358582,0.887783,0.9947432,0.1069602,0.8645224571228027,0.7161961793899536,0.7834002375602722,0.8645224571228027,0.7161961793899536,0.7834002375602722
40,کدامیک از موارد زیر شامل واحدهای متریک اندازه‌گیری نیست؟,"['گ، کیلوگرم، سانتی\u200cگرم', 'دسی\u200cلیتر، لیتر، میلی\u200cلیتر', 'پا، یارد، مایل', 'نیوتن، ژول، وات']",C,پا، یارد و مایل واحدهای اندازه‌گیری سیستم انگلیسی هستند.,A,0.3726813197135925,B,0.0277297683060169,False,False,False,False,[0.37268132 0.19792955 0.05670777 0.37268132],[0.22857891 0.6213419  0.02772977 0.12234947],0.7420404553413391,0.05670777,0.02772977,-0.0289779999999999,0.8966686725616455,0.6833324432373047,0.7755979299545288,0.8965946435928345,0.6882555484771729,0.7787312865257263
41,چرخه زندگی شب پره چگونه با حشرات دیگر که دگرگونی ناقص را طی می‌کنند، متفاوت است؟,"['یک پیله ایجاد می\u200cکند.', 'به یک بزرگسال تبدیل می\u200cشود.', 'تخم می\u200cگذارد.', 'برگ\u200cها می\u200cخورد.']",A,چرخه زندگی شب پره شامل مراحل کامل تخم، لارو، پیله و بالغ است، برخلاف حشرات با دگرگونی ناقص که فاقد مرحله پیله هستند.,B,0.4627525508403778,B,0.3737729787826538,False,False,False,False,[0.28067362 0.46275255 0.21858883 0.03798504],[0.37377298 0.5438365  0.07360026 0.0087903 ],0.8904767036437988,0.28067362,0.37377298,0.0930993599999999,0.7805843949317932,0.6422598958015442,0.7046984434127808,0.7805843949317932,0.6422598958015442,0.7046984434127808
42,مکیدگی زیستی آلودگی‌ها در کجا بیشترین احتمال وجود را دارد؟,"['در یک دلتای رودخانه', 'در یک اقیانوس آزاد', 'در یک ناحیه جزر و مدی', 'در یک چشمه حرارتی زیرآبی']",A,نواحی جزر و مدی به دلیل تنوع زیستی بالا و شرایط پویا، احتمال مکیدگی زیستی آلودگی‌ها در آن‌ها بیشتر است.,A,0.4464027285575866,C,0.0140508171170949,True,False,False,False,[0.44640273 0.14606242 0.39394903 0.01358592],[1.4050817e-02 7.4466603e-04 9.8503834e-01 1.6615745e-04],0.9038236141204834,0.44640273,0.014050817,-0.432351913,0.8633942008018494,0.6721653342247009,0.7558725476264954,0.8633942008018494,0.6721653342247009,0.7558725476264954
43,نیروی جاذبه‌ای که توسط یک جسم وارد می‌شود به چه چیزی بستگی دارد؟,"['حجم.', 'وزن.', 'جرم.', 'اندازه.']",C,نیروی جاذبه به میزان جرم جسم بستگی دارد و با افزایش جرم، نیروی جاذبه نیز بیشتر می‌شود.,B,0.4925070703029632,C,0.6868452429771423,False,True,True,True,[0.00702524 0.49250707 0.49250707 0.00796064],[0.01425502 0.2863197  0.68684524 0.01258001],0.858210563659668,0.49250707,0.68684524,0.19433817,0.7770569324493408,0.6484421491622925,0.7069474458694458,0.7770570516586304,0.6484422087669373,0.7069475054740906
44,درختان احتمالاً چگونه محیطی را که در آن قرار دارند تغییر می‌دهند؟,"['آزاد کردن نیتروژن در خاک.', 'رقابت با گونه\u200cهای غیر بومی.', 'افزودن دی\u200cاکسید کربن به جو.', 'برداشت آب از خاک و بازگرداندن آن به جو.']",D,درختان از طریق تعرق، آب را از خاک جذب و به جو بازمی‌گردانند و چرخه آب زمین را تحت تأثیر قرار می‌دهند.,A,0.6605489253997803,C,0.0561084672808647,False,False,False,False,[0.6605489  0.04222748 0.05422116 0.24300237],[0.05610847 0.00321527 0.88456786 0.05610847],0.8351595401763916,0.24300237,0.05610847,-0.1868939,0.820959210395813,0.6247823238372803,0.7095608711242676,0.8237477540969849,0.6317530274391174,0.715087354183197
45,مدت زمان لازم برای چرخش زمین حول محور خود به میزان هفت بار چقدر است؟,"['یک روز', 'یک هفته', 'یک ماه', 'یک سال']",B,زمین در ۲۴ ساعت یک بار می‌چرخد، پس برای هفت بار چرخش، به ۱۶۸ ساعت نیاز دارد که برابر با [MASK] است.,A,0.645486056804657,A,0.0929312035441398,False,False,False,False,[0.64548606 0.04158818 0.00562835 0.3072974 ],[0.87484527 0.0929312  0.00205312 0.03017035],0.8662987947463989,0.04158818,0.0929312,0.05134302,0.8569734692573547,0.7301220893859863,0.788478434085846,0.8539241552352905,0.7198585271835327,0.7811810374259949
46,کدام سیاره دارای طولانی‌ترین سال سیاره‌ای است؟,"['زمین', 'زهره', 'مشتری', 'نپتون']",D,[MASK] با فاصله زیاد از خورشید، دوره گردش بسیار طولانی‌تری نسبت به سایر سیارات دارد.,A,0.3831878304481506,D,0.6046294569969177,False,True,True,True,[0.38318783 0.09764493 0.1810051  0.33816206],[0.1516846  0.1516846  0.09200136 0.60462946],0.7945443391799927,0.33816206,0.60462946,0.2664673999999999,0.8959847688674927,0.583203911781311,0.7065249085426331,0.8782538175582886,0.5794960260391235,0.698260486125946
47,کدام یک از منابع غیرقابل تجدید است؟,"['الف) نفت', 'ب) درختان', 'ج) انرژی خورشیدی', 'د) محصولات غذایی']",A,منابع غیرقابل تجدید، منابعی هستند که پس از استفاده مجدداً قابل تولید نیستند، مانند یک منبع فسیلی خاص.,A,0.6418253779411316,A,0.6858658194541931,True,True,True,True,[0.6418254  0.0280899  0.30199486 0.0280899 ],[0.6858658  0.25035238 0.03388151 0.02990033],0.8556209206581116,0.6418254,0.6858658,0.0440403999999999,0.8489242196083069,0.6873536705970764,0.7596427202224731,0.8489241600036621,0.6873537302017212,0.7596427202224731
48,اگر ماه نو در ۲ ژوئن رخ دهد، ماه نو بعدی چه زمانی رخ خواهد داد؟,"['۳۰ ژوئن', '۲۸ ژوئن', '۲۳ ژوئن', '۱۵ ژوئن']",A,ماه نو هر ۲۹.۵ روز یک بار رخ می‌دهد؛ بنابراین ماه نو بعدی در حدود ۲۹.۵ روز بعد از ۲ ژوئن رخ می‌دهد.,C,0.6213812232017517,A,0.9658858180046082,False,True,True,True,[0.2935197  0.02730159 0.6213812  0.05779746],[0.9658858  0.0108565  0.00746156 0.01579612],0.9330355525016784,0.2935197,0.9658858,0.6723661000000001,0.8839936256408691,0.7916022539138794,0.835250735282898,0.8899058103561401,0.7959747314453125,0.8403235673904419
49,در موجودات زنده، مواد کوچکتر به هم متصل می‌شوند تا مواد بزرگتر را تشکیل دهند. کدام یک از موارد زیر به طور صحیح یک ماده بزرگتر را که با پیوند مواد کوچکتر تشکیل شده است، توصیف می‌کند؟,"['نوکلئوتیدها به هم متصل می\u200cشوند تا دی\u200cان\u200cای را تشکیل دهند.', 'اسیدهای آمینه به هم متصل می\u200cشوند تا دی\u200cان\u200cای را تشکیل دهند.', 'پروتئین\u200cها به هم متصل می\u200cشوند تا نوکلئوتیدها را تشکیل دهند.', 'اسیدهای نوکلئیک به هم متصل می\u200cشوند تا پروتئین\u200cها را تشکیل دهند.']",A,نوکلئوتیدها با اتصال به هم، دی‌ان‌ای را تشکیل می‌دهند.,C,0.904455542564392,A,0.9349247813224792,False,True,True,True,[0.07380848 0.01476263 0.90445554 0.00697337],[0.9349248  0.00265178 0.05941856 0.00300486],0.7588648200035095,0.07380848,0.9349248,0.86111632,0.755567193031311,0.6066657900810242,0.6729785203933716,0.7599629163742065,0.6228801012039185,0.6846269369125366
50,دانشمندانی که با نتایج یک آزمایش مخالف هستند باید,"['آزمایش را تغییر دهند.', 'نظرات خود را نزد خود نگه دارند.', 'ببینند سایر دانشمندان در مورد نتایج چه فکر می\u200cکنند.', 'آزمایش را چندین بار تکرار کنند و نتایج را مقایسه کنند.']",D,در صورت اختلاف با نتایج آزمایش، تکرار چندین باره آزمایش و مقایسه نتایج، به تایید یا رد نتایج اولیه و رفع خطاهای تجربی کمک می‌کند.,B,0.3802738785743713,D,0.9738125205039978,False,True,True,True,[0.23064777 0.38027388 0.38027388 0.00880453],[0.02263506 0.00210539 0.00144701 0.9738125 ],0.7374374866485596,0.00880453,0.9738125,0.96500797,0.7586198449134827,0.6450895071029663,0.6972635388374329,0.7593158483505249,0.6490433812141418,0.699862539768219
51,مالیدن کاغذ سنباده به یک تکه چوب چه دو نوع انرژی تولید می‌کند؟,"['حرارت و نور', 'صدا و حرارت', 'نور و برق', 'برق و صدا']",B,این عمل باعث تولید حرارت و صدا می‌شود.,A,0.3254550695419311,B,0.916543424129486,False,True,True,True,[0.32545507 0.2236818  0.19739848 0.25346467],[0.01475679 0.9165434  0.00256435 0.06613533],0.5628125071525574,0.2236818,0.9165434,0.6928616000000001,0.7110168933868408,0.49027279019355774,0.5803633332252502,0.7110168933868408,0.49027279019355774,0.5803633332252502
52,یک دانش‌آموز به‌طور تصادفی یک لوله آزمایش را می‌اندازد که هنگام برخورد با زمین می‌شکند. بهترین روش برای جمع‌آوری شیشه‌های شکسته چیست؟,"['قطعات را با یک حوله کاغذی بردارید', 'از کیت نشت مواد شیمیایی استفاده کنید', 'از خاک\u200cانداز و جارو استفاده کنید', 'قطعات را با دست بردارید']",C,استفاده از خاک‌انداز و جارو از پراکنده شدن شیشه‌ها جلوگیری می‌کند و خطر آسیب دیدن را کاهش می‌دهد.,A,0.8815885782241821,C,0.9760506749153136,False,True,True,True,[0.8815886  0.0440635  0.0440635  0.03028437],[2.0099644e-02 3.4927940e-03 9.7605067e-01 3.5681139e-04],0.6822295784950256,0.0440635,0.97605067,0.93198717,0.90073561668396,0.6689753532409668,0.7677463293075562,0.90073561668396,0.6689753532409668,0.7677463293075562
53,یک دانشمند چندین گیاه مختلف را در یک ظرف مهر و موم شده قرار داد. او هر ساعت وضعیت اکسیژن در ظرف را بررسی کرد تا ببیند آیا تغییری کرده است. اکسیژن در ظرف چگونه احتمالاً تغییر کرده است؟,"['مقدار اکسیژن افزایش یافته است.', 'مقدار اکسیژن کاهش یافته است.', 'اکسیژن به آب تبدیل شده است.', 'اکسیژن به دی\u200cاکسید کربن تبدیل شده است.']",A,گیاهان در طول روز و شب تنفس می‌کنند و اکسیژن مصرف می‌کنند. در یک ظرف مهر و موم شده، اکسیژن محدود است و با تنفس گیاهان، کاهش می‌یابد.,B,0.8240015506744385,B,0.0051960842683911,False,False,False,False,[0.12587208 0.82400155 0.04086468 0.00926173],[5.1960843e-03 9.9407393e-01 3.5359798e-04 3.7640310e-04],0.8935375213623047,0.12587208,0.0051960843,-0.1206759957,0.9153324365615845,0.7578028440475464,0.8291517496109009,0.9153324365615845,0.7578028440475464,0.8291517496109009
54,بر اساس موقعیت‌هایشان در جدول تناوبی، کدام عنصر خواص شیمیایی مشابه‌تری با کلسیم (Ca) دارد؟,"['بریلیوم، Be', 'پتاسیم، K', 'تیوان، Ti', 'یتیریوم، Y']",A,فلزات قلیایی خاکی گروه 2 جدول تناوبی، خواص مشابهی دارند.,A,0.907688558101654,A,0.5902999639511108,True,True,True,False,[0.90768856 0.05768758 0.00374592 0.03087794],[0.59029996 0.40570685 0.00084684 0.00314639],0.6274480819702148,0.90768856,0.59029996,-0.3173886,0.7516754865646362,0.528063178062439,0.6203331351280212,0.7516754865646362,0.528063178062439,0.6203331351280212
55,کدام نتیجه بهتر توسط حلقه رشد درخت که بسیار باریک‌تر از سایر حلقه‌های رشد است، حمایت می‌شود؟,"['محصولات در آن سال به خوبی رشد کردند.', 'یک سال به طور غیرمعمولی خشک بود.', 'درخت در زمان بسیار گذشته\u200cای کاشته شده است.', 'این منطقه قبلاً درختان بیشتری داشته است.']",B,یک حلقه باریک رشد درخت نشان‌دهنده شرایط نامساعد آب و هوایی مانند خشکی است که منجر به رشد کمتر درخت می‌شود.,A,0.6207834482192993,B,0.949552595615387,False,True,True,True,[0.62078345 0.29323733 0.03502221 0.05095701],[0.03223905 0.9495526  0.01186008 0.00634825],0.8157946467399597,0.29323733,0.9495526,0.6563152699999999,0.7903071045875549,0.6509268879890442,0.7138773202896118,0.7903071641921997,0.6509268879890442,0.7138773202896118
56,کدام گزاره یک مشاهده است؟,"['گیاه دارای گل است.', 'گیاه بسیار زیبا است.', 'گیاه توت خواهد رویید.', 'گیاه ممکن است سمی باشد.']",A,یک مشاهده گزاره‌ای است که از طریق حواس قابل تأیید باشد.,A,0.5532095432281494,A,0.7097588777542114,True,True,True,True,[0.55320954 0.03120995 0.380215   0.0353655 ],[0.7097589  0.01473058 0.17945515 0.09605542],0.8232847452163696,0.55320954,0.7097589,0.1565493599999999,0.9130690693855286,0.6455216407775879,0.7563318014144897,0.9130691289901733,0.6455216407775879,0.7563318014144897
57,یک دانشمند در تلاش برای مدلسازی علت سال‌های سیاره‌ای از چه چیزی استفاده می‌کند؟,"['جرم سیاره', 'رنگ سیاره', 'دما درون هسته یک سیاره', 'فاصله یک سیاره از خورشید']",D,فاصله سیاره از خورشید بر مدت زمان گردش آن تأثیر مستقیم دارد، بنابراین دانشمند برای مدلسازی علت سال‌های سیاره‌ای از این عامل استفاده می‌کند.,A,0.6405825614929199,D,0.9512826204299928,False,True,True,True,[0.64058256 0.01518322 0.16070423 0.18352999],[4.7546942e-02 1.1181969e-03 5.2298761e-05 9.5128262e-01],0.8600954413414001,0.18352999,0.95128262,0.7677526299999999,0.8035920858383179,0.6522036194801331,0.7200263738632202,0.8036102652549744,0.6536735892295837,0.7209286689758301
58,کدامیک از این موارد به احتمال زیاد کیفیت هوا را در شهرهای بزرگ تگزاس بهبود می‌بخشد؟,"['محدود کردن تعداد خودروها در جاده\u200cها', 'استفاده از بخاری\u200cهای چوبی برای گرمایش خانه', 'الزام خودروهای بزرگ به استفاده از سوخت دیزل', 'نگهداری فیلترها در ساختمان\u200cهای بزرگ']",A,کاهش خودروها در جاده‌ها منجر به کاهش مستقیم آلودگی هوا می‌شود زیرا منبع اصلی آلاینده‌ها هستند و انتشار گازهای مضر را کاهش می‌دهد.,A,0.9872543215751648,A,0.9994099140167236,True,True,True,True,[9.8725432e-01 8.5581224e-03 6.1994826e-04 3.5675562e-03],[9.9940991e-01 3.7805416e-04 5.4463868e-05 1.5759643e-04],0.8770996332168579,0.98725432,0.99940991,0.0121555899999999,0.8410665988922119,0.6773887872695923,0.7504060864448547,0.8410665988922119,0.6773887872695923,0.7504060864448547
59,کدام اصطلاح بهترین توصیف کننده چرخه زندگی حشره‌ای است که به مرحله بالغ می‌رسد بدون اینکه در مرحله پیوپای باشد؟,"['دگردیسی ناقص', 'دگردیسی کامل', 'تناوب نسل\u200cها', 'جهش خود به خودی']",A,چرخه زندگی حشراتی که بدون مرحله شفیره به بالغ می‌رسند، [MASK] نام دارد که شامل مراحل تخم، نوزاد و بالغ است.,A,0.5212407112121582,A,0.551642894744873,True,True,True,True,[0.5212407  0.4599933  0.00308733 0.01567874],[0.5516429  0.4313014  0.00547187 0.01158394],0.8885557055473328,0.5212407,0.5516429,0.0304022,0.7962887287139893,0.6315470933914185,0.7044140696525574,0.7943804264068604,0.6280925273895264,0.70151686668396
60,در کدام گروه طبقه‌بندی، جاندارانی یافت می‌شوند که ویژگی ذخیره ماده‌ ژنتیکی را در یک حلقه‌ واحد از DNA به اشتراک می‌گذارند؟,"['الف) باکتری\u200cها', 'ب) قارچ\u200cها', 'ج) گیاهان', 'د) جانوران']",A,جاندارانی با ماده ژنتیکی در یک حلقه واحد DNA، ویژگی باکتری‌ها است.,A,0.618709921836853,A,0.998315453529358,True,True,True,True,[0.6187099  0.2008657  0.02398999 0.15643437],[9.9831545e-01 1.1826858e-03 2.1204390e-04 2.8982965e-04],0.8727728128433228,0.6187099,0.99831545,0.3796055499999999,0.7700807452201843,0.6419322490692139,0.7001913785934448,0.7700806856155396,0.6419322490692139,0.7001913189888
61,فرانکلین می‌خواهد بداند که چقدر سریع مسافت‌های مختلف را می‌دود. او از یک کرنومتر برای اندازه‌گیری زمان لازم برای اتمام یک مسابقه ۵۰ متری، ۱۰۰ متری و ۲۰۰ متری استفاده می‌کند. چگونه می‌تواند سرعت خود را برای هر مسابقه محاسبه کند؟,"['مسافت\u200cها و زمان\u200cها را جمع کند.', 'مسافت\u200cها را بر زمان\u200cها تقسیم کند.', 'مسافت\u200cها را در زمان\u200cها ضرب کند.', 'مسافت\u200cها را از زمان\u200cها کم کند.']",B,با تقسیم مسافت طی شده بر زمان می‌توان سرعت را محاسبه کرد.,B,0.9879938364028932,B,0.9850018620491028,True,True,True,False,[1.1115847e-02 9.8799384e-01 1.7967094e-04 7.1061234e-04],[0.01239934 0.98500186 0.00148089 0.00111783],0.7818475365638733,0.98799384,0.98500186,-0.00299198,0.7238715887069702,0.5579306483268738,0.630159854888916,0.7238715291023254,0.5579306483268738,0.6301597952842712
62,برخی از حیوانات بسیار نادر هستند. به عنوان مثال، تعداد بسیار کمی از ببرهای سیبری وجود دارد. اگر تنها ببرهای سیبری باقی‌مانده مؤنث باشند، چه اتفاقی احتمالاً خواهد افتاد؟,"['الف) مؤنث\u200cها یک نوع حیوان نر دیگر را برای جفت\u200cگیری پیدا خواهند کرد و ببرهای سیبری بیشتری تولید خواهند کرد.', 'ب) مؤنث\u200cها با یکدیگر جفت\u200cگیری خواهند کرد و ببرهای سیبری بیشتری تولید خواهند کرد.', 'ج) مؤنث\u200cها تنها قادر به تولید ببرهای سیبری مؤنث خواهند بود.', 'د) مؤنث\u200cها قادر به تولید ببرهای سیبری بیشتری نخواهند بود و منقرض خواهند شد.']",D,بدون ببرهای نر، ببرهای سیبری مؤنث نمی‌توانند تولید مثل کنند و در نتیجه منقرض خواهند شد.,C,0.7512277960777283,D,0.6263379454612732,False,True,True,True,[0.11565541 0.01746136 0.7512278  0.11565541],[0.10884122 0.00372434 0.2610965  0.62633795],0.8469507098197937,0.11565541,0.62633795,0.51068254,0.8128886222839355,0.6795108318328857,0.7402396202087402,0.8128886222839355,0.6795108318328857,0.7402396202087402
63,کدام یک از موارد زیر نمونه‌ای از آب مایع است؟,"['زمستان', 'یخ', 'باران', 'بخار']",C,[MASK] نمونه‌ای از آب مایع است زیرا به صورت قطرات ریز آب در جو زمین وجود دارد.,C,0.9177006483078004,C,0.9594401717185974,True,True,True,True,[0.07518248 0.00553197 0.91770065 0.00158493],[0.03283024 0.00503468 0.9594402  0.00269487],0.8921891450881958,0.91770065,0.9594402,0.0417395499999999,0.9593817591667175,0.7565975189208984,0.8460076451301575,0.9524267315864563,0.7575801610946655,0.8439025282859802
64,باران اسیدی pH زیر ۵.۶ دارد. این باران می‌تواند به خاک، دریاچه‌ها، محصولات کشاورزی و ساختمان‌ها آسیب برساند. باران اسیدی به‌جز موارد زیر ناشی از چیست؟,"['انتشارات صنعتی از کارخانه\u200cها.', 'زغالی که برای تولید گرما و انرژی سوزانده می\u200cشود.', 'گازهای خروجی خودروها.', 'مراکز تولید برق هسته\u200cای که تابش تولید می\u200cکنند.']",D,باران اسیدی ناشی از انتشار گازهای آلاینده مانند دی‌اکسید گوگرد و دی‌اکسید نیتروژن است که از منابع مختلفی مانند صنعت، سوزاندن زغال سنگ و گازهای خروجی خودروها تولید می‌شوند.,A,0.6134499311447144,B,0.0117543451488018,False,False,False,False,[0.61344993 0.3283561  0.03952412 0.01866987],[0.20835076 0.7272156  0.05267932 0.01175435],0.8371618390083313,0.01866987,0.01175435,-0.00691552,0.8599086403846741,0.6963602900505066,0.7695407867431641,0.8599085807800293,0.6963602900505066,0.7695407867431641
65,در بیشتر ایام سال، هوای بوستون، ماساچوست، حاوی مقدار زیادی رطوبت است. کدامیک از موارد زیر بهترین توضیح را برای وجود مقدار زیاد رطوبت در هوا ارائه می‌دهد؟,"['A) بوستون نزدیک به یک اقیانوس است.', 'B) بوستون در ارتفاع پایینی قرار دارد.', 'C) بوستون در نزدیکی کوه\u200cهای زیادی قرار دارد.', 'D) بوستون در شمال استوا واقع شده است.']",A,نزدیکی به اقیانوس، منبع اصلی رطوبت، دلیل اصلی وجود رطوبت زیاد در هوای بوستون است.,A,0.6586921811103821,A,0.9938215017318726,True,True,True,True,[0.6586922  0.31053704 0.00827553 0.02249523],[9.9382150e-01 4.0615215e-03 6.2285451e-04 1.4941501e-03],0.9243991374969482,0.6586922,0.9938215,0.3351293000000001,0.8027346134185791,0.656659722328186,0.7223866581916809,0.8027345538139343,0.656659722328186,0.7223866581916809
66,یک ستاره‌شناس در حال بررسی دو ستاره است که هر دو در فاصله یکسانی از زمین قرار دارند. ستاره X روشن‌تر از ستاره Y به نظر می‌رسد. کدام جمله بهترین توضیح را برای این مشاهده ارائه می‌دهد؟,"['ستاره X بزرگتر از ستاره Y است.', 'ستاره Y بزرگتر از ستاره X است.', 'ستاره X نور خورشید را بهتر از ستاره Y بازتاب می\u200cکند.', 'ستاره Y نور خورشید را بهتر از ستاره X بازتاب می\u200cکند.']",A,زیرا ستاره بزرگتر انرژی بیشتری منتشر می‌کند و روشن‌تر به نظر می‌رسد.,A,0.4371399879455566,A,0.8091474771499634,True,True,True,True,[0.43714    0.01519366 0.43714    0.1105263 ],[0.8091475  0.0033068  0.18054521 0.0070005 ],0.7214053273200989,0.43714,0.8091475,0.3720075,0.6794967651367188,0.47800034284591675,0.5612103343009949,0.6773098111152649,0.47563549876213074,0.5588341355323792
67,چه سازگاری در اکوسیستم‌های جزر و مدی ضروری است ولی در اکوسیستم‌های مرجانی مورد نیاز نیست؟,"['توانایی زندگی در آب\u200cنمک', 'توانایی استفاده از اکسیژن در تنفس', 'توانایی سازگاری با دوره\u200cهای خشک روزانه', 'توانایی ترکیب با محیط اطراف']",C,در اکوسیستم‌های جزر و مدی، سازگاری با دوره‌های خشک روزانه ضروری است زیرا سطح آب دریا روزانه تغییر می‌کند و قسمت‌هایی از زیستگاه در معرض هوا قرار می‌گیرد.,C,0.4118437170982361,C,0.989666223526001,True,True,True,True,[0.32074422 0.13370608 0.41184372 0.13370608],[9.7023463e-03 4.5378477e-04 9.8966622e-01 1.7770469e-04],0.9080841541290284,0.41184372,0.98966622,0.5778225,0.8935447931289673,0.7425832748413086,0.8110995888710022,0.8935447931289673,0.7425832748413086,0.8110995888710022
68,چرا مناطق وسط یک قاره بزرگ به طور کلی تفاوت‌های دمایی بیشتری نسبت به مناطق نزدیک به سواحل دارند؟,"['به طور کلی در نزدیکی اقیانوس\u200cها ابرهای بیشتری وجود دارد.', 'مناطق محصور در خشکی معمولاً در ارتفاع کمتری نسبت به مناطق ساحلی قرار دارند.', 'خطوط ساحلی معمولاً توسط کوه\u200cها احاطه شده\u200cاند که توده\u200cهای هوایی را مسدود می\u200cکنند.', 'اقیانوس\u200cها به آرامی دما را تغییر می\u200cدهند و دمای زمین\u200cهای نزدیک را تنظیم می\u200cکنند.']",D,اقیانوس‌ها با جذب و آزادسازی تدریجی گرما، دمای مناطق اطراف را تعدیل می‌کنند و موجب کاهش تغییرات دمایی در این نواحی می‌شوند.,B,0.915643870830536,D,0.9357731938362122,False,True,True,True,[0.03999555 0.9156439  0.03529595 0.00906475],[0.04127592 0.01494915 0.0080017  0.9357732 ],0.8484668731689453,0.00906475,0.9357732,0.92670845,0.7694763541221619,0.6620872020721436,0.7117538452148438,0.7694763541221619,0.6620872020721436,0.7117538452148438
69,دو عنصر در یک گروه در جدول تناوبی عناصر از نظر  شباهت بیشتری در,"['جرم اتمی.', 'تعداد پروتون\u200cها.', 'اندازه اتمی.', 'واکنش\u200cپذیری شیمیایی.']",D,الکترون‌های لایه ظرفیت یکسان، موجب شباهت در واکنش‌پذیری شیمیایی می‌شود.,B,0.5459582209587097,D,0.8422451019287109,False,True,True,True,[0.15703186 0.5459582  0.00363578 0.29337412],[0.07880138 0.06137057 0.01758296 0.8422451 ],0.8104991316795349,0.29337412,0.8422451,0.54887098,0.7638541460037231,0.5892542600631714,0.6652893424034119,0.7638540863990784,0.5892542600631714,0.6652892827987671
70,در چرخه کربن، کربن از یک منبع به منبع دیگر منتقل می‌شود در حالی که فرآیندهای مختلف آلی و غیرآلی در زمین رخ می‌دهد. تنها درصد کمی از کربن جهانی هر سال در این چرخه منتقل می‌شود. کربن باقی‌مانده در این منابع ذخیره می‌شود. کدام منبع حاوی بیشترین مقدار کربن ذخیره‌شده است؟,"['الف) توده زیستی گیاهان', 'ب) جو زمین', 'ج) سوخت\u200cهای فسیلی', 'د) اقیانوس عمیق']",D,اقیانوس‌ها بزرگترین مخزن کربن هستند که بخش عمده‌ای از کربن ذخیره‌شده در زمین را به شکل کربنات کلسیم و بی‌کربنات‌ها در اعماق خود ذخیره کرده‌اند.,C,0.9191721081733704,D,0.9481304883956908,False,True,True,True,[0.06658461 0.00419062 0.9191721  0.01005277],[0.04198467 0.00344631 0.00643856 0.9481305 ],0.8982640504837036,0.01005277,0.9481305,0.93807773,0.8698691129684448,0.7342536449432373,0.7963287830352783,0.8698691129684448,0.7342536449432373,0.7963287830352783
71,فناوری جدید موتور به خودروها کمک کرده است تا در ازای هر گالن بنزین، کارآیی بیشتری داشته باشند. از آنجایی که بنزین از نفت به دست می‌آید، این فناوری تأثیراتی بر عرضه جهانی نفت خواهد داشت به چه صورت؟,"['افزایش نیاز به جستجوی نفت بیشتر.', 'کاهش زمانی که برای تجدید نفت لازم است.', 'کاهش مقدار نفتی که در زیر زمین وجود دارد.', 'افزایش مدت زمانی که نفت برای استفاده مردم در دسترس خواهد بود.']",D,فناوری جدید موتور، کارآیی خودروها را افزایش می‌دهد و منجر به کاهش مصرف نفت می‌شود، بنابراین مدت زمانی که نفت برای استفاده مردم در دسترس خواهد بود، افزایش می‌یابد.,A,0.7529937028884888,D,0.53928542137146,False,True,True,True,[0.7529937  0.13034055 0.00164075 0.11502513],[3.8913399e-02 4.2163971e-01 1.6153454e-04 5.3928542e-01],0.8849841356277466,0.11502513,0.53928542,0.42426029,0.8938889503479004,0.731451690196991,0.8045532703399658,0.8938889503479004,0.731451690196991,0.8045532703399658
72,ذرت به طور گسترده‌ای در ایالات متحده برای تولید اتانول جهت استفاده در سوخت خودروها به کار می‌رود. تولید بیش از حد ذرت چگونه می‌تواند به محیط زیست آسیب برساند؟,"['کاهش باروری خاک', 'کاهش حمل و نقل نفت', 'افزایش اثر گلخانه\u200cای', 'افزایش انتشار دی\u200cاکسید کربن']",A,کشت بیش از حد ذرت موجب کاهش تنوع زیستی و مواد آلی خاک می‌شود و استفاده بیش از حد از کودهای شیمیایی موجب آلودگی می‌گردد.,C,0.9605666995048524,C,0.0195364840328693,False,False,False,False,[0.01560211 0.00113021 0.9605667  0.02270094],[0.01953648 0.00264398 0.94132054 0.03649896],0.8674436807632446,0.01560211,0.01953648,0.0039343699999999,0.8547110557556152,0.6942539215087891,0.7661716341972351,0.8564585447311401,0.6971128582954407,0.768613874912262
73,یک شرکت در حال طراحی یک لپ‌تاپ جدید است. این کامپیوتر نباید از وزن خاصی فراتر برود. کدام یک از موارد زیر به احتمال زیاد دلیل وزن محدود برای کامپیوتر است؟,"['برای آسان\u200cتر کردن آزمایش پروتوتایپ', 'برای کاهش هزینه ساخت کامپیوتر', 'برای آسان\u200cتر کردن حمل و نقل کامپیوتر', 'برای کاهش هزینه ساخت پروتوتایپ']",C,دلیل محدود کردن وزن لپ‌تاپ، قابلیت حمل و نقل آسان آن است تا کاربران بتوانند به راحتی آن را حمل کنند.,C,0.9870682954788208,C,0.995970904827118,True,True,True,True,[1.1029778e-02 1.3173190e-03 9.8706830e-01 5.8455678e-04],[3.5640786e-03 3.7565111e-04 9.9597090e-01 8.9224959e-05],0.895373523235321,0.9870683,0.9959709,0.0089025999999999,0.8402307033538818,0.6496754884719849,0.7327672839164734,0.840017557144165,0.6546716690063477,0.7358528971672058
74,قلب، رگ‌های خونی، کلیه‌ها و مثانه که به‌طور مشترک کار می‌کنند، بهتر است به چه صورت توصیف شوند؟,"['الف) یک سلول.', 'ب) یک بافت.', 'ج) یک موجود زنده.', 'د) یک سیستم.']",D,این مجموعه از اندام‌ها که به طور مشترک برای انجام وظایف مرتبط همکاری می‌کنند، به عنوان یک سیستم توصیف می‌شود.,D,0.9035840630531312,D,0.9944286346435548,True,True,True,True,[2.1396024e-02 7.4679464e-02 3.4047282e-04 9.0358406e-01],[2.4267267e-03 3.1159790e-03 2.8697172e-05 9.9442863e-01],0.7181864976882935,0.90358406,0.99442863,0.09084457,0.8097808361053467,0.5932130813598633,0.6847821474075317,0.8097808361053467,0.5932130813598633,0.6847821474075317
75,کدام ویژگی یک ماده معدنی را می‌توان فقط با نگاه کردن به آن تعیین کرد؟,"['درخشش', 'جرم', 'وزن', 'سختی']",A,[MASK] یک ماده معدنی با انعکاس نور از سطح آن تعیین می‌شود.,A,0.8421715497970581,A,0.9265056252479552,True,True,True,True,[0.84217155 0.07787651 0.00207534 0.07787651],[0.9265056  0.04086714 0.00129331 0.03133393],0.8245353698730469,0.84217155,0.9265056,0.08433405,0.8775289058685303,0.5802232027053833,0.6985585689544678,0.8687254786491394,0.5675378441810608,0.6865518093109131
76,سلول‌ها واحد بنیادی ساختار و عملکرد در تمامی موجودات زنده هستند. کدام یک از این موارد بزرگ‌ترین تفاوت را بین سلول‌های یک گوریل جوان و سلول‌های یک گوریل بزرگسال توصیف می‌کند؟,"['گوریل بزرگسال سلول\u200cهای بیشتری نسبت به گوریل جوان دارد.', 'گوریل جوان سلول\u200cهای ساده\u200cتری نسبت به بزرگسال دارد.', 'گوریل جوان سلول\u200cهای کوچک\u200cتری نسبت به بزرگسال دارد.', 'گوریل بزرگسال انواع مختلفی از سلول\u200cها را نسبت به گوریل جوان دارد.']",A,تفاوت اصلی بین سلول‌های گوریل جوان و بزرگسال در تعداد سلول‌ها نهفته است.,B,0.3403147161006927,A,0.6135467886924744,False,True,True,True,[0.23389466 0.34031472 0.16075328 0.26503736],[0.6135468  0.19918947 0.05036299 0.1369008 ],0.855217695236206,0.23389466,0.6135468,0.3796521399999999,0.8270012140274048,0.618574857711792,0.7077623605728149,0.8270012736320496,0.6185749173164368,0.7077623605728149
77,درختان غول‌پیکر سرخ‌چوب انرژی را از یک فرم به فرم دیگر تغییر می‌دهند. انرژی چگونه توسط این درختان تغییر می‌یابد؟,"['آنها انرژی شیمیایی را به انرژی حرکتی تبدیل می\u200cکنند.', 'آنها انرژی خورشیدی را به انرژی شیمیایی تبدیل می\u200cکنند.', 'آنها انرژی باد را به انرژی حرارتی تبدیل می\u200cکنند.', 'آنها انرژی مکانیکی را به انرژی خورشیدی تبدیل می\u200cکنند.']",B,درختان غول‌پیکر سرخ‌چوب انرژی خورشیدی را از طریق فتوسنتز به انرژی شیمیایی تبدیل می‌کنند.,A,0.7891841530799866,B,0.9512767791748048,False,True,True,True,[0.78918415 0.19953701 0.00876704 0.0025118 ],[4.7361281e-02 9.5127678e-01 1.1856664e-03 1.7623359e-04],0.928401529788971,0.19953701,0.95127678,0.75173977,0.8815941214561462,0.6246987581253052,0.7312399744987488,0.8815942406654358,0.6246987581253052,0.731239914894104
78,بر اساس مقیاس pH، کدام pH قوی‌ترین اسید است؟,"['3', '6', '9', '12']",A,هر چه pH کوچک‌تر باشد، اسیدیته بیشتر و اسید قوی‌تر است.,D,0.5616711378097534,A,0.7978214025497437,False,True,True,True,[4.3742993e-01 6.2264985e-04 2.7629919e-04 5.6167114e-01],[7.9782140e-01 2.8490051e-04 1.7280089e-04 2.0172083e-01],0.8590335845947266,0.43742993,0.7978214,0.36039147,0.8298993110656738,0.6405078172683716,0.7230066061019897,0.8298993110656738,0.6405078172683716,0.7230066061019897
79,یک تی‌شرت قدیمی می‌تواند به تکه‌های کوچکتر پاره شده و به عنوان دستمال استفاده شود. یک قوطی شیر خالی می‌تواند برای آبیاری گیاهان خانگی استفاده شود. هر دو این‌ها نمونه‌هایی از چگونگی هستند که,"['صرفه\u200cجویی در آب منابع آینده را حفظ می\u200cکند', 'استفاده از مواد قدیمی می\u200cتواند هزینه\u200cبر باشد', 'گیاهان برای سالم ماندن به آب نیاز دارند', 'مواد روزمره می\u200cتوانند دوباره استفاده شوند']",D,استفاده مجدد از مواد روزمره برای کاهش زباله و حفظ منابع مفید است.,D,0.5600498914718628,D,0.8162983059883118,True,True,True,True,[4.3787441e-01 5.0870836e-04 1.5669321e-03 5.6004989e-01],[1.8214078e-01 7.5608981e-04 8.0485333e-04 8.1629831e-01],0.6567065119743347,0.56004989,0.81629831,0.2562484199999999,0.6370513439178467,0.48713505268096924,0.5520971417427063,0.6370512843132019,0.487135112285614,0.5520971417427063
80,یک مکعب یخ که در نور خورشید قرار می‌گیرد به سرعت ذوب می‌شود. کدام گزینه بهترین توضیح برای این رویداد است؟,"['الف) خورشید دور است.', 'ب) خورشید گرما تولید می\u200cکند.', 'ج) مکعب یخ یک جامد است.', 'د) مکعب یخ شفاف به نظر می\u200cرسد.']",B,گرمای خورشید باعث افزایش انرژی مولکول‌های آب و ذوب شدن یخ می‌شود.,B,0.3801372051239013,A,0.4153136909008026,True,False,False,False,[0.18097244 0.3801372  0.3801372  0.05875315],[0.4153137  0.4153137  0.05038327 0.11898937],0.7620861530303955,0.3801372,0.4153137,0.0351765,0.8142141103744507,0.5992313623428345,0.6903734803199768,0.8142141103744507,0.5992313027381897,0.690373420715332
81,"یک خط موی ""نوحه‌خوان"" در انسان‌ها توسط آلیل غالب W کدگذاری می‌شود. یک خط موی صاف توسط آلیل مغلوب w کدگذاری می‌شود. مردی که دارای هوموزیگوت غالب WW است، با زنی که دارای هتروزیگوت غالب Ww برای این صفت است، زایگوتی تولید می‌کند. چه ترکیب‌های آلیلی می‌تواند در زایگوت رخ دهد؟","['WW یا ww', 'WW یا Ww', 'فقط WW', 'فقط Ww']",B,مرد فقط گامت غالب تولید می‌کند و زن می‌تواند گامت‌های غالب و مغلوب تولید کند؛ بنابراین زایگوت می‌تواند ترکیبات غالب هموزیگوت یا هتروزیگوت داشته باشد.,B,0.964865505695343,B,0.9569947123527528,True,True,True,False,[3.3145104e-02 9.6486551e-01 1.1953991e-04 1.8699188e-03],[4.2047415e-02 9.5699471e-01 1.3807585e-04 8.1979402e-04],0.6973365545272827,0.96486551,0.95699471,-0.0078707999999999,0.6344427466392517,0.595473051071167,0.6143404841423035,0.6325229406356812,0.6021184921264648,0.6169463396072388
82,کدام یک از این‌ها هرگز در سلول‌های پروکاریوتی پیدا نمی‌شود؟,"['غشای سلولی', 'ریبوزوم', 'دیواره سلولی', 'هسته']",D,سلول‌های پروکاریوتی فاقد [MASK] هستند.,A,0.8319233059883118,A,0.0856866613030433,False,False,False,False,[0.8319233  0.04684233 0.06815518 0.0530793 ],[0.63314354 0.20555161 0.07561821 0.08568666],0.7476277351379395,0.0530793,0.08568666,0.0326073599999999,0.8903915286064148,0.520439624786377,0.6569106578826904,0.875512957572937,0.5079689025878906,0.6429189443588257
83,زمین‌لرزه‌ها به دانشمندان درباره تاریخ سیاره چه می‌گویند؟,"['الف) آب و هوای زمین دائماً در حال تغییر است.', 'ب) قاره\u200cهای زمین به طور مداوم در حال حرکت هستند.', 'ج) دایناسورها حدود ۶۵ میلیون سال پیش منقرض شدند.', 'د) اقیانوس\u200cها امروز بسیار عمیق\u200cتر از میلیون\u200cها سال پیش هستند.']",B,زمین‌لرزه‌ها نشان می‌دهند که پوسته زمین فعال است و قاره‌ها در حال حرکت هستند.,B,0.9284343123435974,B,0.9782165288925172,True,True,True,True,[0.02179208 0.9284343  0.02798158 0.02179208],[1.8057182e-02 9.7821653e-01 2.7691587e-03 9.5699559e-04],0.8614382147789001,0.9284343,0.97821653,0.0497822299999999,0.9648386240005493,0.7169030904769897,0.8225945830345154,0.9648386240005493,0.7169030904769897,0.8225945830345154
84,منبع انرژی برای چرخه آب زمین چیست؟,"['باد', 'تابش خورشید', 'تابش زمین', 'گرانش خورشید']",B,انرژی خورشید باعث تبخیر آب و به حرکت در آمدن چرخه آب می‌شود.,B,0.868808925151825,B,0.9983193278312684,True,True,True,True,[0.10356197 0.8688089  0.01799637 0.00963276],[9.1748935e-04 9.9831933e-01 4.8625152e-05 7.1454141e-04],0.7894175052642822,0.8688089,0.99831933,0.1295104299999999,0.8243038654327393,0.6490575075149536,0.7262584567070007,0.8246204257011414,0.6516885757446289,0.7280260324478149
85,ستاره‌ها در الگوهای خاصی به نام صورت‌های فلکی سازماندهی شده‌اند. یک صورت فلکی به نام لئو نامیده می‌شود. کدام جمله بهترین توضیح را برای دلیل تغییر موقعیت لئو در مناطق مختلف آسمان در طول سال ارائه می‌دهد؟,"['زمین به دور خورشید می\u200cچرخد.', 'خورشید به دور زمین می\u200cچرخد.', 'صورت\u200cهای فلکی به دور زمین می\u200cچرخند.', 'زمین به دور صورت\u200cهای فلکی می\u200cچرخد.']",A,حرکت زمین به دور خورشید باعث تغییر موقعیت ستاره‌ها و صورت‌های فلکی در آسمان می‌شود.,B,0.643619954586029,A,0.99764484167099,False,True,True,True,[0.16146621 0.64361995 0.14249344 0.0524204 ],[9.9764484e-01 1.3340372e-03 3.0711279e-04 7.1405864e-04],0.8500578999519348,0.16146621,0.99764484,0.83617863,0.9120772480964661,0.7449690103530884,0.8200969099998474,0.9120773077011108,0.7449690103530884,0.8200969696044922
86,زمانی که یک آینه در کنار یک تنگ ماهی که یک ماهی بتا درون آن شنا می‌کند قرار می‌گیرد، ماهی بتا چیزی را می‌بیند که به نظر می‌رسد یک ماهی دیگر است. این پدیده به دلیل چیست؟,"['جذب.', 'شکست نور.', 'بازتاب.', 'پراش.']",C,این پدیده به دلیل بازگشت نور به چشم ماهی پس از برخورد با آینه رخ می‌دهد و تصویر مجازی یک ماهی دیگر را ایجاد می‌کند.,C,0.5449617505073547,C,0.7240087985992432,True,True,True,True,[0.0269209  0.42441663 0.54496175 0.00370072],[8.9726271e-03 2.6634794e-01 7.2400880e-01 6.7060738e-04],0.8025988340377808,0.54496175,0.7240088,0.1790470499999999,0.7693761587142944,0.6487205624580383,0.7039154767990112,0.7693761587142944,0.6487205624580383,0.7039154767990112
87,کدام فرآیند زمین‌شناسی احتمالاً منجر به بالا آوردن کوه‌های راکی شده است؟,"['یخچال\u200cسازی', 'سیلاب', 'شکستگی', 'فرسایش']",C,فشارهای تکتونیکی و حرکات صفحات زمین باعث [MASK] و گسل‌خوردگی در پوسته زمین می‌شود که منجر به تشکیل و بالا آمدن کوه‌ها می‌گردد.,A,0.5390146970748901,A,0.2167863696813583,False,False,False,False,[0.5390147  0.02683596 0.01436425 0.41978508],[0.5200435  0.01751903 0.21678637 0.24565114],0.8156939148902893,0.01436425,0.21678637,0.20242212,0.8442732691764832,0.7342248558998108,0.7854129076004028,0.8259516954421997,0.7145435214042664,0.7662191390991211
88,پس از مشاهده چندین سگ در حال دویدن، دانش‌آموزان سوال زیر را مطرح می‌کنند: آیا سگ‌های با موی بلند سریع‌تر از سگ‌های با موی کوتاه می‌دوند؟ دانش‌آموزان می‌توانند به بهترین شکل به سوال خود پاسخ دهند؟,"['وزن و قد بسیاری از سگ\u200cها را ثبت کنند', 'سرعت\u200cها و طول موی بسیاری از سگ\u200cها را اندازه\u200cگیری کنند', 'تحقیقی انجام دهند تا نوع سگی که بلندترین موها را دارد پیدا کنند', 'یک سگ با موی بلند را در برابر یک سگ با موی کوتاه مسابقه دهند']",B,با اندازه‌گیری سرعت و طول موی سگ‌ها، دانش‌آموزان می‌توانند رابطه بین آنها را بررسی و الگوهای احتمالی را شناسایی کنند.,D,0.8708203434944153,B,0.7924084663391113,False,True,True,True,[0.11739326 0.00963623 0.00215013 0.87082034],[0.06606916 0.79240847 0.00165401 0.13986841],0.915135145187378,0.00963623,0.79240847,0.78277224,0.8399150967597961,0.6111096143722534,0.7074726819992065,0.8399150967597961,0.6111096143722534,0.7074726819992065
89,کدام عامل می‌تواند میزان دی‌اکسید گوگرد در هوا را افزایش دهد؟,"['استفاده بیش از حد از کودها در مزارع کشاورزی', 'عملکرد نیروگاه\u200cهای تولید برق با سوخت زغال\u200cسنگ', 'یک روز گرم تابستانی', 'باران بیش از حد']",B,احتراق سوخت‌های فسیلی مانند زغال‌سنگ در نیروگاه‌ها، دی‌اکسید گوگرد تولید می‌کند.,A,0.9820358157157898,B,0.9954013824462892,False,True,True,True,[0.9820358  0.01230179 0.00213773 0.00352452],[3.5759821e-03 9.9540138e-01 4.0121406e-04 6.2141247e-04],0.7700204253196716,0.01230179,0.99540138,0.98309959,0.8562034964561462,0.6898395419120789,0.7640706300735474,0.862343430519104,0.6961251497268677,0.7703703045845032
90,کدام بیانیه اثر مضر clearing جنگل‌های بارانی برای زمین‌های کشاورزی را توصیف می‌کند؟,"['زمینی بیشتری برای کشاورزان محلی در دسترس می\u200cگذارد', 'زیستگاه ارزشمندی برای گونه\u200cهای محلی را حذف می\u200cکند', 'سطوح آب\u200cهای زیرزمینی محلی را افزایش می\u200cدهد', 'درآمدی برای ساکنان محلی تأمین می\u200cکند']",B,حذف جنگل‌ها منجر به از بین رفتن زیستگاه طبیعی گونه‌های مختلف می‌شود و آنها را با خطر انقراض مواجه می‌سازد.,B,0.9744763374328612,B,0.997661590576172,True,True,True,True,[0.02008683 0.97447634 0.00271846 0.00271846],[1.9072235e-03 9.9766159e-01 1.5655444e-04 2.7476158e-04],0.7650226950645447,0.97447634,0.99766159,0.0231852499999999,0.8184034824371338,0.552504301071167,0.6596671938896179,0.8193456530570984,0.5583279132843018,0.6641101837158203
91,یک جوی آب در حال حرکت دارای دمای ۱۸ درجه سانتی‌گراد است. قوطی‌های نوشیدنی گازدار در دمای ۲۸ درجه سانتی‌گرادی به داخل جوی آب پایین می‌آیند. کدام یک از موارد زیر به احتمال زیاد اتفاق خواهد افتاد؟,"['قوطی\u200cهای نوشیدنی گازدار انرژی سرد را از آب جوی آب جذب خواهند کرد.', 'قوطی\u200cها خنک می\u200cشوند تا دمای آن\u200cها با دمای جوی آب یکسان شود.', 'دمای نوشیدنی\u200cهای گازدار تغییر نخواهد کرد زیرا قوطی\u200cها مهر و موم شده\u200cاند.', 'دمای قوطی\u200cها به صفر درجه می\u200cرسد به شرطی که جوی آب در حال حرکت باشد.']",B,به دلیل اختلاف دما، قوطی‌ها گرما را به آب جوی آب می‌دهند و خنک می‌شوند.,A,0.8557589650154114,A,0.3397742509841919,False,False,False,False,[0.85575897 0.04827861 0.00576606 0.09019633],[0.63726634 0.33977425 0.00617475 0.01678472],0.7351307272911072,0.04827861,0.33977425,0.29149564,0.8537459969520569,0.600803554058075,0.7052817344665527,0.8537458777427673,0.6008034944534302,0.705281674861908
92,در یک هرم غذایی، کدام یک بهترین توضیح را برای کاهش تعداد ارگانیسم‌ها از یک سطح تروفیک به سطح بعدی می‌دهد؟,"['مصرف\u200cکنندگان در سطح پایین به انرژی بیشتری نسبت به مصرف\u200cکنندگان در سطح بالا نیاز دارند.', 'مصرف\u200cکنندگان در سطح بالا به انرژی بیشتری نسبت به مصرف\u200cکنندگان در سطح پایین نیاز دارند.', 'مصرف\u200cکنندگان روی ارگانیسم\u200cهای بزرگتر که انرژی کمتری دارند تغذیه می\u200cکنند.', 'مصرف\u200cکنندگان روی ارگانیسم\u200cهای کوچکتر که انرژی کمتری دارند تغذیه می\u200cکنند.']",B,اتلاف انرژی در قالب گرما، ادرار و مدفوع باعث کاهش انرژی در هر سطح تروفیک می‌شود. بنابراین، انرژی کمتری برای سطوح بالاتر باقی می‌ماند و تعداد ارگانیسم‌ها کاهش می‌یابد.,A,0.546420693397522,C,0.0275410376489162,False,False,False,False,[0.5464207  0.02720468 0.3314209  0.09495368],[0.20034726 0.02754104 0.4806081  0.29150355],0.8593955636024475,0.02720468,0.02754104,0.00033636,0.8203355073928833,0.6918470859527588,0.7506325244903564,0.8203355073928833,0.6918470859527588,0.7506325244903564
93,سوال: دانش‌آموزانی که در حال مطالعه غشاها بودند، آزمایشی را با استفاده از لیوان‌های کاغذی حاوی غلظت‌های مختلف رنگ خوراکی قرمز انجام دادند. پس از آزمایش، لیوان‌ها خالی و لکه‌دار شدند. باید با لیوان‌های استفاده شده چه کرد؟,"['لیوان\u200cها را دوباره استفاده کنید', 'لیوان\u200cها را دور بریزید', 'لیوان\u200cها را بازیافت کنید', 'لیوان\u200cها را دوباره برچسب\u200cگذاری کنید']",C,لیوان‌های کاغذی آلوده به رنگ خوراکی قابل استفاده مجدد یا بازیافت نیستند.,C,0.6498876214027405,A,0.1125268191099166,True,False,False,False,[0.2390803  0.10044517 0.6498876  0.01058684],[0.4415888  0.4415888  0.11252682 0.00429549],0.9028891324996948,0.6498876,0.11252682,-0.53736078,0.8370730876922607,0.5788785219192505,0.6844353079795837,0.8375507593154907,0.5800905823707581,0.685441792011261
94,سؤال: بسیاری از ابزارهای دستی رایج با استفاده از اصول پایه‌ای که در ماشین‌های ساده یافت می‌شود، یک مزیت مکانیکی ایجاد می‌کنند. به عنوان مثال، یک پیچ‌گوشتی از اصول چرخ و محور استفاده می‌کند. برای افزایش نیروی چنگ زنی، انبر از اصلی که در آن نشان داده شده است استفاده می‌کند.,"['الف) قرقره.', 'ب) اهرم.', 'ج) تَجَند.', 'د) پیچ.']",B,اهرم‌ها نیروی وارد شده را تقویت می‌کنند و به ما کمک می‌کنند تا اجسام را با نیروی بیشتری بفشاریم یا بکشیم.,B,0.956599771976471,B,0.9810364246368408,True,True,True,True,[0.02267352 0.9565998  0.00306853 0.01765815],[0.01377678 0.9810364  0.00211274 0.00307402],0.6579580307006836,0.9565998,0.9810364,0.0244366,0.9072015881538391,0.6537997722625732,0.7599329948425293,0.9072015881538391,0.6537997722625732,0.7599329948425293
95,تنفس سلولی منجر به تولید مولکول‌های آدنوزین تری‌فسفات (ATP) برای تأمین انرژی می‌شود. کارآمدترین فرم تنفس سلولی منجر به تولید ATP به همراه کدام مواد خواهد شد؟,"['اکسیژن و انرژی', 'گلوکز و گلیکوژن', 'اسید لاکتیک و الکل', 'گاز کربن دی\u200cاکسید و آب']",D,تنفس سلولی هوازی، گلوکز را به طور کامل تجزیه کرده و در حضور اکسیژن، به [MASK] تبدیل می‌شود.,A,0.9368176460266112,A,0.12592414021492,False,False,False,False,[0.93681765 0.02840016 0.00260067 0.0321816 ],[0.82434237 0.04632491 0.00340861 0.12592414],0.7318214774131775,0.0321816,0.12592414,0.0937425399999999,0.907410204410553,0.734749436378479,0.8120027780532837,0.9000866413116455,0.722669243812561,0.8016793727874756
96,سوال: عبارات ریاضی زیر نمایانگر چهار غلظت مختلف از یک محلول شیمیایی هستند که در یک آزمایش علمی استفاده می شوند. کدام یک از نظر مقدار با ۱/۱۰۰۰ برابر است؟,"['۱٫۰ x ۱۰^۳', '۱٫۰ x ۱۰^۴', '۱٫۰ x ۱۰^-۳', '۱٫۰ x ۱۰^-۴']",C,یک هزارم برابر با ۰.001 یا ۱ به توان منفی ۳ است.,D,0.7462340593338013,D,0.3228971064090729,False,False,False,False,[0.12917048 0.01060296 0.11399255 0.74623406],[0.07204808 0.00180369 0.3228971  0.60325116],0.5992082357406616,0.11399255,0.3228971,0.20890455,0.7227796316146851,0.5553786754608154,0.6281168460845947,0.7074740529060364,0.5484107732772827,0.6178693771362305
97,داده‌ها در جدول‌ها ممکن است به صورت نمودار نیز ارائه شوند. کدام نوع داده به بهترین شکل در یک نمودار دایره‌ای نمایش داده می‌شود؟,"['فاصله سیارات از خورشید', 'عمق\u200cهای اقیانوس\u200cهای بزرگ در زمین', 'مقدار بارش باران هر روز به مدت یک ماه', 'درصد مواد مختلف در زباله\u200cهای جامد']",D,نمودار دایره‌ای برای نمایش درصدی از یک کل مناسب است و درصد مواد مختلف در زباله‌ها به این شکل به خوبی نمایش داده می‌شود.,D,0.6125264167785645,D,0.926646649837494,True,True,True,True,[0.37006766 0.00978522 0.00762074 0.6125264 ],[6.7652538e-02 4.9007330e-03 8.0002268e-04 9.2664665e-01],0.8725968599319458,0.6125264,0.92664665,0.31412025,0.7584196329116821,0.6741559505462646,0.713809609413147,0.7574958801269531,0.6765232086181641,0.714723527431488
98,سوالی که در آن یک گیاه با گل‌های قرمز با همان نوع گیاه که گل‌های سفید می‌رویند، تلاقی شده است. فرزندان آن‌ها گل‌های صورتی را تولید کردند. کدام مورد به بهترین نحو توضیح می‌دهد که چرا فرزندان گل‌های صورتی رشد کردند؟,"['فرزندان دچار جهش ژنتیکی شدند.', 'فرزندان حاصل از تولید مثل غیرجنسی بودند.', 'ژن\u200cهای رنگ گل نشان\u200cدهندهٔ تسلط ناکامل بودند.', 'یک ژن برای گل\u200cهای رنگ صورتی در یکی از والدین مغلوب بود.']",C,ژن‌های رنگ گل به صورت ناقص غالب هستند و ترکیب دو ژن متفاوت سبب ایجاد رنگ صورتی در گل‌های فرزندان می‌شود.,D,0.8022413849830627,C,0.8881919384002686,False,True,True,True,[0.10814828 0.08422597 0.00538439 0.8022414 ],[0.05722554 0.00408114 0.88819194 0.05050137],0.8600172996520996,0.00538439,0.88819194,0.88280755,0.8951229453086853,0.693231463432312,0.7813462615013123,0.8951229453086853,0.693231463432312,0.7813462615013123
99,چرا در برخی از خودروها از سوخت های جایگزین استفاده می شود؟,"['الف) سوخت های جایگزین در هر پمپ بنزینی موجود است.', 'ب) بنزین از منبع محدودی تأمین می شود.', 'ج) سوخت های جایگزین موجب آلودگی می شوند.', 'د) تولید موتورهای بنزینی هزینه زیادی دارد.']",B,منابع سوخت فسیلی محدود هستند.,B,0.8331213593482971,A,0.3020303547382355,True,False,False,False,[0.0998916  0.83312136 0.05346812 0.01351886],[0.34224522 0.30203035 0.34224522 0.01347926],0.5989237427711487,0.83312136,0.30203035,-0.53109101,0.771196722984314,0.46757397055625916,0.5821763277053833,0.771196722984314,0.46757397055625916,0.5821763277053833
100,بسیاری از ایالت‌ها نیاز دارند که وسایل نقلیه مورد بررسی قرار گیرند و با استانداردهای ایمنی و آلودگی مطابقت داشته باشند. بازرسی‌های وسایل نقلیه چه تأثیری ممکن است بر محیط زیست داشته باشد؟,"['محیط زیست آلودگی نخواهد داشت.', 'محیط زیست بیشتر آلوده خواهد شد.', 'آلاینده\u200cهای کمتری توسط وسایل نقلیه منتشر خواهد شد.', 'آلاینده\u200cهای کمتری توسط وسایل نقلیه قدیمی\u200cتر تولید خواهد شد.']",C,بازرسی‌های منظم وسایل نقلیه می‌تواند با شناسایی و رفع مشکلات فنی، منجر به کاهش انتشار آلاینده‌ها شود و تأثیر مثبتی بر محیط زیست داشته باشد.,C,0.7641206979751587,C,0.9506152272224426,True,True,True,True,[0.19395614 0.02624911 0.7641207  0.01567406],[4.7513582e-02 1.4125415e-03 9.5061523e-01 4.5858513e-04],0.8523838520050049,0.7641207,0.95061523,0.18649453,0.9198341369628906,0.7028440833091736,0.7968307733535767,0.9198341369628906,0.7028440833091736,0.7968307733535767
101,کدام مخلوط حاوی موادی است که به سادگی قابل تفکیک هستند؟,"['نان', 'سالاد میوه', 'آب اقیانوس', 'آب سودا']",B,اجزای مخلوط به صورت فیزیکی ترکیب شده و به راحتی قابل جداسازی هستند.,C,0.5111264586448669,A,0.2785262167453766,False,False,False,False,[0.34992218 0.02534828 0.51112646 0.11360309],[0.40525323 0.27852622 0.27852622 0.03769442],0.7162266969680786,0.02534828,0.27852622,0.25317794,0.8478425741195679,0.6040498614311218,0.7054781913757324,0.8470897078514099,0.6055506467819214,0.7062391638755798
102,کدام یک از این موارد بیشترین کاهش را در نیروی گرانشی بین دو جسم به وجود می‌آورد؟,"['نصف کردن فاصله بین آن\u200cها', 'دو برابر کردن فاصله بین آن\u200cها', 'نصف کردن فاصله بین آن\u200cها و دو برابر کردن جرم آن\u200cها', 'دو برابر کردن فاصله بین آن\u200cها و نصف کردن جرم آن\u200cها']",D,افزایش فاصله و کاهش جرم، نیروی گرانشی را به بیشترین میزان کاهش می‌دهد.,C,0.3963567912578583,C,0.3339909613132477,False,False,False,False,[0.34978363 0.01345704 0.3963568  0.24040255],[0.10928143 0.00606965 0.550658   0.33399096],0.7772624492645264,0.24040255,0.33399096,0.09358841,0.6904007196426392,0.5372684001922607,0.6042841672897339,0.6904007196426392,0.5372684001922607,0.6042841672897339
103,بمباران سنگین دیرهنگام دوره‌ای از برخوردهای وسیع دنباله‌دارها با زمین در حدود ۳.۸ میلیارد سال پیش بود. دانشمندان بر این عقیده هستند که این دوره بخش زیادی از ماده‌ای که اکنون در کدام قسمت از سیستم زمین یافت می‌شود را فراهم کرده است؟,"['هسته', 'گوشته', 'جو', 'هیدروسفر']",D,برخورد دنباله‌دارها در ۳.۸ میلیارد سال پیش، بخش زیادی از مواد مو[MASK]د در بخش بیرونی زمین را فراهم کرده است.,D,0.552155613899231,D,0.5202018022537231,True,True,True,False,[0.29439536 0.108302   0.04514699 0.5521556 ],[0.04270076 0.24572593 0.19137156 0.5202018 ],0.8079856634140015,0.5521556,0.5202018,-0.0319537999999999,0.9026399254798889,0.7359830141067505,0.8108364939689636,0.8938636779785156,0.733625590801239,0.8058562874794006
104,یک گونه در ناحیه‌ای زندگی می‌کند که به مرور زمان از معتدل به گرمسیری تغییر می‌کند. بقا این گونه در صورتی که بتواند کدامیک از موارد زیر را انجام دهد، احتمال بیشتری دارد؟,"['نیازهای انرژی را کاهش دهد', 'به\u200cسرعت به منابع تغییر یافته سازگار شود', 'با موجودات مشابه گرمسیری جفت\u200cگیری کند', 'قبل از کامل شدن تغییر مهاجرت کند']",B,سازگار شدن سریع با شرایط جدید شانس بقا را افزایش می‌دهد.,B,0.8751407861709595,B,0.9754820466041564,True,True,True,True,[0.07169576 0.8751408  0.02327621 0.02988724],[0.01407852 0.97548205 0.0058688  0.00457063],0.7067062854766846,0.8751408,0.97548205,0.1003412499999999,0.6925625801086426,0.5159800052642822,0.5913708806037903,0.6925626397132874,0.5159800052642822,0.5913709402084351
105,یک دانش آموز در حال تحقیق در مورد لامپی است که صرفه‌جویی در انرژی می‌کند و می‌تواند تا ۱۰ برابر بیشتر از لامپ‌های دیگر عمر کند. علاوه بر صرفه‌جویی در انرژی، یکی دیگر از مزایای استفاده از این لامپ‌ها چیست؟,"['آب آشامیدنی تمیز باقی می\u200cماند.', 'زباله کمتری به محل\u200cهای دفن زباله منتقل می\u200cشود.', 'مواد مغذی بیشتری به خاک اضافه می\u200cشود.', 'مواد شیمیایی کمتری وارد زنجیره غذایی می\u200cشود.']",B,با عمر طولانی‌تر، نیاز به تعویض لامپ‌ها کمتر می‌شود و در نتیجه زباله کمتری تولید می‌شود.,B,0.9734415411949158,B,0.9936894178390504,True,True,True,True,[0.01796904 0.97344154 0.00275564 0.00583369],[5.5075078e-03 9.9368942e-01 5.4531713e-04 2.5758956e-04],0.7956205606460571,0.97344154,0.99368942,0.0202478799999999,0.8215837478637695,0.6784740686416626,0.7432023882865906,0.8222708702087402,0.6850563287734985,0.7474181652069092
106,کدام یک از موارد زیر بیشترین تأثیر را بر سرعت حرکت صدا در یک گاز دارد؟,"['توانایی الکترون\u200cها برای حرکت در یک محیط', 'فرکانس موج', 'دامنه موج', 'نزدیکی مولکول\u200cهای محیط']",D,نزدیکی مولکول‌ها و چگالی محیط، عوامل تعیین‌کننده سرعت صوت در گازها هستند که تأثیر زیادی بر سرعت حرکت صدا دارند.,A,0.4771109223365783,D,0.951532542705536,False,True,True,True,[0.47711092 0.04472629 0.00105186 0.47711092],[4.75594327e-02 8.05618532e-04 1.02422906e-04 9.51532543e-01],0.8663203716278076,0.47711092,0.951532543,0.474421623,0.8071014881134033,0.6726709604263306,0.733780026435852,0.8049683570861816,0.6674361228942871,0.7297790050506592
107,زمین شناسان به طور مکرر از طیف‌سنج‌های جرمی برای تعیین سن نسبی سنگ‌ها استفاده می‌کنند. یک طیف‌سنج می‌تواند نسبت‌های ایزوتوپ‌ها در نمونه‌های سنگ را تفکیک کرده و تجزیه و تحلیل پرتوزایی را مربوط به کدام دو ایزوتوپ محاسبه کند؟,"['اورانیوم - سرب', 'روبیدیوم - استرونسیوم', 'پتاسیم - آرگون', 'اورانیوم - استرونسیوم']",A,زمین شناسان با استفاده از طیف‌سنج‌های جرمی، نسبت‌های ایزوتوپی را که در تجزیه و تحلیل پرتوزایی مربوط به تبدیل یک عنصر رادیواکتیو به یک عنصر پایدار است را محاسبه می‌کنند.,B,0.6602240204811096,C,0.0261785611510276,False,False,False,False,[0.02569986 0.660224   0.3106519  0.00342417],[0.02617856 0.10353822 0.8686097  0.00167354],0.5797921419143677,0.02569986,0.02617856,0.0004786999999999,0.7188798189163208,0.626489520072937,0.6695123314857483,0.7188798189163208,0.626489520072937,0.6695123314857483
108,سوزاندن سوخت‌های فسیلی باعث افزایش محتوای دی‌اکسید کربن در جو شده است. یک اثر ممکن که افزایش مقدار دی‌اکسید کربن احتمالاً بر سیاره ما خواهد داشت چیست؟,"['اقلیم گرم\u200cتر', 'اقلیم خنک\u200cتر', 'رطوبت نسبی پایین\u200cتر', 'اوزون بیشتر در جو']",A,افزایش دی‌اکسید کربن باعث تقویت اثر گلخانه‌ای و گرمایش زمین می‌شود.,A,0.9983721375465392,A,0.9997342228889464,True,True,True,True,[9.9837214e-01 7.0024497e-04 2.2733625e-04 7.0024497e-04],[9.9973422e-01 1.8021508e-04 4.2804833e-05 4.2804833e-05],0.8890832662582397,0.99837214,0.99973422,0.00136208,0.8835722208023071,0.6020469665527344,0.7161350250244141,0.8896435499191284,0.6060565114021301,0.7209657430648804
109,کشاورزان در ناحیه‌ای که زمانی چمنی بوده، درختان میوه می‌کارند. احتمالاً چه چیزی برای خرگوش‌هایی که در این چمن زندگی می‌کنند، اتفاق خواهد افتاد؟,"['آنها یاد خواهند گرفت که میوه بخورند.', 'آنها یاد خواهند گرفت که درختان را بالا بروند.', 'تعداد نوجوانان آنها افزایش خواهد یافت.', 'اندازه جمعیت آنها کاهش خواهد یافت.']",D,تغییر زیستگاه به درختان میوه، منابع غذایی و فضای زندگی خرگوش‌ها را تغییر می‌دهد و احتمالاً جمعیت آنها کاهش می‌یابد.,A,0.888701319694519,D,0.9456173181533812,False,True,True,True,[0.8887013  0.03419053 0.05637065 0.02073761],[5.33480793e-02 9.17904428e-04 1.16698444e-04 9.45617318e-01],0.8194313645362854,0.02073761,0.945617318,0.924879708,0.7606520652770996,0.6212127208709717,0.6838971972465515,0.7606520652770996,0.6212127208709717,0.6838971972465515
110,فلزات بیشتر احتمال دارد که با کدام روش یون تشکیل دهند؟,"['از دست دادن الکترون\u200cها.', 'از دست دادن پروتون\u200cها.', 'کسب الکترون\u200cها.', 'کسب پروتون\u200cها.']",A,فلزات با از دست دادن الکترون‌ها به پایداری رسیده و یون تشکیل می‌دهند.,A,0.917045831680298,A,0.9974563717842102,True,True,True,True,[0.91704583 0.07476288 0.00333658 0.0048547 ],[9.9745637e-01 7.0975284e-04 1.7026085e-03 1.3129108e-04],0.8250599503517151,0.91704583,0.99745637,0.08041054,0.7538974285125732,0.6033539772033691,0.6702767014503479,0.7538974285125732,0.6033539772033691,0.6702767014503479
111,کدام عبارت توصیف کننده تولید مثل غیرجنسی در موجودات نیست؟,"['به دو والد نیاز دارد', 'تنوع کم در نسل\u200cها', 'تنها یک نوع سلول دخیل است', 'ماده ژنتیکی خود را تکثیر می\u200cکند']",A,نیاز به دو والد داشتن، ویژگی تولید مثل جنسی است نه غیرجنسی.,B,0.8622562289237976,B,0.0196094214916229,False,False,False,False,[0.06197555 0.8622562  0.04259513 0.03317313],[0.01960942 0.9338271  0.03606724 0.01049617],0.7256849408149719,0.06197555,0.01960942,-0.04236613,0.6954861283302307,0.572257399559021,0.6278825998306274,0.6954861283302307,0.5722573399543762,0.6278826594352722
112,یک دانش‌آموز در حال تحقیق در مورد تغییرات حالات ماده است. این دانش‌آموز یک استوانه مدرج را با 50 میلی‌لیتر برف فشرده پر می‌کند. استوانه مدرج وقتی خالی است 50 گرم و وقتی پر از برف است 95 گرم وزن دارد. زمانی که برف در یک اتاق گرم قرار می‌گیرد، برف فشرده به آب مایع تبدیل می‌شود. کدام یک از بیانیه‌ها این فرایند را بهترین شرح می‌دهد؟,"['سرد کردن باعث آب شدن برف می\u200cشود.', 'سرد کردن باعث یخ زدن برف می\u200cشود.', 'گرم کردن باعث یخ زدن برف می\u200cشود.', 'گرم کردن باعث آب شدن برف می\u200cشود.']",D,با قرار گرفتن برف فشرده در اتاق گرم، وزن استوانه به میزان وزن برف باقی می‌ماند اما حالت برف به مایع تغییر می‌کند که نشان‌دهنده آب شدن برف به دلیل گرما است.,B,0.5860069990158081,D,0.9603407382965088,False,True,True,True,[4.02756333e-01 5.86006999e-01 4.19431191e-04 1.08172735e-02],[0.03694668 0.00118765 0.00152497 0.96034074],0.8381446003913879,0.0108172735,0.96034074,0.9495234665,0.6933102607727051,0.6334847807884216,0.6620486974716187,0.6933102607727051,0.6334847807884216,0.6620486974716187
113,گیاهان دارای سلول‌ها، بافت‌ها، اندام‌ها و سیستم‌هایی هستند که به آن‌ها اجازه می‌دهد به عنوان موجودات کامل عمل کنند. کدام بخش‌های گیاه به عنوان اندام عمل می‌کنند؟,"['برگ\u200cها', 'گامت\u200cها', 'موهای ریشه', 'مولکول\u200cهای کلروفیل']",A,[MASK] اندام‌هایی هستند که وظیفه فتوسنتز را بر عهده دارند.,C,0.5856991410255432,A,0.995032548904419,False,True,True,True,[0.40254474 0.00660899 0.58569914 0.00514709],[0.99503255 0.00171849 0.00220659 0.00104232],0.7156340479850769,0.40254474,0.99503255,0.59248781,0.8602609634399414,0.5919805765151978,0.70134037733078,0.8548902869224548,0.5774956941604614,0.6893330216407776
114,ماهی تن یک ماهی اقیانوسی است که به خوبی برای شکار طعمه‌های کوچک و سریع‌الحرکت تطبیق یافته است. کدام یک از این تطبیق‌ها بیشتر به ماهی تن کمک می‌کند تا سریع شنا کند و طعمه‌اش را شکار کند؟,"['پره\u200cهای بزرگ', 'دندان\u200cهای تیز', 'آبشش\u200cهای کوچک', 'پوسته\u200cهای سخت']",A,[MASK] ماهی تن، به ویژه پره‌های دمی و سینه‌ای، به آن کمک می‌کند تا به سرعت‌های بالا دست یابد و مانورهای سریع و دقیقی را انجام دهد.,A,0.4387117326259613,A,0.8954863548278809,True,True,True,True,[0.43871173 0.38716173 0.09788982 0.07623667],[0.89548635 0.08329321 0.01127251 0.00994795],0.7231084704399109,0.43871173,0.89548635,0.4567746199999999,0.9603821635246277,0.7675073742866516,0.8531800508499146,0.9625988602638245,0.7664425373077393,0.8533939123153687
115,زمانی که انگشت بریده می‌شود و خونریزی می‌کند، پلاکت‌ها و پروتئین‌های پلاسما به سمت بریدگی حرکت می‌کنند تا خونریزی را متوقف کنند. در حین حرکت این‌ها به سمت بریدگی، این امر باعث تحریک بیشتر پلاکت‌ها و پروتئین‌ها برای حرکت به سمت بریدگی می‌شود تا خونریزی را متوقف کنند. چه نوع مکانیزمی در اینجا نشان داده شده است؟,"['بازخورد منفی', 'بازخورد مثبت', 'بازخورد تنظیمی', 'بازخورد تحریک']",B,حرکت اولیه پلاکت‌ها و پروتئین‌ها به سمت بریدگی، باعث تحریک بیشتر آنها برای حرکت به همان سمت می‌شود و فرآیند را تقویت می‌کند.,A,0.5560581088066101,B,0.745042622089386,False,True,True,True,[0.5560581  0.2317995  0.18052563 0.0316167 ],[0.1467076  0.7450426  0.10083055 0.00741916],0.8390452861785889,0.2317995,0.7450426,0.5132431,0.7756106853485107,0.6569197773933411,0.7113482356071472,0.7751614451408386,0.6527078151702881,0.7086837887763977
116,آب به داخل سلول وارد می‌شود و مواد زائد از سلول خارج می‌شوند از طریق غشاء سلولی. بر اساس این اطلاعات، غشاء سلولی,"['نیمه\u200cنفوذپذیر است.', 'شفاف است.', 'سخت است.', 'نفوذناپذیر است.']",A,غشاء سلولی اجازه می‌دهد مواد خاصی به داخل و خارج حرکت کنند.,A,0.9988221526145936,A,0.9995900988578796,True,True,True,True,[9.9882215e-01 7.1734900e-04 2.5325518e-05 4.3509417e-04],[9.9959010e-01 3.1485502e-04 3.3185475e-05 6.1998631e-05],0.91539865732193,0.99882215,0.9995901,0.00076795,0.921844482421875,0.6601431369781494,0.7693477272987366,0.921844482421875,0.6601431369781494,0.7693477272987366
117,بهترین توضیح برای اینکه بقایای یک خزنده کوچک که میلیون‌ها سال پیش زندگی می‌کرد تنها در برزیل و آفریقای جنوبی پیدا شده چیست؟,"['فروکش کردن', 'تکتونیک صفحه\u200cها', 'انقراض جمعی', 'مرزهای همگرا']",B,حرکت صفحه‌های تکتونیکی منجر به جدایی قاره‌ها شده و این جدایی، دلیل یافتن بقایای یکسان در مناطق دور از هم است.,B,0.3755162060260772,B,0.958376944065094,True,True,True,True,[0.2924523  0.3755162  0.03957912 0.2924523 ],[2.9138988e-02 9.5837694e-01 5.2542496e-04 1.1958618e-02],0.7338985204696655,0.3755162,0.95837694,0.5828607399999999,0.7663484215736389,0.6335614323616028,0.6936572194099426,0.7663484215736389,0.6335614919662476,0.6936572790145874
118,کدام جمله بهترین توصیف از آنچه در چرخه سنگ رخ می‌دهد، است؟,"['سنگ\u200cها در کوه\u200cهای قدیمی به تدریج فرسایش می\u200cیابند در حالی که ساخت کوه و آتش\u200cفشانی کوه\u200cهای جدیدی را تشکیل می\u200cدهند.', 'پس از اینکه سنگ\u200cها تشکیل شدند، در جای خود باقی می\u200cمانند تا سنگ\u200cهای بالای آن\u200cها فرسایش یابند و به سطح برسند.', 'همانطور که سنگ\u200cهای رسوبی در عمق زیر سایر سنگ\u200cها دفن می\u200cشوند، تحت تأثیر گرما و فشار تغییر می\u200cکنند، در نهایت به سطح بازمی\u200cگردند و دوباره فرسایش می\u200cیابند.', 'سنگ\u200cهای رسوبی جوان همیشه بر روی سنگ\u200cهای دگرگونی یا آذرین قدیمی\u200cتر ته\u200cنشین می\u200cشوند.']",C,سنگ‌های رسوبی با دفن شدن در عمق، تحت فشار و گرما تغییر می‌کنند و به سطح زمین بازمی‌گردند تا دوباره فرسایش یابند.,C,0.4813017249107361,C,0.9534505009651184,True,True,True,True,[0.37483817 0.13789526 0.48130172 0.00596476],[3.2434676e-02 1.3520785e-02 9.5345050e-01 5.9406186e-04],0.683935821056366,0.48130172,0.9534505,0.47214878,0.8030833005905151,0.6726047992706299,0.7320756912231445,0.8030833005905151,0.6726047992706299,0.7320756912231445
119,کدام ویژگی برای یک گیاه مهم ترین است تا بتواند به عنوان یک گیاه پیشگام در یک ساحل در حال بهبودی شناخته شود؟,"['توانایی رشد بسیار بزرگ', 'ریشه های بلند برای یافتن آب', 'مقاومت در برابر اختلالات', 'برگ های بزرگ برای جذب نور خورشید']",C,گیاه پیشگام باید در برابر شرایط سخت اولیه مانند تغییرات ناگهانی دما و کمبود آب مقاوم باشد تا بتواند دوام بیاورد و شرایط را برای رشد سایر گیاهان فراهم کند.,B,0.7861413955688477,C,0.9990317821502686,False,True,True,True,[0.05705923 0.7861414  0.15510306 0.00169633],[4.5987195e-04 4.5987195e-04 9.9903178e-01 4.8470152e-05],0.8427757024765015,0.15510306,0.99903178,0.8439287200000001,0.8724405169487,0.7155164480209351,0.7862247824668884,0.867874026298523,0.7159443497657776,0.7846221327781677
120,اعضای یک تیم برنامه‌ریزی مدلی از یک جوی نزدیک می‌سازند و سپس جوی را مسدود می‌کنند تا نشان دهند چگونه می‌تواند یک دریاچه تشکیل دهد. کدام یک از محدودیت‌های مدل است؟,"['نشان دادن اینکه چگونه یک شهر نزدیک از طوفان جلوگیری خواهد کرد', 'توضیح اینکه چگونه دریاچه برای تفریح استفاده خواهد شد', 'توضیح اینکه چگونه برخی از آب\u200cها می\u200cتوانند برای کشاورزی استفاده شوند', 'نشان دادن اینکه چگونه سد بر گیاهان و حیوانات در منطقه تأثیر خواهد گذاشت']",D,مدل ساخته شده فقط نشان می‌دهد که چگونه جوی مسدود شده می‌تواند دریاچه تشکیل دهد، ولی تأثیرات زیست‌محیطی آن را نشان نمی‌دهد.,A,0.5807917714118958,D,0.6596730351448059,False,True,True,True,[0.5807918  0.18929346 0.01541723 0.21449758],[0.31160748 0.0259811  0.00273839 0.65967304],0.8377963900566101,0.21449758,0.65967304,0.4451754600000001,0.8652828931808472,0.6336008310317993,0.731536328792572,0.8652828931808472,0.6336008310317993,0.731536328792572
121,نحوه ایجاد خطوط بر روی پوست ببر چگونه است؟,"['از محیط زیست آن', 'از غذاهایش', 'از فرزندانش', 'از والدینش']",D,خطوط پوست ببر ارثی هستند.,A,0.7487686276435852,A,0.0597993768751621,False,False,False,False,[0.7487686  0.24404101 0.00145112 0.00573929],[0.57181054 0.18419504 0.18419504 0.05979938],0.6785950660705566,0.00573929,0.05979938,0.05406009,0.6866269111633301,0.44567251205444336,0.5405120849609375,0.6866269111633301,0.44567251205444336,0.5405120849609375
122,کوهی که دارای یخچال ذوب‌شونده است، جریانی با یک آبشار دارد. آبشار دریاچه‌ای در پایه کوه را پر می‌کند. کجا آب سردتر است؟,"['یخچال', 'جریان', 'آبشار', 'دریاچه']",A,[MASK] سردترین قسمت زنجیره است.,A,0.8774664998054504,A,0.8737782835960388,True,True,True,False,[0.8774665  0.07174603 0.02087929 0.0299082 ],[0.8737783  0.04891158 0.04316432 0.03414578],0.628787636756897,0.8774665,0.8737783,-0.0036882,0.8641616106033325,0.5237756967544556,0.6522295475006104,0.8356618285179138,0.5082446932792664,0.6320688128471375
123,فرکانس امواج اقیانوس که سرعت آنها ۱۸ متر بر ثانیه و طول موج آنها ۵۰ متر است چقدر است؟,"['۰.۱۸ هرتز', '۰.۳۶ هرتز', '۲.۸ هرتز', '۹.۰ هرتز']",B,با استفاده از فرمول سرعت موج، فرکانس برابر است با سرعت تقسیم بر طول موج، که ۱۸ تقسیم بر ۵۰ می‌شود [MASK].,B,0.7743351459503174,B,0.9595417976379396,True,True,True,True,[0.03375715 0.77433515 0.02047475 0.17143296],[0.03283371 0.9595418  0.00115917 0.00646534],0.867845356464386,0.77433515,0.9595418,0.18520665,0.8097704648971558,0.6999447345733643,0.7508628964424133,0.8104093670845032,0.6998571753501892,0.7510870099067688
124,کدام یک از موارد زیر صورت حساب برقی خانه را کاهش می‌دهد؟,"['استفاده از دستمال\u200cهای پارچه\u200cای به جای حوله\u200cهای کاغذی', 'خشک کردن لباس\u200cها بر روی بند لباس در روزهای آفتابی', 'اتصالی نگه داشتن وسایل برقی زمانی که استفاده نمی\u200cشوند', 'استفاده از لامپ\u200cهای رشته\u200cای در لامپ\u200cها']",B,خشک کردن لباس‌ها در روزهای آفتابی نیاز به خشک‌کن برقی را کاهش می‌دهد.,C,0.5881620049476624,B,0.6766029596328735,False,True,True,True,[0.3567383  0.02905498 0.588162   0.02604472],[0.09228644 0.67660296 0.22138363 0.00972692],0.6603893041610718,0.02905498,0.67660296,0.64754798,0.6967326402664185,0.6643591523170471,0.6801608800888062,0.6958468556404114,0.6696974635124207,0.6825217604637146
125,یک دانش آموز مقداری شن را به یک ظرف آب اضافه کرد و مخلوط را برای چندین ساعت به حال خود گذاشت تا شن در ته ظرف قرار گیرد. کدام عبارت بهترین توضیح را دربارهٔ این می‌دهد که چرا شن از آب جدا شد؟,"['ذرات شن سنگین\u200cتر از آب هستند.', 'آب مایع است و شن جامد است.', 'شن به طور کافی هم زده نشد.', 'مقدار شن بیشتر از آب بود.']",A,ذرات شن به دلیل چگالی بیشتر، به سمت پایین حرکت کرده و در ته ظرف ته‌نشین می‌شوند.,A,0.9658995866775512,A,0.9976810216903688,True,True,True,True,[9.6589959e-01 3.3277977e-02 1.4252623e-04 6.7995465e-04],[9.9768102e-01 1.9410831e-03 2.9767473e-04 8.0118072e-05],0.8157686591148376,0.96589959,0.99768102,0.03178143,0.9662474393844604,0.7252151966094971,0.8285578489303589,0.9665799140930176,0.7297515273094177,0.8316336274147034
126,کدامیک از طریق‌های زیر فتوسنتز و Respiration سلولی مشابه هستند؟,"['هر دو فرایند گلوکز تولید می\u200cکنند.', 'هر دو فرایند دی\u200cاکسید کربن مصرف می\u200cکنند.', 'هر دو فرایند در کلروپلاست\u200cها انجام می\u200cشوند.', 'هر دو فرایند شامل تبدیلات انرژی هستند.']",D,هر دو فرآیند شامل تبدیل انرژی هستند.,D,0.6388301849365234,D,0.94120192527771,True,True,True,True,[0.301762   0.03155797 0.02784981 0.6388302 ],[0.04685968 0.00634177 0.00559659 0.9412019 ],0.566001832485199,0.6388302,0.9412019,0.3023717,0.8062433004379272,0.4826201796531677,0.6038022041320801,0.8062433004379272,0.4826201796531677,0.6038022041320801
127,یک معلم مقدار کمی نمک را در یک لیوان آب گرم مخلوط می‌کند و از دانش‌آموزان می‌خواهد که تغییرات فیزیکی که هنگام حل شدن نمک رخ می‌دهد را مشاهده کنند. کدام تغییر فیزیکی را آنها احتمالا مشاهده خواهند کرد؟,"['محلول شفاف خواهد شد.', 'نمک حباب تشکیل خواهد داد.', 'محلول در دما افزایش پیدا خواهد کرد.', 'آب تبخیر خواهد شد.']",A,هنگامی که نمک در آب گرم حل می‌شود، ذرات نمک به صورت یکنواخت پخش می‌شوند و محلول شفاف حاصل می‌شود.,A,0.9948467016220092,A,0.9995356798171996,True,True,True,True,[9.9484670e-01 1.9242605e-03 4.2936057e-04 2.7997827e-03],[9.9953568e-01 3.0470468e-04 7.2373703e-05 8.7299341e-05],0.903002142906189,0.9948467,0.99953568,0.00468898,0.9634696245193481,0.7449800372123718,0.8402537703514099,0.9634075164794922,0.7470988035202026,0.841576099395752
128,چندین بوته گوجه‌فرنگی در داخل خانه در کنار یک پنجره آفتابی کشت می‌شوند. این گیاهان آب و کود دریافت می‌کنند و بر روی لبه پنجره قرار دارند. احتمالاً چه اتفاقی خواهد افتاد؟,"['بیشتر برگ\u200cهای سمت پنجره ذبل شده و خواهند مرد.', 'ریشه\u200cهای گیاهان از خاک به سمت بالا رشد خواهند کرد.', 'قطرات آب بر روی برگ\u200cهای دور از پنجره جمع می\u200cشوند.', 'ساقه به سمت پنجره خم خواهد شد.']",D,گیاهان به سمت نور خورشید رشد می‌کنند. در کنار پنجره، ساقه به سمت منبع نور خم می‌شود.,A,0.7080395221710205,D,0.9110117554664612,False,True,True,True,[0.7080395  0.05777987 0.03092734 0.2032533 ],[0.08473729 0.00225817 0.00199283 0.91101176],0.891564130783081,0.2032533,0.91101176,0.70775846,0.9025530815124512,0.7218269109725952,0.8021363615989685,0.9025530815124512,0.7218269109725952,0.8021363615989685
129,کدام یک بهترین توصیف دو سامانه ارگان که به منظور حفظ هموستاز با هم کار می‌کنند، است؟,"['اعضای تولید مثل سلول\u200cهای جنسی تولید می\u200cکنند.', 'عصاب\u200cها سیگنال\u200cها را از چشم به مغز منتقل می\u200cکنند.', 'استخوان\u200cها و عضلات دست به\u200cطور مشترک برای گرفتن یک مداد کار می\u200cکنند.', 'عضلات قفسه سینه منقبض می\u200cشوند تا دی\u200cاکسید کربن را از ریه\u200cها خارج کنند.']",D,دو سامانه که برای حفظ هموستاز همکاری می‌کنند، می‌توانند در انجام یک عملکرد حرکتی یا فیزیولوژیک با هم کار کنند. استخوان و عضله به طور مشترک برای حرکت و انجام اعمال حرکتی همکاری می‌کنند.,C,0.8571031093597412,C,0.0009091357933357,False,False,False,False,[0.11531862 0.00961499 0.8571031  0.01796317],[1.2550233e-02 1.1673535e-03 9.8537320e-01 9.0913579e-04],0.8011184930801392,0.01796317,0.00090913579,-0.01705403421,0.7990725636482239,0.7107242345809937,0.7523134350776672,0.7990725636482239,0.7107242345809937,0.7523134350776672
130,یک زمین‌شناس تحقیقی را برای تعیین سن مطلق یک فسیل انجام می‌دهد. او سپس این روند را سه بار تکرار می‌کند. کدام یک بهتر توضیح می‌دهد که چرا او این روند را چندین بار تکرار کرده است؟,"['این به او کمک می\u200cکند تا رویه\u200cهای بهتری توسعه دهد.', 'این دقت نتایج را بهبود می\u200cبخشد.', 'او می\u200cخواهد همه نتایج متفاوت باشند.', 'او بیش از یک فرضیه برای اثبات دارد.']",B,تکرار آزمایش‌ها به زمین‌شناس کمک می‌کند تا خطاها را کاهش داده و نتایج قابل اعتمادی را به دست آورد.,A,0.7948725819587708,B,0.9006891250610352,False,True,True,True,[7.9487258e-01 2.0176186e-01 1.5492922e-04 3.2106168e-03],[9.548981e-02 9.006891e-01 1.758972e-04 3.645139e-03],0.8182798027992249,0.20176186,0.9006891,0.6989272400000001,0.7185221910476685,0.5572791695594788,0.6277112364768982,0.7185220718383789,0.557279109954834,0.6277111768722534
131,کدام سوال را می‌توان به احتمال زیاد از طریق یک تحقیق علمی تعیین کرد؟,"['برنده قرعه\u200cکشی بعدی کی خواهد بود؟', 'کدام تیم فوتبال بازی بعدی را می\u200cبرد؟', 'مقدار نور مورد نیاز برای رشد گوجه\u200cفرنگی چقدر است؟', 'کدام چهار نوع پر پرندگان زیباترین رنگ\u200cها را دارند؟']",C,تحقیق علمی می‌تواند تأثیر نور بر رشد گوجه‌فرنگی را مشخص کند.,C,0.9929552674293518,C,0.9925421476364136,True,True,True,False,[5.8784378e-03 5.4677989e-04 9.9295527e-01 6.1958277e-04],[6.6616233e-03 5.8208616e-04 9.9254215e-01 2.1413754e-04],0.6845130920410156,0.99295527,0.99254215,-0.0004131199999999,0.7518838047981262,0.42674827575683594,0.5444704294204712,0.7536203265190125,0.4272119700908661,0.5453028678894043
132,کدام یک بهترین عامل تعیین کننده سلامت یک دریاچه است که به عنوان منبع آب شیرین استفاده می شود؟,"['عمق و عرض آن', 'دمای آن و pH آن', 'مکان و عمق آن', 'دمای آن و عمق آن']",B,دو عامل مهم برای تعیین سلامت دریاچه، دما و pH هستند که تغییرات ناگهانی در آنها می‌تواند نشان‌دهنده مشکلات جدی در کیفیت آب باشد.,B,0.811139702796936,B,0.999306321144104,True,True,True,True,[8.0616008e-03 8.1113970e-01 1.6216551e-04 1.8063658e-01],[5.2328652e-04 9.9930632e-01 2.9521805e-05 1.4084065e-04],0.8573868870735168,0.8111397,0.99930632,0.1881666199999999,0.8802345395088196,0.6918972730636597,0.7747846841812134,0.8802345395088196,0.6918972730636597,0.7747846841812134
133,سوال: سوختن سوخت‌های فسیلی چگونه بیشتر باعث کاهش کیفیت هوایی که مردم تنفس می‌کنند شده است؟,"['الف) با اضافه کردن آلودگی ذره\u200cای', 'ب) با ایجاد یک سوراخ در لایه اوزون', 'ج) با ایجاد بارش اسیدی', 'د) با افزایش سطح دی\u200cاکسید کربن']",A,سوختن سوخت‌های فسیلی باعث تولید ذرات معلق و آلودگی‌های ذره‌ای می‌شود که کیفیت هوا را کاهش می‌دهد.,D,0.8615686297416687,D,0.4045964479446411,False,False,False,False,[0.11614605 0.01387167 0.00841359 0.8615686 ],[0.40459645 0.06204687 0.01384453 0.5195121 ],0.9107905030250548,0.11614605,0.40459645,0.2884504,0.9565765857696533,0.7037848234176636,0.8109368085861206,0.9565765857696533,0.7037848234176636,0.8109368085861206
134,محصولی از گیاهان ذرت به روش ژنتیکی اصلاح شده است به طوری که این گیاهان یک آفت‌کش طبیعی تولید می‌کنند. مردم نگران هستند که این گیاهان ذرت ممکن است ماده ژنتیکی اصلاح شده را به گیاهان دیگر منتقل کنند. بهترین راه برای اصلاح بیشتر این گیاهان به منظور جلوگیری از انتقال مواد ژنتیکی آنها به گیاهان دیگر کدام است؟,"['تغییر گیاهان به گونه\u200cای که گرده تولید نکنند', 'تغییر گیاهان به گونه\u200cای که به حشرات آسیبی نرسانند', 'تغییر گیاهان به گونه\u200cای که نتوانند مواد مغذی تولید کنند', 'تغییر گیاهان به گونه\u200cای که به راحتی شناسایی نشوند']",A,برای جلوگیری از انتقال مواد ژنتیکی، [MASK]، بهترین راه است زیرا گرده‌ها عامل اصلی انتقال مواد ژنتیکی هستند.,A,0.989945113658905,A,0.9983614087104796,True,True,True,True,[9.8994511e-01 1.3269770e-03 7.4862925e-05 8.6529776e-03],[9.9836141e-01 4.5509730e-04 2.1285185e-05 1.1621317e-03],0.8125749826431274,0.98994511,0.99836141,0.0084163,0.8305280208587646,0.552046000957489,0.6632406711578369,0.8267961740493774,0.5383883714675903,0.6521278619766235
135,کدام یک از نمونه‌های آب که در زیر توصیف شده‌اند بیشترین انرژی جنبشی متوسط به ازای مولکول را دارد؟,"['۱ لیتر یخ در دمای -۵۰ درجه سانتی\u200cگراد', '۱۰ لیتر یخ در دمای -۷۵ درجه سانتی\u200cگراد', '۱ لیتر آب در دمای ۷۵ درجه سانتی\u200cگراد', '۱۰ لیتر آب در دمای ۵۰ درجه سانتی\u200cگراد']",C,دمای بالاتر، انرژی جنبشی متوسط مولکول‌ها را افزایش می‌دهد. نمونه آب با دمای ۷۵ درجه سانتی‌گراد، بیشترین انرژی را دارد.,A,0.6286401748657227,C,0.7188069224357605,False,True,True,True,[0.6286402  0.12378659 0.12378659 0.12378659],[0.09727994 0.12490992 0.7188069  0.05900326],0.9041798114776612,0.12378659,0.7188069,0.59502031,0.7738068103790283,0.6464930176734924,0.7044438123703003,0.7738068103790283,0.6464930176734924,0.7044438123703003
136,هنگامی که یک اتم خنثی یک الکترون می‌گیرد، چه چیزی شکل می‌گیرد؟,"['یک مخلوط', 'یک آهن', 'یک مولکول', 'یک فلز']",B,اتم خنثی با گرفتن الکترون به یون منفی تبدیل می‌شود که می‌توان آن را فلز در نظر گرفت.,A,0.3783873915672302,D,0.0282511878758668,False,False,False,False,[0.3783874  0.3339257  0.02762527 0.2600616 ],[0.0458562  0.02825119 0.00124127 0.9246513 ],0.8356359004974365,0.3339257,0.02825119,-0.30567451,0.851936936378479,0.7277125120162964,0.784940242767334,0.8376802206039429,0.719667911529541,0.7742027044296265
137,سوال: کدام ماده باید بر روی رمپ دوچرخه استفاده شود تا اصطکاک را افزایش دهد؟,"['الف) فلز براق', 'ب) کاغذ زبر', 'ج) چوب صاف', 'د) پلاستیک مرطوب']",B,برای افزایش اصطکاک، از مواد زبر و ناصاف استفاده می‌شود که سبب افزایش گیرایی سطوح می‌گردد.,D,0.3854416310787201,B,0.930303692817688,False,True,True,True,[0.23378217 0.34015104 0.04062525 0.38544163],[0.02809274 0.9303037  0.00553179 0.03607179],0.8859793543815613,0.34015104,0.9303037,0.59015266,0.762265145778656,0.6169053316116333,0.6819250583648682,0.762265145778656,0.6169053316116333,0.6819250583648682
138,دانشجویی از او خواسته شده است که با استفاده از مواد زیر خاکی بسازد: آب، کانی، هوموس، بلور، سنگ فرسایش یافته و سنگ دگرگونی. کدام ترکیب از این مواد باید توسط دانشجو انتخاب شود؟,"['هوموس، بلور و کانی', 'آب، سنگ فرسایش یافته و هوموس', 'آب، سنگ دگرگونی و بلور', 'سنگ دگرگونی، کانی و سنگ فرسایش یافته']",B,خاک از ترکیب مواد آلی و معدنی تشکیل می‌شود؛ هوموس ماده آلی، و آب و سنگ فرسایش یافته مواد معدنی لازم برای تشکیل خاک را فراهم می‌کنند.,B,0.3418241441249847,B,0.8705998063087463,True,True,True,True,[0.2662129  0.34182414 0.12575008 0.2662129 ],[0.06356067 0.8705998  0.00974734 0.05609209],0.9288379549980164,0.34182414,0.8705998,0.52877566,0.8383262157440186,0.7015558481216431,0.763867199420929,0.8397701978683472,0.7014948129653931,0.7644298076629639
139,کدام فعالیت به‌طور مستقیم توسط نورون‌ها تنظیم می‌شود؟,"['تولید سلول\u200cهای جنسی', 'ضربان قلب', 'نرخ و شکل رشد استخوان', 'سطوح قند در خون']",B,[MASK] تحت تأثیر سیستم عصبی خودمختار قرار دارد و نورون‌ها به طور مستقیم بر روی قلب تأثیر می‌گذارند و آن را تنظیم می‌کنند.,D,0.4287708401679992,B,0.9977610111236572,False,True,True,True,[0.08442999 0.37838894 0.10841025 0.42877084],[1.4942248e-03 9.9776101e-01 2.5965733e-04 4.8510378e-04],0.8134884834289551,0.37838894,0.99776101,0.6193720699999999,0.8872018456459045,0.6652714014053345,0.7603737711906433,0.8791404962539673,0.6656056642532349,0.7576143145561218
140,رنگ‌های قابل مشاهده که از کوتاه‌ترین به بلندترین طول موج فهرست شده‌اند، شامل بنفش، آبی، سبز، زرد، نارنجی و قرمز هستند. کدام یک از گزینه‌های زیر به درستی فرکانس این رنگ‌ها را با استفاده از این اطلاعات مقایسه می‌کند؟,"['آبی فرکانس بالاتری نسبت به بنفش دارد.', 'آبی فرکانس بالاتری نسبت به سبز دارد.', 'نارنجی فرکانس پایین\u200cتری نسبت به قرمز دارد.', 'بنفش فرکانس پایین\u200cتری نسبت به زرد دارد.']",B,با توجه به رابطه بین طول موج و فرکانس، رنگی با طول موج بلندتر، فرکانس کمتری دارد. بنابراین، رنگ‌هایی که طول موج بلندتری دارند، فرکانس کمتری دارند و گزینه‌ای که بیان می‌کند نارنجی فرکانس پایین‌تری نسبت به قرمز دارد، صحیح است.,A,0.5751965045928955,C,0.0003351543855387,False,False,False,False,[0.5751965  0.01550915 0.39378515 0.01550915],[6.7988336e-02 3.3515439e-04 9.3124610e-01 4.3034679e-04],0.8978143334388733,0.01550915,0.00033515439,-0.01517399561,0.7501872777938843,0.6773765087127686,0.7119250893592834,0.7501872777938843,0.6773765087127686,0.7119250893592834
141,لاس‌ وگاس به منابع تجدیدپذیر برای تولید برق دسترسی دارد، که شامل انرژی هیدرولیکی می‌شود. کدام یک از این منابع انرژی تجدیدپذیر است و می‌تواند بدون آسیب به محیط زیست در لاس‌ وگاس برق تولید کند؟,"['نفت', 'ژئوترمال', 'هسته\u200cای', 'خورشیدی']",D,انرژی زمین‌گرمایی از حرارت داخلی زمین برای تولید برق استفاده می‌کند و نسبت به منابع فسیلی پاک‌تر است و به محیط زیست آسیب نمی‌زند.,D,0.7703768610954285,B,0.1071246862411499,True,False,False,False,[3.3716038e-02 1.9554412e-01 3.6302759e-04 7.7037686e-01],[2.48027220e-03 8.89963925e-01 4.31006716e-04 1.07124686e-01],0.769347071647644,0.77037686,0.107124686,-0.663252174,0.8795292377471924,0.675948441028595,0.764416515827179,0.8784272074699402,0.6772114634513855,0.7648061513900757
142,شواهد یک واکنش شیمیایی کدام است؟,"['نور تولید شده توسط منیزیم هنگام سوختن', 'تبخیر آب از یک محلول', 'حباب زدن یک نوشیدنی گازدار', 'حرارت ناشی از یک لامپ']",A,تولید نور هنگام سوختن منیزیم نشان‌دهنده تغییر شیمیایی و واکنش آن با اکسیژن است.,A,0.7338041663169861,A,0.9909570217132568,True,True,True,True,[0.73380417 0.11297295 0.12801513 0.02520767],[0.990957   0.00458009 0.00277796 0.00168492],0.8040651679039001,0.73380417,0.990957,0.25715283,0.6772568225860596,0.5665026903152466,0.6169485449790955,0.6751049757003784,0.5670831203460693,0.6163972020149231
143,نیروهای سازنده یک رشته کوه جدید ایجاد می‌کنند. تغییرات جوی و فرسایش چگونه ویژگی‌های رشته کوه را در طول زمان تغییر خواهند داد؟,"['چیدمان سنگ\u200cها', 'بلورین شدن سنگ\u200cها', 'چروک شدن لایه\u200cهای سنگ\u200cها', 'گرد کردن اشکال سنگ\u200cها']",D,فرسایش باعث سایش و صاف شدن سطوح سنگی می‌شود و اشکال تیز را به اشکال گرد تبدیل می‌کند.,A,0.839708149433136,C,0.3042845726013183,False,False,False,False,[0.83970815 0.0421345  0.02895859 0.08919874],[0.23697706 0.01945226 0.43928608 0.30428457],0.6788655519485474,0.08919874,0.30428457,0.2150858299999999,0.9249221086502075,0.6085626482963562,0.7341098189353943,0.9279124736785889,0.608695387840271,0.7351466417312622
144,دانشمندان می‌دانند که زمین به طور مداوم در حال تغییر است. آن‌ها با فرآیندهایی که به طور روزانه، ماهانه و سالانه تکرار می‌شوند آشنا هستند. کدام یک از این‌ها یک رویداد طبیعی است که می‌توان پیش‌بینی کرد ماهانه اتفاق خواهد افتاد؟,"['انفجارهای آتشفشانی', 'فعالیت\u200cهای زلزله', 'مراحل ماه', 'مقدار بارش']",C,تغییرات منظم ماهانه به دلیل چرخش ماه به دور زمین رخ می‌دهد و قابل پیش‌بینی است.,C,0.9803199768066406,C,0.9968096613883972,True,True,True,True,[1.5985277e-02 5.4698606e-04 9.8031998e-01 3.1476875e-03],[2.4325373e-03 6.0897375e-05 9.9680966e-01 6.9693354e-04],0.868772029876709,0.98031998,0.99680966,0.01648968,0.9099788069725037,0.6682354211807251,0.7705926299095154,0.9130035042762756,0.697604775428772,0.790900707244873
145,زمانی که وزغ آبی به جوانه تبدیل می‌شود، خون‌سازهای آن به ریه تبدیل می‌شوند. اکنون برای زنده ماندن به چه چیزی نیاز دارد؟,"['هوا', 'آب', 'خاک', 'پره\u200cها']",A,پس از تبدیل خون‌سازها به ریه، وزغ برای تنفس به [MASK] نیاز دارد.,A,0.8138766288757324,A,0.9820072054862976,True,True,True,True,[8.1387663e-01 1.8124609e-01 5.8139098e-04 4.2959307e-03],[9.8200721e-01 1.5687747e-02 4.3133507e-04 1.8736341e-03],0.8161914944648743,0.81387663,0.98200721,0.16813058,0.8456040620803833,0.6270825266838074,0.7201309204101562,0.8143199682235718,0.613666296005249,0.6998956799507141
146,در یک برنامه بازیافت، کدام مواد می‌توانند بارها و بارها مورد استفاده مجدد قرار گیرند؟,"['قوطی\u200cهای فولادی', 'بطری\u200cهای شیشه\u200cای', 'ظروف کاغذی', 'ظروف پلاستیکی']",B,موادی که قابلیت بازیافت مکرر دارند، به دلیل ویژگی‌های فیزیکی خاص، قابل جمع‌آوری و ذوب مجدد هستند.,A,0.6663175821304321,A,0.0406619757413864,False,False,False,False,[0.6663176  0.03343419 0.05512366 0.24512455],[0.71794087 0.04066198 0.05916283 0.18223435],0.8316895365715027,0.03343419,0.04066198,0.0072277899999999,0.7914713025093079,0.6406573057174683,0.7081233859062195,0.7933033108711243,0.647709310054779,0.713151216506958
147,منبع انرژی زلزله از کجا ناشی می‌شود؟,"['از افزایش ناگهانی تابش خورشید که به زمین برخورد می\u200cکند', 'از کشش جاذبه ماه در هنگام نزدیک\u200cترین مدار', 'از سنگ\u200cهای تحت فشار که در اعماق زمین جابجا می\u200cشوند', 'از وزن رسوبات که بر روی سنگ بستر فشار می\u200cآورد']",C,انرژی زلزله از جابجایی ناگهانی سنگ‌های تحت فشار در اعماق زمین ناشی می‌شود که در اثر حرکات تکتونیکی ایجاد می‌شود.,C,0.9838548302650452,C,0.9744996428489684,True,True,True,False,[1.24576855e-02 3.56918667e-03 9.83854830e-01 1.18373275e-04],[2.2562724e-02 2.6947330e-03 9.7449964e-01 2.4293755e-04],0.8733733296394348,0.98385483,0.97449964,-0.0093551899999999,0.9157452583312988,0.7524229884147644,0.8260890245437622,0.915745198726654,0.7524229288101196,0.8260890245437622
148,یک پله‌برقی در یک مرکز خرید 10 متر طول دارد و با سرعت ثابت 0.5 متر بر ثانیه حرکت می‌کند. اگر خوزه در حالی که پله‌برقی در حال حرکت است، از پایین بر روی آن پا بگذارد، چقدر طول می‌کشد تا 10 متر را طی کند؟,"['5 ثانیه', '10 ثانیه', '15 ثانیه', '20 ثانیه']",D,زمان طی کردن مسافت ۱۰ متر با سرعت ۰.۵ متر بر ثانیه، با استفاده از رابطه زمان = مسافت / سرعت، برابر با ۱۰ / ۰.۵ = ۲۰ ثانیه است، ولی خوزه سریع‌تر می‌رسد.,A,0.7000143527984619,D,0.8570032119750977,False,True,True,True,[0.70001435 0.09473664 0.12164426 0.08360479],[0.11598277 0.01778653 0.00922753 0.8570032 ],0.8113768100738525,0.08360479,0.8570032,0.77339841,0.6665289402008057,0.6042900085449219,0.633885383605957,0.667238712310791,0.6029046773910522,0.6334424018859863
149,شخصی به نام جوآن در حال آزمایش خاک‌ها است تا ببیند کدام نوع برای رشد گل‌ها مناسب‌تر است. او باید کدام یک از کارهای زیر را انجام دهد؟,"['گل\u200cها را در یک نوع خاک بکارید، اما به برخی از گیاهان بیشتر از سایرین آب بدهید.', 'گل\u200cها را در یک نوع خاک بکارید، تربچه\u200cها را در نوع دیگری و بابونه\u200cها را در نوع سومی بکارید.', 'گل\u200cها را در سه نوع خاک بکارید و به هر کدام مقدار متفاوتی نور خورشید بدهید.', 'گل\u200cها را در سه نوع خاک بکارید و به همه آنها مقدار یکسانی آب و نور خورشید بدهید.']",D,برای مقایسه مناسب بودن انواع خاک، باید شرایطی مانند آب و نور خورشید را ثابت نگه داشت و تنها نوع خاک را تغییر داد.,A,0.3781787753105163,D,0.9895094633102416,False,True,True,True,[0.37817878 0.12182122 0.12182122 0.37817878],[9.7387768e-03 5.0025643e-04 2.5154473e-04 9.8950946e-01],0.7762863636016846,0.37817878,0.98950946,0.61133068,0.8271466493606567,0.6415613889694214,0.7226287722587585,0.8282421231269836,0.6438589096069336,0.7245033979415894
150,وزن یک جسم می‌تواند تغییر کند حتی زمانی که جرم همانطور که هست باقی بماند. کدام جمله به درستی رابطه‌ای بین جرم و وزن را شناسایی می‌کند؟,"['وزن یک جسم به جرم و حجم آن بستگی دارد.', 'جاذبه بر وزن یک جسم تأثیر می\u200cگذارد اما بر جرم آن نه.', 'جرم یک جسم به وزن و اندازه آن بستگی دارد.', 'میدان\u200cهای مغناطیسی می\u200cتوانند بر جرم تأثیر بگذارند اما بر وزن نه.']",B,نیروی جاذبه بر وزن تأثیر می‌گذارد ولی بر جرم تأثیری ندارد.,A,0.809581458568573,B,0.9952268600463868,False,True,True,True,[0.80958146 0.18064204 0.0060854  0.00369098],[4.5551206e-03 9.9522686e-01 1.5107210e-04 6.7037836e-05],0.8698487877845764,0.18064204,0.99522686,0.8145848200000001,0.8877723813056946,0.6178960204124451,0.7286478281021118,0.887772262096405,0.6178960204124451,0.7286478281021118
151,یک شباهت بین یک نمونه کوچک و جامد از آلومینیوم و یک نمونه بزرگ و مایع از آلومینیوم این است که هر دو نمونه دارای,"['شکل معین.', 'حجم معین.', 'همان تعداد اتم\u200cها هستند.', 'همان مقدار انرژی دارند.']",B,هر دو نمونه آلومینیوم، کوچک و جامد یا بزرگ و مایع، حجم معینی دارند که مشخص است.,C,0.5279221534729004,B,0.9946187734603882,False,True,True,True,[0.46588966 0.00403074 0.52792215 0.0021575 ],[5.1887878e-03 9.9461877e-01 5.4149863e-05 1.3827650e-04],0.8713575005531311,0.00403074,0.99461877,0.99058803,0.7876397371292114,0.617551863193512,0.6923018097877502,0.7876397371292114,0.6175518035888672,0.692301869392395
152,کدام قسمت از اتم دور مرکز اتم می‌چرخد؟,"['پروتون', 'هسته', 'نوترون', 'الکترون']",D,ذرات کوچک با بار منفی دور مرکز اتم می‌چرخند.,D,0.8471898436546326,D,0.9856202602386476,True,True,True,True,[0.06173087 0.08981789 0.00126132 0.84718984],[8.4609259e-03 5.1318109e-03 7.8698870e-04 9.8562026e-01],0.7171373963356018,0.84718984,0.98562026,0.13843042,0.7653162479400635,0.5452114939689636,0.6367804408073425,0.7641494274139404,0.5476006865501404,0.6380006670951843
153,کدامیک از این موارد در تمامی موجودات یافت می‌شود؟,"['یک سلول', 'یک بافت', 'یک اندام', 'یک سیستم اندامی']",A,همه موجودات زنده حداقل از [MASK] تشکیل شده‌اند.,B,0.4317352771759033,A,0.9754519462585448,False,True,True,True,[0.12369423 0.43173528 0.01283515 0.43173528],[9.7545195e-01 1.4078090e-02 7.9423148e-04 9.6757198e-03],0.8393821716308594,0.12369423,0.97545195,0.8517577199999999,0.8333053588867188,0.617782473564148,0.7095386385917664,0.8184611797332764,0.586520254611969,0.6833457946777344
154,چرخه‌های حیات گیاهان و حیوانات به چه دلیل مشابه هستند؟,"['به عنوان تخم آغاز می\u200cشوند.', 'نیاز به همان مقدار زمان دارند.', 'دارای مراحل آغازین، رشد و بلوغ هستند.', 'از مراحل ابتدایی به والدین خود شباهت دارند.']",C,هر دو شامل مراحل آغازین، رشد و بلوغ می‌باشند.,C,0.9341597557067872,C,0.9498273134231568,True,True,True,True,[0.05983559 0.00337569 0.93415976 0.00262899],[0.0474742  0.00159929 0.9498273  0.00109918],0.7049867510795593,0.93415976,0.9498273,0.01566754,0.8421286344528198,0.5685527920722961,0.6788131594657898,0.8421285152435303,0.5685527324676514,0.678813099861145
155,دختری به مدت 30 دقیقه راه رفت. او متوجه شد که در 15 دقیقه اول راه رفتن خود، مسافت بیشتری نسبت به 15 دقیقه دوم پیموده است. او چه نتیجه‌ای می‌تواند دربارهٔ راه رفتن خود بگیرد؟,"['او از روی تپه\u200cهای زیادی عبور کرد.', 'سرعت متوسط او در نیمه اول راه رفتن سریع\u200cتر بود.', 'او به دو جهت مختلف راه رفت.', 'او با سرعت ثابت راه می\u200cرفت.']",B,او در نیمه اول مسافت بیشتری پیمود، پس سرعت متوسط او در نیمه اول بیشتر بود.,B,0.9422872066497804,B,0.9782570600509644,True,True,True,True,[0.04691372 0.9422872  0.00264669 0.00815238],[2.0502321e-02 9.7825706e-01 6.5904605e-04 5.8160612e-04],0.8130887746810913,0.9422872,0.97825706,0.03596986,0.8381285667419434,0.6554423570632935,0.7356128096580505,0.8382477760314941,0.6606930494308472,0.7389544248580933
156,تکرار آزمایش‌ها احتمال بدست آوردن نتایج دقیق را بهبود می‌بخشد زیرا نتایج کلی,"['کمتر احتمال دارد فرضیه را صحیح ثابت کند.', 'بیشتر احتمال دارد فرضیه را صحیح ثابت کند.', 'کمتر احتمال دارد که صحیح باشد زیرا اشتباهات کمتری انجام می\u200cشود.', 'بیشتر احتمال دارد که صحیح باشد زیرا اشتباهات کمتری انجام می\u200cشود.']",D,تکرار آزمایش‌ها نتایج کلی را قابل اعتمادتر می‌کند و فرضیه را با اطمینان بیشتری اثبات می‌کند.,B,0.6655253171920776,B,0.3564904034137726,False,False,False,False,[0.07979676 0.6655253  0.01079932 0.24387857],[0.03786851 0.5877533  0.01788782 0.3564904 ],0.9105398654937744,0.24387857,0.3564904,0.11261183,0.8289707899093628,0.6482447981834412,0.727552592754364,0.8289707899093628,0.6482447981834412,0.727552592754364
157,سوال: زنگ در یک الکترومغناطیس ساده دارد. کدام تغییر به احتمال زیاد قدرت یک الکترومغناطیس را افزایش می‌دهد؟,"['A) سیم\u200cهای بلندتر', 'B) حلقه\u200cهای سیم کمتر', 'C) هسته آلومینیومی', 'D) منبع انرژی بزرگتر']",D,افزایش منبع انرژی باعث افزایش جریان و میدان مغناطیسی می‌شود.,C,0.4596113264560699,D,0.8508793711662292,False,True,True,True,[0.17040768 0.09121266 0.45961133 0.27876836],[0.08933239 0.04219763 0.01759059 0.8508794 ],0.8649724721908569,0.27876836,0.8508794,0.57211104,0.8397817015647888,0.6677145957946777,0.7439281940460205,0.8397817015647888,0.6677145957946777,0.7439281940460205
158,ده گرم شکر در ۱۰۰ گرم آب حل شده است. مقدار کل محلول شکر و آب چند گرم است؟,"['۹۰ گرم', '۱۰۰ گرم', '۱۱۰ گرم', '۱۰۰۰ گرم']",C,با جمع ۱۰ گرم شکر و [MASK] آب، وزن کل محلول برابر با [MASK] است.,C,0.5123811364173889,B,0.2195979505777359,True,False,False,False,[0.02591168 0.45217475 0.51238114 0.00953237],[0.01163827 0.76647216 0.21959795 0.00229171],0.8957411646842957,0.51238114,0.21959795,-0.29278319,0.8325963616371155,0.6540657877922058,0.732611358165741,0.8342583179473877,0.6424846649169922,0.7259193658828735
159,یک ژن در نوعی باکتری جهش می‌یابد. زمانی که این باکتری‌ها به‌صورت غیرجنسی تولیدمثل می‌کنند، این جهش تنها می‌تواند توسط,"['انواع مختلف باکتری\u200cها.', 'سلول\u200cهای باکتری که غیر تولیدمثل هستند.', 'سلول\u200cهای باکتری که ژن را ندارند.', 'نوادگان مستقیم باکتری\u200cها.']",D,تولیدمثل غیرجنسی باکتری‌ها از طریق تقسیم مستقیم سلول است، بنابراین جهش ژنی تنها به سلول‌های فرزند مستقیم منتقل می‌شود.,B,0.9332627654075624,B,0.2907837629318237,False,False,False,False,[0.03171694 0.93326277 0.01322159 0.02179871],[1.1452464e-02 6.9755399e-01 2.0975919e-04 2.9078376e-01],0.8825324177742004,0.02179871,0.29078376,0.26898505,0.7842023968696594,0.646764874458313,0.70888352394104,0.7842023968696594,0.646764874458313,0.70888352394104
160,انتقال حرارت بخشی از زندگی روزمره است. کدام یک از این مثال‌ها که شامل انتقال حرارت است، عمدتاً از طریق هدایت (انتقال حرارت) اتفاق می‌افتد؟,"['خورشید زمین را گرم می\u200cکند.', 'یک فر داغ یک آشپزخانه سرد را گرم می\u200cکند.', 'یک آتش\u200cبس دست\u200cهای یک فرد را گرم می\u200cکند.', 'سوپ داغ دسته یک قاشق فلزی را گرم می\u200cکند.']",D,گرمای سوپ از طریق تماس مستقیم با قاشق فلزی منتقل می‌شود که نمونه‌ای از هدایت حرارتی است.,A,0.4728522598743438,A,0.3204319775104522,False,False,False,False,[0.47285226 0.17531696 0.15471667 0.19711414],[0.46988243 0.11788034 0.0918053  0.32043198],0.8506307601928711,0.19711414,0.32043198,0.12331784,0.7737400531768799,0.6260545253753662,0.6921064853668213,0.7756186723709106,0.6281715631484985,0.6941515803337097
161,کدام اصطلاح برای توصیف یک ویژگی فیزیکی معدنی استفاده می‌شود؟,"['الف) ارگانیک', 'ب) جامد', 'ج) گازی', 'د) فسیل\u200cدار']",B,ویژگی فیزیکی مواد معدنی حالت جامد آنهاست.,B,0.4900266826152801,B,0.9899734258651732,True,True,True,True,[0.10933974 0.49002668 0.0190004  0.38163316],[0.00172653 0.9899734  0.0020826  0.00621749],0.8478548526763916,0.49002668,0.9899734,0.49994672,0.8028151392936707,0.6470947265625,0.7165927290916443,0.8028151392936707,0.6470947861671448,0.7165927886962891
162,اگر ۱۰۰ گرم سرکه و ۵ گرم جوش شیرین در یک ظرف ریخته شود، مقدار کمی گاز تولید خواهد شد. اگر گاز در ظرف محبوس شود، جرم نهایی محصولات چه مقدار خواهد بود؟,"['۱۰۰ گرم', '۱۰۴ گرم', '۱۰۵ گرم', '۱۱۰ گرم']",C,جرم مواد اولیه [MASK] است و طبق قانون پایستگی جرم، جرم محصولات نیز برابر با جرم واکنش دهنده‌ها خواهد بود، اما گاز تولیدی درون ظرف باقی می‌ماند.,B,0.9099708199501038,B,0.0080466233193874,False,False,False,False,[0.06540509 0.9099708  0.0100302  0.01459385],[0.15911506 0.80805296 0.00804662 0.02478535],0.556086003780365,0.0100302,0.00804662,-0.0019835799999999,0.7857475280761719,0.6304391622543335,0.699577271938324,0.762752890586853,0.6192712783813477,0.6835639476776123
163,گیاهان بلند بر گیاهان کوتاه غالب هستند. نتیجه چه خواهد بود اگر دو گیاه کوتاه به هم جفت شوند؟,"['همه گیاهان بلند', 'همه گیاهان کوتاه', 'نصف گیاهان بلند، نصف گیاهان کوتاه', '۱/۴ گیاهان بلند، ۱/۳ گیاهان کوتاه']",B,دو گیاه کوتاه همگن برای صفت کوتاه بودن، فرزندان کوتاه تولید می‌کنند.,B,0.5936473608016968,B,0.9254486560821532,True,True,True,True,[0.36006534 0.59364736 0.00833664 0.03795061],[0.02783718 0.92544866 0.00621131 0.04050285],0.7364407777786255,0.59364736,0.92544866,0.3318013000000001,0.7406031489372253,0.5210001468658447,0.6116888523101807,0.7406031489372253,0.5210001468658447,0.6116888523101807
164,در مقایسه با خورشید، یک ستارهٔ قرمز احتمالاً دارای چه چیزی بیشتری است؟,"['حجم.', 'ش velocidade چرخش.', 'دمای سطح.', 'تعداد سیارات در حال گردش.']",A,ستاره‌های قرمز در مرحله تکامل بعدی، حجم بیشتری دارند.,C,0.6881014108657837,A,0.9913911819458008,False,True,True,True,[0.15293759 0.15293759 0.6881014  0.00602342],[9.9139118e-01 6.5956735e-03 1.4716936e-03 5.4140587e-04],0.8336549997329712,0.15293759,0.99139118,0.8384535900000001,0.8934991955757141,0.6888304948806763,0.7779282331466675,0.8934991955757141,0.6888304948806763,0.7779282331466675
165,بدن ماهی به وسیله‌ی پوشش فلس‌ها پوشیده شده است به منظور,"['جوانب دکوری.', 'حفاظت.', 'رنگ\u200cآمیزی.', 'تولید مثل.']",B,حفاظت از بدن در برابر آسیب‌ها و عوامل بیماری‌زا.,B,0.9666528701782228,B,0.9925512075424194,True,True,True,True,[0.02926174 0.96665287 0.00100128 0.00308416],[5.8132624e-03 9.9255121e-01 1.2971142e-03 3.3837245e-04],0.4678149223327636,0.96665287,0.99255121,0.02589834,0.8620423674583435,0.5732645988464355,0.6886030435562134,0.8620424270629883,0.5732645988464355,0.6886030435562134
166,کدام یک احتمالاً در توصیف تغییر موقعیت یک جسم مورد نیاز است؟,"['سرعت اولیه', 'تغییر جهت', 'نقطه مرجع', 'نرخ ثابت']",C,تعیین تغییر موقعیت جسم نسبت به یک [MASK] ضروری است.,C,0.969106137752533,C,0.9955033659934998,True,True,True,True,[0.01572545 0.01387766 0.96910614 0.00129082],[3.5624055e-03 5.8154674e-04 9.9550337e-01 3.5272591e-04],0.8204237818717957,0.96910614,0.99550337,0.02639723,0.853303074836731,0.6167901754379272,0.7160211801528931,0.8338829874992371,0.604525089263916,0.7009181380271912
167,اِلِسا در حال دسته‌بندی انواع انرژی به‌عنوان انرژی‌های پتانسیل یا جنبشی بود. کدام یک از این‌ها نوعی از انرژی پتانسیل است؟,"['انرژی صوتی', 'انرژی تابشی', 'انرژی حرارتی', 'انرژی شیمیایی']",D,[MASK] نوعی انرژی پتانسیل است که در مواد ذخیره شده و قابلیت تبدیل به انرژی جنبشی را دارد.,A,0.3929938673973083,D,0.7908080816268921,False,True,True,True,[0.39299387 0.02182746 0.23836283 0.34681585],[0.13742185 0.01448416 0.05728595 0.7908081 ],0.883235514163971,0.34681585,0.7908081,0.44399225,0.9156489968299866,0.7604671716690063,0.8308743834495544,0.9047658443450928,0.745484471321106,0.8174383044242859
168,کدام ویژگی برخی از پرندگان جوان به آنها کمک می‌کند تا قبل از یادگیری پرواز از شکار شدن جلوگیری کنند؟,"['به\u200cصورت بلند جیک\u200cجیک کردن به تقلید از والدین خود', 'از تخم\u200cمرغی که والدین گذاشته\u200cاند، بیرون آمده\u200cاند', 'رنگ قهوه\u200cای خال\u200cدار که شبیه برگ\u200cها است', 'پره\u200cهای کوچک برای خوردن دانه\u200cها']",C,رنگ قهوه‌ای خال‌دار پرندگان جوان با محیط هماهنگ شده و از شکار شدن جلوگیری می‌کند.,C,0.3737841546535492,C,0.9891371130943298,True,True,True,True,[0.2911034  0.32986337 0.37378415 0.00524908],[9.7351121e-03 1.0260734e-03 9.8913711e-01 1.0159502e-04],0.9209429621696472,0.37378415,0.98913711,0.6153529600000001,0.8616317510604858,0.609214186668396,0.7137637734413147,0.8616317510604858,0.6092141270637512,0.7137637734413147
169,در یک تحقیق، کدام‌یک از این رویه‌ها برای رسیدن به یک نتیجه مهم‌ترین است؟,"['طبقه\u200cبندی و ترتیب\u200cدهی روش\u200cها', 'ارزیابی و تفسیر داده\u200cها', 'توسعه چندین فرضیه', 'پیش\u200cبینی محتمل\u200cترین نتیجه']",B,[MASK] برای درک معنا و مفهوم آن‌ها و رسیدن به نتایج تحقیق ضروری است.,B,0.7444079518318176,B,0.6445940136909485,True,True,True,False,[0.18784855 0.74440795 0.05424162 0.01350181],[0.2676592  0.644594   0.07728709 0.01045967],0.7019915580749512,0.74440795,0.644594,-0.09981395,0.7556362748146057,0.5410745143890381,0.630604088306427,0.7454121708869934,0.5325056314468384,0.6212233304977417
170,غشای سلولی به عنوان انتخابی عبوری توصیف می‌شود. چهار دانشجو از آنها خواسته شد که توضیح دهند این به چه معناست و پاسخ‌های زیر را ارائه دادند. دانشجوی ۱: غشای سلولی از ورود تمام مواد به سلول جلوگیری می‌کند. دانشجوی ۲: غشای سلولی تنها حمایت ساختاری برای سلول فراهم می‌کند. دانشجوی ۳: غشای سلولی تنظیم می‌کند که کدام مواد می‌توانند به داخل و خارج از سلول وارد شوند. دانشجوی ۴: غشای سلولی اجازه می‌دهد که آب و مواد محلول در آب وارد سلول شوند. کدام دانشجو به درستی عملکرد غشای انتخابی عبوری را شناسایی کرده است؟,"['دانشجو ۱', 'دانشجو ۲', 'دانشجو ۳', 'دانشجو ۴']",C,غشای سلولی کنترل می‌کند که کدام مواد وارد یا خارج می‌شوند، محیط داخلی سلول را تنظیم می‌کند.,A,0.8435295820236206,C,0.9848708510398864,False,True,True,True,[0.8435296  0.00239255 0.00835083 0.14572708],[1.3300784e-02 4.6957511e-04 9.8487085e-01 1.3587606e-03],0.7619131207466125,0.00835083,0.98487085,0.97652002,0.8626381754875183,0.6092125177383423,0.7141077518463135,0.8626381754875183,0.6092125177383423,0.7141077518463135
171,سوج متوجه شد که نهنگ‌ها از صدا برای ناوبری و ارتباط با دیگر نهنگ‌ها استفاده می‌کنند. برخی از دانشمندان معتقدند که آلودگی صوتی در زیستگاه‌های نهنگ ممکن است به جمعیت نهنگ‌ها آسیب برساند. اثر محتمل آلودگی صوتی بر نهنگ‌ها چیست؟,"['تغییر در ماده ژنتیکی نهنگ\u200cها', 'جریان معکوس انرژی در زیستگاه\u200cهای نهنگ', 'کاهش جمعیت موجودات غذایی در زیستگاه\u200cهای نهنگ', 'فصلت خانواده\u200cهای نهنگ']",D,آلودگی صوتی می‌تواند ارتباط بین نهنگ‌ها را مختل و باعث جدایی خانواده‌هایشان شود که منجر به کاهش توانایی‌های اجتماعی و حفاظتی آن‌ها می‌شود.,C,0.6433908939361572,D,0.7676435708999634,False,True,True,True,[0.14300022 0.2080641  0.6433909  0.00554472],[0.11864527 0.10470407 0.0090071  0.7676436 ],0.8694855570793152,0.00554472,0.7676436,0.76209888,0.7454937100410461,0.600339949131012,0.6650890707969666,0.7472293972969055,0.6056870222091675,0.6690540909767151
172,کدام یک از این موارد تعیین می‌کند که آیا یک تخم بارور شده به یک وزغ، یک مار یا یک سوسمار تبدیل می‌شود؟,"['جنس تخم', 'سن تخم', 'اندازه تخم', 'ژن\u200cهای تخم']",D,ژن‌های موجود در تخم بارور شده، مسیر تکامل آن به یک گونه خاص را مشخص می‌کنند.,A,0.6309426426887512,D,0.8559247851371765,False,True,True,True,[0.63094264 0.2040385  0.00611348 0.15890534],[8.9511760e-02 5.4291625e-02 2.7184995e-04 8.5592479e-01],0.8620873689651489,0.15890534,0.85592479,0.69701945,0.9472798705101013,0.719995379447937,0.8181458115577698,0.9479745030403137,0.7219235897064209,0.8196490406990051
173,سؤالی: یک شخص یک ماهی بزرگ به نام هالیبوت را صید و اندازه‌گیری می‌کند. او فکر می‌کند که این هالیبوت از نظر اندازه بالاتر از میانگین است. برای کمک به حمایت از تفکر او، اندازه‌گیری چه چیزی بیشتر مفید خواهد بود؟,"['الف) انواع مختلف ماهی\u200cها.', 'ب) بسیاری از ماهی\u200cهای همان نوع.', 'ج) ماهی\u200cهای از همان محل.', 'د) ماهی\u200cها در فصل\u200cهای مختلف.']",B,اندازه‌گیری بسیاری از ماهی‌های هالیبوت مشابه، کمک می‌کند تا میانگین اندازه آنها مشخص شود و هالیبوت صید شده مقایسه شود.,B,0.8776739239692688,B,0.9887794256210328,True,True,True,True,[0.01418628 0.8776739  0.02650346 0.0816364 ],[0.00397827 0.9887794  0.00273422 0.00450797],0.9131837487220764,0.8776739,0.9887794,0.1111054999999999,0.8447866439819336,0.6530163288116455,0.7366248965263367,0.8447866439819336,0.6530163288116455,0.7366248965263367
174,در یک سلسله از واکنش‌های شیمیایی، X→Y→Z→A، X به Y تبدیل می‌شود، Y به Z تبدیل می‌شود و Z به A تبدیل می‌شود. کدام واژه فرآیند را توصیف می‌کند اگر تولید A با تبدیل X به Y تداخل داشته باشد؟,"['یک پاسخ مکمل', 'یک سیستم کنترل', 'بازخورد منفی', 'بازخورد مثبت']",C,افزایش تولید A باعث تقویت تبدیل X به Y می‌شود که نشان‌دهنده یک فرآیند [MASK] است.,A,0.8090483546257019,D,0.0642358511686325,False,False,False,False,[0.80904835 0.0278468  0.02168711 0.14141771],[0.2259636  0.01649713 0.06423585 0.6933034 ],0.8328359127044678,0.02168711,0.06423585,0.04254874,0.7785471081733704,0.6160293817520142,0.6878186464309692,0.7856729626655579,0.6139544248580933,0.6892796754837036
175,بسته‌های آلومینیومی می‌توانند ذوب شوند و به محصولات جدید تبدیل شوند. بازچرخانی آلومینیوم چگونه احتمالاً به نفع جوامع خواهد بود؟,"['افراد انرژی کمتری مصرف خواهند کرد.', 'افراد نوشیدنی بیشتری خواهند نوشید.', 'افراد زباله کمتری به محل\u200cهای دفن زباله اضافه خواهند کرد.', 'افراد چیزهای بیشتری در قوطی خریداری خواهند کرد.']",C,بازچرخانی آلومینیوم موجب کاهش حجم زباله‌های ارسالی به محل‌های دفن زباله می‌شود، بنابراین [MASK],A,0.7380515336990356,C,0.7487848997116089,False,True,True,True,[0.73805153 0.06864949 0.16468157 0.02861736],[0.24120308 0.00500601 0.7487849  0.00500601],0.8414709568023682,0.16468157,0.7487849,0.58410333,0.87490314245224,0.6129271984100342,0.7208508253097534,0.869419515132904,0.6026605367660522,0.711870014667511
176,تئوری بیگ بنگ بیان می‌کند که جهان,"['در حال انقباض است.', 'آغاز ندارد.', 'به عنوان یک جرم واحد آغاز شده است.', 'به طور مداوم در حال شکل\u200cگیری هیدروژن است.']",C,جهان از یک نقطه بسیار داغ و متراکم به عنوان یک جرم واحد آغاز شده و سپس در اثر یک انفجار بزرگ شروع به گسترش کرده است.,B,0.5664430260658264,C,0.9482691287994384,False,True,True,True,[0.23612858 0.566443   0.18389712 0.01353125],[4.7119420e-02 3.9287065e-03 9.4826913e-01 6.8270683e-04],0.5641010403633118,0.18389712,0.94826913,0.76437201,0.925204873085022,0.7133270502090454,0.8055670857429504,0.9259294271469116,0.7180863618850708,0.8088697791099548
177,عینک‌ها دارای دو بازو به نام «تمپل» هستند که با مفاصل بسیار کوچک به لنزهای چشم متصل می‌شوند. کدامیک از گزینه‌های زیر مانند مفاصل عینک عمل می‌کند؟,"['زانو', 'انگشتان', 'ستون فقرات گردن', 'پایه\u200cی انگشت شست']",A,مفاصل کوچک و متحرک در بدن انسان، امکان حرکت و انعطاف پذیری را فراهم می کنند. نمونه آن در [MASK] وجود دارد.,C,0.9429630637168884,C,0.4573304355144501,False,False,False,False,[0.05304271 0.00236723 0.94296306 0.00162697],[0.45733044 0.0178717  0.5182233  0.00657463],0.8216722011566162,0.05304271,0.45733044,0.40428773,0.8385952711105347,0.7146568298339844,0.7716813683509827,0.8417431116104126,0.710091233253479,0.7703327536582947
178,منبع اصلی انرژی که باعث تبخیر آب از سطح آب‌های موجود می‌شود چیست؟,"['تابش خورشیدی', 'تعریق گیاهان', 'حرارت از توده\u200cهای زمینی نزدیک', 'جریان\u200cهای همرفتی در آب']",A,انرژی خورشیدی مستقیماً بر سطح آب تأثیر گذاشته و با افزایش دما، مولکول‌های آب به انرژی لازم برای تبدیل به بخار دست می‌یابند.,A,0.9602280855178832,A,0.998621702194214,True,True,True,True,[0.9602281  0.00439923 0.03301803 0.00235474],[9.9862170e-01 6.3077157e-04 4.2018446e-04 3.2723998e-04],0.8538140058517456,0.9602281,0.9986217,0.0383935999999999,0.8472169041633606,0.6916457414627075,0.7615675926208496,0.8493404388427734,0.6985068321228027,0.766574501991272
179,اکثر سیم‌های الکتریکی با پلاستیک یا لاستیک پوشانده شده‌اند. سیم‌ها با پلاستیک یا لاستیک پوشانده شده‌اند زیرا این مواد,"['رسانای برق هستند', 'مدارهای الکتریکی کامل می\u200cسازند', 'رسانای برق نیستند', 'الکتریسیته را سریع حرکت می\u200cدهند']",C,پلاستیک و لاستیک از مواد عایق هستند که مانع عبور جریان الکتریکی می‌شوند و از اتصالات ناخواسته جلوگیری می‌کنند.,C,0.4204864203929901,C,0.9773136973381042,True,True,True,True,[0.19862372 0.00981194 0.42048642 0.37107795],[2.0125652e-02 1.8719772e-03 9.7731370e-01 6.8866188e-04],0.8999510407447815,0.42048642,0.9773137,0.5568272799999999,0.8134897351264954,0.6331138610839844,0.7120563983917236,0.813581109046936,0.6376421451568604,0.7149466872215271
180,کدام یک از این رویدادها تقریباً هر سه ماه یک بار رخ می‌دهد؟,"['جزر و مد بالا', 'ماه نو', 'فصل نو', 'کسوف']",C,[MASK] هر ۲۹.۵ روز یک بار رخ می‌دهد که نزدیک به سه ماه است.,A,0.9165226221084596,A,0.0040808194316923,False,False,False,False,[0.9165226  0.05195976 0.0037056  0.02781205],[0.8692458  0.07121282 0.00408082 0.0554606 ],0.8035508394241333,0.0037056,0.00408082,0.0003752199999999,0.9299692511558533,0.7129830121994019,0.8071473240852356,0.9351184964179993,0.7068014144897461,0.8050857186317444
181,مقایسه‌ی اسکلت‌های کدام‌یک از ماهی‌های زیر بهترین نمایش‌دهنده‌ی تکامل یک گونه‌ی ماهی خواهد بود؟,"['یک ماهی نر و یک ماهی ماده که می\u200cتوانند نسل\u200cآوری کنند', 'همان ماهی، درست قبل از اینکه یک برش بخورد و بعد از اینکه بهبود یافت', 'یک ماهی که اخیراً زندگی کرده و یک ماهی که مدت\u200cها پیش زندگی کرده است', 'همان ماهی، بلافاصله بعد از اینکه تخم\u200cگذاری کرد و زمانی که به سن کامل رسید']",C,مقایسه اسکلت ماهی‌های قدیم و جدید، تغییرات انباشته شده در طول زمان را نشان می‌دهد و بهترین نمایش‌دهنده تکامل یک گونه است.,B,0.5969856977462769,B,0.2122718244791031,False,False,False,False,[0.1515324  0.5969857  0.08110945 0.17037244],[0.11362092 0.648755   0.21227182 0.02535225],0.8648218512535095,0.08110945,0.21227182,0.13116237,0.7514950037002563,0.6620795726776123,0.7039593458175659,0.7514950037002563,0.6620795726776123,0.7039593458175659
182,سوالی: یک دانش‌آموز در حال سازماندهی یک اتاق است. او یک جعبه را از زمین به روی یک قفسه منتقل می‌کند. او می‌خواهد مقدار انرژی پتانسیل جعبه را روی قفسه تخمین بزند. این دانش‌آموز به چه اطلاعاتی نیاز دارد؟,"['الف) حجم و جرم جعبه', 'ب) جرم قفسه و جرم جعبه', 'ج) جرم جعبه و ارتفاع قفسه', 'د) حجم جعبه و ارتفاع قفسه']",C,دانش‌آموز به جرم جعبه و ارتفاع قفسه نیاز دارد زیرا انرژی پتانسیل با U = mgh محاسبه می‌شود.,C,0.9529887437820436,C,0.9899575114250184,True,True,True,True,[0.02866557 0.00639615 0.95298874 0.01194959],[8.4981583e-03 5.6051434e-04 9.8995751e-01 9.8373322e-04],0.8384917378425598,0.95298874,0.98995751,0.0369687699999999,0.7747384309768677,0.6400665044784546,0.7009929418563843,0.7747384309768677,0.6400665044784546,0.7009929418563843
183,کدام یک از عناصر زیر کمترین قابلیت هدایت الکتریکی را دارد؟,"['سدیم', 'تنگستن', 'زینک', 'آرگون']",D,[MASK] به عنوان یک گاز نجیب، الکترون‌هایش در لایه‌های کامل پر شده و امکان حرکت آزادانه ندارند.,D,0.4924213290214538,D,0.512395977973938,True,True,True,True,[0.26357415 0.23260336 0.0114011  0.49242133],[0.16635062 0.31078386 0.01046957 0.512396  ],0.8487846255302429,0.49242133,0.512396,0.0199746699999999,0.9204947352409363,0.755632758140564,0.8299559950828552,0.913541316986084,0.7344554662704468,0.8142678737640381
184,کدامیک از این گزینه‌ها بهترین توصیف را از نحوه شکل‌گیری سطح یک ساحل ارائه می‌دهد؟,"['فرسایش مکانیکی', 'فرسایش شیمیایی', 'حرکت توده\u200cای', 'فوران آتشفشانی']",A,[MASK] ناشی از امواج دریا و حرکت آب، مواد ساحلی را جدا و می‌شکند و سطح ساحل را شکل می‌دهد.,A,0.7223596572875977,A,0.9298726320266724,True,True,True,True,[0.72235966 0.03186249 0.23543371 0.01034424],[0.92987263 0.00557259 0.05898216 0.00557259],0.7526652216911316,0.72235966,0.92987263,0.20751297,0.7641820907592773,0.5902920961380005,0.6660749316215515,0.7720916867256165,0.5891029834747314,0.6682975888252258
185,علاوه بر اکسیژن، گیاهان در طول فتوسنتز چه چیزی تولید می‌کنند؟,"['A) کلروفیل', 'B) قند', 'C) دی\u200cاکسید کربن', 'D) انرژی نوری']",B,گیاهان در فتوسنتز، انرژی نورانی را به انرژی شیمیایی تبدیل و قند تولید می‌کنند.,C,0.8015420436859131,B,0.9734722375869752,False,True,True,True,[0.0509415  0.10784318 0.80154204 0.03967328],[0.01388584 0.97347224 0.00954359 0.00309835],0.8149884939193726,0.10784318,0.97347224,0.86562906,0.8753520250320435,0.6872146129608154,0.7699571847915649,0.8753520250320435,0.6872146129608154,0.7699571847915649
186,چهار توپ جامد، که هر کدام دارای جرم متفاوتی هستند، با همان سرعت در حال حرکت هستند. کدام توپ برای متوقف کردن حرکت خود به بیشترین نیرو نیاز دارد؟,"['توپ با جرم ۵ کیلوگرم', 'توپ با جرم ۱۰ کیلوگرم', 'توپ با جرم ۱۵ کیلوگرم', 'توپ با جرم ۲۰ کیلوگرم']",D,توپی با جرم بیشتر برای متوقف شدن به نیروی بیشتری نیاز دارد. طبق قانون دوم نیوتن، هر چه جرم بیشتر باشد، نیروی مورد نیاز برای ایجاد شتاب منفی بیشتر است.,D,0.364513486623764,B,0.4424648284912109,True,False,False,False,[0.2838834  0.321682   0.02992109 0.3645135 ],[0.04591244 0.50137836 0.01024445 0.44246483],0.8977588415145874,0.3645135,0.44246483,0.0779513299999999,0.8312766551971436,0.7255790829658508,0.7748398780822754,0.8304652571678162,0.7258660793304443,0.7746506333351135
187,درون سلول‌ها، مولکول‌های ویژه‌ای پیام‌ها را از غشاء به هسته منتقل می‌کنند. کدام سیستم بدن از فرآیند مشابهی استفاده می‌کند؟,"['سیستم غدد درون\u200cریز', 'سیستم لنفاوی', 'سیستم دفعی', 'سیستم پوششی']",A,[MASK] با استفاده از هورمون‌ها، پیام‌ها را در بدن منتقل می‌کند که مشابه انتقال پیام در سلول‌ها است.,B,0.9438804388046264,B,0.2434736341238021,False,False,False,False,[5.3510737e-02 9.4388044e-01 2.9427439e-04 2.3146472e-03],[0.24347363 0.75288683 0.00093474 0.00270475],0.8729212880134583,0.053510737,0.24347363,0.189962893,0.7599954605102539,0.6161332130432129,0.6805445551872253,0.7570841312408447,0.612584114074707,0.6772117614746094
188,کدام یک از موارد زیر کمترین نقش را در تجزیه و فساد گیاهان و حیوانات مرده دارد؟,"['ال worms', 'قارچ ها', 'ریشه های گیاه', 'میکروارگانیسم ها']",C,ریشه‌های گیاهان در تجزیه مواد آلی نقش بسیار کمی دارند و بیشتر در جذب مواد مغذی و آب برای گیاهان زنده فعالیت می‌کنند.,C,0.8904982805252075,C,0.9526848196983336,True,True,True,True,[0.05731814 0.03939414 0.8904983  0.0127894 ],[0.02523987 0.01762027 0.9526848  0.0044551 ],0.8274151086807251,0.8904983,0.9526848,0.0621865,0.8986697196960449,0.7541436553001404,0.8200878500938416,0.8986697196960449,0.7541437149047852,0.8200879096984863
189,کدام یک از این حیوانات دندان‌هایی دارد که بیشتر شبیه دندان‌های انسان است؟,"['گوزن', 'شیر', 'میمون', 'سگ']",C,به دلیل شباهت‌های ساختاری و خویشاوندی نزدیک با انسان، شباهت دندان‌ها وجود دارد.,A,0.5634350180625916,A,0.2107542604207992,False,False,False,False,[0.563435   0.09867824 0.30158505 0.0363017 ],[0.64411694 0.11280862 0.21075426 0.03232021],0.867347240447998,0.30158505,0.21075426,-0.09083079,0.6426143646240234,0.5512816309928894,0.5934544801712036,0.6434891819953918,0.5558991432189941,0.5964958667755127
190,در ارگانیسم‌های چندسلولی، ساختارهای مختلف عملکردهای متفاوتی دارند. کدام عملکرد در برگ‌های یک گیاه انجام می‌شود؟,"['جذب غذا', 'تولید گل ها', 'جذب نور', 'تولید دانه ها']",C,برگ‌های گیاهان مسئول فتوسنتز و تبدیل انرژی نورانی به شیمیایی هستند که نیازمند [MASK] است.,C,0.874075710773468,C,0.9728097915649414,True,True,True,True,[0.09266829 0.03008499 0.8740757  0.00317093],[2.6025970e-02 8.3660334e-04 9.7280979e-01 3.2761859e-04],0.8807944059371948,0.8740757,0.97280979,0.09873409,0.7643134593963623,0.6288915276527405,0.6900209188461304,0.7596112489700317,0.6194478273391724,0.6824066638946533
191,هنگامی که مردم ورزش می کنند، اغلب احساس تشنگی می کنند و شروع به عرق کردن می شوند. مهم است که مردم هنگام ورزش احساس تشنگی کنند زیرا به آنها یادآوری می کند که باید,"['استراحت کنند', 'مایعات بنوشند', 'تنفس خود را slow کنند', 'متوقف شوند و چیزی بخورند']",B,هنگام ورزش، بدن مایعات زیادی را از دست می‌دهد. احساس تشنگی به عنوان یک مکانیسم طبیعی برای یادآوری نیاز بدن به مایعات جهت جلوگیری از کم آبی است.,A,0.9333365559577942,B,0.9778379797935486,False,True,True,True,[0.93333656 0.04655894 0.01712808 0.00297641],[1.2405706e-02 9.7783798e-01 9.4718729e-05 9.6615739e-03],0.9048393368721008,0.04655894,0.97783798,0.93127904,0.8620731830596924,0.6813732385635376,0.7611454129219055,0.8647234439849854,0.6863337755203247,0.7652701735496521
192,یک بز انرژی را از علفی که می‌خورد دریافت می‌کند. علف از کجا انرژی می‌گیرد؟,"['خاک', 'نور خورشید', 'آب', 'هوا']",B,گیاهان از طریق فتوسنتز، انرژی [MASK] را به انرژی شیمیایی تبدیل و ذخیره می‌کنند.,B,0.9383994340896606,B,0.9974109530448914,True,True,True,True,[6.0107153e-02 9.3839943e-01 3.9253832e-04 1.1009009e-03],[2.4530946e-03 9.9741095e-01 5.9522576e-05 7.6428500e-05],0.8993597030639648,0.93839943,0.99741095,0.0590115199999999,0.8885749578475952,0.707779049873352,0.7879388928413391,0.8907692432403564,0.7100790739059448,0.7902268171310425
193,ستاره‌ها مقادیر زیادی انرژی تولید می‌کنند وقتی که هسته‌هایی با جرم کم در حین همجوشی به هسته‌هایی با جرم بیشتر تبدیل می‌شوند. کدام‌یک از چهار نیروی اساسی جهان مسئول انرژی آزاد شده در حین همجوشی است؟,"['نیروی ضعیف', 'نیروی قوی', 'نیروی جاذبه', 'نیروی الکترومغناطیسی']",B,همجوشی هسته‌ای توسط نیروی هسته‌ای قوی کنترل می‌شود که پروتون‌ها و نوترون‌ها را در هسته نگه می‌دارد و انرژی آزاد شده در این فرآیند را مدیریت می‌کند.,A,0.8079735636711121,B,0.9992464780807496,False,True,True,True,[0.80797356 0.18063572 0.00253668 0.00885389],[4.9347663e-04 9.9924648e-01 6.6784800e-05 1.9324823e-04],0.8758743405342102,0.18063572,0.99924648,0.8186107600000001,0.8402020931243896,0.6965703368186951,0.7616740465164185,0.841506838798523,0.7023488283157349,0.7656561732292175
194,ذرت می‌تواند برای تولید اتانول استفاده شود که سوختی برای برخی ماشین‌ها است. چه مشکلی می‌تواند با افزایش استفاده از اتانول ایجاد شود؟,"['افزایش تولید سوخت\u200cهای فسیلی', 'کاهش تولید ذرت', 'افزایش وضعیت آب و هوایی شدید', 'کاهش مواد مغذی در خاک']",D,افزایش تقاضا برای ذرت ممکن است به افزایش استفاده از کودهای شیمیایی و آب منجر شود که خود می‌تواند باعث [MASK] شود.,C,0.5142269730567932,C,0.0048951175995171,False,False,False,False,[0.45380372 0.02001678 0.514227   0.01195257],[0.16337544 0.00204059 0.8296889  0.00489512],0.7434702515602112,0.01195257,0.00489512,-0.0070574499999999,0.8844478130340576,0.6795986890792847,0.7686083316802979,0.8790292739868164,0.6756066083908081,0.7640090584754944
195,چرا بخار می‌تواند برای پخت غذا استفاده شود؟,"['الف) بخار بر روی اشیاء کار می\u200cکند.', 'ب) بخار شکلی از آب است.', 'ج) بخار می\u200cتواند گرما را به اشیاء سردتر منتقل کند.', 'د) بخار قادر است از فضاهای کوچک عبور کند.']",C,بخار قادر است گرما را به اجسام سردتر منتقل کند و موجب پخت غذا شود.,C,0.7080464959144592,C,0.8489243984222412,True,True,True,True,[0.07462755 0.20285872 0.7080465  0.01446721],[0.11399535 0.03266022 0.8489244  0.00442008],0.8871951699256897,0.7080465,0.8489244,0.1408779,0.8545956015586853,0.6323800086975098,0.7268837094306946,0.8545956015586853,0.6323800086975098,0.7268837094306946
196,یک دانش‌آموز سرعت‌هایی را که یک ماربل بزرگ و یک ماربل کوچک در حال پایین آمدن از یک شیب هستند مقایسه کرد. به منظور قابل‌اعتمادتر کردن یافته‌ها، دانش‌آموز باید,"['ماربل\u200cها را از ارتفاعات مختلف رها کند.', 'تجربه را چندین بار تکرار کند.', 'صفحه را با زوایای مختلف کج کند.', 'از دو ماربل هم اندازه استفاده کند.']",B,برای اطمینان از دقیق بودن نتایج، تجربه باید چندین بار تکرار شود تا خطاها کاهش یابد و نتایج واقعی‌تر باشند.,B,0.8281117677688599,B,0.9928152561187744,True,True,True,True,[0.14474991 0.82811177 0.01525653 0.0118818 ],[7.0655588e-03 9.9281526e-01 8.0982849e-05 3.8253587e-05],0.840304970741272,0.82811177,0.99281526,0.1647034899999999,0.7779253721237183,0.5931194424629211,0.6730671525001526,0.7779253721237183,0.5931194424629211,0.6730671525001526
197,کدام دیاگرام بهترین نشان دهنده جریان انرژی در یک زنجیره غذایی ساده است؟,"['برگ\u200cها -> کرم -> پرنده', 'درخت -> پرنده -> کرم', 'برگ\u200cها -> درخت -> کرم', 'کرم -> برگ\u200cها -> پرنده']",A,در زنجیره غذایی، انرژی از تولیدکنندگان به مصرف‌کنندگان منتقل می‌شود؛ برگ‌ها توسط کرم و کرم توسط پرنده مصرف می‌شود که نشان‌دهنده جریان منطقی انرژی است.,C,0.957653284072876,A,0.9272502660751344,False,True,True,True,[0.03695138 0.00303315 0.9576533  0.00236222],[0.92725027 0.00424399 0.06743268 0.00107305],0.854087233543396,0.03695138,0.92725027,0.8902988900000001,0.8160571455955505,0.6541720628738403,0.726202130317688,0.8179419040679932,0.6501532196998596,0.7244592905044556
198,کلاس خانم گورڈون در مورد درختان افرا مطالعه می‌کند. کدام ویژگی را می‌توان با یک متر اندازه‌گیری کرد؟,"['جرم یک برگ', 'حجم شیره آن', 'طول یک شاخه', 'دمای پوست آن']",C,با متر می‌توان طول یا ارتفاع اجسام را اندازه‌گیری کرد.,C,0.9464485049247742,C,0.9976003766059875,True,True,True,True,[0.04721302 0.00297143 0.9464485  0.00336708],[2.1822420e-03 1.0530470e-04 9.9760038e-01 1.1209627e-04],0.7412700057029724,0.9464485,0.99760038,0.0511518799999999,0.8044400215148926,0.6027266979217529,0.6891258358955383,0.8087499141693115,0.6062681674957275,0.6930220127105713
199,کدام قسمت از اتم بیشترین حجم را اشغال می‌کند؟,"['هسته', 'پروتون\u200cها', 'نوترون\u200cها', 'الکترون\u200cها']",D,[MASK] در فضای اطراف [MASK] قرار دارند و حجم عمده اتم را تشکیل می‌دهند.,D,0.6425820589065552,D,0.8880987763404846,True,True,True,True,[0.3439494  0.01167771 0.00179083 0.64258206],[0.10565475 0.00464215 0.00160428 0.8880988 ],0.8328263759613037,0.64258206,0.8880988,0.24551674,0.8284994959831238,0.7108075618743896,0.7651543021202087,0.7983497977256775,0.6929494142532349,0.7419249415397644
200,یک نمودار خطی بهترین استفاده را برای چه چیزی دارد؟,"['مقایسه بسیاری از متغیرها.', 'نمایش داده\u200cها به عنوان بخشی از یک کل.', 'پیگیری رابطه بین دو متغیر در طول زمان.', 'سازماندهی داده\u200cها با استفاده از تصاویر اشیاء.']",C,نمودار خطی برای نمایش تغییرات و روندهای تدریجی بین دو متغیر در طول زمان مناسب است.,A,0.5463057160377502,C,0.9897558093070984,False,True,True,True,[0.5463057  0.07451431 0.37547007 0.00370985],[9.8560276e-03 2.8846925e-04 9.8975581e-01 9.9692305e-05],0.9251756072044371,0.37547007,0.98975581,0.61428574,0.8863182067871094,0.7052075862884521,0.785457968711853,0.8818365335464478,0.7118539214134216,0.7877801060676575
201,کدام فرآیند در گیاهان بیشترین شباهت را به تولید مثل جنسی در مهره‌داران دارد؟,"['تقسیم سلول', 'تلقیح خودی', 'تلقیح متقاطع', 'توسعه دانه']",C,ترکیب مواد ژنتیکی از دو والد مختلف برای تولید نسل جدید با ترکیب ژنتیکی متنوع در گیاهان از طریق فرآیندی مشابه تولید مثل جنسی در مهره‌داران انجام می‌شود.,D,0.4228468835353851,C,0.899115264415741,False,True,True,True,[0.22633363 0.0943499  0.2564696  0.42284688],[0.05792933 0.0188069  0.89911526 0.02414853],0.9056864976882936,0.2564696,0.89911526,0.6426456599999999,0.815363347530365,0.6534368991851807,0.7254744172096252,0.813750684261322,0.6509358882904053,0.7232939600944519
202,افزایش سطح فسفات در یک دریاچه، جمعیت جلبک‌ها در آن دریاچه را افزایش می‌دهد. افزایش جلبک‌ها، نور خورشید را به دریاچه مسدود کرده و منجر به کاهش اکسیژن حل شده در آب دریاچه می‌شود. چه چیزی را می‌توان به عنوان نتیجه انتظار داشت؟,"['جمعیت گیاهان در دریاچه افزایش می\u200cیابد.', 'پرندگان شکارچی بیشتری بر روی حیوانات دریاچه تغذیه می\u200cکنند.', 'سطح فسفات در دریاچه کاهش می\u200cیابد.', 'جمعیت ماهی\u200cها در دریاچه کاهش می\u200cیابد.']",D,افزایش فسفات، رشد جلبک‌ها را بالا می‌برد و موجب کاهش اکسیژن محلول در آب می‌شود که برای ماهی‌ها خطرناک است.,D,0.8356484770774841,D,0.9818146824836732,True,True,True,True,[0.14521393 0.013507   0.00563056 0.8356485 ],[1.6631152e-02 1.0969434e-03 4.5727403e-04 9.8181468e-01],0.8881177306175232,0.8356485,0.98181468,0.14616618,0.8110713958740234,0.688656747341156,0.7448679804801941,0.8110714554786682,0.688656747341156,0.7448680400848389
203,کدام یک از موارد زیر بهترین عایق در برابر جریان برق است؟,"['سیم مسی', 'لوله فولادی', 'چسب پلاستیکی', 'فویل آلومینیومی']",C,موادی که جریان برق را از خود عبور نمی‌دهند، بهترین عایق هستند. [MASK] یکی از این مواد است.,C,0.8684196472167969,C,0.9692595601081848,True,True,True,True,[0.0632778  0.01246014 0.86841965 0.05584246],[0.01747738 0.00825573 0.96925956 0.00500735],0.8967189788818359,0.86841965,0.96925956,0.10083991,0.8230745196342468,0.6702455878257751,0.7388396859169006,0.8232524991035461,0.6619900465011597,0.7338665723800659
204,ترکیب حلقه‌های زحل چیست؟,"['هیدروژن و هلیوم', 'آمونیاک و متان', 'خوشه\u200cهای زباله\u200cهای فضایی', 'تکه\u200cهای یخ و سنگ']",D,حلقه‌های زحل از [MASK] با اندازه‌های مختلف تشکیل شده‌اند که در مدارهای مختلفی حول زحل قرار دارند.,A,0.7898715734481812,D,0.4824620485305786,False,True,True,True,[0.7898716  0.03917207 0.05029794 0.12065849],[0.3757418  0.12294225 0.01885381 0.48246205],0.8117745518684387,0.12065849,0.48246205,0.3618035599999999,0.8840394020080566,0.706619143486023,0.7854346036911011,0.8692350387573242,0.6946182250976562,0.7721779942512512
205,جان در حال استفاده از پخش‌کننده mp3 خود بود که ناگهان متوقف شد. اولین کاری که جان باید برای حل این مشکل انجام دهد چیست؟,"['شارژ کردن باتری', 'باز کردن پخش\u200cکننده', 'تعویض پخش\u200cکننده با یک مدل جدید', 'تغییر به یک آهنگ دیگر']",A,بررسی وضعیت باتری برای حل مشکل خاموش شدن ناگهانی پخش‌کننده ضروری است.,A,0.8930390477180481,A,0.9962884187698364,True,True,True,True,[8.9303905e-01 1.0593168e-01 2.0771660e-04 8.2153507e-04],[9.9628842e-01 3.6497614e-03 2.6177941e-05 3.5781002e-05],0.7296927571296692,0.89303905,0.99628842,0.10324937,0.5968475341796875,0.47319304943084717,0.5278754830360413,0.5968475341796875,0.47319304943084717,0.5278754830360413
206,به‌منظور تولید نور، اتم‌های داخل یک لامپ روشنایی انرژی الکتریکی را به چه چیزی تبدیل می‌کنند؟,"['انرژی جنبشی.', 'تابش الکترومغناطیسی.', 'انرژی شیمیایی.', 'انرژی حرارتی.']",B,اتم‌ها انرژی الکتریکی را به تابش الکترومغناطیسی تبدیل می‌کنند تا نور تولید شود.,B,0.9756032824516296,B,0.9982566237449646,True,True,True,True,[2.3033790e-02 9.7560328e-01 3.6653446e-04 9.9634402e-04],[1.5037522e-03 9.9825662e-01 1.2735376e-04 1.1238931e-04],0.767797589302063,0.97560328,0.99825662,0.02265334,0.8383454084396362,0.6274158954620361,0.7177038192749023,0.8383454084396362,0.6274158954620361,0.7177038192749023
207,بسیاری از خودروها به یک کاتالیزور مجهز هستند، دستگاهی که به حذف هیدروکربن‌ها و اکسیدها از گازهای خروجی خودرو کمک می‌کند. نتیجه این دستگاه کمک به چه چیزی است؟,"['افزایش تولید اوزون.', 'کاهش تولید دوده.', 'افزایش انتشار نیتروژن.', 'کاهش انتشار دی\u200cاکسید کربن.']",B,این دستگاه با تبدیل هیدروکربن‌ها و اکسیدها به ترکیبات کم‌خطرتر، به کاهش تولید آلاینده‌های خطرناک مانند دوده کمک می‌کند.,B,0.9850608706474304,B,0.9982956051826476,True,True,True,True,[1.3928183e-02 9.8506087e-01 2.2512811e-04 7.8577438e-04],[1.3232261e-03 9.9829561e-01 2.3724140e-04 1.4389418e-04],0.758309006690979,0.98506087,0.99829561,0.01323474,0.7664039731025696,0.6448218822479248,0.7003756165504456,0.7664039731025696,0.6448218822479248,0.7003756165504456
208,کدام دو سیستم در هنگام حذف زباله و آب از خون در حال عبور از کلیه‌ها درگیر هستند؟,"['سیستم تنفسی و گردش خون', 'سیستم گوارش و تنفسی', 'سیستم گوارش و ادراری', 'سیستم ادراری و گردش خون']",D,[MASK] در حذف زباله و آب از خون در کلیه‌ها نقش دارند. کلیه‌ها خون را فیلتر کرده و مواد زائد و آب اضافی را دفع می‌کنند.,D,0.6093827486038208,D,0.7859336137771606,True,True,True,True,[0.06397807 0.00173181 0.32490742 0.60938275],[0.05671088 0.00319941 0.15415615 0.7859336 ],0.8538504838943481,0.60938275,0.7859336,0.17655085,0.858721137046814,0.6896101236343384,0.7649303674697876,0.8703960180282593,0.6878504753112793,0.7684308290481567
209,سوال: یک مگس میوه نر برای رنگ بدنهٔ خاکستری (G) هموزیگوس غالب است و با یک مگس میوهٔ ماده که هموزیگوس مغلوب برای رنگ بدنهٔ ابریشمی (g) است، جفت‌گیری می‌شود. فنوتیپ‌های احتمالی نسل‌های بعدی چیست؟,"['الف) ۲۵٪ خاکستری، ۷۵٪ ابریشمی', 'ب) ۵۰٪ خاکستری، ۵۰٪ ابریشمی', 'ج) ۱۰۰٪ ابریشمی', 'د) ۱۰۰٪ خاکستری']",D,همه فرزندان دارای ژنوتیپ Gg هستند و فنوتیپ خاکستری دارند.,A,0.543195903301239,A,0.0866567343473434,False,False,False,False,[0.5431959  0.25658756 0.04458823 0.15562823],[0.56067544 0.30010796 0.05255996 0.08665673],0.6652616858482361,0.15562823,0.08665673,-0.0689715,0.7511940002441406,0.4829947352409363,0.5879533886909485,0.7511939406394958,0.4829947352409363,0.5879533886909485
210,ماه فاقد تغییرات آب و هوایی و جوی مانند زمین است. چه چیزی باعث عدم وجود آب و هوا در ماه می‌شود؟,"['کمبود آب', 'وجود سنگ\u200cهای آذرین', 'جو بسیار نازک', 'کمبود قطب\u200cهای مغناطیسی']",C,[MASK] ماه نمی‌تواند گرما را حفظ کند و فشار پایین آن اجازه محافظت از مولکول‌های گازها را نمی‌دهد.,C,0.8708973526954651,C,0.9625203013420104,True,True,True,True,[0.05556597 0.07134812 0.87089735 0.00218846],[3.2425012e-02 4.6712658e-03 9.6252030e-01 3.8344087e-04],0.6463896632194519,0.87089735,0.9625203,0.0916229499999999,0.7667302489280701,0.5601094365119934,0.6473318934440613,0.7788810133934021,0.5619961619377136,0.6528981924057007
211,چگونه می‌توانید آب مایع را به حالت جامد تبدیل کنید؟,"['آب را در یک مکان بسیار سرد قرار دهید.', 'آب را روی اجاق حرارت دهید.', 'ظرف آب را خیلی سریع تکان دهید.', 'مقدار زیادی نمک به آب اضافه کنید.']",A,با کاهش دمای آب به زیر صفر درجه سانتی‌گراد، آب مایع به جامد تبدیل می‌شود.,A,0.7665084600448608,A,0.984680712223053,True,True,True,True,[0.76650846 0.09083396 0.02602437 0.11663312],[0.9846807  0.00669984 0.00191954 0.00669984],0.815951406955719,0.76650846,0.9846807,0.21817224,0.8241493701934814,0.6253135800361633,0.7110934257507324,0.8241493701934814,0.6253135800361633,0.7110934257507324
212,تعدادی اسب در یک منطقه محصور در برابر یک خانه چرا کردند. در روزهای بارانی، خاک از یک شیب شسته می‌شد و به سمت خانه می‌رفت. پس از اینکه اسب‌ها چند سال بعد جابجا شدند، در هنگام بارش باران دیگر خاک شسته نمی‌شد. چه چیزی می‌تواند دلیل این تغییر باشد؟,"['علف رشد کرده و خاک را دست نخورده حفظ کرد.', 'پار بررسی خاک را محدود کرد.', 'خاک به طور کامل ناپدید شده بود.', 'مقدار باران کاهش یافت.']",A,پس از رفتن اسب‌ها، گیاهان رشد کرده و با ریشه‌های خود خاک را حفظ و از فرسایش آن جلوگیری کردند.,A,0.9992259740829468,A,0.999749720096588,True,True,True,True,[9.9922597e-01 2.1265223e-04 3.8506344e-04 1.7629488e-04],[9.9974972e-01 1.9315683e-04 1.9125117e-05 3.8034836e-05],0.7705780863761902,0.99922597,0.99974972,0.0005237499999999,0.767919659614563,0.5948692560195923,0.670407235622406,0.767919659614563,0.5948692560195923,0.670407235622406
213,کدام واحد برای ثبت فاصله بین ستاره‌ها استفاده می‌شود؟,"['مایل', 'کیلومتر', 'سال نوری', 'واحدهای نجومی']",C,برای اندازه‌گیری فاصله بین ستاره‌ها، واحدی استفاده می‌شود که مسافت نور در یک سال را نشان می‌دهد.,C,0.9718552827835084,C,0.9912264943122864,True,True,True,True,[2.6013130e-02 2.4717749e-04 9.7185528e-01 1.8843848e-03],[8.4428340e-03 1.4987825e-04 9.9122649e-01 1.8078767e-04],0.8543497920036316,0.97185528,0.99122649,0.0193712099999999,0.8059051632881165,0.6432995200157166,0.7154799103736877,0.8081612586975098,0.6489131450653076,0.7198348641395569
214,سؤالی: یک موش هموزیگوت برای خز سیاه (BB) است. والد دیگر هتروزگیوت برای خز سیاه با یک صفت مغلوب برای خز قهوه‌ای (Bb) است. اگر سیاه صفت غالب باشد، چه درصدی از نسل‌ها قهوه‌ای خواهند بود؟,"['100%', '50%', '25%', '0%']",D,با توجه به ژنوتیپ والدین، فرزندان [MASK] BB و [MASK] Bb خواهند بود. از آنجایی که صفت سیاه غالب است، تنها [MASK] از فرزندان ژنوتیپ مغلوب bb را خواهند داشت.,A,0.7079511880874634,B,0.0750789269804954,False,False,False,False,[0.7079512  0.20283142 0.05811217 0.03110521],[0.20408566 0.48957607 0.23125936 0.07507893],0.7836594581604004,0.03110521,0.07507893,0.04397372,0.796013593673706,0.6332858204841614,0.7053863406181335,0.7716021537780762,0.6194774508476257,0.6872217655181885
215,کدام ویژگی از آستنوفر به توضیح شواهد حرکت صفحات قشری کمک می‌کند؟,"['خصوصیات مغناطیسی', 'وضعیت فیزیکی نیمه\u200cمایع', 'توانایی انحراف بادهای خورشیدی', 'توانایی جذب انرژی حرارتی']",B,[MASK] آستنوفر به توضیح شواهد حرکت صفحات قشری کمک می‌کند. تغییرات میدان مغناطیسی زمین اطلاعات مهمی در مورد حرکت صفحات فراهم می‌کند.,B,0.7921737432479858,A,0.018165873363614,True,False,False,False,[0.15568389 0.79217374 0.03936305 0.01277931],[9.8026800e-01 1.8165873e-02 6.6169188e-04 9.0442557e-04],0.8606690764427185,0.79217374,0.018165873,-0.7740078669999999,0.8931999802589417,0.6888678073883057,0.7778386473655701,0.9043982028961182,0.6851091384887695,0.7796270847320557
216,کدام یک زمانی اتفاق می‌افتد که انرژی جنبشی مولکول‌های آب افزایش می‌یابد؟,"['بخار آب به یخ تبدیل می\u200cشود.', 'آب مایع به یخ تبدیل می\u200cشود.', 'بخار آب به آب مایع تبدیل می\u200cشود.', 'آب مایع به بخار آب تبدیل می\u200cشود.']",D,افزایش انرژی جنبشی مولکول‌های آب باعث حرکت سریع‌تر و فاصله گرفتن آن‌ها از هم می‌شود و آب مایع به بخار تبدیل می‌شود.,C,0.5251621603965759,D,0.8862550854682922,False,True,True,True,[0.24806903 0.03357249 0.52516216 0.19319637],[0.05665639 0.03032598 0.02676258 0.8862551 ],0.9396353960037231,0.19319637,0.8862551,0.69305873,0.8429850339889526,0.6897669434547424,0.7587178945541382,0.8429850339889526,0.6897669434547424,0.7587178945541382
217,یک دانش‌آموز از گل برای ساخت مدل‌های یک صفحه اقیانوسی و یک صفحه قاره‌ای استفاده می‌کند. کدام ویژگی نمی‌تواند به طور دقیق توسط مدل‌ها نمایش داده شود؟,"['شکل\u200cهای صفحات', 'اندازه\u200cهای نسبی صفحات', 'چگالی\u200cهای نسبی صفحات', 'چیدمان صفحات نسبت به یکدیگر']",C,مدل‌های گل نمی‌توانند چگالی‌های نسبی را به طور دقیق نمایش دهند.,C,0.7550958395004272,C,0.9302713871002196,True,True,True,True,[0.19241552 0.02950788 0.75509584 0.02298076],[0.05993669 0.00715842 0.9302714  0.00263343],0.8009788393974304,0.75509584,0.9302714,0.17517556,0.8006874322891235,0.5503736734390259,0.6523424983024597,0.7667709589004517,0.5365549325942993,0.6313305497169495
218,کدام یک از موارد زیر بهترین شواهد است که یک ناحیه از زمین زمانی توسط یک یخچال طبیعی پوشیده شده بود؟,"['غارهای سنگ\u200cکر کربناتی', 'فسیل\u200cهای دریایی', 'سایش سنگ\u200cهای سطحی', 'لایه\u200cهای پوسته\u200cپوسته سنگ']",C,سایش و تغییر شکل سنگ‌های سطحی، نشان‌دهنده حرکت یخچال‌ها است.,D,0.4100870490074157,C,0.984956443309784,False,True,True,True,[0.28184843 0.28184843 0.02621599 0.41008705],[1.24472985e-02 5.64256508e-04 9.84956443e-01 2.03196565e-03],0.7800508737564087,0.02621599,0.984956443,0.958740453,0.7344259023666382,0.5357995629310608,0.619583010673523,0.7344259023666382,0.5357995629310608,0.619583010673523
219,کدام یک بیشترین تأثیر را بر رنگ چشم‌های یک ‌جوجه‌‌عقاب دارد؟,"['والدین', 'آشیانه', 'رژیم غذایی', 'رفتار']",A,رنگ چشم جوجه‌‌عقاب‌ها به صورت ژنتیکی از [MASK]شان به ارث می‌رسد.,A,0.7590653300285339,A,0.9868762493133544,True,True,True,True,[0.75906533 0.21705152 0.00353583 0.02034728],[9.8687625e-01 1.2326262e-02 2.5582343e-04 5.4157822e-04],0.9029451608657836,0.75906533,0.98687625,0.22781092,0.8858395218849182,0.6141788959503174,0.7254096865653992,0.8623279929161072,0.5862475633621216,0.6979790925979614
220,کدامیک از این مواد بهترین هدایت کننده الکتریسیته است؟,"['چوب', 'آجر', 'مس', 'پلاستیک']",C,موادی با الکترون‌های آزاد زیاد، هدایت الکتریکی خوبی دارند.,C,0.9915617108345032,C,0.9949302077293396,True,True,True,True,[0.00594228 0.0013259  0.9915617  0.00117011],[3.191481e-03 1.249802e-03 9.949302e-01 6.284399e-04],0.7888330817222595,0.9915617,0.9949302,0.0033684999999999,0.708378791809082,0.539130687713623,0.6122738718986511,0.7126574516296387,0.5479289293289185,0.6195301413536072
221,دانشمندان برای پاسخ به سوالات تحقیقات انجام می‌دهند. قبل از اینکه نتیجه‌ای معتبر بگیرند، دانشمندان باید,"['شواهد مربوطه را جمع\u200cآوری کنند', 'به مردم درباره داده\u200cها بگویند', 'نتایج تحقیقات را منتشر کنند', 'تحقیقات را با دانشمندان دیگر بحث کنند']",A,دانشمندان برای اطمینان از صحت نتایج، نیاز به جمع‌آوری شواهد و داده‌های مربوطه دارند.,A,0.9910882711410522,A,0.9989113807678224,True,True,True,True,[9.9108827e-01 5.9452504e-03 4.8801588e-04 2.4783493e-03],[9.9891138e-01 9.1803347e-04 6.4456071e-05 1.0627009e-04],0.919084370136261,0.99108827,0.99891138,0.00782311,0.9331049919128418,0.653011679649353,0.7683274149894714,0.9331049919128418,0.653011679649353,0.7683274149894714
222,زمانی که نوری آبی روی یک موز زرد تابیده می‌شود، موز به چه رنگی دیده می‌شود؟,"['آبی', 'زرد', 'سبز', 'سیاه']",D,موز نور [MASK] را جذب می‌کند و هیچ نوری را منعکس نمی‌کند، بنابراین به رنگ [MASK] دیده می‌شود.,A,0.8020052909851074,D,0.7378789782524109,False,True,True,True,[0.8020053  0.13828304 0.05087149 0.00884014],[0.11227681 0.14416628 0.00567796 0.737879  ],0.8251628875732422,0.00884014,0.737879,0.72903886,0.8613284826278687,0.6897575259208679,0.7660540342330933,0.857472836971283,0.6822443604469299,0.7598875761032104
223,کدام یک از موارد زیر بهترین نمایندگی برای ذرات در یک ماده جامد خواهد بود؟,"['بازیکنان فوتبال که در زمین بازی می\u200cکنند.', 'هواپیماها که بر فراز استادیوم فوتبال پرواز می\u200cکنند.', 'تماشاچیانی که در جایگاه\u200cهای خود در استادیوم فوتبال نشسته\u200cاند.', 'تماشاچیانی که به استادیوم فوتبال می\u200cرسند و به سمت جایگاه\u200cهای خود حرکت می\u200cکنند.']",C,تماشاچیان در جایگاه‌های خود ثابت و نزدیک به هم نشسته‌اند و حرکت کمی دارند.,B,0.3939911723136902,C,0.9032880663871764,False,True,True,True,[0.21088828 0.39399117 0.0474246  0.34769598],[0.06543397 0.01003462 0.90328807 0.0212433 ],0.7110188603401184,0.0474246,0.90328807,0.85586347,0.8609493374824524,0.6545518636703491,0.743695855140686,0.8609493374824524,0.6545518636703491,0.743695855140686
224,شرح آزمایش زیر را بخوانید تا به سؤال پاسخ دهید. صد دانه نخود در ظرف‌های پتری قرار داده شد و با حوله‌های کاغذی مرطوب پوشانده شد. سپس ظرف‌های پتری درون کیسه‌های پلاستیکی سیاه گذاشته شدند. نیمی از آن‌ها در یک انکوباتور با دمای 10 درجه سانتی‌گراد قرار گرفتند. نیمی دیگر در انکوباتوری با دمای 30 درجه سانتی‌گراد قرار داده شدند. این آزمایش احتمالاً برای مطالعه تأثیر کدام متغیر بر جوانه‌زنی دانه‌های نخود طراحی شده بود؟,"['دما', 'آب', 'نور', 'نوع دانه']",A,این آزمایش برای بررسی تأثیر [MASK] بر جوانه‌زنی دانه‌های نخود طراحی شده است، با کنترل شرایط دیگر مانند رطوبت و [MASK].,A,0.9968991279602052,A,0.995555818080902,True,True,True,False,[9.9689913e-01 1.9132248e-03 4.8373902e-04 7.0383609e-04],[9.9555582e-01 2.7583407e-03 8.9550210e-04 7.9027790e-04],0.9098774790763856,0.99689913,0.99555582,-0.0013433099999999,0.8083122968673706,0.5999120473861694,0.6886918544769287,0.7937442660331726,0.5768882036209106,0.6681612133979797
225,دانشمندان نرخ رشد حوضه اقیانوس اطلس را حدود ۲ تا ۳ سانتی‌متر در سال اندازه‌گیری کرده‌اند. این نوع فعالیت با تشکیل برجستگی‌هایی در کف اقیانوس همزمان است. محتمل‌ترین علت این فعالیت چیست؟,"['فرسایش ناشی از عمل جزر و مدی', 'تجمع رسوب', 'جریان بازالت قاره\u200cای', 'حرکت صفحات تکتونیکی']",D,[MASK] عامل اصلی تغییرات در سطح زمین و کف اقیانوس‌ها، منجر به ایجاد برجستگی‌ها و رشته کوه‌های زیر دریایی می‌شود.,A,0.7315565943717957,D,0.6303220391273499,False,True,True,True,[0.7315566  0.01500609 0.01500609 0.2384312 ],[0.26481813 0.08597387 0.01888595 0.63032204],0.8633546233177185,0.2384312,0.63032204,0.39189084,0.9093173742294312,0.7480056881904602,0.8208110928535461,0.8985933065414429,0.7343111634254456,0.8081881999969482
226,پیش‌بینی‌های آب و هوایی امروز به خاطر چه چیزی دقیق‌تر از گذشته است؟,"['گرمایش جهانی', 'کنترل کیفیت هوا', 'تکتونیک صفحه\u200cای', 'استفاده از تصاویر فضایی']",D,فناوری‌های پیشرفته مانند تصاویر فضایی، امکان مشاهده و تحلیل دقیق الگوهای جوی و اقیانوسی را فراهم کرده و مدل‌های پیش‌بینی آب و هوا را دقیق‌تر ساخته است.,A,0.4676081538200378,D,0.962563931941986,False,True,True,True,[0.46760815 0.05628585 0.00849789 0.46760815],[0.03280872 0.00252994 0.00209739 0.96256393],0.8591781258583069,0.46760815,0.96256393,0.4949557799999999,0.8036719560623169,0.645643949508667,0.7160425186157227,0.8036719560623169,0.645643949508667,0.7160425186157227
227,میلیون‌ها نفر در سرتاسر جهان به سرطان مبتلا هستند. آیا سرطان یک بیماری همه‌گیر است؟,"['خیر، زیرا سرطان مسری نیست.', 'خیر، زیرا سرطان همیشه کشنده نیست.', 'بله، زیرا میلیون\u200cها نفر به سرطان مبتلا هستند.', 'بله، زیرا مردم در سرتاسر جهان به سرطان مبتلا هستند.']",A,بیماری همه‌گیر زمانی است که تعداد زیادی از افراد در سرتاسر جهان به آن مبتلا باشند، که در مورد سرطان این‌گونه است.,A,0.899599015712738,C,0.2832606136798858,True,False,False,False,[0.899599   0.01894609 0.05070236 0.03075254],[0.2832606  0.01573272 0.5292005  0.17180625],0.9370008707046508,0.899599,0.2832606,-0.6163384000000001,0.8600479364395142,0.7859193086624146,0.8213143944740295,0.8600479364395142,0.7859193086624146,0.8213143944740295
228,کدامیک از موارد زیر بهترین توضیح را درباره چگونگی انتقال آب توسط ساقه‌ها به سایر بخش‌های گیاه ارائه می‌دهد؟,"['از طریق یک ماده شیمیایی به نام کلروفیل', 'با استفاده از فتوسنتز', 'از طریق یک سیستم لوله\u200cها', 'با تبدیل آب به غذا']",C,آب و مواد معدنی از طریق سیستم لوله‌های آوندی در گیاهان منتقل می‌شوند.,B,0.8205555081367493,C,0.9962222576141356,False,True,True,True,[0.08631717 0.8205555  0.04077334 0.052354  ],[3.1522326e-03 3.3224290e-04 9.9622226e-01 2.9320331e-04],0.9073716402053832,0.04077334,0.99622226,0.95544892,0.9161219000816345,0.6746787428855896,0.7770777940750122,0.9189954996109009,0.6803395748138428,0.7818611860275269
229,یک شرکت دارویی نتایج یک آزمایش محدود در مورد ارزش حفاظتی یک ترکیب شیمیایی در برابر دوزهای بالا از پرتوهای UV بر روی سلول‌های پوست را منتشر کرده است. بعداً مشخص شد که نتایج قابل بازتولید نیستند. چه اقداماتی می‌توانستند محققان شرکت انجام دهند تا از انتشار نتایج اشتباه جلوگیری کنند؟,"['عده\u200cای آزمایش\u200cهای متعدد انجام دهند.', 'فقط از سطوح پایین تابش استفاده کنند.', 'از طول موج\u200cهای مختلف تابش استفاده کنند.', 'قبل از تشکیل فرضیه، به نتایج آزمایش\u200cهای مشابه نگاهی بیندازند.']",A,"<answer>[MASK]</answer>
<concise_explanation>
برای جلوگیری از نتایج اشتباه، محققان باید آزمایش‌های متعدد انجام می‌دادند تا از صحت و تکرارپذیری نتایج اطمینان حاصل کنند.",A,0.5211475491523743,A,0.8434076309204102,True,True,True,True,[0.52114755 0.00829297 0.01064839 0.4599111 ],[0.84340763 0.00501509 0.00501509 0.14656226],0.9138911962509156,0.52114755,0.84340763,0.3222600799999999,0.6208128929138184,0.6993342041969299,0.6577383875846863,0.6263127326965332,0.7004085183143616,0.6612915992736816
230,پرهای زرد پای طلایی نر هر بهار به رنگ‌های درخشانی تبدیل می‌شوند. کدام گزینه بهترین توصیف کننده دلیل تغییر رنگ پرها در هر سال است؟,"['جهش ژنتیکی', 'رفتار آموخته شده', 'adaption رفتاری', 'adaption فیزیکی']",D,تغییر رنگ پرها برای بهبود بقا و تولید مثل، یک سازگاری فیزیکی است.,C,0.7153294086456299,D,0.8402882814407349,False,True,True,True,[0.23223345 0.01682294 0.7153294  0.03561415],[0.12886238 0.00507522 0.0257741  0.8402883 ],0.6871719360351562,0.03561415,0.8402883,0.80467415,0.8024346828460693,0.5967177748680115,0.6844529509544373,0.8024346828460693,0.5967177748680115,0.6844529509544373
231,توالی کدام یک از تغییرات انرژی بعد از روشن شدن یک چراغ قوه با باتری رخ می‌دهد؟,"['برقی -> نوری -> شیمیایی', 'برقی -> شیمیایی -> نوری', 'شیمیایی -> نوری -> برقی', 'شیمیایی -> برقی -> نوری']",D,اول انرژی شیمیایی باتری به انرژی برقی تبدیل می‌شود، سپس به انرژی نور تبدیل می‌شود.,A,0.5466046929359436,D,0.8786322474479675,False,True,True,True,[0.5466047  0.42569616 0.00368299 0.02401613],[0.03413488 0.02346053 0.06377234 0.87863225],0.8504984974861145,0.02401613,0.87863225,0.85461612,0.8523271679878235,0.6467741131782532,0.7354581952095032,0.855824887752533,0.6520933508872986,0.7401962280273438
232,یک جنگل بارانی گرمسیری شامل درختان بلند زیادی است. گیاهان کوچکتر با برگ‌های بزرگ در پای درختان بلند رشد می‌کنند. برگ‌های بزرگ احتمالاً سازگاری این گیاه به دلیل کدام شرایط است؟,"['کمبود نور خورشید', 'کمبود اکسیژن', 'کمبود آب', 'کمبود غذا']",A,برگ‌های بزرگ برای جذب بیشتر نور خورشید در محیط‌های کم نور پای درختان بلند رشد کرده‌اند.,C,0.9272935390472412,A,0.9996844530105592,False,True,True,True,[0.06691103 0.00202054 0.92729354 0.00377486],[9.9968445e-01 1.9333292e-04 6.6814071e-05 5.5390810e-05],0.8489157557487488,0.06691103,0.99968445,0.93277342,0.8051784038543701,0.6410601139068604,0.713807225227356,0.8046502470970154,0.6382644176483154,0.7118641138076782
233,کدام تغییر در سیم یک مدار الکتریکی که به درستی کار می‌کند رخ خواهد داد؟,"['الف) سیم گرم\u200cتر خواهد شد.', 'ب) سیم بخشی از جرم خود را از دست خواهد داد.', 'ج) سیم یک میدان الکتریکی تشکیل خواهد داد.', 'د) سیم یک ساختار بلوری جدید توسعه خواهد داد.']",A,افزایش مقاومت سیم در برابر جریان الکتریکی باعث تولید گرما می‌شود.,B,0.6411353349685669,A,0.9833973050117492,False,True,True,True,[0.14417863 0.64113533 0.1272372  0.08744877],[0.9833973  0.00840893 0.00510027 0.00309347],0.881496012210846,0.14417863,0.9833973,0.83921867,0.896087646484375,0.6950814723968506,0.7828884124755859,0.896087646484375,0.6950814723968506,0.7828884124755859
234,یک میان‌وعده شامل بادام‌زمینی، دانه‌های آفتابگردان، کشمش، بادام و تکه‌های شکلات است. کدام بیان توجیه می‌کند که این یک مخلوط است؟,"['این از بیش از یک ماده تشکیل شده است.', 'فصل جدا سازی مواد غیرممکن است.', 'اجزاء خواص اصلی خود را حفظ می\u200cکنند.', 'اجزاء با یکدیگر ترکیب شیمیایی می\u200cشوند.']",C,این ترکیب از مواد مختلف تشکیل شده و هر ماده خواص خود را حفظ کرده است.,A,0.9978112578392028,A,0.0844774097204208,False,False,False,False,[9.9781126e-01 1.1820886e-03 2.8968329e-04 7.1697298e-04],[9.1177243e-01 3.3271271e-03 8.4477410e-02 4.2299673e-04],0.7255788445472717,0.00028968329,0.08447741,0.08418772671,0.72505784034729,0.5297874212265015,0.6122292876243591,0.7297077775001526,0.5326665043830872,0.6158092617988586
235,سوال: کدام عبارت توضیح می‌دهد که چگونه عضلات کار می‌کنند تا به یک فرد اجازه دهند از حالت جمع شده، بازوی خود را با راست کردن آرنج، به جلو بکشند؟,"['الف) هم بایسپس و هم تریسپس منقبض می\u200cشوند.', 'ب) هم بایسپس و هم تریسپس شل می\u200cشوند.', 'پ) تریسپس منقبض می\u200cشود و بایسپس شل می\u200cشود.', 'ت) بایسپس منقبض می\u200cشود و تریسپس شل می\u200cشود.']",C,عضله تریسپس منقبض و عضله بایسپس شل می‌شود تا آرنج راست شود و بازو به جلو کشیده شود.,C,0.6712300777435303,C,0.9581038355827332,True,True,True,True,[0.2798103  0.01554108 0.6712301  0.03341858],[0.02253244 0.00569709 0.95810384 0.01366662],0.8509743809700012,0.6712301,0.95810384,0.28687374,0.7944648861885071,0.5833562612533569,0.6727375984191895,0.7944649457931519,0.5833562612533569,0.6727376580238342
236,کدام ویژگی می‌تواند توسط یک فرزند انسانی به ارث برسد؟,"['زخم صورت', 'چشمان آبی', 'موهای بلند', 'پا شکسته']",B,رنگ چشم‌ها توسط ژن‌ها تعیین می‌شود و قابل توارث است.,B,0.9235552549362184,B,0.9947394728660583,True,True,True,True,[0.05921414 0.92355525 0.01300762 0.00422296],[4.5885984e-03 9.9473947e-01 5.1482645e-04 1.5701320e-04],0.8599703907966614,0.92355525,0.99473947,0.0711842199999999,0.8138796091079712,0.5665565729141235,0.6680625081062317,0.8105784058570862,0.5671155452728271,0.6673349142074585
237,متداول‌ترین عنصر در ستاره‌ای مانند خورشید چیست؟,"['هلیوم', 'اکسیژن', 'نیتروژن', 'هیدروژن']",D,عنصر اصلی تشکیل‌دهنده ستاره‌ها [MASK] است که منبع انرژی آنها نیز محسوب می‌شود.,A,0.9455616474151612,A,0.0422642119228839,False,False,False,False,[9.4556165e-01 6.6433870e-04 1.6797114e-04 5.3606048e-02],[9.5724350e-01 3.7726425e-04 1.1505910e-04 4.2264212e-02],0.7723055481910706,0.053606048,0.042264212,-0.011341836,0.6808855533599854,0.5104918479919434,0.5835036039352417,0.6819398403167725,0.5168930888175964,0.5880551934242249
238,در فصل تولید مثل پاییز، شکم یک ماهی قزل آلا نهر به رنگ نارنجی روشن در می‌آید. شکم نارنجی رنگ کمی استتار می‌کند و به جذب ماده‌ها کمک می‌کند. این ویژگی در ماهی قزل آلا نهر تکامل یافته است زیرا، نسبت به ماهی‌های نر با شکم‌های کمرنگ، ماهی‌های نر با شکم‌های نارنجی روشن بیشتر احتمال دارد که,"['در زیستگاه\u200cهای خوب زندگی کنند.', 'توسط شکارچیان خورده شوند.', 'با گونه\u200cهای دیگر ماهی جفت\u200cگیری کنند.', 'تخم\u200cها را بارور کرده و نسل جدیدی تولید کنند.']",D,این ویژگی نشان‌دهنده سلامت و توانایی ماهی نر است؛ ماهی‌های نر با شکم‌های نارنجی روشن‌تر، شانس بیشتری برای بارور کردن تخم‌ها دارند.,A,0.7761438488960266,D,0.5219404697418213,False,True,True,True,[0.77614385 0.01109274 0.01613984 0.19662355],[0.2793746  0.00667373 0.19201118 0.52194047],0.8560463190078735,0.19662355,0.52194047,0.32531692,0.8904520869255066,0.6947845220565796,0.7805425524711609,0.8904520869255066,0.6947845220565796,0.7805425524711609
239,مرس‌ها (موش‌ها) چگونه از رفتار آموخته‌شده برای محافظت از خود استفاده می‌کنند؟,"['آنها موهای توخالی دارند تا در زمستان گرم بمانند.', 'آنها در برکه\u200cای از آب گل\u200cآلود غلت می\u200cزنند تا از نیش مگس\u200cها جلوگیری کنند.', 'آنها شنوایی تیزی دارند تا خطر را در جنگل احساس کنند.', 'آنها از سم\u200cهای پهن خود برای جلوگیری از فرو رفتن در برف عمیق استفاده می\u200cکنند.']",B,مرس‌ها با غلت زدن در آب گل‌آلود، از نیش مگس‌ها جلوگیری می‌کنند؛ این رفتار دفاعی آموخته‌شده برای حفاظت از خود است.,B,0.7380838990211487,B,0.9918727278709412,True,True,True,True,[0.14647724 0.7380839  0.03703524 0.07840361],[7.4921260e-03 9.9187273e-01 4.2267685e-04 2.1253526e-04],0.8351348638534546,0.7380839,0.99187273,0.2537888299999999,0.8280118107795715,0.6955792903900146,0.7560399770736694,0.8280118703842163,0.6955794095993042,0.7560400366783142
240,بسیاری از عوامل بر سلامت انسان تأثیر می‌گذارند. کدام عبارت بهترین توصیف‌کننده رژیم غذایی و ورزش برای اکثر بزرگسالان است؟,"['انتخاب سبک زندگی', 'عامل محیطی', 'گرایش ژنتیکی', 'رفتار تجویز شده پزشکی']",A,تصمیم‌گیری‌های آگاهانه در مورد رژیم غذایی و ورزش، بخش مهمی از سبک زندگی سالم است که تأثیر زیادی بر سلامت جسمانی و روانی دارد.,A,0.3940619528293609,A,0.8069334030151367,True,True,True,True,[0.39406195 0.11290064 0.18614168 0.30689576],[0.8069334  0.0744724  0.01023746 0.10835671],0.7668182253837585,0.39406195,0.8069334,0.41287145,0.8514408469200134,0.7194850444793701,0.7799208760261536,0.8557320833206177,0.7288761138916016,0.7872263789176941
241,در تابستان، پوست روباه Arctic خاکستری تیره یا قهوه‌ای است. در زمستان، پوست آن سفید است. تغییر در رنگ به روباه این امکان را می‌دهد که,"['در زمستان خشک بماند.', 'در هر زمان غذا پیدا کند.', 'در تابستان گرم بماند.', 'با محیط اطراف خود ادغام شود.']",D,تغییر رنگ پوست روباه به آن کمک می‌کند تا با محیط اطراف خود هماهنگ شود و کمتر شناسایی شود.,D,0.9557602405548096,D,0.973471224308014,True,True,True,True,[0.0420342  0.00110281 0.00110281 0.95576024],[2.2627126e-02 3.2597468e-03 6.4188219e-04 9.7347122e-01],0.759321391582489,0.95576024,0.97347122,0.0177109799999999,0.9165852069854736,0.6221465468406677,0.7411952018737793,0.9165850877761841,0.622146487236023,0.7411952018737793
242,باکتری‌ها چگونه می‌توانند برای بدن انسان مفید باشند؟,"['A) باکتری\u200cها به بدن کمک می\u200cکنند تا استخوان\u200cهای قوی داشته باشد.', 'B) باکتری\u200cها به حفظ دمای بدن کمک می\u200cکنند.', 'C) باکتری\u200cها به رساندن اکسیژن به سلول\u200cها کمک می\u200cکنند.', 'D) باکتری\u200cها به هضم غذا کمک می\u200cکنند.']",D,باکتری‌ها در روده بزرگ به تجزیه و جذب مواد غذایی کمک می‌کنند و ویتامین‌های ضروری مانند ویتامین K تولید می‌کنند.,A,0.5088486671447754,D,0.6331000924110413,False,True,True,True,[0.50884867 0.08911816 0.12966616 0.2723671 ],[0.33887407 0.01141586 0.01660998 0.6331001 ],0.8597755432128906,0.2723671,0.6331001,0.3607330000000001,0.9151833057403564,0.7586161494255066,0.8295770287513733,0.9151833057403564,0.7586160898208618,0.8295770287513733
243,روز قبل از اینکه کلاس آزمایشگاه انجام دهد، معلم‌شان به آنها یادآوری می‌کند که روز بعد به مدرسه کفش‌های باز نپوشند. کدام توجیه بهترین توضیح برای درخواست معلمشان است؟,"['برای جلوگیری از ریختن مواد شیمیایی', 'برای جلوگیری از صدمه به انگشتان پا یا پاها', 'برای اینکه پاهایشان خسته نشود', 'برای نگه\u200cداشتن آنها در صورت شوک']",B,برای محافظت از پاها در برابر آسیب‌های احتمالی تجهیزات یا مواد موجود در آزمایشگاه، معلم به دانش‌آموزان توصیه می‌کند کفش‌های بسته بپوشند.,B,0.6744346618652344,B,0.6770829558372498,True,True,True,True,[3.1858036e-01 6.7443466e-01 3.7301925e-04 6.6119246e-03],[3.2108313e-01 6.7708296e-01 3.7012112e-04 1.4638574e-03],0.8226042985916138,0.67443466,0.67708296,0.0026483,0.815129280090332,0.6880068778991699,0.7461926341056824,0.815129280090332,0.6880068778991699,0.7461926341056824
244,سوال: بسیاری از خانه‌ها در دامنه‌های تپه‌ها ساخته می‌شوند. کدام یک از این اقدامات بهترین روش برای جلوگیری از سرنگونی خانه‌ها به سمت پایین تپه پس از بارش‌های شدید است؟,"['A) افزایش شیب تپه', 'B) پاشیدن علف\u200cکش\u200cها بر روی تپه', 'C) اضافه کردن گیاهان به تپه', 'D) حذف چمن از تپه']",C,"<answer>[MASK]</answer>
<concise_explanation>
با افزودن گیاهان، ریشه‌های آنها خاک را در جای خود نگه می‌د",A,0.9207337498664856,C,0.9886645078659058,False,True,True,True,[0.92073375 0.04597513 0.00540582 0.02788533],[7.6226243e-03 3.6006726e-03 9.8866451e-01 1.1218238e-04],0.5294039845466614,0.00540582,0.98866451,0.98325869,0.5063668489456177,0.5364794135093689,0.520988404750824,0.5033576488494873,0.5365738868713379,0.5194353461265564
245,سؤال: شما نیاز دارید محصولات را از بوستون به اروپا منتقل کنید. گزینه‌های شما چیست؟,"['الف) کشتی یا هواپیما', 'ب) کامیون یا کشتی', 'ج) کامیون یا هواپیما', 'د) تونل یا کشتی']",A,حمل و نقل دریایی یا هوایی، با توجه به وجود بندر و فرودگاه بین‌المللی در بوستون، بهترین گزینه‌ها هستند.,C,0.8042662739753723,A,0.9478915333747864,False,True,True,True,[1.5961154e-01 3.5614144e-02 8.0426627e-01 5.0800852e-04],[9.4789153e-01 9.4391415e-03 4.2303298e-02 3.6599525e-04],0.8532741665840149,0.15961154,0.94789153,0.78827999,0.7364795207977295,0.6183110475540161,0.6722418069839478,0.7354761362075806,0.620280385017395,0.6729843020439148
246,زمانی که باران می‌بارد، برخی از حیوانات ___ .,"['برای فصل به خواب زمستانی می\u200cروند', 'به مناطق گرم\u200cتر مهاجرت می\u200cکنند', 'پوشش بدنی خود را تغییر می\u200cدهند', 'برای یافتن پناهگاه حرکت می\u200cکنند']",D,حیوانات برای محافظت از شرایط نامساعد جوی به دنبال پناهگاه می‌روند.,C,0.3942759931087494,D,0.9219971895217896,False,True,True,True,[0.18624279 0.02520522 0.394276   0.394276  ],[0.0403518  0.03561034 0.00204063 0.9219972 ],0.7855898141860962,0.394276,0.9219972,0.5277212,0.8518133759498596,0.5928350687026978,0.6991110444068909,0.8518133759498596,0.5928349494934082,0.6991109848022461
247,دو گیاه یکسان ۳ متر فاصله از یکدیگر کاشته شده‌اند. یک گیاه در حال گل‌دهی است، اما دیگری این‌گونه نیست. یک دانش‌آموز نتیجه‌گیری می‌کند که گیاهان در حال دریافت مقدار نابرابری از آب هستند. توضیح ممکن دیگر اینکه گیاه دیگر در حال گل‌دهی نیست این است که گیاهان,"['بیش از حد به یکدیگر نزدیک هستند.', 'مقدار متفاوتی از نور خورشید دریافت می\u200cکنند.', 'در خاک با محتوای بالای هوموس قرار دارند.', 'مقدار متفاوتی از دی\u200cاکسید کربن دریافت می\u200cکنند.']",B,گیاهان برای گلدهی به نور خورشید نیاز دارند؛ اگر یکی نور کافی دریافت نکند، گل‌دهی نمی‌کند؛ ممکن است شرایط محیطی سبب تفاوت در دریافت نور شود.,B,0.957726240158081,B,0.9928132891654968,True,True,True,True,[0.02894908 0.95772624 0.00829405 0.0050306 ],[6.6504413e-03 9.9281329e-01 3.0147543e-04 2.3478930e-04],0.7704833149909973,0.95772624,0.99281329,0.03508705,0.8442690372467041,0.7030655741691589,0.7672244310379028,0.8442690372467041,0.7030655145645142,0.7672244310379028
248,باران اسیدی چگونه احتمالاً بر جنگل‌ها تأثیر می‌گذارد؟,"['لایهٔ سطحی خاک تمام مواد مغذی خود را از دست می\u200cدهد.', 'گیاهان شروع به رشد ریشه\u200cهای عمیق\u200cتری می\u200cکنند.', 'حیوانات منابع غذای بیشتری دارند.', 'درختان با گذشت زمان کمتر سالم می\u200cشوند.']",D,باران اسیدی با تغییر pH خاک و آزادسازی یون‌های سمی، به درختان آسیب می‌رساند و با گذشت زمان سلامت آنها را کاهش می‌دهد.,A,0.5843119025230408,D,0.7710211873054504,False,True,True,True,[0.5843119  0.40002564 0.00348804 0.01217447],[0.19342762 0.034142   0.00140921 0.7710212 ],0.9123990535736084,0.01217447,0.7710212,0.7588467299999999,0.8382464647293091,0.6739981174468994,0.7472025752067566,0.8382464647293091,0.6739981174468994,0.7472025752067566
249,دو لایه سنگ رسوبی در کنار یک تپه نمایان است. تنها یکی از لایه‌ها دارای فسیل است. عدم وجود فسیل در یکی از لایه‌های سنگ رسوبی احتمالاً به دلیل چیست؟,"['تغییر محیط\u200cها.', 'فعالیت\u200cهای آتشفشانی.', 'تغییر نرخ فرسایش.', 'تبخیر آب دریا.']",A,احتمالاً به دلیل تغییر محیط‌ها است، زیرا فسیل‌ها معمولاً در محیط‌های دریایی یا آب شیرین تشکیل می‌شوند.,A,0.7126262784004211,A,0.990165650844574,True,True,True,True,[0.7126263  0.261649   0.00691845 0.01880629],[9.9016565e-01 8.5666114e-03 3.6481032e-04 9.0291421e-04],0.8124645948410034,0.7126263,0.99016565,0.2775393499999999,0.9130923748016357,0.7081979513168335,0.7976981401443481,0.9130923748016357,0.7081979513168335,0.7976981401443481
250,کدام جفت عنصر دارای مشابه‌ترین خواص است؟,"['لیتیوم و برم', 'ید و کلسیم', 'پتاسیم و هلیوم', 'نیتروژن و فسفر']",D,[MASK] در یک گروه جدول تناوبی قرار دارند و الکترون‌های ظرفیت مشابهی دارند.,A,0.7588633298873901,A,0.1607476025819778,False,False,False,False,[0.75886333 0.02309542 0.02617054 0.1918707 ],[0.63825744 0.14185926 0.05913574 0.1607476 ],0.8530803918838501,0.1918707,0.1607476,-0.0311231,0.8462901711463928,0.6629375219345093,0.7434762120246887,0.8479200601577759,0.650543212890625,0.7362323999404907
251,کدام یک بهترین تعیین کننده تعداد گرگ‌هایی است که می‌توانند در یک منطقه زندگی کنند؟,"['میزان برف در آن منطقه در هر سال', 'تعداد پرندگانی که در آن منطقه زندگی می\u200cکنند', 'تعداد درختان در آن منطقه', 'میزان غذاهای موجود در آن منطقه']",D,تعداد گرگ‌ها به میزان غذاهای موجود در منطقه بستگی دارد زیرا گرگ‌ها برای بقا به شکار نیاز دارند.,A,0.3191958367824554,D,0.997281551361084,False,True,True,True,[0.31919584 0.28168935 0.28168935 0.11742559],[1.9252063e-03 6.2502298e-04 1.6822266e-04 9.9728155e-01],0.8597864508628845,0.11742559,0.99728155,0.87985596,0.9007187485694885,0.6883836388587952,0.7803651690483093,0.8668848276138306,0.6767575740814209,0.7601124048233032
252,یک بلوک یخ بر روی یک پیاده‌رو داغ قرار می‌گیرد. یخ ذوب می‌شود زیرا,"['انرژی از یخ به پیاده\u200cرو منتقل می\u200cشود.', 'انرژی از پیاده\u200cرو به یخ منتقل می\u200cشود.', 'جریان\u200cهای همرفت بین یخ و پیاده\u200cرو وجود دارد.', 'تابش بین یخ و پیاده\u200cرو وجود دارد.']",B,انرژی گرمایی از پیاده‌رو با دمای بالاتر به یخ منتقل می‌شود و باعث ذوب شدن آن می‌شود.,B,0.7669192552566528,B,0.9289302229881288,True,True,True,True,[0.10419746 0.76691926 0.01081207 0.11807119],[0.03658574 0.9289302  0.0322868  0.00219714],0.8683284521102905,0.76691926,0.9289302,0.16201094,0.824196457862854,0.6920603513717651,0.7523708343505859,0.8246634006500244,0.697356104850769,0.7556855082511902
253,کدام عامل بیشترین تغییر را در یک زمین پوشیده از چمن در طول زمان ایجاد می‌کند؟,"['زمان روز', 'مقدار بارش\u200cهای سالانه', 'تعداد پرندگانی که در آنجا ج nesting می\u200cکنند', 'مهاجرت فصلی حیوانات']",B,تغییرات بارش سالانه تأثیر زیادی بر رشد گیاهان، فرسایش خاک و ترکیب گونه‌های گیاهی و جانوری در یک زمین پوشیده از چمن دارد.,B,0.7957130074501038,B,0.998783528804779,True,True,True,True,[0.13881537 0.795713   0.0144042  0.05106732],[6.5089983e-04 9.9878353e-01 1.4523539e-04 4.2025256e-04],0.8537001609802246,0.795713,0.99878353,0.2030705299999999,0.8690478801727295,0.7228536605834961,0.7892377972602844,0.8739211559295654,0.7260564565658569,0.7931562662124634
254,دانش‌آموزان باید از اطلاعات موجود در جدول چه نتیجه‌گیری کنند؟,"['چیزهای شبیه گیاه بیشتر هستند.', 'چیزهای شبیه حیوان بیشتر هستند.', 'چیزهای شبیه گیاه نمی\u200cتوانند به تنهایی حرکت کنند.', 'چیزهای شبیه حیوان، چیزهای شبیه گیاه را می\u200cخورند.']",A,چیزهای شبیه گیاه فاقد توانایی حرکت مستقل هستند.,A,0.6685104966163635,C,0.0749277174472808,True,False,False,False,[0.6685105  0.21534461 0.05444764 0.06169726],[0.07492772 0.01014036 0.91280645 0.00212554],0.6788032054901123,0.6685105,0.07492772,-0.59358278,0.6662223935127258,0.4981459975242615,0.5700532793998718,0.6662223935127258,0.4981459975242615,0.5700532793998718
255,کدام یک از این فعالیت‌ها برای صرفه‌جویی در آب استفاده می‌شود؟,"['کاشت محصولاتی که در خشکسالی زنده می\u200cمانند', 'روشن نگه\u200cداشتن آب در حین مسواک زدن', 'شستن وسایل نقلیه به\u200cطور مکرر', 'آبیاری علف\u200cها پس از بارش باران']",A,کاشت محصولاتی که در برابر خشکسالی مقاوم هستند، به کاهش مصرف آب در کشاورزی کمک می‌کند.,B,0.6402204632759094,A,0.9969555139541626,False,True,True,True,[0.34268534 0.64022046 0.00203768 0.01505654],[9.9695551e-01 1.1650372e-03 1.8433564e-04 1.6951191e-03],0.7805511951446533,0.34268534,0.99695551,0.65427017,0.9602576494216919,0.7119818925857544,0.8176891803741455,0.9602576494216919,0.7119818925857544,0.8176891803741455
256,سؤال: چه نوع تبدیل انرژی هنگام لرزیدن یک شخص اتفاق می‌افتد و انرژی منتقل شده باعث حرکت عضلات و مفاصل می‌شود؟,"['الف) انرژی جنبشی به انرژی پتانسیل', 'ب) انرژی حرارتی به انرژی جنبشی', 'ج) انرژی پتانسیل به انرژی شیمیایی', 'د) انرژی شیمیایی به انرژی مکانیکی']",D,تبدیل انرژی شیمیایی به انرژی مکانیکی باعث حرکت عضلات و مفاصل هنگام لرزیدن می‌شود.,A,0.7917184233665466,D,0.881443977355957,False,True,True,True,[0.7917184  0.03069825 0.00092701 0.17665626],[9.4366528e-02 2.3859596e-02 3.2986773e-04 8.8144398e-01],0.9046158194541932,0.17665626,0.88144398,0.70478772,0.8579292297363281,0.6961966753005981,0.7686474919319153,0.8579292297363281,0.6961966753005981,0.7686474919319153
257,سوال: یخ، یک سنگ و یک تکه آلومینیوم چه ویژگی مشترکی دارند؟,"['الف) همه آن\u200cها جامد هستند.', 'ب) همه آن\u200cها مایع هستند.', 'ج) همه آن\u200cها مواد معدنی هستند.', 'د) همه آن\u200cها عناصر هستند.']",A,همگی می‌توانند در حالت جامد وجود داشته باشند.,A,0.9901699423789978,A,0.998607575893402,True,True,True,True,[0.99016994 0.0011481  0.00353641 0.00514544],[9.9860758e-01 5.0092727e-04 6.2341406e-04 2.6812704e-04],0.6035546064376831,0.99016994,0.99860758,0.00843764,0.8782622218132019,0.5682051181793213,0.6900025606155396,0.8782622218132019,0.5682051181793213,0.6900025606155396
258,ستاره‌های دریایی مصرف‌کنندگانی هستند که در اکوسیستم برکه‌های جزر و مدی زندگی می‌کنند که به‌طور متناوب زیر آب و در معرض آب قرار می‌گیرند. این نوع اکوسیستم حاوی آنمون‌های سمی و بسیاری از گونه‌های صدف‌ماهیان است. مزیت ستاره دریایی در این اکوسیستم این است که می‌تواند:,"['صدف\u200cها را باز کند.', 'یک نور کوچک تولید کند.', 'به سرعت در بستر دریا حرکت کند.', 'در جو فشرده آب\u200cهای عمیق زنده بماند.']",A,ستاره‌های دریایی با بازوهای خود قادر به باز کردن پوسته‌های بسته صدف‌ها هستند و به عنوان شکارگران مهم عمل می‌کنند.,A,0.626559853553772,A,0.9972752928733826,True,True,True,True,[0.62655985 0.12289595 0.0191435  0.23140062],[9.9727529e-01 1.8953468e-03 5.1012571e-04 3.1922851e-04],0.8252559900283813,0.62655985,0.99727529,0.37071544,0.8433160185813904,0.7186873555183411,0.7760297060012817,0.8433160185813904,0.7186873555183411,0.7760297060012817
259,اسکایر در حال انتخاب نوع کاغذی است که می‌خواهد برای درست کردن یک کارت تبریک استفاده کند. او می‌خواهد کاغذی انتخاب کند که به راحتی پاره نشود. کدام یک از ویژگی‌های کاغذ برای اسکایر مهم‌ترین است؟,"['رنگ', 'اندازه', 'نرمی', 'ضخامت']",D,[MASK] کاغذ در مقاومت آن در برابر پارگی تأثیر دارد.,D,0.9460147619247437,D,0.9783669114112854,True,True,True,True,[0.01047853 0.00206335 0.04144339 0.94601476],[2.014734e-02 6.277095e-04 8.579772e-04 9.783669e-01],0.7104073166847229,0.94601476,0.9783669,0.03235214,0.7989250421524048,0.5778123140335083,0.670612633228302,0.7827877998352051,0.5570675134658813,0.6509145498275757
260,شخصی درخت بلوط زنده‌ای را قطع می‌کند. آن شخص چوب درخت بلوط را می‌سوزاند تا آب را بجوشاند. کدام ترتیب به درستی تحولات انرژی که از درخت زنده تا آب جوشیده رخ داده است را مرتب می‌کند؟,"['انرژی نوری → انرژی شیمیایی → انرژی حرارتی', 'انرژی حرارتی → انرژی شیمیایی → انرژی نوری', 'انرژی شیمیایی → انرژی مکانیکی → انرژی الکتریکی', 'انرژی الکتریکی → انرژی مکانیکی → انرژی شیمیایی']",A,درخت بلوط انرژی نوری را از طریق فتوسنتز به انرژی شیمیایی تبدیل می‌کند. سپس، انرژی شیمیایی در اثر سوختن چوب به انرژی حرارتی تبدیل می‌شود که آب را می‌جوشاند.,A,0.9405416250228882,A,0.9994794726371764,True,True,True,True,[0.9405416  0.0467811  0.00441984 0.00825736],[9.9947947e-01 9.8821009e-05 1.8462195e-04 2.3705927e-04],0.8884779214859009,0.9405416,0.99947947,0.05893787,0.8431445360183716,0.7489677667617798,0.7932707667350769,0.8431445360183716,0.7489677667617798,0.7932707667350769
261,دانش‌آموزان سنگ‌های مختلفی را در شن انداختند تا تأثیرات شهابی را شبیه‌سازی کنند. هدف آن‌ها تعیین این بود که کدام سنگ عمیق‌ترین حفره را ایجاد می‌کند. کدام متغیر را باید دانش‌آموزان کنترل کنند تا نتایج دقیقتری به دست آورند؟,"['ارتفاعی که سنگ\u200cها از آن رها می\u200cشوند', 'زمان متوسطی که سنگ\u200cها برای سقوط نیاز دارند', 'چگالی سنگ\u200cها', 'جرم سنگ\u200cها']",A,برای دقیق‌تر بودن نتایج، دانش‌آموزان باید [MASK] را کنترل کنند تا مطمئن شوند تفاوت‌ها در نتایج به دلیل تفاوت در چگالی نباشد.,C,0.6027483344078064,C,0.012423456646502,False,False,False,False,[0.36416006 0.02346256 0.60274833 0.00962902],[1.2423457e-02 4.3860165e-04 9.8691738e-01 2.2054276e-04],0.6778140664100647,0.36416006,0.012423457,-0.351736603,0.7542724609375,0.6458218693733215,0.6958469748497009,0.735430121421814,0.6172094345092773,0.6711535453796387
262,کدام یک از گزینه‌های زیر بهترین توصیف را از هدف کروموزوم‌ها در هسته سلول ارائه می‌دهد؟,"['ذخیره دستورالعمل\u200cهای ژنتیکی مورد نیاز برای مشخص کردن ویژگی\u200cها', 'آزادسازی انرژی با تجزیه مولکول\u200cهای غذایی', 'انتقال مواد مغذی به داخل و خارج از سلول', 'محافظت از سلول\u200cها در برابر میکروارگانیسم\u200cها']",A,کروموزوم‌ها حاوی اطلاعات ژنتیکی به صورت DNA هستند که برای تعیین ویژگی‌های سلول‌ها ضروری است.,A,0.9813180565834044,A,0.998878538608551,True,True,True,True,[0.98131806 0.0122808  0.00188332 0.00451785],[9.9887854e-01 7.9601881e-04 1.0441495e-04 2.2104644e-04],0.8492928743362427,0.98131806,0.99887854,0.0175604799999999,0.8863394856452942,0.6958070993423462,0.7796007394790649,0.8863394856452942,0.6958070993423462,0.7796007394790649
263,سوال: یک لاک‌پشت که کرم‌ها می‌خورد نمونه‌ای از,"['الف) تنفس', 'ب) تولید مثل', 'ج) دفع زباله', 'د) جذب مواد مغذی']",D,تامین مواد مغذی مورد نیاز بدن از طریق مصرف کرم‌ها، نمونه‌ای از جذب مواد مغذی است.,B,0.4723110496997833,D,0.980263888835907,False,True,True,True,[0.12035555 0.47231105 0.08271907 0.32461432],[0.01076288 0.00448664 0.00448664 0.9802639 ],0.7391066551208496,0.32461432,0.9802639,0.65564958,0.8005013465881348,0.6485673189163208,0.716569185256958,0.8005013465881348,0.6485673189163208,0.716569185256958
264,سوال: جمعیت‌هایی که در یک مکان زندگی می‌کنند تشکیل می‌دهند,"['الف) جامعه', 'ب) سیستم', 'ج) زیستگاه', 'د) گونه']",A,گروهی از جمعیت‌های مختلف که در یک منطقه زندگی می‌کنند و با هم تعامل دارند.,A,0.9011216163635254,A,0.4575160443782806,True,True,True,False,[0.9011216  0.0101088  0.06489567 0.02387378],[0.45751604 0.14853372 0.31444588 0.07950437],0.8243153095245361,0.9011216,0.45751604,-0.4436055599999999,0.9020279049873352,0.7522894144058228,0.8203819394111633,0.9020279049873352,0.7522894144058228,0.8203819394111633
265,آمیلاز بزاقی یک آنزیم در بدن انسان است که کربوهیدرات‌ها را از غذای مصرفی هضم می‌کند. زمانی که غذا مختلط با بزاق وارد معده می‌شود، عمل آمیلاز بزاقی به طور چشمگیری کند می‌شود. چه چیزی باعث می‌شود آمیلاز بزاقی از هضم غذا متوقف شود؟,"['A) pH معده پایین\u200cتر از دهان است.', 'B) غلظت غذا در معده کاهش می\u200cیابد.', 'C) دمای غذا در معده افزایش می\u200cیابد.', 'D) غذا در دهان بیشتر از معده مخلوط می\u200cشود.']",A,آمیلاز بزاقی در محیط اسیدی غیرفعال می‌شود؛ زیرا pH معده به دلیل وجود اسید هیدروکلریک پایین‌تر از دهان است.,A,0.4656043350696563,A,0.9907637238502502,True,True,True,True,[0.46560434 0.32000488 0.19409277 0.02029803],[9.9076372e-01 7.5941812e-03 1.2397160e-03 4.0247687e-04],0.8538779616355896,0.46560434,0.99076372,0.5251593800000001,0.8262140154838562,0.6907368898391724,0.7524257898330688,0.8262139558792114,0.6907368302345276,0.7524257302284241
266,یک دانش‌آموز در تلاش است تا معدنی را شناسایی کند که درخشندگی غیرفلزی دارد و سیاه است. همچنین می‌توان با ناخن آن را خراشید. طبق برگه مرجع مواد معدنی، این مینرال ناشناس احتمالاً,"['میکا.', 'مگنتیت.', 'هورنبلند.', 'کوارتز.']",A,دارای درخشندگی غیرفلزی، سیاه و قابل خراش با ناخن است که با ویژگی‌های هورنبلند مطابقت دارد.,C,0.6327065825462341,C,0.0096282111480832,False,False,False,False,[0.10994792 0.20540975 0.6327066  0.05193572],[9.628211e-03 4.013635e-03 9.859481e-01 4.100187e-04],0.7770448327064514,0.10994792,0.009628211,-0.100319709,0.6202130317687988,0.5423744916915894,0.5786880254745483,0.6202130317687988,0.5423744916915894,0.5786880254745483
267,درونی زمین از چندین لایه فیزیکی مختلف تشکیل شده است. لایه جامد زمین که بر روی یک لایه ویسکوز حرکت می‌کند، به نام کدام شناخته می‌شود؟,"['هسته', 'قشر', 'آستنوسفر', 'جو']",B,لایه جامد زمین که بر روی لایه ویسکوز حرکت می‌کند، پوسته زمین نام دارد.,B,0.9693231582641602,B,0.9931588768959044,True,True,True,True,[2.5844203e-02 9.6932316e-01 4.4214218e-03 4.1125630e-04],[3.5749010e-03 9.9315888e-01 3.1548392e-03 1.1137945e-04],0.8750501275062561,0.96932316,0.99315888,0.02383572,0.9425974488258362,0.6742851734161377,0.7861788868904114,0.9340397715568542,0.6705740094184875,0.780677318572998
268,یک نجار یک تکه چوب را با یک ورق نازک کاغذ پوشاند. او تکه چوب پوشیده شده را با چکش ضربه زد. ضربه باعث ایجاد یک سوراخ کوچک در کاغذ شد که بوی دود می‌داد. این رویداد احتمالاً چه نوع انتقال انرژی را نشان می‌دهد؟,"['A) شیمیایی به حرارتی', 'B) مکانیکی به حرارتی', 'C) مکانیکی به شیمیایی', 'D) شیمیایی به مکانیکی']",B,ضربه چکش انرژی مکانیکی را به گرما تبدیل می‌کند و تولید دود می‌کند که نشان‌دهنده تبدیل انرژی مکانیکی به حرارتی است.,A,0.6270864009857178,B,0.9577017426490784,False,True,True,True,[0.6270864  0.26243162 0.0957919  0.01469016],[3.7718903e-02 9.5770174e-01 4.2319437e-03 3.4737907e-04],0.7669107913970947,0.26243162,0.95770174,0.69527012,0.7170270681381226,0.563282310962677,0.6309235095977783,0.7170271873474121,0.563282310962677,0.6309236288070679
269,نماد شیمیایی نیوبیم Nb است. بر اساس نماد آن، چه نتیجه‌ای می‌توان از نیوبیم گرفت؟,"['الف) نیوبیم یک ترکیب است.', 'ب) نیوبیم یک عنصر است.', 'ج) نیوبیم یک فلز است.', 'د) نیوبیم یک مخلوط است.']",B,نیوبیم با نماد شیمیایی دو حرفی نشان داده می‌شود که یک عنصر است.,B,0.9169761538505554,B,0.9695988893508912,True,True,True,True,[0.05839178 0.91697615 0.01672953 0.00790247],[0.02044028 0.9695989  0.00751956 0.00244124],0.8745437860488892,0.91697615,0.9695989,0.05262275,0.8324406147003174,0.7167443037033081,0.7702722549438477,0.8324406147003174,0.7167443037033081,0.7702722549438477
270,دانشمندان چگونه به نظریه تکتونیک صفحات رسیدند؟,"['با تعیین سن گدازه\u200cهای بالا آمده در مرزهای اقیانوس', 'با تعیین ترکیب رسوبات سنگ آهک', 'با تعیین نرخ فرسایش رشته\u200cکوه\u200cها', 'با تعیین نوع سنگ رسوبی تشکیل شده در خشکی']",A,دانشمندان با مطالعه و تعیین سن گدازه‌های مرزهای اقیانوس، سرعت حرکت صفحات را اندازه‌گیری و نظریه تکتونیک صفحات را تدوین کردند.,A,0.9342116713523864,A,0.961308777332306,True,True,True,True,[0.9342117  0.04076676 0.01699411 0.00802745],[0.9613088  0.02546835 0.01221985 0.00100307],0.9376175403594972,0.9342117,0.9613088,0.0270970999999999,0.831835925579071,0.6521767973899841,0.7311313152313232,0.8318359851837158,0.6521768569946289,0.731131374835968
271,کدام سیستم بدنی وظیفه اصلی‌اش ادامه نسل است؟,"['گوارش', 'عصبی', 'ادراری', 'تولیدی']",D,سیستم بدن که وظیفه اصلی‌اش ادامه نسل است.,A,0.8802451491355896,D,0.8724988698959351,False,True,True,True,[0.88024515 0.10513029 0.00469184 0.00993263],[0.09232063 0.02997212 0.00520837 0.87249887],0.8264991044998169,0.00993263,0.87249887,0.86256624,0.7972471714019775,0.5894078612327576,0.6777514219284058,0.7905185222625732,0.5844531655311584,0.6720445156097412
272,پرستوهای آبی ترجیح می‌دهند در نزدیکی مکان‌های باز و علفی زندگی کنند. کجا بیشتر احتمال دارد که یک پرستو آبی پیدا کنید؟,"['سد', 'ساحل', 'زمین بازی', 'پارکینگ']",C,پرستوهای آبی در مناطق باز و علفی زندگی می‌کنند؛ سواحل معمولاً چنین شرایطی دارند.,C,0.5889759659767151,B,0.0006349873146973,True,False,False,False,[0.1912125  0.21667215 0.58897597 0.00313933],[1.6729686e-03 9.9747258e-01 6.3498731e-04 2.1944573e-04],0.8477972745895386,0.58897597,0.00063498731,-0.58834098269,0.7769137024879456,0.6642817258834839,0.7161964774131775,0.7769137620925903,0.6642817854881287,0.7161966562271118
273,چرا رقابت بین نرها در فصل جفت‌گیری در برخی از گونه‌های حیوانی مهم است؟,"['این اطمینان می\u200cدهد که ژن\u200cهای بهترین حیوانات منتقل می\u200cشود.', 'این به ماده\u200cها اجازه می\u200cدهد که بین نرهای بالغ و جوان تمایز قائل شوند.', 'این به گونه\u200cها راه\u200cهای جدیدی برای ارتباط فراهم می\u200cکند.', 'این سرعت فرآیند تولید مثل را افزایش می\u200cدهد.']",A,این رقابت اطمینان حاصل می‌کند که ژن‌های قوی‌ترین نرها منتقل شود و انتخاب طبیعی تقویت شود.,A,0.857846200466156,A,0.9439622163772584,True,True,True,True,[0.8578462  0.13065875 0.00400769 0.00748734],[0.9439622  0.05284027 0.00149896 0.00169855],0.7759669423103333,0.8578462,0.9439622,0.0861159999999999,0.7855345606803894,0.5634268522262573,0.6561955809593201,0.7855345606803894,0.5634268522262573,0.6561955809593201
274,زمانی که از دستکش‌های فر برای خارج کردن قابلمه‌های داغ از فر استفاده می‌شود، این دستکش‌ها در حال خدمت به عنوان,"['رساناها.', 'عایق\u200cها.', 'بازتاب\u200cدهنده\u200cها.', 'انتقال\u200cدهنده\u200cها.']",B,دستکش‌های فر از انتقال حرارت به دست جلوگیری می‌کنند و به عنوان عایق عمل می‌کنند.,B,0.8417088985443115,B,0.9954296350479126,True,True,True,True,[0.07852083 0.8417089  0.00124949 0.07852083],[4.0128534e-03 9.9542964e-01 7.8238183e-05 4.7926701e-04],0.8854928016662598,0.8417089,0.99542964,0.15372074,0.8623445630073547,0.718303918838501,0.783761203289032,0.8623445630073547,0.7183039784431458,0.7837612628936768
275,کدام ویژگی بهترین کمک را به یک حیوان در دفاع از خود در برابر شکارچیان می‌کند؟,"['دم بلند یک گربه', 'پشم ضخیم یک سگ', 'دم مسطح یک بیور', 'بوی قوی یک پوست کلفت']",D,دم مسطح به بیور کمک می‌کند تا در آب مانور دهد و به سرعت از شکارچیان فرار کند و خطر را تشخیص دهد.,A,0.6521759629249573,C,0.0004173694178462,False,False,False,False,[0.65217596 0.07819617 0.02876676 0.24086115],[3.6055215e-03 1.6344420e-04 9.9581367e-01 4.1736942e-04],0.752411961555481,0.24086115,0.00041736942,-0.24044378058,0.8426694273948669,0.6798751354217529,0.7525690793991089,0.8570703268051147,0.69435715675354,0.7671810984611511
276,کدام عامل پاسخ مبارزه یا فرار یک حیوان را تحریک خواهد کرد؟,"['اندازه جمعیت', 'رقابت برای غذا', 'دماهای فصلی', 'حفاظت از محیط زیست']",B,رقابت برای منابع محدود، باعث استرس و تحریک پاسخ مبارزه یا فرار در حیوانات می‌شود.,B,0.9290708899497986,B,0.9981414079666138,True,True,True,True,[0.04102033 0.9290709  0.00795215 0.0219566 ],[1.4831618e-03 9.9814141e-01 2.4980522e-04 1.2560995e-04],0.8036301732063293,0.9290709,0.99814141,0.0690705099999999,0.7433260679244995,0.5975032448768616,0.6624851226806641,0.7409570217132568,0.5963701009750366,0.6608474254608154
277,برخی از متخصصان بهداشتی توصیه می‌کنند که کودکان قبل از بیرون رفتن از اسپری‌های دافع حشرات استفاده کنند. استفاده از اسپری دافع حشرات راه خوبی است برای جلوگیری از,"['تکثیر.', 'تخم\u200cگذاری.', 'گسترش بیماری.', 'مردن.']",C,استفاده از دافع حشرات از گزش حشرات بیماری‌زا و گسترش بیماری جلوگیری می‌کند.,A,0.5510239005088806,C,0.9561386704444884,False,True,True,True,[0.5510239  0.42913786 0.00326373 0.01657461],[4.2174224e-02 1.2538065e-03 9.5613867e-01 4.3330397e-04],0.8613767027854919,0.00326373,0.95613867,0.95287494,0.8287315368652344,0.6416003108024597,0.7232577204704285,0.8378865718841553,0.6538947820663452,0.7345441579818726
278,تلسکوپ برای همه موارد زیر استفاده می‌شود به جز,"['برای اندازه\u200cگیری چگالی جو زمین.', 'برای یادگیری بیشتر درباره ستاره\u200cها و سیارات.', 'برای مشاهده سطح ماه.', 'برای درک بهتر زمین.']",A,تلسکوپ‌ها برای مطالعه اجرام آسمانی طراحی شده‌اند، نه برای اندازه‌گیری ویژگی‌های جو زمین.,A,0.4647045135498047,A,0.900844395160675,True,True,True,True,[0.4647045  0.21951087 0.28185755 0.03392711],[0.9008444  0.08379158 0.01000748 0.00535662],0.7772861123085022,0.4647045,0.9008444,0.4361398999999999,0.7851852178573608,0.5572162866592407,0.6518437266349792,0.7879825234413147,0.561297595500946,0.6555980443954468
279,از اطلاعات زیر برای پاسخ به سوال استفاده کنید. هر موجودی در زمین بخشی از یک رابطه پیچیده با سایر موجودات است. این رابطه به نام شبکه غذایی شناخته می‌شود. موجودات زیر بخشی از یک شبکه غذایی هستند که معمولاً در اطراف یک مخزن قرار دارند: جلبک، ماهی، خرگوش، عقاب، درخت کاج، چمن، موش میدانی. کدام یک از اعضای شبکه غذایی گوشتخوار است؟,"['موش میدانی', 'عقاب', 'خرگوش', 'جلبک']",B,پرنده شکارگر با جایگاه بالا در شبکه غذایی، گوشتخوار است.,D,0.3689463436603546,C,0.1100864931941032,False,False,False,False,[0.22377726 0.08168241 0.325594   0.36894634],[0.38124943 0.11008649 0.48953396 0.01913016],0.8376715183258057,0.08168241,0.11008649,0.0284040799999999,0.8074573278427124,0.6602317094802856,0.726460337638855,0.8137765526771545,0.6754230260848999,0.7381728887557983
280,کدام اندام در قورباغه دارای عملکردی مشابه با عملکرد ریه‌ها در پرندگان است؟,"['کلیه', 'پوست', 'کبد', 'قلب']",B,[MASK] در قورباغه‌ها نقش تنفسی دارد و در تبادل گازها مشابه با ریه‌ها در پرندگان عمل می‌کند.,A,0.8890508413314819,A,0.1224346980452537,False,False,False,False,[0.88905084 0.0236924  0.03042165 0.05683512],[0.6990801  0.1224347  0.02127596 0.15720926],0.8847729563713074,0.0236924,0.1224347,0.0987422999999999,0.8739537000656128,0.6575793027877808,0.7504818439483643,0.8656526803970337,0.6477761268615723,0.7410313487052917
281,هنگامی که کلید در یک مدار ساده سری بسته می‌شود، چه اتفاقی برای لامپی می‌افتد که جریان برق به آن می‌رسد؟,"['لامپ ترک می\u200cخورد', 'لامپ خاموش می\u200cشود', 'لامپ سوخته می\u200cشود', 'لامپ روشن می\u200cشود']",D,با بستن کلید، مسیر جریان برق کامل شده و [MASK].,B,0.6136348247528076,B,0.0904999747872352,False,False,False,False,[0.2887305  0.6136348  0.01426318 0.08337148],[0.36074165 0.5228297  0.02592868 0.09049997],0.6747119426727295,0.08337148,0.09049997,0.00712849,0.7838711142539978,0.4839027523994446,0.5983991622924805,0.8080350756645203,0.48113375902175903,0.6031373739242554
282,یک قورباغه سبز در یک جنگل زندگی می‌کند. رنگ سبز قورباغه چگونه به بقا آن کمک می‌کند؟,"['با کمک به قورباغه در یافتن قورباغه\u200cهای دیگر', 'با خنک نگه داشتن قورباغه', 'با سخت کردن دیدن قورباغه وقتی بر روی برگ\u200cها نشسته است', 'با اجازه دادن به قورباغه برای تهیه غذای خود']",C,رنگ سبز قورباغه با محیط اطراف هماهنگ است و به پنهان شدن آن کمک می‌کند.,C,0.5594077110290527,C,0.5400079488754272,True,True,True,False,[0.266318   0.09797291 0.5594077  0.07630139],[0.37114167 0.074233   0.54000795 0.01461735],0.8683132529258728,0.5594077,0.54000795,-0.0193997499999999,0.8042334318161011,0.6294461488723755,0.7061852216720581,0.8042334318161011,0.6294462084770203,0.7061852812767029
283,کشیدگی جاذبه در زمین نتیجه مستقیم کدام یک از عوامل زیر است؟,"['جرم زمین.', 'میدان مغناطیسی زمین.', 'چرخش زمین حول محور خود.', 'وزن جو زمین.']",A,جرم زمین عامل اصلی ایجاد جاذبه است.,C,0.7561115622520447,A,0.998875081539154,False,True,True,True,[0.13242301 0.10313115 0.75611156 0.00833427],[9.9887508e-01 8.1409764e-04 1.5537326e-04 1.5537326e-04],0.7968118786811829,0.13242301,0.99887508,0.86645207,0.8907283544540405,0.6170027256011963,0.7290183901786804,0.8907283544540405,0.6170027256011963,0.7290183901786804
284,دو ماده شیمیایی در یک چرک‌ در حال نشستن در حمام آب یخ مخلوط می‌شوند. یخ در آب در حین واکنش مواد شیمیایی به مدت یک دقیقه ذوب می‌شود. چه نوع واکنشی در حال انجام است؟,"['A).endothermic، که در آن انرژی جذب می\u200cشود', 'B)endothermic، که در آن انرژی آزاد می\u200cشود', 'C)exothermic، که در آن انرژی جذب می\u200cشود', 'D)exothermic، که در آن انرژی آزاد می\u200cشود']",D,واکنشی که باعث ذوب یخ می‌شود، گرماگیر است زیرا انرژی از محیط اطراف جذب می‌شود.,A,0.9560917019844056,A,0.0040637063793838,False,False,False,False,[0.9560917  0.00568235 0.00936862 0.02885737],[0.98469293 0.00149495 0.00974832 0.00406371],0.9213046431541444,0.02885737,0.00406371,-0.02479366,0.8881468772888184,0.6710777282714844,0.7645025253295898,0.8881468772888184,0.6710777282714844,0.7645025253295898
285,تمام عناصر موجود در سمت چپ جدول تناوبی عناصر چه ویژگی‌های مشترکی دارند؟,"['آنها در دمای اتاق جامد هستند.', 'آنها برق را هدایت نمی\u200cکنند.', 'آنها شکننده و کدر هستند.', 'آنها رادیواکتیو هستند.']",A,عناصر سمت چپ جدول تناوبی، فلزات هستند که اغلب در دمای اتاق جامد هستند و به عنوان فلزات قلیایی و قلیایی خاکی شناخته می‌شوند.,B,0.7048388719558716,A,0.9953643083572388,False,True,True,True,[0.17890868 0.7048389  0.10851359 0.00773883],[9.9536431e-01 4.0638559e-03 2.6804034e-04 3.0372950e-04],0.9352471232414246,0.17890868,0.99536431,0.8164556300000001,0.9282824397087097,0.7803775072097778,0.847928524017334,0.9282824397087097,0.7803775072097778,0.847928524017334
286,در تاریخ ۲۱ فوریه، یک دانش‌آموز مشاهده می‌کند که ماه در آسمان شب صاف قابل مشاهده نیست. در چه تاریخی این دانش‌آموز دوباره نمی‌تواند ماه را در آسمان شب صاف ببیند؟,"['۲۸ فوریه', '۷ مارس', '۱۴ مارس', '۲۱ مارس']",D,ماه هر ۲۹.۵ روز یک‌بار دور زمین می‌چرخد. اگر در ۲۱ فوریه ماه قابل مشاهده نباشد، ۲۹.۵ روز بعد یعنی [MASK] دوباره در همان فاز قرار می‌گیرد.,D,0.5305875539779663,B,0.1294140219688415,True,False,False,False,[0.28400308 0.15201588 0.03339346 0.53058755],[0.11420748 0.57100147 0.18537703 0.12941402],0.9010615348815918,0.53058755,0.12941402,-0.40117353,0.8770138025283813,0.7383106350898743,0.8017071485519409,0.8793809413909912,0.736707329750061,0.8017463088035583
287,کدام یک از جملات بهترین توصیف از نظریه انتخاب طبیعی است؟,"['این نظریه بقای یک گونه را تضمین می\u200cکند.', 'این نظریه اندازه جمعیت را افزایش می\u200cدهد.', 'این نظریه نیازمند آن است که افراد یکسان باشند.', 'این نظریه در طول زمان طولانی رخ می\u200cدهد.']",D,فرآیندی است که در آن افراد با ویژگی‌های مطلوب برای بقا و تولید مثل، شانس بیشتری برای زنده ماندن دارند و این فرآیند در طول زمان طولانی رخ می‌دهد.,A,0.8406674861907959,D,0.6789056062698364,False,True,True,True,[0.8406675  0.12841792 0.01353515 0.01737948],[7.1836188e-02 2.4878171e-01 4.7652423e-04 6.7890561e-01],0.6385317444801331,0.01737948,0.67890561,0.66152613,0.9454957842826843,0.7570061683654785,0.8408167958259583,0.9457502365112305,0.7597225904464722,0.8425907492637634
288,کدام یک از موارد زیر نقش مرکزی کربن در شیمی موجودات زنده است؟,"['کربن تنها می\u200cتواند با سایر اتم\u200cهای کربن پیوند برقرار کند.', 'کربن یک حلال است که پیوندهای شیمیایی را قطع می\u200cکند.', 'کربن به راحتی پیوندهای یونی تشکیل می\u200cدهد که به راحتی جدا می\u200cشوند.', 'کربن می\u200cتواند انواع مختلفی از مولکول\u200cها را با پیوندهای کووالانسی تشکیل دهد.']",D,کربن به دلیل ساختار الکترونیکی، می‌تواند مولکول‌های متنوع و پیچیده را با پیوندهای کووالانسی تشکیل دهد که برای حیات ضروری هستند.,D,0.7795183062553406,D,0.963430881500244,True,True,True,True,[0.19786449 0.02069247 0.0019247  0.7795183 ],[3.3355393e-02 2.7379775e-03 4.7578913e-04 9.6343088e-01],0.8677956461906433,0.7795183,0.96343088,0.18391258,0.8646517395973206,0.6564598083496094,0.7463083863258362,0.8646517992019653,0.6564598083496094,0.7463083267211914
289,یک جغد به شکار موش‌هایی می‌رود که در مزارع یک کشاورز زندگی می‌کنند. پس از این که کشاورز محصولات را جمع‌آوری می‌کند، موش‌ها مکان‌های کمتری برای پنهان شدن دارند. پس از جمع‌آوری محصولات، کدام یک از موارد زیر بیشتر محتمل است؟,"['جغد موش\u200cهای بیشتری را شکار خواهد کرد.', 'جغد در یک مزرعه دیگر شکار خواهد کرد.', 'جغد مواد جدیدی برای ساخت لانه\u200cاش خواهد داشت.', 'جغد برای تغذیه جوجه\u200cهایش با مشکل مواجه خواهد شد.']",A,پس از جمع‌آوری محصولات، موش‌ها مکان‌های کمتری برای پنهان شدن دارند و جغد راحت‌تر آن‌ها را شکار می‌کند.,A,0.958876132965088,A,0.9782217144966124,True,True,True,True,[0.95887613 0.02557815 0.00206703 0.01347874],[0.9782217  0.01568844 0.0021232  0.00396666],0.876394510269165,0.95887613,0.9782217,0.0193455699999999,0.9006845951080322,0.7405309677124023,0.8127937316894531,0.9006845951080322,0.7405310273170471,0.8127937912940979
290,در یک سیم مسی، افزایش دما نتیجه کدام یک از موارد زیر است؟,"['افزایش اندازه ذرات مس', 'کاهش جرم ذرات مس', 'افزایش حرکت ذرات مس', 'کاهش فاصله بین ذرات مس']",C,افزایش انرژی جنبشی ذرات باعث افزایش حرکت آنها می‌شود.,C,0.900049090385437,C,0.9750798344612122,True,True,True,True,[0.09449463 0.00255785 0.9000491  0.00289843],[2.2753226e-02 1.6482380e-03 9.7507983e-01 5.1864109e-04],0.8113896250724792,0.9000491,0.97507983,0.0750307299999999,0.8263133764266968,0.5996531844139099,0.6949692964553833,0.8327352404594421,0.6047913432121277,0.7006911039352417
291,میشل یک تحقیق انجام داد اما نتایج با فرضیه‌اش مطابقت نداشت. میشل باید چه کار بعدی انجام دهد؟,"['تحقیق را به شیوه\u200cای متفاوت انجام دهد', 'فرضیه را تغییر دهد تا با نتایج مطابقت پیدا کند', 'تحقیق دیگری انتخاب کند', 'تحقیق را تکرار کند']",D,میشل باید [MASK] تا از صحت نتایج اطمینان حاصل کند و خطاهای احتمالی را شناسایی کند.,B,0.8307163715362549,B,0.0104520749300718,False,False,False,False,[1.6389756e-01 8.3071637e-01 5.1356253e-04 4.8725461e-03],[0.14655861 0.84174097 0.00124832 0.01045207],0.8222650289535522,0.0048725461,0.01045207,0.0055795239,0.9018629193305969,0.6088094711303711,0.7269116640090942,0.8898940682411194,0.5982373356819153,0.7154850363731384
292,بزرگترین جسم در منظومه شمسی ما چیست؟,"['زمین.', 'خورشید.', 'سیاره مشتری.', 'ماه.']",B,خورشید با داشتن 99.8 درصد جرم منظومه شمسی، بزرگترین جسم آن است.,B,0.9989551305770874,B,0.9956281185150146,True,True,True,False,[9.1628230e-04 9.9895513e-01 6.4333115e-05 6.4333115e-05],[4.0058219e-03 9.9562812e-01 2.0576899e-04 1.6025304e-04],0.8820129632949829,0.99895513,0.99562812,-0.00332701,0.7738083004951477,0.5984512567520142,0.6749255657196045,0.7738083004951477,0.5984513163566589,0.6749256253242493
293,اسکار در حال بررسی این است که چند روز طول می‌کشد تا جوجه‌ای از تخم بیرون بیاید. کدام تعداد تخم می‌تواند به اسکار نتایج قابل اطمینان‌تری بدهد؟,"['1', '3', '5', '7']",D,برای نتایج قابل اطمینان‌تر، بررسی تعداد بیشتری از تخم‌ها ضروری است تا الگوی عمومی مشخص شود.,D,0.7640334367752075,D,0.5628654360771179,True,True,True,False,[0.02573846 0.19018295 0.02004514 0.76403344],[0.00999206 0.16126364 0.2658788  0.56286544],0.8354828357696533,0.76403344,0.56286544,-0.2011679999999999,0.695748507976532,0.5289648771286011,0.6010002493858337,0.6957485675811768,0.5289648175239563,0.6010002493858337
294,کدامیک بهترین نمایانگر استفاده از انرژی مکانیکی است؟,"['A) یک لامپ که حرارت تولید می\u200cکند', 'B) یک شمع که نور تولید می\u200cکند', 'C) یک میخ که کوبیده می\u200cشود', 'D) یک قوطی که زنگ می\u200cزند']",C,انرژی مکانیکی با حرکت یا موقعیت اجسام مرتبط است و کوبیدن میخ نمونه‌ای واضح از استفاده از این انرژی است.,A,0.6901668310165405,C,0.9647555947303772,False,True,True,True,[0.69016683 0.15399703 0.10584052 0.04999552],[0.02913309 0.0044677  0.9647556  0.00164358],0.8629458546638489,0.10584052,0.9647556,0.85891508,0.7031551599502563,0.6181772351264954,0.6579335927963257,0.7031550407409668,0.6181772947311401,0.6579335927963257
295,زمانی که یک موج فشاری از میان یک محیط عبور می‌کند، این محیط در چه جهتی جابجا می‌شود؟,"['به سمت بالا', 'به سمت پایین', 'در همان جهت', 'در جهت مخالف']",C,ذرات محیط در جهت انتشار موج فشاری جابجا می‌شوند.,C,0.4109839498996734,C,0.8862193822860718,True,True,True,True,[0.15119255 0.11774888 0.41098395 0.32007462],[0.03020654 0.01111236 0.8862194  0.07246171],0.7769935727119446,0.41098395,0.8862194,0.47523545,0.8736957311630249,0.6625581979751587,0.7536180019378662,0.8600937724113464,0.658670961856842,0.7460257411003113
296,کدام یک از این ستاره‌ها بیشتر با خورشید مشابه است؟,"['ستاره غول قرمز آرکتوروس', 'ستاره کوتوله سفید سیریوس ب', 'ستاره اصلی زنجیره آلفا منسای', 'ستاره فوق\u200cغول آبی ریگل']",C,خورشید یک ستاره رشته اصلی است؛ بنابراین ستاره‌ای با ویژگی‌های مشابه باید در مرحله اصلی زندگی باشد.,A,0.5158240795135498,B,0.1547452956438064,False,False,False,False,[0.5158241  0.35452038 0.01545532 0.11420023],[0.19869688 0.6120295  0.1547453  0.03452834],0.7903712391853333,0.01545532,0.1547453,0.13928998,0.7947282195091248,0.6500083804130554,0.7151199579238892,0.7937434315681458,0.6491165161132812,0.7141815423965454
297,نکتار مایعی شیرین است که برخی از گیاهان گلدار تولید می‌کنند. یک مرغ مگس‌خوار نکتار را از یک گل می‌نوشد. وقتی یک مرغ مگس‌خوار نکتار می‌نوشد، گرده از گل به منقار مرغ مگس‌خوار می‌چسبد. تصویر یک مرغ مگس‌خوار را نشان می‌دهد که در حال نوشیدن نکتار از یک گل است. کدام جمله نقش یک مرغ مگس‌خوار را در چرخه زندگی یک گیاه گلدار توضیح می‌دهد؟,"['الف) یک مرغ مگس\u200cخوار غذا را به گیاه می\u200cآورد.', 'ب) یک مرغ مگس\u200cخوار به گیاه در تولید مثل کمک می\u200cکند.', 'ج) یک مرغ مگس\u200cخوار از گیاه در برابر شکارچیان محافظت می\u200cکند.', 'د) یک مرغ مگس\u200cخوار باعث می\u200cشود گل\u200cها نکتار تولید کنند.']",B,مرغ مگس‌خوار با انتقال گرده بین گل‌ها، به گیاه در تولید مثل کمک می‌کند.,D,0.7951335906982422,B,0.9028797745704652,False,True,True,True,[0.17776515 0.0210658  0.00603545 0.7951336 ],[0.03951511 0.9028798  0.0068667  0.05073841],0.8806892037391663,0.0210658,0.9028798,0.881814,0.8790268898010254,0.6891590356826782,0.7725988030433655,0.8790268301963806,0.6891590356826782,0.7725988626480103
298,یک دانش آموز یک ماشین اسباب بازی قرمز را بر روی یک کف چوبی هل می‌دهد. سپس دانش آموز همان ماشین اسباب بازی قرمز را بر روی یک کف سیمانی هل می‌دهد. این دانش آموز احتمالاً در حال بررسی کدام سوال است؟,"['چقدر یک ماشین اسباب بازی معمولاً سریع می\u200cچرخد؟', 'بهترین راه برای به حرکت درآوردن یک ماشین اسباب بازی چیست؟', 'کدام سطح اجازه می\u200cدهد ماشین اسباب بازی مسافت بیشتری را طی کند؟', 'آیا رنگ تأثیری بر مسافتی که یک ماشین اسباب بازی طی می\u200cکند دارد؟']",C,دانش آموز تأثیر سطوح مختلف را بر حرکت ماشین اسباب بازی بررسی می‌کند تا ببیند کدام سطح اجازه می‌دهد ماشین مسافت بیشتری را طی کند.,D,0.8933945894241333,C,0.9857553839683532,False,True,True,True,[0.03917643 0.00283793 0.06459101 0.8933946 ],[1.2312262e-02 7.8709662e-04 9.8575538e-01 1.1452188e-03],0.878557562828064,0.06459101,0.98575538,0.92116437,0.8389264941215515,0.6604659557342529,0.7390758395195007,0.8389264941215515,0.6604659557342529,0.7390758395195007
299,دستگاه سونار امواجی را به اعماق دریا ارسال کرده و اندازه‌گیری می‌کند,"['تاخیر زمانی امواج بازتابیده شده.', 'شکست امواج منتقل شده.', 'جهت امواج منتقل شده.', 'تداخل امواج منتقل شده و بازتابیده شده.']",A,با اندازه‌گیری زمان بازگشت امواج، عمق دریا محاسبه می‌شود.,A,0.9963020086288452,A,0.9970107078552246,True,True,True,True,[9.9630201e-01 3.2083897e-03 1.0640733e-04 3.8318752e-04],[9.9701071e-01 2.7637207e-03 4.3296994e-05 1.8228716e-04],0.7072986364364624,0.99630201,0.99701071,0.0007087,0.8484126925468445,0.5705938339233398,0.6823070049285889,0.8484127521514893,0.5705938935279846,0.6823071241378784
300,کری یک چراغ قوه ساده ساخت. او موارد زیر را در دفترچه آزمایشگاه خود ثبت کرد. کدام یک از این موارد استنتاج است؟,"['سیم ۳۵ سانتی\u200cمتر طول داشت.', 'چراغ قوه دارای یک باتری بود.', 'کلید پلاستیکی بهتر از کلید فلزی بود.', 'لامپ به مدت ۲۰ دقیقه قبل از سوختن روشن بود.']",C,مقایسه نتایج آزمایش، مانند برتری یک ماده بر دیگری، یک استنتاج است.,B,0.5088019967079163,B,0.1686314046382904,False,False,False,False,[0.16518383 0.508802   0.01741025 0.308604  ],[0.1488167  0.40452573 0.1686314  0.2780262 ],0.712571918964386,0.01741025,0.1686314,0.15122115,0.6363276243209839,0.5243450999259949,0.5749343037605286,0.6363276243209839,0.5243451595306396,0.5749343037605286
301,یک توپ از ارتفاع‌های مختلف رها می‌شود. هنگامی که توپ از بالاترین ارتفاع رها می‌شود، هنگام برخورد به زمین بیشترین سر و صدا یا لرزش را ایجاد می‌کند. بهترین توضیح برای اینکه توپ بیشترین صدا را ایجاد می‌کند چیست؟,"['هوای بیشتری به پایین فشار می\u200cآورد و توپ سریع\u200cتر می\u200cرود.', 'جاذبه به مدت طولانی\u200cتری کشش دارد و توپ سریع\u200cتر می\u200cرود.', 'توپ در حال افزایش وزن است و سریع\u200cتر می\u200cرود.', 'توپ در حال گرم شدن است و سریع\u200cتر می\u200cرود.']",B,توپ با سقوط از ارتفاع بیشتر، زمان بیشتری برای شتاب گرفتن دارد و در نتیجه سرعت و انرژی جنبشی بیشتری هنگام برخورد به دست می‌آورد.,A,0.9184097647666932,B,0.7517361640930176,False,True,True,True,[0.91840976 0.05876934 0.00120081 0.02162003],[0.24215376 0.75173616 0.00187798 0.0042321 ],0.8623453974723816,0.05876934,0.75173616,0.69296682,0.8403596878051758,0.7192043662071228,0.7750760316848755,0.8403596878051758,0.7192043662071228,0.7750760316848755
302,یک گیاه‌شناس کود جدیدی توسعه داد که بر روی انواع مختلف گیاهان تحت شرایط مختلف آزمایش شد. نتایج نشان داد که این کود رشد گیاه را افزایش می‌دهد. بهترین راه برای تأیید نتایج چیست؟,"['اجازه دادن به یک آزمایشگاه دیگر تا آزمایش\u200cها را تکرار کند', 'نتایج را چندین بار بررسی کند', 'یک فرضیه جدید توسعه دهد تا آزمایش کند', 'روش را تغییر دهد']",A,تکرار آزمایش‌ها توسط یک گروه دیگر، نتایج را تایید و اطمینان حاصل می‌کند که یافته‌ها قابل اعتماد و پایدار هستند.,A,0.9392221570014954,A,0.8809820413589478,True,True,True,False,[9.3922216e-01 5.9575208e-02 1.1146881e-04 1.0911580e-03],[8.8098204e-01 1.1876313e-01 8.1747581e-05 1.7305964e-04],0.7919598817825317,0.93922216,0.88098204,-0.05824012,0.8385049104690552,0.612170934677124,0.7076816558837891,0.8385047912597656,0.612170934677124,0.7076816558837891
303,کوچکترین ذره منفی بار در یک اتم کجا یافت می‌شود؟,"['هسته', 'مدارها در هسته', 'مدارها در اطراف هسته', 'بین پروتون و نوترون']",C,الکترون‌ها با بار منفی در اطراف [MASK] اتم قرار دارند.,A,0.5739134550094604,B,0.3812186419963836,False,False,False,False,[0.57391346 0.14454232 0.00938579 0.27215856],[0.12376358 0.48949444 0.38121864 0.00552343],0.8537798523902893,0.00938579,0.38121864,0.37183285,0.9164517521858215,0.7024002075195312,0.7952746152877808,0.9072915315628052,0.6986041069030762,0.7893882393836975
304,یک دانشمند در سفر میدانی خود یک ارگانیزم جدید کشف کرد. او سلول‌های آن را زیر میکروسکوپ بررسی کرد و چندین ساختار مختلف، از جمله هسته، دیواره سلولی و برخی کلروپلاست‌ها را مشاهده کرد. این ارگانیزم به کدام یک از پادشاهی‌های زیر به درستی طبقه بندی می‌شود؟,"['الف) حیوانات', 'ب) مونیرا', 'ج) گیاهان', 'د) قارچ\u200cها']",C,وجود هسته، دیواره سلولی و کلروپلاست‌ها نشان می‌دهد که این ارگانیزم یوکاریوت بوده و قادر به فتوسنتز است، که ویژگی‌های گیاهان است.,C,0.8100864291191101,C,0.9787742495536804,True,True,True,True,[0.02793704 0.0959981  0.8100864  0.06597847],[0.00582    0.00453262 0.97877425 0.0108732 ],0.8679274916648865,0.8100864,0.97877425,0.1686878499999999,0.8348128795623779,0.7423454523086548,0.7858685255050659,0.8348128795623779,0.7423454523086548,0.7858685255050659
305,سؤالی: یک دانش‌آموز با استفاده از کم‌نورترین حالت میکروسکوپ نوری یک اوگلنا و یک آمیبا را مشاهده کرد. این دانش‌آموز نور باریکی را در بالای لایه پوششی تاباند. او مشاهده کرد که اوگلنا به سمت نور شنا کرد اما آمیبا این کار را نکرد. او می‌دانست که آمیبا زنده است زیرا در حالی که او تماشا می‌کرد به آرامی شکلش تغییر کرد. دانش‌آموز باید از مشاهداتش چه نتیجه‌گیری کند؟,"['الف) یک آمیبا تنها می\u200cتواند به سمت چپ و راست حرکت کند.', 'ب) یک آمیبا نمی\u200cتواند به نور پاسخ دهد.', 'ج) یک آمیبا demasiado کند است تا بتواند دیده شود.', 'د) یک آمیبا فقط زمانی حرکت می\u200cکند که گرسنه است.']",B,آمیبا به نور واکنش نشان نمی‌دهد زیرا فاقد اندامک‌های حساس به نور است و حرکاتش ناشی از تغییر شکل بدن است.,D,0.849229097366333,B,0.7440075278282166,False,True,True,True,[0.08915913 0.04772344 0.01388831 0.8492291 ],[0.10069047 0.7440075  0.00879824 0.14650378],0.7994312644004822,0.04772344,0.7440075,0.6962840600000001,0.805665135383606,0.5856257677078247,0.6782453060150146,0.805665135383606,0.5856257677078247,0.6782453060150146
306,اگر یک آزمایش منجر به داده‌هایی شود که از فرضیه حمایت نمی‌کند، مرحله بعدی که احتمالاً باید انجام شود چیست؟,"['داده\u200cها را تغییر دهید تا از فرضیه حمایت کند.', 'آزمایش را بدون استفاده از گروه\u200cهای کنترل انجام دهید.', 'مشاهداتی انجام دهید و فرضیه قابل آزمایش دیگری تشکیل دهید.', 'آزمایش را با استفاده از تعداد بیشتری از متغیرها انجام دهید.']",C,در صورت عدم تایید فرضیه، باید فرضیه جدیدی تشکیل و آزمایش‌های بیشتری انجام شود.,C,0.7798704504966736,C,0.923374891281128,True,True,True,True,[0.19718213 0.01428383 0.77987045 0.00866358],[0.06741367 0.00805141 0.9233749  0.00115992],0.7831994295120239,0.77987045,0.9233749,0.14350445,0.7404874563217163,0.6096544861793518,0.6687318682670593,0.7404874563217163,0.6096545457839966,0.6687319874763489
307,انواع مختلفی از حرکت در سامانه خورشیدی ما وجود دارد. کدام نوع حرکت یک سال زمین را توصیف می‌کند؟,"['چرخش خورشید به دور زمین', 'چرخش زمین به دور خورشید', 'چرخش خورشید به دور زمین', 'چرخش زمین به دور خورشید']",B,حرکت زمین به دور خورشید، یک سال زمین را توصیف می‌کند.,B,0.9245228171348572,B,0.9905665516853333,True,True,True,True,[0.05898744 0.9245228  0.00332784 0.01316188],[5.9131775e-03 9.9056655e-01 3.5511388e-04 3.1650958e-03],0.8743686079978943,0.9245228,0.99056655,0.06604375,0.8704425692558289,0.6502036452293396,0.7443742156028748,0.8718276023864746,0.6531466245651245,0.7468076944351196
308,کدام یک از این موارد بهترین تعریف بیماری‌های واگیردار است؟,"['آنها قابل درمان هستند.', 'آنها توسط باکتری\u200cها ایجاد می\u200cشوند.', 'آنها به دیگران منتقل می\u200cشوند.', 'آنها فقط در زمستان منتشر می\u200cشوند.']",C,بیماری‌های واگیردار از طریق تماس یا عوامل مختلف به دیگران منتقل می‌شوند.,B,0.8850762844085693,C,0.9962355494499208,False,True,True,True,[0.09328635 0.8850763  0.00881363 0.01282375],[2.4790862e-03 1.1000878e-03 9.9623555e-01 1.8528501e-04],0.8332520127296448,0.00881363,0.99623555,0.98742192,0.785419762134552,0.5707586407661438,0.6611005067825317,0.7875024080276489,0.5783944129943848,0.6669420003890991
309,کدامیک از شرایط زیر بهترین توضیح را می‌دهد که چرا در استوا گرم‌تر از قطب شمال است؟,"['الف) استوا مساحت بیشتری نسبت به قطب شمال دارد.', 'ب) استوا به خورشید نزدیک\u200cتر از قطب شمال است.', 'ج) استوا نور مستقیم خورشید بیشتری نسبت به قطب شمال دریافت می\u200cکند.', 'د) استوا در سال ساعات بیشتری از روز را نسبت به قطب شمال دارد.']",C,زمین به دلیل شکل کروی خود، زوایای متفاوتی نسبت به خورشید دارد؛ استوا نور مستقیم خورشید را دریافت می‌کند و انرژی بیشتری نسبت به قطب‌ها دارد.,B,0.4389623701572418,C,0.9043870568275452,False,True,True,True,[0.16022854 0.43896237 0.34186423 0.05894479],[0.03118914 0.0514222  0.90438706 0.01300157],0.8678292036056519,0.34186423,0.90438706,0.56252283,0.7753419280052185,0.6113404035568237,0.6836430430412292,0.7753419876098633,0.6113404631614685,0.6836430430412292
310,کدام بیان بهترین توصیف را از یک نمونه مایع ارائه می‌دهد؟,"['اگر به یک ظرف بزرگتر منتقل شود، حجم آن حفظ می\u200cشود.', 'هنگام منتقل شدن به یک ظرف بزرگتر، شکل آن حفظ می\u200cشود.', 'حجم آن می\u200cتواند با اعمال فشار به شدت کاهش یابد.', 'شکل آن می\u200cتواند با افزایش دما تغییر کند.']",A,حجم مایع هنگام انتقال به ظرف دیگر حفظ می‌شود و شکل آن بر اساس شکل ظرف تغییر می‌کند.,A,0.5236883163452148,A,0.6768805980682373,True,True,True,True,[0.5236883  0.19265416 0.19265416 0.09100338],[0.6768806  0.24901046 0.00276626 0.07134268],0.8057534694671631,0.5236883,0.6768806,0.1531923,0.8724467158317566,0.6540937423706055,0.7476538419723511,0.8724467158317566,0.6540937423706055,0.7476538419723511
311,کدام عبارت بهترین توصیف را از جرم یک جسم ارائه می‌دهد؟,"['وزن جسم', 'حجم جسم', 'مقدار ماده در جسم', 'مقدار کشش گرانشی بر روی جسم']",C,نشان‌دهنده مقدار ماده موجود در جسم است.,D,0.5853555202484131,C,0.9922274351119996,False,True,True,True,[0.18929623 0.01084754 0.21450073 0.5853555 ],[5.9230924e-03 4.4268739e-04 9.9222744e-01 1.4068576e-03],0.558271586894989,0.21450073,0.99222744,0.7777267099999999,0.8755952715873718,0.580186128616333,0.6979182958602905,0.8755952715873718,0.580186128616333,0.6979182958602905
312,سؤالی: یک دانش‌آموز مشاهده می‌کند که روی در یک بررسی آزمایشگاهی از حالت جامد به مایع تبدیل می‌شود. کدام عبارت تغییرات روی اتم‌ها را در حین ذوب توصیف می‌کند؟,"['الف) جرم اتم\u200cهای روی کاهش یافت.', 'ب) اتم\u200cهای روی موقعیت ثابت نسبی خود را از دست دادند.', 'ج) اتم\u200cهای روی به اتم\u200cهای عنصر دیگری تبدیل شدند.', 'د) اندازه اتم\u200cهای روی کاهش یافت.']",B,در فرآیند ذوب، اتم‌ها موقعیت ثابت نسبی خود را از دست می‌دهند و آزادانه‌تر حرکت می‌کنند.,B,0.6503100991249084,B,0.9843847751617432,True,True,True,True,[0.18559058 0.6503101  0.03654495 0.12755442],[0.01106443 0.9843848  0.00192271 0.00262803],0.8556469678878784,0.6503101,0.9843848,0.3340746999999999,0.8695193529129028,0.6642702221870422,0.7531617283821106,0.8695193529129028,0.6642702221870422,0.7531617283821106
313,کدام‌یک از موارد زیر به عنوان مثال‌هایی از نحوهٔ تعامل زمین و ماه نیست؟,"['فازهای ماه.', 'جزر و مدها در زمین.', 'فصل\u200cها در زمین.', 'گرفتگی\u200cهای ماه.']",C,فصل‌ها در زمین به دلیل حرکت زمین به دور خورشید و کج بودن محور آن رخ می‌دهد و ارتباطی با تعامل زمین و ماه ندارد.,A,0.3879740536212921,C,0.4646951854228973,False,True,True,True,[0.38797405 0.38797405 0.12595673 0.0980952 ],[0.24679774 0.21779825 0.4646952  0.07070874],0.678339958190918,0.12595673,0.4646952,0.33873847,0.9251435399055481,0.7882978320121765,0.8512560129165649,0.9251435399055481,0.7882978320121765,0.8512560129165649
314,در یک اکوسیستم مرتع، اگر جمعیت عقاب‌ها به طور ناگهانی کاهش یابد، تأثیر آن بر روی بقیه اکوسیستم چه خواهد بود؟,"['اکوسیستم با مارها بیش از حد جمعیت پیدا خواهد کرد.', 'جمعیت مارها در اکوسیستم کاهش خواهد یافت.', 'مواد مغذی خاک در اکوسیستم کاهش خواهد یافت.', 'انواع بیشتری از گیاهان در اکوسیستم شروع به رشد می\u200cکنند.']",A,کاهش ناگهانی عقاب‌ها باعث افزایش جمعیت شکار آنها، از جمله مارها، می‌شود و این امر بر تعادل اکوسیستم تأثیر می‌گذارد.,C,0.5144751071929932,A,0.7493122816085815,False,True,True,True,[0.18852694 0.27430508 0.5144751  0.02269293],[0.7493123  0.16589305 0.07836233 0.00643237],0.8898646235466003,0.18852694,0.7493123,0.56078536,0.7173979878425598,0.628376841545105,0.6699430346488953,0.7173979878425598,0.628376841545105,0.6699430346488953
315,"بطلمیوس یک منجمد باستانی بود که فکر می کرد زمین مرکز جهان است. وقتی که او مشاهداتی انجام داد که با این نظریه ناسازگار بودند، پدیده ای به نام ""اپی‌سیکل‌ها"" را برای توضیح این مشاهدات پیشنهاد داد. چگونه فرآیند بطلمیوس به فرآیند علمی مدرن شبیه بود؟","['الف) بطلمیوس مدل خود را جزئی بر اساس یک سیستم باور بود.', 'ب) مشاهدات بطلمیوس را ترغیب کرد که توضیحات خود را تعدیل کند.', 'ج) بطلمیوس سعی کرد جهان را توصیف کند به جای اینکه آن را توضیح دهد.', 'د) آزمایش\u200cها اساس مدل بطلمیوس از جهان بودند.']",B,بطلمیوس با مشاهدات خود، نظریه زمین‌مرکزی را اصلاح کرد و توضیحات جدیدی ارائه داد که نشان‌دهنده انطباق با روند علمی مدرن است.,A,0.7408284544944763,B,0.5801690816879272,False,True,True,True,[0.74082845 0.24051179 0.00340402 0.01525575],[0.398744   0.5801691  0.01054347 0.01054347],0.7592520117759705,0.24051179,0.5801691,0.33965731,0.7155922651290894,0.5892493724822998,0.646304190158844,0.7155922651290894,0.5892493724822998,0.646304190158844
316,"شواهد جدید نشان می‌دهد که ""نقاط داغ"" ممکن است در پاسخ به تنش‌های ""چرخشی"" بر روی صفحات تشکیل شوند. فرض بر این است که این تنش‌ها ممکن است در نهایت منجر به جدایی صفحه تکتونیکی در ناحیه نقطه داغ شوند. کدام یک از ویژگی‌های جغرافیایی بیشتر تحت تأثیر جدایی یک صفحه تکتونیکی قرار خواهد گرفت؟","['هیمالیا', 'جزایر هاوایی', 'گسل سن آندreas', 'رشته کوه میانه اقیانوس اطلس']",B,زمانی که یک صفحه تکتونیکی جدا می‌شود، پوسته زمین کشیده و نازک می‌شود و منجر به تشکیل شکستگی‌ها و گسل‌های جدید می‌گردد. نمونه بارز این فرآیند، رشته کوه‌های آتشفشانی در کف اقیانوس‌ها است.,C,0.6291631460189819,B,0.5274216532707214,False,True,True,True,[0.13983797 0.17955549 0.62916315 0.05144351],[0.04363296 0.52742165 0.01818892 0.4107564 ],0.8263806104660034,0.17955549,0.52742165,0.3478661599999999,0.8414393663406372,0.7200139164924622,0.7760053277015686,0.8409104347229004,0.7227989435195923,0.7773940563201904
317,همه اینها روش هایی برای ایمن ماندن در اطراف برق هستند به جز,"['دور ماندن از خطوط برق.', 'استفاده از کابل های در وضعیت خوب.', 'اتصال چندین دستگاه به یک پریز.', 'نگه داشتن برق دور از آب.']",C,افزایش بار الکتریکی و خطر آتش سوزی با این روش افزایش می یابد.,A,0.6692801117897034,A,0.0725767984986305,False,False,False,False,[0.6692801  0.1692205  0.0121629  0.14933658],[0.6100565  0.25331792 0.0725768  0.0640488 ],0.6212852597236633,0.0121629,0.0725768,0.0604138999999999,0.6931318044662476,0.5184386372566223,0.5931909084320068,0.698378324508667,0.5243861675262451,0.599003255367279
318,چه چیزی به گالیله در قرن هفدهم امکان مشاهده قمرهای مشتری را داد؟,"['مشتری در طول زندگی او به زمین نزدیک شد.', 'او متوجه شد که تمام سیارات دور خورشید می\u200cچرخند.', 'او ابزارهای پیشرفته\u200cای برای مشاهده آسمان اختراع کرد.', 'دانشمندان قبلی علاقه\u200cای به آسمان نشان ندادند.']",C,اختراع و استفاده از تلسکوپ پیشرفته، امکان مشاهده قمرهای مشتری را برای گالیله فراهم کرد.,B,0.5764684081077576,C,0.6745408773422241,False,True,True,True,[0.21042053 0.5764684  0.21042053 0.00269052],[0.15169089 0.17188829 0.6745409  0.0018799 ],0.916188895702362,0.21042053,0.6745409,0.46412037,0.9176023006439209,0.68125981092453,0.781963050365448,0.9176022410392761,0.6812597513198853,0.781963050365448
319,یک دانش آموز از یک متر pH برای اندازه‌گیری اسیدیته یک نمونه آب از دریاچه استفاده می‌کند. احتمالاً دانش آموز با چه هدفی آب را آزمایش می‌کند؟,"['برای یادگیری اینکه چه موجوداتی می\u200cتوانند در دریاچه زنده بمانند', 'برای تعیین سن دریاچه', 'برای درک چگونگی استفاده مردم از دریاچه', 'برای پیدا کردن عمق دریاچه']",A,دانش‌آموز اسیدیته آب را اندازه می‌گیرد تا بفهمد شرایط محیطی چگونه است و چه موجوداتی می‌توانند زنده بمانند.,A,0.909792423248291,A,0.9924869537353516,True,True,True,True,[0.9097924  0.05132698 0.00774921 0.03113138],[9.9248695e-01 5.9944792e-03 4.7691778e-04 1.0416842e-03],0.8324555158615112,0.9097924,0.99248695,0.08269455,0.835627555847168,0.6492705345153809,0.7307550311088562,0.835627555847168,0.6492705345153809,0.7307550311088562
320,در قرن هفدهم، گالیله فرضیه‌ای را برای توضیح نحوه کار پمپ‌های مکشی ارائه داد. فرضیه گالیله رد شد، اما بعداً به تورریچلی در توسعه ابزاری برای اندازه‌گیری فشار جوی کمک کرد. فرضیه گالیله احتمالاً چگونه به توسعه این فناوری جدید کمک کرد؟,"['با هدایت گالیله به طراحی فناوری متفاوتی', 'با اجازه دادن به یک دانشمند دیگر برای نقد فرضیه گالیله', 'با ارائه شواهدی از تأثیرات فشار جوی', 'با الهام بخشیدن به یک دانشمند دیگر برای آزمایش یک فرضیه جایگزین']",D,فرضیه گالیله با الهام بخشیدن به دانشمندان برای آزمایش فرضیه‌های جایگزین، به پیشرفت علم کمک کرد.,D,0.5693270564079285,D,0.9849812984466552,True,True,True,True,[0.20944372 0.03639586 0.18483344 0.56932706],[0.00862221 0.00522963 0.00116689 0.9849813 ],0.8157182931900024,0.56932706,0.9849813,0.4156542399999999,0.8822734355926514,0.6334933042526245,0.7374674081802368,0.8822734951972961,0.6334933042526245,0.7374674677848816
321,رابطه بین یک جامعه و یک جمعیت چیست؟,"['یک جمعیت کوچکتر از یک جامعه است.', 'یک جمعیت بزرگتر از یک جامعه است.', 'یک جمعیت شامل جوامع موجوداتی است که با یکدیگر در تعامل هستند.', 'یک جامعه شامل جمعیت\u200cهای موجوداتی است که با یکدیگر در تعامل هستند.']",D,جامعه از چندین جمعیت مختلف تشکیل شده است که با هم در تعامل هستند.,C,0.7808389067649841,C,0.4824905693531036,False,False,False,False,[0.03857315 0.00771512 0.7808389  0.17287286],[0.03084459 0.00417436 0.48249057 0.48249057],0.7120965123176575,0.17287286,0.48249057,0.30961771,0.882095217704773,0.659364640712738,0.7546384334564209,0.8820952773094177,0.659364640712738,0.7546383738517761
322,بیشتر آتش‌فشان‌ها به دلیل تعاملات بین دو صفحه تکتونیکی توسعه می‌یابند. کدام یک از تعاملات صفحه‌های تکتونیکی کمتر احتمال دارد که فعالیت آتش‌نشانی تولید کند؟,"['دو صفحه اقیانوسی واگرا', 'دو صفحه اقیانوسی همگرا', 'دو صفحه قاره\u200cای واگرا', 'دو صفحه قاره\u200cای همگرا']",D,هنگام واگرایی دو صفحه قاره‌ای، پوسته زمین کشیده و نازک می‌شود و معمولاً این فرآیند منجر به تولید ماگما نمی‌شود.,A,0.6621690392494202,A,0.0521898381412029,False,False,False,False,[0.66216904 0.14774989 0.04233105 0.14774989],[0.4951634  0.38563365 0.06701308 0.05218984],0.7672794461250305,0.14774989,0.05218984,-0.09556005,0.7856621146202087,0.6698410511016846,0.7231433391571045,0.7845869064331055,0.6786231994628906,0.7277681827545166
323,کدام یک از ویژگی‌های انسانی اکتسابی است؟,"['رنگ چشم', 'رنگ مو', 'قد', 'لهجه کلامی']",D,[MASK] از طریق یادگیری و محیط شکل می‌گیرد.,D,0.8818545341491699,D,0.8576266765594482,True,True,True,False,[0.09276543 0.02345477 0.00192528 0.88185453],[0.1024289  0.03768149 0.00226295 0.8576267 ],0.4405809044837951,0.88185453,0.8576267,-0.02422783,0.8514425158500671,0.5376517176628113,0.6591050624847412,0.8607948422431946,0.5195488929748535,0.6479908227920532
324,زنبورها فقط طول‌موج‌های نور زرد، آبی و ماوراء بنفش را می‌توانند مشاهده کنند. بسیاری از گل‌های گیاهان شامل علامت‌گذاری‌های زرد، آبی و ماوراء بنفش هستند که در نزدیکی مرکز گل قرار دارند. کدام جمله توضیح می‌دهد که کدام موجودات از این موقعیت بهره‌مند می‌شوند و چرا؟,"['فقط گیاهان بهره\u200cمند می\u200cشوند، زیرا زنبورها نمی\u200cتوانند به منبع غذایی در گیاه دسترسی داشته باشند.', 'فقط زنبورها بهره\u200cمند می\u200cشوند، زیرا گل\u200cها توسط زنبورها آسیب می\u200cبینند.', 'نه زنبورها و نه گیاهان بهره\u200cمند می\u200cشوند، زیرا این موضوع به تولید مثل هیچ یک کمک نمی\u200cکند.', 'هم زنبورها و هم گیاهان بهره\u200cمند می\u200cشوند، زیرا زنبورها غذا پیدا می\u200cکنند و گیاهان در تولید مثل یاری می\u200cشوند.']",D,زنبورها با دیدن نشانه‌های گل‌ها، شهد را پیدا می‌کنند و با انتقال گرده، به تولید مثل گیاهان کمک می‌کنند؛ بنابراین هر دو طرف سود می‌برند.,D,0.7847609519958496,D,0.9272813200950624,True,True,True,True,[1.7578918e-01 3.9223865e-02 2.2605777e-04 7.8476095e-01],[6.7172036e-02 5.5138166e-03 3.2786349e-05 9.2728132e-01],0.8286697268486023,0.78476095,0.92728132,0.1425203699999999,0.7181131839752197,0.5930975675582886,0.6496456861495972,0.7181132435798645,0.5930976271629333,0.6496456861495972
325,کدام یک از این موارد وظیفه‌ای است که تمامی سلول‌ها دارند؟,"['جذب مواد مغذی و گازها از خون', 'استخراج انرژی از غذا برای ادامه حیات', 'تولید غذا با استفاده از آب و دی\u200cاکسید کربن', 'دادن شکل و حمایت سازه\u200cای به یک موجود زنده']",B,همه سلول‌ها برای ادامه حیات نیاز به انرژی دارند که از طریق استخراج از مواد غذایی تامین می‌شود.,A,0.4865584969520569,B,0.9893888831138612,False,True,True,True,[0.4865585  0.42938635 0.01871911 0.06533609],[9.6618123e-03 9.8938888e-01 2.9176142e-04 6.5749459e-04],0.8875618577003479,0.42938635,0.98938888,0.56000253,0.888907253742218,0.6980273127555847,0.7819875478744507,0.888907253742218,0.6980273723602295,0.7819876670837402
326,تایرون دو سنگ را در یک بطری پلاستیکی حاوی آب قرار داد و آن را تکان داد. پس از اینکه تکان دادن بطری را متوقف کرد، مشاهده کرد که قطعات کوچک سنگ‌ها در آب شناور هستند. بهترین پیش‌بینی که او می‌تواند بر اساس این مشاهده انجام دهد چیست؟ اگر تکان دادن بطری باعث می‌شود که قطعات سنگ‌ها جدا شوند،,"['آنگاه استفاده از آب سرد باعث جدا شدن قطعات بیشتری خواهد شد.', 'آنگاه استفاده از آب داغ باعث تغییر رنگ سنگ\u200cها خواهد شد.', 'آنگاه تکان دادن برای مدت طولانی\u200cتر باعث جدا شدن قطعات بیشتری خواهد شد.', 'آنگاه تکان دادن برای مدت کوتاه\u200cتر باعث تغییر رنگ سنگ\u200cها خواهد شد.']",C,با تکان دادن بطری، انرژی وارد می‌شود و قطعات سنگ‌ها جدا می‌شوند. هرچه تکان دادن طولانی‌تر باشد، انرژی بیشتری وارد و قطعات بیشتری جدا می‌شوند.,C,0.7025222778320312,C,0.9137156009674072,True,True,True,True,[0.29171312 0.00288228 0.7025223  0.00288228],[8.4327400e-02 1.4062927e-03 9.1371560e-01 5.5071205e-04],0.8912609219551086,0.7025223,0.9137156,0.2111932999999999,0.8827801942825317,0.6981600522994995,0.7796902656555176,0.8827801942825317,0.6981600522994995,0.7796902656555176
327,نیروی جاذبه بر روی یک جسم اساساً به چه چیزی بستگی دارد؟,"['چگالی.', 'جرم.', 'زخامت.', 'حجم.']",B,نیروی جاذبه به جرم جسم بستگی مستقیم دارد.,B,0.991757333278656,B,0.9981525540351868,True,True,True,True,[7.4985740e-03 9.9175733e-01 2.6473205e-04 4.7936777e-04],[1.6938429e-03 9.9815255e-01 7.4422263e-05 7.9222089e-05],0.7982144355773926,0.99175733,0.99815255,0.00639522,0.8325798511505127,0.5520238876342773,0.6638779640197754,0.8325798511505127,0.5520238876342773,0.6638779640197754
328,دکتر تاناکا یک ویروس جدید کشف کرده است. این ویروس دارای یک رشته از یک اسید نوکلئیک است، اما او نمی‌داند که آیا این DNA است یا RNA. پس از انجام آزمایش‌ها، او نتیجه‌گیری می‌کند که این DNA است. کدام یک از موارد زیر او را به این نتیجه‌گیری می‌رساند؟,"['این ویروس حاوی اوراسیل است.', 'این ویروس حاوی آدنین است.', 'این ویروس حاوی تیمین است.', 'این ویروس حاوی سیتوزین است.']",C,تیمین یکی از بازهای مشخصه DNA است، در حالی که اوراسیل در RNA یافت می‌شود. وجود تیمین در ویروس نشان می‌دهد که اسید نوکلئیک آن DNA است.,A,0.6723915338516235,C,0.9302169680595398,False,True,True,True,[0.67239153 0.28139153 0.00843116 0.03778585],[6.7384697e-02 1.7679008e-03 9.3021697e-01 6.3036446e-04],0.8242496252059937,0.00843116,0.93021697,0.92178581,0.9348360300064087,0.7399604320526123,0.8260605335235596,0.9348360300064087,0.7399603724479675,0.8260605931282043
329,کدام یک از گزینه‌های زیر مثال تغییر شیمیایی است؟,"['تشکیل ابرها', 'حل شدن شکر', 'منجمد شدن آب', 'سوختن شمع']",D,[MASK] منجر به تولید گرما، نور و ترکیبات جدید می‌شود.,D,0.6900166273117065,D,0.918351948261261,True,True,True,True,[2.0593941e-02 2.8876752e-01 6.2188314e-04 6.9001663e-01],[0.04034957 0.04034957 0.00094893 0.91835195],0.6539395451545715,0.69001663,0.91835195,0.22833532,0.8038981556892395,0.5810965895652771,0.6745765209197998,0.7965087294578552,0.5686225891113281,0.6635447144508362
330,یک دانش‌آموز به درختی با نیروی 10 نیوتن (N) فشار می‌آورد. درخت حرکت نمی‌کند. مقدار نیرویی که درخت به دانش‌آموز وارد می‌کند چقدر است؟,"['0 N', '5 N', '10 N', '20 N']",C,بر اساس قانون سوم نیوتن، نیرویی که درخت به دانش‌آموز وارد می‌کند برابر با نیرویی است که دانش‌آموز به درخت وارد می‌کند.,A,0.6997082829475403,C,0.9191880822181702,False,True,True,True,[0.6997083  0.01261692 0.2574083  0.03026641],[0.05785071 0.01005295 0.9191881  0.01290824],0.9098052382469176,0.2574083,0.9191881,0.6617797999999999,0.9070248603820801,0.7130698561668396,0.7984373569488525,0.9070248603820801,0.7130698561668396,0.7984373569488525
331,از زمین، ما خورشید را در آسمان روز و سایر ستاره‌ها را در آسمان شب می‌بینیم. ستاره‌های شب به‌عنوان نقاط کوچک نوری به نظر می‌رسند. کدام یک از بیانیه‌ها توضیح می‌دهد که چرا ستاره‌های شب به‌مراتب کوچک‌تر از خورشید به نظر می‌رسند؟,"['الف) ستاره\u200cها بسیار کوچکتر هستند.', 'ب) آسمان در شب بسیار تاریک\u200cتر است.', 'ج) ستاره\u200cها بسیار دورتر هستند.', 'د) ماه بیشتر نور ستاره\u200cها را می\u200cپوشاند.']",C,ستاره‌ها بسیار دورتر از زمین هستند، بنابراین به صورت نقاط کوچک نوری دیده می‌شوند.,C,0.8687894940376282,C,0.9566166996955872,True,True,True,True,[0.11780774 0.00244502 0.8687895  0.01095783],[4.2030804e-02 9.0001198e-04 9.5661670e-01 4.5255444e-04],0.8133847117424011,0.8687895,0.9566167,0.0878272,0.8188195824623108,0.649773120880127,0.7245671153068542,0.8188195824623108,0.649773120880127,0.7245671153068542
332,سؤال: بسیاری از گیاهان در یک روز گرم و آفتابی تمایل به پژمرده شدن دارند. محتمل‌ترین دلیل این پژمردگی چیست؟,"['الف) جاذبه\u200cجغرافیایی.', 'ب) فتوسنتز.', 'ج) از دست دادن آب.', 'د) شکوفه\u200cزنی.']",C,تبخیر زیاد آب از سطح برگ‌ها سبب کمبود آب و پژمردگی گیاه می‌شود.,C,0.7036189436912537,C,0.9783387184143066,True,True,True,True,[0.05077127 0.20080428 0.70361894 0.04480549],[0.01231547 0.00581741 0.9783387  0.00352844],0.747715950012207,0.70361894,0.9783387,0.27471976,0.8351691961288452,0.5932644009590149,0.6937335133552551,0.83516925573349,0.5932644605636597,0.6937336325645447
333,یک پژوهشگر در حال انجام تحقیقی است تا بررسی کند که آیا دمای آب بر نرخ رشد نوع خاصی از ماهی در یک دریاچه تأثیر می‌گذارد. کدام واحد را پژوهشگر در تعیین جرم ماهی استفاده خواهد کرد؟,"['سانتی\u200cمتر', 'کیلومتر', 'گرم', 'لیتر']",C,واحد مناسب برای اندازه‌گیری جرم ماهی، [MASK] است.,C,0.9949079155921936,C,0.9977468848228456,True,True,True,True,[3.6447041e-03 2.6402148e-04 9.9490792e-01 1.1832621e-03],[1.6997814e-03 9.5895106e-05 9.9774688e-01 4.5748995e-04],0.799740195274353,0.99490792,0.99774688,0.00283896,0.8896660208702087,0.643774151802063,0.7470054030418396,0.8698715567588806,0.6244410276412964,0.7270011901855469
334,انتشار دی‌اکسید کربن به دلیل تعداد بالای وسایل نقلیه و افزایش صنعتی شدن افزایش یافته است. کدام یک از موارد زیر بیشتر تحت تأثیر افزایش سطح دی‌اکسید کربن قرار گرفته است؟,"['توانایی کشاورزان در کشت محصولات', 'توانایی دانشمندان در مطالعه سایر سیارات', 'توانایی زمین در ادامه بازیافت سنگ\u200cها', 'توانایی زمین در حفظ دماهای پایین']",D,افزایش دی‌اکسید کربن باعث تقویت اثر گلخانه‌ای و در نتیجه افزایش دمای زمین می‌شود و [MASK] را تحت تأثیر قرار می‌دهد.,A,0.538025975227356,D,0.5560487508773804,False,True,True,True,[0.538026   0.05648644 0.37122676 0.03426076],[0.33726063 0.06641056 0.04028004 0.55604875],0.8730860352516174,0.03426076,0.55604875,0.52178799,0.824123203754425,0.6940716505050659,0.7535271644592285,0.8159596920013428,0.68461012840271,0.7445361614227295
335,کدام عمل منجر به تولید محصولی با خواص شیمیایی جدید خواهد شد؟,"['تکه\u200cتکه کردن یک روزنامه', 'شکستن یک آینه', 'برش چوب', 'پف کردن ذرت']",D,فرآیند [MASK] منجر به تغییرات شیمیایی و تولید محصولی جدید با خواص متفاوت می‌شود.,A,0.8096612691879272,A,0.0888312235474586,False,False,False,False,[0.80966127 0.05216587 0.08600698 0.05216587],[0.6563789  0.08883122 0.16595858 0.08883122],0.6562366485595703,0.05216587,0.08883122,0.03666535,0.8066463470458984,0.6362553834915161,0.7113901972770691,0.800878643989563,0.6254165768623352,0.7023549675941467
336,هر سال ، لاک پشت های دریایی سبز تقریبا ۲۰۰۰ کیلومتر مهاجرت می کنند تا تولید مثل کنند. این مهاجرت نمونهای از,"['الف) یک رفتار آموخته شده است.', 'ب) یک رفتار غریزی است.', 'ج) پاسخی به شلوغی است.', 'د) فراری از درندگان است.']",B,مهاجرت لاک‌پشت‌های دریایی سبز برای تولید مثل، رفتاری ذاتی است که بدون نیاز به یادگیری انجام می‌شود.,A,0.7722314596176147,B,0.6501539349555969,False,True,True,True,[7.7223146e-01 2.2168055e-01 2.7201787e-04 5.8159982e-03],[3.4800234e-01 6.5015393e-01 2.3216875e-04 1.6115706e-03],0.7409669160842896,0.22168055,0.65015393,0.42847338,0.840229868888855,0.6324484348297119,0.7216811180114746,0.8402299880981445,0.6324484348297119,0.7216811776161194
337,اورانوس یکی از سیارات خارجی سیستم خورشیدی است. فاصله متوسط اورانوس از خورشید ۲.۸۷ میلیارد کیلومتر است. کدام مورد بهتر توضیح می‌دهد که چرا اورانوس در مدار خود می‌چرخد و به فضای خارج حرکت نمی‌کند؟,"['مدار نپتون اورانوس را محدود می\u200cکند.', 'جاذبه اورانوس را به سمت خورشید می\u200cکشد.', 'انرژی الکترومغناطیسی بر اورانوس تأثیر می\u200cگذارد.', 'سایر سیارات همان جرم اورانوس را دارند.']",B,نیروی گرانش خورشید اورانوس را به سمت خود می‌کشد و در مدارش نگه می‌دارد. سرعت مناسب اورانوس نیز مانع از سقوط آن به سمت خورشید می‌شود.,B,0.582932710647583,B,0.9613199830055236,True,True,True,True,[0.4022115  0.5829327  0.00271008 0.01214573],[3.6696535e-02 9.6131998e-01 1.6123332e-03 3.7118015e-04],0.8464333415031433,0.5829327,0.96131998,0.37838728,0.8264472484588623,0.7490984201431274,0.7858741879463196,0.8264472484588623,0.7490984201431274,0.7858741879463196
338,دو قطعه از یک فلز مشابه بر روی میزی قرار داده شده‌اند. این قطعات فلزی دارای چگالی، جرم و بافت یکسان هستند. تنها تفاوت بین این دو نمونه چه ویژگی‌ای باید باشد؟,"['انها ابعاد متفاوتی دارند.', 'انها نقاط جوش متفاوتی دارند.', 'انها از نوع متفاوتی از ماده ساخته شده\u200cاند.', 'انها مقدار متفاوتی از ماده به ازای واحد حجم دارند.']",A,با چگالی، جرم و بافت یکسان، تنها ویژگی متفاوت می‌تواند ابعاد آن‌ها باشد، زیرا حجم یکسان با ابعاد مختلف امکان‌پذیر است.,A,0.722196102142334,A,0.9806308150291444,True,True,True,True,[0.7221961  0.18259977 0.00895016 0.08625402],[9.8063082e-01 1.0262294e-03 1.5253539e-04 1.8190352e-02],0.8743811249732971,0.7221961,0.98063082,0.25843472,0.7611358165740967,0.6457454562187195,0.6987085342407227,0.7611358165740967,0.6457455158233643,0.6987085938453674
339,تمام حیوانات برای زنده ماندن به غذا نیاز دارند. بلافاصله بعد از اینکه یک حیوان غذا می‌خورد، غذا,"['برای استفاده\u200cی بعدی ذخیره می\u200cشود', 'به زباله تبدیل می\u200cشود', 'توسط جریان خون منتقل می\u200cشود', 'به مواد ساده\u200cتر هضم می\u200cشود']",D,پس از خوردن غذا، فرآیند هضم برای تبدیل غذا به مواد ساده‌تر آغاز می‌شود.,A,0.3921954035758972,D,0.8486143350601196,False,True,True,True,[0.3921954  0.12832585 0.2695517  0.20992708],[0.02903799 0.08944329 0.03290435 0.84861434],0.9170446395874025,0.20992708,0.84861434,0.63868726,0.8843176364898682,0.6983429789543152,0.7804035544395447,0.8843176364898682,0.6983429789543152,0.7804035544395447
340,کدام یک در مورد تولیدمثل برای هر دو آمیب و پارامسیوم صحیح است؟,"['هر دو می\u200cتوانند همجنس\u200cگرا شوند.', 'هیچ کدام نمی\u200cتوانند همجنس\u200cگرا شوند.', 'آمیب می\u200cتواند همجنس\u200cگرا شود، اما پارامسیوم نمی\u200cتواند.', 'پارامسیوم می\u200cتواند همجنس\u200cگرا شود، اما آمیب نمی\u200cتواند.']",D,هر دو می‌توانند در شرایط خاص به صورت همجنس‌گرا تولید مثل کنند.,A,0.5132537484169006,A,0.0167200025171041,False,False,False,False,[0.51325375 0.01756258 0.39972243 0.06946134],[0.90577716 0.00373074 0.07377212 0.01672   ],0.6754080057144165,0.06946134,0.01672,-0.05274134,0.8967003226280212,0.6130272150039673,0.7282131314277649,0.8967002630233765,0.6130272150039673,0.7282131314277649
341,در قرن ۱۵۰۰، نیکلاوس کپرنیک نظریه جدیدی درباره ساختار هلیوسنتریک منظومه شمسی پیشنهاد کرد. کدام یک از این بیانیه‌ها بهترین توصیف را از این نظریه جدید ارائه می‌دهد؟,"['زمین در مرکز منظومه شمسی قرار دارد.', 'هشت سیاره در منظومه شمسی وجود دارد.', 'خورشید در مرکز منظومه شمسی قرار دارد.', 'ماه\u200cها در منظومه شمسی مدارهای دایره\u200cای دارند.']",C,نظریه کپرنیک بیان می‌کند که خورشید در مرکز منظومه شمسی قرار دارد و سایر اجرام آسمانی به دور آن می‌چرخند.,C,0.9767850041389464,C,0.9912185072898864,True,True,True,True,[2.0193491e-02 6.0979062e-04 9.7678500e-01 2.4117685e-03],[7.6274034e-03 6.6647516e-04 9.9121851e-01 4.8760360e-04],0.838957667350769,0.976785,0.99121851,0.01443351,0.9380455613136292,0.7050020098686218,0.8049967885017395,0.9365919828414917,0.7049452066421509,0.8044240474700928
342,دانش‌آموزان ساختار بدن انسان را مطالعه می‌کنند تا یاد بگیرند که بدن چگونه کار می‌کند. کدام مدل در اندازه واقعی بهترین نمایانگر اندازه، شکل و موقعیت اعضای داخلی انسان است؟,"['نمودار دو بعدی بالاتنه با برچسبهای مغناطیسی اعضا', 'بالاتنه پلاستیکی سه بعدی با بخش\u200cهای قابل جداشدن', 'پوستر دیواری دو بعدی با جزئیات', 'بدن کاغذی سه بعدی']",B,مدلی سه‌بعدی با ابعاد واقعی و بخش‌های قابل جداسازی، بهترین گزینه برای نمایش دقیق اعضای داخلی بدن است.,B,0.9079020023345948,B,0.9827948212623596,True,True,True,True,[0.06589678 0.907902   0.00195906 0.02424207],[1.087530e-02 9.827948e-01 5.086445e-04 5.821129e-03],0.8184629678726196,0.907902,0.9827948,0.0748927999999999,0.8810709714889526,0.6662092208862305,0.7587217688560486,0.8810709714889526,0.6662092208862305,0.7587217688560486
343,کدام ترکیب غیرگازی می‌تواند از دو عنصری که در دمای اتاق گاز هستند، ساخته شود؟,"['آب', 'نمک سفره', 'اکسید آهن', 'دی\u200cاکسید کربن']",A,[MASK] از دو گاز هیدروژن و اکسیژن تشکیل شده و مایع است.,A,0.4524114727973938,A,0.9946784973144532,True,True,True,True,[0.45241147 0.18859315 0.31093755 0.04805781],[9.946785e-01 3.587371e-03 7.063952e-04 1.027799e-03],0.7779309153556824,0.45241147,0.9946785,0.5422670300000001,0.7665006518363953,0.5698817372322083,0.6537271738052368,0.7621760964393616,0.5725291967391968,0.6538792848587036
344,نوعی پرنده در آفریقا حشرات خون‌خوار را از روی پستانداران بزرگ می‌خورد. کدام واژه بهترین توصیفگر رابطه بین این پرنده و پستانداران است؟,"['همزیستی متقابل', 'کرم\u200cخواری', 'خنثی\u200cگرایی', 'همزیستی منفعتی']",A,رابطه‌ای که در آن هر دو طرف سود می‌برند، [MASK] نام دارد.,A,0.5605465173721313,D,0.1794101893901825,True,False,False,False,[0.5605465  0.05193568 0.00376221 0.38375562],[0.17941019 0.01655788 0.00154012 0.8024918 ],0.4540331065654754,0.5605465,0.17941019,-0.3811363099999999,0.6162314414978027,0.5183308720588684,0.5630573034286499,0.5990894436836243,0.49773526191711426,0.5437294840812683
345,گاوین دو سنگ دارد. هر دو سنگ کاملاً از یک نوع معدنی ساخته شده‌اند. چه خواص دیگری از این دو سنگ او احتمالاً مشابه هستند؟,"['اندازه', 'شکل', 'رنگ', 'وزن']",C,[MASK] سنگ‌ها معمولاً به نوع معدنی بستگی دارد، پس سنگ‌های هم‌جنس، [MASK] مشابهی خواهند داشت.,A,0.7470841407775879,A,0.2092517912387848,False,False,False,False,[0.74708414 0.14653607 0.08887861 0.01750124],[0.72467685 0.05902218 0.20925179 0.00704919],0.8173900842666626,0.08887861,0.20925179,0.12037318,0.770012617111206,0.5853385925292969,0.6650941967964172,0.7714727520942688,0.5704736709594727,0.6559202671051025
346,جوجه‌پرنده‌های جوان همان نوع لانه‌هایی را می‌سازند که والدینشان می‌سازند، حتی اگر این جوجه‌پرنده‌ها هرگز والدین خود را در حال ساخت لانه ندیده باشند. این مثال چیست؟,"['الف) یک رفتار آموخته شده.', 'ب) یک رفتار ارثی.', 'ج) یک ویژگی فیزیکی.', 'د) ویژگی اکتسابی.']",B,توانایی ساخت لانه از طریق ژنتیک منتقل می‌شود.,A,0.6742333173751831,B,0.9752663373947144,False,True,True,True,[6.7423332e-01 3.1848526e-01 6.1964331e-04 6.6617937e-03],[0.02039976 0.97526634 0.00157306 0.00276081],0.7195929884910583,0.31848526,0.97526634,0.65678108,0.8391467332839966,0.5288719534873962,0.6488232612609863,0.8391467332839966,0.528872013092041,0.6488233208656311
347,کدام یک از این موارد، ویژگی آبی است که به آن اجازه می‌دهد مواد را در سیستم زمین جابجا کند؟,"['به محض منجمد شدن منبسط می\u200cشود.', 'شفاف است.', 'بسیاری از مواد را حل می\u200cکند.', 'یک ترکیب است.']",C,توانایی حل کردن مواد مختلف، آب را قادر می‌سازد مواد را در سیستم زمین جابجا کند.,C,0.9927697777748108,C,0.9963390827178956,True,True,True,True,[6.6696615e-03 4.2637720e-04 9.9276978e-01 1.3416553e-04],[3.1587661e-03 3.5440369e-04 9.9633908e-01 1.4773745e-04],0.8424065709114075,0.99276978,0.99633908,0.0035692999999999,0.8572676181793213,0.6930812001228333,0.766480565071106,0.8572676181793213,0.6930812001228333,0.766480565071106
348,کدامیک از الگوهای آب و هوایی فصلی مکان‌هایی که در عرض جغرافیایی یکسانی هستند، صحیح است؟,"['آنها الگوهای باد یکسانی دارند.', 'آنها میزان بارش یکسانی دارند.', 'آنها شدت مشابهی از نور خورشید دارند.', 'آنها انواع مشابهی از آب و هوای شدید دارند.']",C,مکان‌های هم عرض جغرافیایی، شدت مشابهی از نور خورشید را به دلیل یکسان بودن زاویه تابش دریافت می‌کنند.,A,0.4690688550472259,C,0.993212103843689,False,True,True,True,[0.46906886 0.22157243 0.1354445  0.17391421],[5.9289699e-03 4.2949314e-04 9.9321210e-01 4.2949314e-04],0.921191155910492,0.1354445,0.9932121,0.8577676000000001,0.8489680886268616,0.6996589303016663,0.7671157717704773,0.8489680886268616,0.6996589303016663,0.7671157717704773
349,یک دانش آموز نمونه ای از آب را در سه حالت ماده مشاهده کرد. دانش آموز باید آب مایع را به عنوان حالتی از ماده که دارای است وصف کند,"['انرژی جنبشی بیشتری نسبت به حالت جامد دارد.', 'جرم بیشتری نسبت به حالت جامد دارد.', 'انرژی جنبشی کمتری نسبت به حالت جامد دارد.', 'حجم کمتری نسبت به حالت جامد دارد.']",A,آب در حالت مایع انرژی جنبشی بیشتری دارد زیرا مولکول‌ها آزادی حرکت بیشتری دارند.,A,0.7158299088478088,A,0.985571026802063,True,True,True,True,[0.7158299  0.06684315 0.2058914  0.01143552],[0.985571   0.00189889 0.00851022 0.00401994],0.926959991455078,0.7158299,0.985571,0.2697410999999999,0.9136771559715271,0.7211390733718872,0.8060701489448547,0.9136771559715271,0.7211390733718872,0.8060701489448547
350,کدام فرضیه به راحتی قابل آزمایش است؟,"['ماه باعث جزر و مدهای بالا می\u200cشود.', 'در کدام فصل جزر و مدها بیشترین ارتفاع را دارند؟', 'فاز ماه چه زمانی است که جزر و مدها در بالاترین حالت خود هستند؟', 'زمانی که ماه کامل است، جزر و مدها در بالاترین حالت خود خواهند بود.']",D,فرضیه‌ای قابل آزمایش است که شرایط خاصی را مشخص کند. فرضیه مورد نظر به وضوح بیان می‌کند که ماه کامل باعث جزر و مدهای بالاتر می‌شود.,C,0.4516239166259765,D,0.6422898769378662,False,True,True,True,[0.27392375 0.24173687 0.45162392 0.03271553],[0.30339625 0.04616524 0.00814865 0.6422899 ],0.8787707686424255,0.03271553,0.6422899,0.6095743699999999,0.771665096282959,0.648989737033844,0.7050309181213379,0.7717209458351135,0.6505085229873657,0.7059494256973267
351,کدام عنصر بیشترین بخش از هوایی که تنفس می‌کنیم را تشکیل می‌دهد؟,"['کربن', 'نیتروژن', 'اکسیژن', 'آرگون']",B,[MASK] با حدود 78 درصد، بیشترین بخش هوای تنفسی را تشکیل می‌دهد.,B,0.540692150592804,B,0.9440376162528992,True,True,True,True,[0.00771256 0.54069215 0.42109147 0.03050376],[0.00823158 0.9440376  0.02237577 0.02535507],0.7500684857368469,0.54069215,0.9440376,0.40334545,0.9225212335586548,0.651781439781189,0.7638711929321289,0.9190964698791504,0.6478126049041748,0.7599704265594482
352,دانش‌آموزان دماهای اولیه و نهایی خاک‌های مختلف با رنگ‌های متنوع که به‌مدت سه ساعت در معرض نور مستقیم خورشید بودند را ثبت کردند. دانش‌آموزان می‌خواهند تغییرات کل دما را برای هر رنگ خاک مقایسه کنند. کدامیک از این فرمت‌ها برای نمایش نتایج این تحقیق مناسب‌تر است؟,"['نمودار میله\u200cای', 'نمودار خطی', 'نمودار دایره\u200cای', 'جدول داده\u200cها']",A,[MASK] برای مقایسه تغییرات دما در نمونه‌های مختلف خاک مناسب است زیرا تغییرات را به صورت مجزا و قابل مقایسه نمایش می‌دهد.,A,0.7559743523597717,A,0.7132046222686768,True,True,True,False,[0.75597435 0.04851697 0.00511365 0.19039506],[0.7132046  0.23335965 0.00136609 0.05206958],0.8236097097396851,0.75597435,0.7132046,-0.04276975,0.7994445562362671,0.6676121950149536,0.7276050448417664,0.8086455464363098,0.6696804165840149,0.732631504535675
353,یک دانشجو درصد انرژی به‌دست‌آمده از چندین منبع غذایی را برای جمعیت عقاب‌ها بررسی کرده است. بهترین فرمت برای نمایش این داده‌ها کدام است؟,"['جدول', 'نمودار دایره\u200cای', 'نمودار ستونی', 'نمودار خطی']",B,[MASK] بهترین گزینه برای نمایش درصد انرژی منابع غذایی است، زیرا سهم هر بخش از کل را به خوبی نشان می‌دهد.,B,0.8048481345176697,B,0.9790937304496764,True,True,True,True,[0.17818834 0.80484813 0.00795234 0.00901118],[2.0083703e-02 9.7909373e-01 2.5281651e-04 5.6973076e-04],0.893601655960083,0.80484813,0.97909373,0.1742456,0.7949270009994507,0.6805909872055054,0.7333291172981262,0.7795324921607971,0.669323205947876,0.7202363014221191
354,یک روش برای تغییر آب از حالت مایع به جامد چیست؟,"['کاهش دما', 'افزایش دما', 'کاهش جرم', 'افزایش جرم']",A,با [MASK]، مولکول‌های آب کندتر شده و به یکدیگر متصل می‌شوند.,A,0.9516511559486388,A,0.7774221897125244,True,True,True,False,[9.5165116e-01 4.7658350e-02 1.6921807e-04 5.2122836e-04],[7.7742219e-01 2.2186682e-01 2.4788317e-04 4.6310679e-04],0.5129069089889526,0.95165116,0.77742219,-0.17422897,0.8508676290512085,0.5505912899971008,0.6685608625411987,0.8465981483459473,0.5335547924041748,0.6545745730400085
355,دانش‌آموزان در خارج از ساختمان مدرسه مشاهدات آب و هوایی انجام می‌دهند و سپس مشاهدات خود را ثبت می‌کنند. کدام یک از مشاهدات باید به عنوان یک واقعیت ثبت شود؟,"['هوا بسیار سرد به نظر می\u200cرسد.', 'باد با سرعت ۵ متر بر ثانیه می\u200cوزد.', 'هوای امروز بهتر از روز قبل است.', 'به نظر می\u200cرسد که ممکن است بعداً گرم\u200cتر شود.']",B,ثبت واقعیت نیازمند داده‌های قابل اندازه‌گیری است، مانند سرعت باد با واحد مشخص.,A,0.7822677493095398,B,0.989602506160736,False,True,True,True,[0.78226775 0.17591652 0.01124597 0.03056971],[9.8545011e-03 9.8960251e-01 2.5453381e-04 2.8842458e-04],0.9070127606391908,0.17591652,0.98960251,0.81368599,0.760870099067688,0.5655306577682495,0.6488165259361267,0.760870099067688,0.5655305981636047,0.6488164663314819
356,گربه‌ها بیشترین شباهت را به کدام یک از حیوانات زیر دارند؟,"['تمساح\u200cها', 'نهنگ\u200cها', 'قورباغه\u200cها', 'پنگوئن\u200cها']",B,هر دو گروه گربه و نهنگ، پستاندار بوده، پوست یا مو دارند و به بچه‌های خود شیر می‌دهند.,B,0.7744216322898865,B,0.9776509404182434,True,True,True,True,[0.135101   0.77442163 0.05631848 0.03415889],[0.01416505 0.97765094 0.00149299 0.0066911 ],0.6968877911567688,0.77442163,0.97765094,0.20322931,0.8178921341896057,0.6536643505096436,0.7266141772270203,0.8086352944374084,0.6521771550178528,0.7220276594161987
357,کدام یک از اینها احتمالاً بزرگترین جرم را دارد؟,"['مرغ', 'گربه\u200cسگ', 'مارمولک', 'اسب']",D,[MASK]‌ها معمولاً سنگین‌ترین هستند با وزن بین ۴۰۰ تا ۹۰۰ کیلوگرم.,B,0.3984585404396057,B,0.0357150807976722,False,False,False,False,[0.2132795  0.39845854 0.24167733 0.1465847 ],[0.15758233 0.6281384  0.17856418 0.03571508],0.7572494149208069,0.1465847,0.03571508,-0.11086962,0.6806598901748657,0.4621672034263611,0.5505272150039673,0.6774816513061523,0.46350544691085815,0.5504294037818909
358,نیروی گرانشی خورشید بر سیارات منظومه شمسی ما تأثیر می‌گذارد. کدام‌یک از این موارد بیشتر تحت تأثیر این نیرو قرار دارد؟,"['تمایل محوری', 'مسیر مداری', 'جرم سیارات', 'تعداد قمرها در هر سیاره']",B,نیروی گرانشی خورشید به [MASK] بستگی دارد؛ هرچه جرم بیشتر باشد، نیروی گرانشی نیز بیشتر است.,A,0.5219173431396484,C,0.1511261165142059,False,False,False,False,[0.52191734 0.40646964 0.06209112 0.00952198],[0.24916483 0.15112612 0.5977154  0.0019937 ],0.8173971176147461,0.40646964,0.15112612,-0.25534352,0.9097943305969238,0.6707540154457092,0.7721981406211853,0.9075861573219299,0.6496387720108032,0.75724858045578
359,هنگامی که موتور یک خودرو روشن می‌شود، بنزین با هوا مخلوط شده و سوخته می‌شود. حرارت، صدا و محصولات شیمیایی آزاد می‌شوند. در حین کارکرد موتور، کدام یک از موارد زیر ثابت می‌ماند؟,"['الف) جرم ترکیبات موجود در موتور', 'ب) مقدار حرارت در موتور', 'ج) کل جرم بنزین', 'د) کل مقدار انرژی']",D,در واکنش‌های شیمیایی موتور، ماده نه ایجاد می‌شود و نه از بین می‌رود، فقط تبدیل می‌شود؛ بنابراین جرم ترکیبات موجود ثابت می‌ماند.,A,0.3535817265510559,A,0.0046491497196257,False,False,False,False,[0.35358173 0.35358173 0.0174668  0.27536973],[0.98837227 0.00526818 0.00171033 0.00464915],0.8620600700378418,0.27536973,0.00464915,-0.27072058,0.8956208229064941,0.750347375869751,0.8165732026100159,0.8956208229064941,0.7503474354743958,0.8165732622146606
360,یک واحد ناوبری 72 وات بر روی یک هواپیمای تجاری دارای منبع تغذیه 24 ولت است و از 3 آمپر جریان الکتریکی استفاده می‌کند. مقاومت الکتریکی واحد ناوبری چقدر است؟,"['4 اهم', '8 اهم', '13 اهم', '22 اهم']",B,با قانون اهم و فرمول R = V/I، مقاومت برابر است با تقسیم ولتاژ بر جریان، که [MASK] می‌شود.,A,0.8228307366371155,A,0.4626335501670837,False,False,False,False,[0.82283074 0.1645765  0.00207171 0.01052102],[0.5242325  0.46263355 0.00353225 0.00960165],0.775462806224823,0.1645765,0.46263355,0.29805705,0.7749527096748352,0.7017419338226318,0.7365325093269348,0.783231258392334,0.7033346891403198,0.7411358952522278
361,کدامیک سوخت فسیلی نیست؟,"['الف) زغال سنگ', 'ب) نفت', 'ج) چوب', 'د) گاز طبیعی']",C,چوب منبع انرژی تجدیدپذیر است نه سوخت فسیلی.,C,0.9433562755584716,C,0.8503578305244446,True,True,True,False,[0.02218561 0.00597118 0.9433563  0.02848689],[0.06256977 0.02450267 0.85035783 0.06256977],0.8238003849983215,0.9433563,0.85035783,-0.09299847,0.8052085041999817,0.5343949198722839,0.6424279808998108,0.8052085041999817,0.5343949198722839,0.6424279808998108
362,سوال: وقتی یک توپ فلزی سنگین از تپه پایین می‌رود، به سرعتش افزوده می‌شود. کدام یک از بیانات زیر صحیح است؟,"['الف) انرژی پتانسیل توپ در حال تبدیل به انرژی جنبشی است.', 'ب) توپ از تپه انرژی پتانسیل کسب می\u200cکند.', 'ج) توپ به سرعت انرژی جنبشی\u200cاش را در حین پایین رفتن از تپه از دست می\u200cدهد.', 'د) توپ تا زمانی که متوقف شود به کسب انرژی جنبشی ادامه خواهد داد.']",A,هنگام پایین رفتن توپ از تپه، انرژی پتانسیل آن به انرژی جنبشی تبدیل می‌شود و سرعتش افزایش می‌یابد.,A,0.8436087369918823,A,0.9644914865493774,True,True,True,True,[0.84360874 0.0420008  0.08891571 0.02547478],[0.9644915  0.01577332 0.01228427 0.00745079],0.8869407176971436,0.84360874,0.9644915,0.1208827599999999,0.7796043157577515,0.6606285572052002,0.715202271938324,0.7796043157577515,0.6606285572052002,0.715202271938324
363,کدام رویداد بیشترین تغییر را در یک اکوسیستم در یک روز ایجاد می‌کند؟,"['خشکسالی', 'جانشینی', 'تجزیه', 'آتش\u200cسوزی']",D,[MASK] می‌تواند به سرعت بخش بزرگی از اکوسیستم را تحت تأثیر قرار دهد و تغییرات عمده‌ای در ترکیب گونه‌ها و ساختار ایجاد کند.,D,0.4868189990520477,A,0.0578155480325222,True,False,False,False,[0.2964263  0.20373061 0.01302406 0.486819  ],[0.47657862 0.42057917 0.04502679 0.05781555],0.9295645356178284,0.486819,0.05781555,-0.42900345,0.9197179079055786,0.7431581020355225,0.8220646977424622,0.9148040413856506,0.7322467565536499,0.8134081363677979
364,سؤال: طوفان‌های سهمگین و گردبادها همیشه ___,"['الف) باعث سیلاب می\u200cشوند', 'ب) صدها مایل عرض دارند', 'ج) دارای بادهای شدید هستند', 'د) برف سبک تولید می\u200cکنند']",C,طوفان‌های سهمگین و گردبادها با بادهای شدید مشخص می‌شوند.,C,0.8241587281227112,C,0.9699764847755432,True,True,True,True,[0.04649585 0.0766587  0.8241587  0.0526867 ],[0.00508997 0.02281166 0.9699765  0.00212181],0.7976845502853394,0.8241587,0.9699765,0.1458178,0.8025600910186768,0.44464030861854553,0.5722425580024719,0.8025600910186768,0.4446403384208679,0.5722425580024719
365,کدام یک از گزینه‌های زیر بهترین توصیف را از معدنی ارائه می‌دهد؟,"['ماده مغذی اصلی در تمام غذاها', 'نوعی دانه که در غلات یافت می\u200cشود', 'یک ماده طبیعی که سنگ\u200cها را تشکیل می\u200cدهد', 'مواد گیاهی تجزیه\u200cشده که در خاک یافت می\u200cشود']",C,ماده‌ای طبیعی و غیرآلی که ترکیبات شیمیایی خاصی دارد و به صورت بلور یا سنگ وجود دارد.,A,0.7809630036354065,C,0.9856798648834229,False,True,True,True,[0.780963   0.03444742 0.06435625 0.1202333 ],[1.0907225e-02 2.7577782e-03 9.8567986e-01 6.5502978e-04],0.8189585208892822,0.06435625,0.98567986,0.92132361,0.7511874437332153,0.6156831979751587,0.6767187118530273,0.7511874437332153,0.6156831979751587,0.6767187118530273
366,یک توده هوا در یک دره به سمت کوه حرکت می‌کند. چه چیزی سبب حرکت این هوا می‌شود؟,"['کششی جزر و مدی ناشی از جاذبه ماه', 'تبخیر آب از خاک در دره', 'گرمایش توسط انرژی خورشیدی که از زمین دوباره تابش می\u200cشود', 'اثر خنک\u200cکنندگی بلورهای یخ در هوا بر روی کوه']",C,گرمایش انرژی خورشیدی بازتابیده از زمین، هوای دره را گرم‌تر از کوه می‌کند و سبب حرکت آن به سمت کوه می‌شود.,A,0.9412325620651244,C,0.9861364364624025,False,True,True,True,[0.94123256 0.04119365 0.01041538 0.00715838],[1.1127503e-02 2.5616963e-03 9.8613644e-01 1.7432563e-04],0.7804310917854309,0.01041538,0.98613644,0.97572106,0.6230325102806091,0.5845054388046265,0.6031544208526611,0.6199812293052673,0.5852867364883423,0.602134644985199
367,نور مرئی از طریق شیشه عبور می‌کند. انواع دیگر تابش الکترومغناطیسی قادرند به گونه‌ای مشابه از مواد دیگر عبور کنند. کدام یک از گزینه‌های زیر در فناوری پزشکی استفاده می‌شوند زیرا می‌توانند از برخی قسمت‌های بدن انسان عبور کنند؟,"['اشعه ایکس', 'امواج فروسرخ', 'موج\u200cهای میکرو', 'اشعه ماوراء بنفش']",A,اشعه‌ای با طول موج کوتاه و انرژی بالا که قادر است از برخی مواد و بافت‌های بدن انسان عبور کند و در تصویربرداری پزشکی مانند رادیوگرافی کاربرد دارد.,A,0.9618253707885742,A,0.9969360828399658,True,True,True,True,[0.9618254  0.01544055 0.0072936  0.01544055],[9.9693608e-01 2.4711576e-03 2.6872591e-04 3.2414534e-04],0.8284822702407837,0.9618254,0.99693608,0.0351106799999999,0.8500551581382751,0.6777081489562988,0.7541604042053223,0.8536073565483093,0.6820398569107056,0.7582396268844604
368,کدام یک از موارد زیر ارگانیسم‌های موجود در قلمرو قارچ‌ها را از سایر ارگانیسم‌های یوکاریوت متمایز می‌کند؟,"['الف) قارچ\u200cها تک\u200cسلولی هستند.', 'ب) قارچ\u200cها به\u200cصورت جنسی تولیدمثل می\u200cکنند.', 'ج) قارچ\u200cها مواد مغذی را از طریق جذب به\u200cدست می\u200cآورند.', 'د) قارچ\u200cها غذا را از طریق فتوسنتز تولید می\u200cکنند.']",C,قارچ‌ها مواد مغذی را از طریق جذب و نه فتوسنتز به دست می‌آورند و این ویژگی آن‌ها را متمایز می‌کند.,A,0.8764491677284241,C,0.975408971309662,False,True,True,True,[0.87644917 0.01826132 0.08184154 0.02344799],[0.01576602 0.00137762 0.975409   0.00744734],0.7613699436187744,0.08184154,0.975409,0.89356746,0.8195769786834717,0.6446037292480469,0.7216354608535767,0.8195769786834717,0.6446037292480469,0.7216354608535767
369,کدامیک از موارد زیر یک مخلوط است؟,"['آب نمک', 'شکر', 'بخار آب', 'نمک']",A,[MASK] از ترکیب دو ماده مختلف به وجود می‌آید و [MASK] در آن حل شده است.,A,0.7515758872032166,A,0.9960492253303528,True,True,True,True,[0.7515759  0.00166996 0.24400096 0.00275329],[9.9604923e-01 8.9769752e-04 1.1526665e-03 1.9004258e-03],0.7503586411476135,0.7515759,0.99604923,0.24447333,0.8911526799201965,0.7240948677062988,0.7989848256111145,0.8710968494415283,0.6969767808914185,0.7743695974349976
370,یک تخم مرغ طی کلاس علوم تشریح می‌شود. مایعی شفاف و غلیظ که درون تخم مرغ وجود دارد و به عنوان محافظت از جنین عمل می‌کند چیست؟,"['زرده', 'پوسته', 'کیسه زرده', 'سفیده']",D,مایع شفاف و غلیظی که جنین را در تخم مرغ محافظت می‌کند، حاوی پروتئین‌های مختلفی برای تغذیه و حفاظت است.,C,0.7752954959869385,C,0.0044157244265079,False,False,False,False,[0.09295825 0.11936075 0.7752955  0.01238549],[0.0467375  0.00642484 0.942422   0.00441572],0.9203198552131652,0.01238549,0.00441572,-0.00796977,0.8733207583427429,0.7602059841156006,0.8128469586372375,0.8687946200370789,0.764371395111084,0.8132445812225342
371,چرا دانشمندان چندین بار یک آزمایش را انجام می‌دهند؟,"['برای گنجاندن متغیرهای اضافی در آزمایش', 'برای انجام مراحل آزمایش در زمان کمتر', 'برای پیدا کردن روش کم\u200cهزینه\u200cتری برای انجام آزمایش', 'برای افزایش احتمال نتایج دقیق آزمایش']",D,برای اطمینان از دقیق بودن نتایج و کنترل خطاها، آزمایش‌ها را چندین بار تکرار می‌کنند.,D,0.9503965973854064,D,0.9920637011528016,True,True,True,True,[4.7041021e-02 2.3789161e-03 1.8344232e-04 9.5039660e-01],[7.5155543e-03 2.9140967e-04 1.2931226e-04 9.9206370e-01],0.8296306133270264,0.9503966,0.9920637,0.0416670999999999,0.6827254295349121,0.5207884311676025,0.5908623337745667,0.6827254295349121,0.5207884311676025,0.5908623337745667
372,یک پژوهشگر یک موجود دریایی را که به اندازه یک دست انسان متوسط است مورد بررسی قرار می‌دهد. بدون اطلاعات بیشتر، کدام جمله درباره این موجود احتمالاً درست است؟,"['حرکت می\u200cکند.', 'دارای سیستم\u200cهای ارگان است.', 'از سلول\u200cهای زیادی تشکیل شده است.', 'غذای خود را تولید می\u200cکند.']",C,اندازه دست انسان نشان می‌دهد که این موجود احتمالاً از میلیون‌ها سلول تشکیل شده است.,A,0.5609263181686401,C,0.9604556560516356,False,True,True,True,[0.5609263  0.30141732 0.08568548 0.05197087],[0.01564608 0.02276491 0.96045566 0.0011334 ],0.8665553331375122,0.08568548,0.96045566,0.8747701800000001,0.7889062166213989,0.6478255391120911,0.7114390730857849,0.7889062166213989,0.6478255987167358,0.7114391922950745
373,عمق دریاچه سوپریور را می‌توان با ارسال امواج صوتی به کف دریاچه و اندازه‌گیری زمان بازگشت امواج صوتی منعکس شده به سطح اندازه‌گیری کرد. کدام یک از موارد زیر نشانگر عمق کم خواهد بود؟,"['هنگامتیج سیگنالی بازنگشت.', 'سیگنال بازگشتی بسیار ضعیف است.', 'سیگنال بازگشتی تقریباً بلافاصله ظاهر می\u200cشود.', 'سیگنال بازگشتی با سرعت متفاوتی برگشت می\u200cکند.']",C,زمانی که سیگنال بازگشتی سریع‌تر دریافت شود، نشانگر عمق کم است.,B,0.5515866279602051,C,0.7519477605819702,False,True,True,True,[0.26055107 0.5515866  0.17768039 0.0101819 ],[0.24222192 0.00273322 0.75194776 0.00309714],0.5963730812072754,0.17768039,0.75194776,0.5742673699999999,0.5785314440727234,0.48074227571487427,0.5251230001449585,0.5759642720222473,0.4771502614021301,0.5219213962554932
374,کدام فعالیت بیشترین بهره را از اختراع لامپ برده است؟,"['شنا کردن', 'پیاده\u200cروی کردن', 'خواندن', 'گفتگو کردن']",C,افزایش ساعات مفید برای مطالعه و کار در شب,B,0.4672693312168121,C,0.8394806981086731,False,True,True,True,[0.24816486 0.46726933 0.09129476 0.193271  ],[0.14587986 0.00822998 0.8394807  0.00640951],0.6804335117340088,0.09129476,0.8394807,0.7481859399999999,0.8696767091751099,0.5827929973602295,0.6979029774665833,0.862749457359314,0.5808101892471313,0.694247305393219
375,رولاندو می‌خواهد ببیند که مایعات مختلف در چه دمایی می‌جوشند. او آب لوله‌کشی را می‌جوشاند و دما را ثبت می‌کند. سپس آب لوله‌کشی را با اضافه کردن شیر و آب لوله‌کشی را با اضافه کردن شکر می‌جوشاند. هدف از جوشاندن آب لوله‌کشی ساده ابتدا چیست؟,"['برای گنجاندن یک عامل برای دستکاری', 'برای داشتن یک توضیح ممکن برای یک مشکل', 'برای تغییر یک متغیر و در عین حال مشاهده سایر متغیرها', 'برای فراهم کردن یک استاندارد که بتوان نتایج را با آن مقایسه کرد']",D,او می‌خواهد یک نقطه مرجع برای مقایسه دمای جوش آب با مواد مختلف داشته باشد تا تأثیر افزودن مواد را ارزیابی کند.,C,0.9256023168563844,D,0.9198976159095764,False,True,True,True,[0.05917177 0.00181497 0.9256023  0.01341092],[5.1694743e-02 7.3738588e-04 2.7670203e-02 9.1989762e-01],0.7103409767150879,0.01341092,0.91989762,0.9064867,0.8045287132263184,0.6502678990364075,0.7192197442054749,0.8045287132263184,0.6502678990364075,0.7192197442054749
376,کدام یک از اقلام زیر از موادی که در طبیعت رشد می‌کنند، ساخته نشده است؟,"['A) یک پیراهن کتان', 'B) یک صندلی چوبی', 'C) یک قاشق پلاستیکی', 'D) یک سبد از جنس چمن']",C,پلاستیک ماده‌ای مصنوعی است که توسط انسان ساخته می‌شود و در طبیعت رشد نمی‌کند.,C,0.4227611124515533,B,0.0061070402152836,True,False,False,False,[0.25641757 0.12112309 0.4227611  0.19969821],[0.05193886 0.9206383  0.00610704 0.02131567],0.8295850157737732,0.4227611,0.00610704,-0.41665406,0.9587160348892212,0.7941392660140991,0.8687015175819397,0.9587160348892212,0.7941392660140991,0.8687015175819397
377,کدام یک از این تغییرات خاک تنها ناشی از causas طبیعی است؟,"['از دست رفتن مواد معدنی به دلیل کشاورزی.', 'تشکیل بیابان\u200cها به دلیل قطع درختان.', 'سیلاب ناشی از ساخت سد.', 'شسته شدن مواد معدنی به دلیل باران\u200cهای سنگین.']",D,فرآیند شسته شدن مواد معدنی به دلیل بارش شدید باران، یک تغییر طبیعی خاک است.,C,0.5228474736213684,D,0.9395673871040344,False,True,True,True,[0.09156986 0.35934746 0.5228475  0.02623521],[0.02815168 0.01035642 0.02192455 0.9395674 ],0.9231901168823242,0.02623521,0.9395674,0.91333219,0.851641833782196,0.6985865831375122,0.7675585746765137,0.851641833782196,0.6985865831375122,0.7675585746765137
378,یک دانشجوی کالج از طریق میکروسکوپ به سلول‌های خونی نگاه می‌کند و اظهار می‌دارد که گلبول‌های قرمز مهم‌تر از گلبول‌های سفید هستند. این بیانیه چیست؟,"['بیانیه\u200cای از حقیقت.', 'نتیجه\u200cگیری علمی.', 'فرضیه علمی.', 'بیانیه\u200cای از نظر.']",D,این بیانیه حاوی ارزش‌گذاری شخصی است و بیانگر یک عقیده ذهنی است.,C,0.6345784664154053,A,0.3241205513477325,False,False,False,False,[0.15919796 0.18180978 0.63457847 0.0244138 ],[0.3672767  0.13511355 0.17348923 0.32412055],0.5895236730575562,0.0244138,0.32412055,0.29970675,0.6727294921875,0.4598536193370819,0.5462859272956848,0.6727294921875,0.4598536491394043,0.5462859272956848
379,اگر 10 گرم آب به 5 گرم نمک اضافه شود، چه مقدار آب نمکی تولید خواهد شد؟,"['2 گرم', '5 گرم', '10 گرم', '15 گرم']",D,مجموع جرم آب و نمک برابر با 1[MASK] است.,A,0.7752141952514648,A,0.0559567473828792,False,False,False,False,[0.7752142  0.09115072 0.06264691 0.07098825],[0.882176   0.04938166 0.01248564 0.05595675],0.7807406187057495,0.07098825,0.05595675,-0.0150315,0.9035558700561523,0.6763055324554443,0.773586630821228,0.900597333908081,0.6765694618225098,0.7726724147796631
380,هنگام انجام یک آزمایش برای نمایشگاه علمی، اگر داده‌ها از فرضیه حمایت نکنند، چه باید کرد؟,"['برای بررسی خطاها و دوباره انجام دادن آزمایش.', 'فرضیه را تغییر دهید تا با نتیجه مطابقت داشته باشد.', 'متغیر را تغییر دهید تا داده\u200cها با فرضیه مطابقت داشته باشند.', 'داده\u200cها را نادیده بگیرید و به هر حال نمایشگاه علمی را آماده کنید.']",A,در صورت عدم حمایت داده‌ها از فرضیه، آزمایش را دوباره بررسی و اجرا کنید تا از صحت داده‌ها اطمینان حاصل شود و خطاها شناسایی شوند.,A,0.6998001337051392,A,0.9953670501708984,True,True,True,True,[0.69980013 0.29229042 0.00322178 0.00468767],[9.9536705e-01 4.1077570e-03 2.6260014e-04 2.6260014e-04],0.8619217276573181,0.69980013,0.99536705,0.29556692,0.8264098167419434,0.6474840641021729,0.726086437702179,0.8264098167419434,0.6474840641021729,0.726086437702179
381,سوال: امواج صوت سریعترین سرعت را از کجا عبور می‌کنند؟,"['الف) سنگ.', 'ب) آب دریا.', 'ج) فضا.', 'د) جو.']",A,امواج صوت با نزدیک بودن مولکول‌ها، سریعتر در مواد جامد منتقل می‌شوند.,C,0.8950101733207703,A,0.6805037260055542,False,True,True,True,[0.05744002 0.00281543 0.8950102  0.04473434],[0.6805037  0.06329671 0.15184091 0.10435863],0.8407357335090637,0.05744002,0.6805037,0.62306368,0.7855806946754456,0.6340292096138,0.7017154693603516,0.7855807542800903,0.6340291500091553,0.7017154097557068
382,کدام یک از این موارد یکی از شباهت‌های عناصر در گروه اول جدول تناوبی است؟,"['عناصر در این گروه دارای جرم اتمی مشابهی هستند.', 'عناصر در این گروه تعداد الکترون\u200cهای یکسانی دارند.', 'عناصر در این گروه فلزات بسیار غیرواکنشی هستند.', 'عناصر در این گروه به طور مشابهی با اکسیژن واکنش نشان می\u200cدهند.']",D,همه عناصر گروه اول، به طور مشابهی با اکسیژن واکنش نشان می‌دهند و اکسیدهای فلزی خاصی را تشکیل می‌دهند.,A,0.6285167932510376,D,0.922351896762848,False,True,True,True,[0.6285168  0.2980523  0.02772318 0.0457078 ],[0.02173405 0.05213726 0.00377681 0.9223519 ],0.7745267748832703,0.0457078,0.9223519,0.8766441,0.903457522392273,0.6898822784423828,0.7823558449745178,0.903457522392273,0.6898822784423828,0.7823558449745178
383,یک دانش‌آموز یک اسلاید از سلول‌های یک گونه از تولید‌کننده در یک شبکه غذایی مشاهده می‌کند. دانش‌آموز متوجه می‌شود که سلول‌ها دارای کلروفلاست هستند. بهترین نتیجه‌گیری درباره شبکه غذایی که از این یافته‌ها حمایت می‌شود چیست؟,"['تولیدکنندگان انرژی را از نور خورشید جذب می\u200cکنند.', 'شبکه غذایی در یک اکوسیستم زمینی یافت می\u200cشود.', 'تولیدکنندگان در شبکه موجودات تک\u200cسلولی هستند.', 'شبکه غذایی شامل بسیاری از گیاه\u200cخواران و همه\u200cچیزخواری\u200cها است.']",A,از آنجایی که سلول‌ها دارای کلروپلاست هستند، می‌توان نتیجه گرفت که قادر به فتوسنتز بوده و انرژی خود را از نور خورشید جذب می‌کنند.,A,0.7418115735054016,A,0.5279706120491028,True,True,True,False,[0.7418116  0.1868281  0.06065421 0.0107061 ],[0.5279706  0.46593243 0.00361346 0.00248349],0.891177773475647,0.7418116,0.5279706,-0.213841,0.8902819156646729,0.6989700198173523,0.7831109762191772,0.8902819156646729,0.6989700198173523,0.7831109762191772
384,هنگامی که بنزین در موتور یک خودرو سوخته می‌شود، تنها حدود 15 درصد از بنزین به انرژی مکانیکی تبدیل می‌شود. این به دلیل این است که بیشتر انرژی موجود در بنزین,"['به گرما تبدیل می\u200cشود.', 'برای استفاده در زمانlater ذخیره می\u200cشود.', 'به انرژی شیمیایی تغییر می\u200cکند.', 'برای حرکت خودرو استفاده می\u200cشود.']",A,بیشتر انرژی بنزین در اثر احتراق به گرما تبدیل می‌شود که بخش کمی از آن به انرژی مکانیکی تبدیل می‌شود.,A,0.9983264803886414,A,0.999344766139984,True,True,True,True,[9.9832648e-01 1.3297442e-03 1.1988008e-04 2.2396547e-04],[9.99344766e-01 4.94007312e-04 1.00363686e-04 6.08736518e-05],0.8760135173797607,0.99832648,0.999344766,0.0010182859999999,0.8543819189071655,0.6900116801261902,0.7634498476982117,0.8580814599990845,0.6972747445106506,0.7693652510643005
385,ترتیب صحیح دگردیسی یک پروانه چیست؟,"['تخم، لارو، حشره بالغ، پیله', 'تخم، پیله، لارو، حشره بالغ', 'تخم، حشره بالغ، لارو، پیله', 'تخم، لارو، حشره بالغ، پیله']",A,ترتیب صحیح شامل تخم، لارو، پیله و حشره بالغ است.,A,0.7023688554763794,D,0.2862488329410553,True,False,False,False,[0.70236886 0.08421431 0.01139717 0.20201965],[0.28624883 0.28624883 0.0110127  0.4164896 ],0.7082777619361877,0.70236886,0.28624883,-0.41612003,0.732049286365509,0.510706901550293,0.6016669273376465,0.732049286365509,0.510706901550293,0.6016669273376465
386,تجزیه‌کنندگان در جریان انرژی در یک اکوسیستم اهمیت دارند زیرا آنها,"['در بالاترین نقطه هر زنجیره غذایی قرار دارند.', 'چیزهایی را می\u200cخورند که سایر ارگانیزم\u200cها نمی\u200cخورند.', 'قسمت بزرگتری از لایه بالایی خاک را تشکیل می\u200cدهند.', 'مواد آلی را به قطعاتی تجزیه می\u200cکنند که می\u200cتوان دوباره استفاده کرد.']",D,آنها مواد آلی را به قطعاتی تجزیه می‌کنند که قابل استفاده مجدد هستند و مواد مغذی را به خاک برمی‌گردانند.,A,0.6541112661361694,D,0.9595771431922911,False,True,True,True,[0.65411127 0.21318997 0.00339247 0.12930626],[3.7206843e-02 3.0541238e-03 1.6186263e-04 9.5957714e-01],0.5424143075942993,0.12930626,0.95957714,0.83027088,0.6438162326812744,0.5383368730545044,0.5863707661628723,0.6457280516624451,0.5452154874801636,0.5912303328514099
387,درو می‌داند که زمین بر روی محور خود متمایل است. او همچنین می‌داند که این مایل بودن مسئول فصل‌هایی است که یک منطقه بر روی زمین تجربه خواهد کرد. زمانی که قطب جنوب به سمت خورشید متمایل است، فلوریدا در چه فصلی خواهد بود؟,"['پاییز', 'بهار', 'تابستان', 'زمستان']",D,زمانی که قطب جنوب به خورشید متمایل است، فلوریدا در [MASK] قرار دارد زیرا نیمکره شمالی در این زمان به سمت خورشید متمایل است و فصل‌های معکوس در دو نیمکره برقرار است.,D,0.5760972499847412,A,0.2307213693857193,True,False,False,False,[0.34942064 0.01376187 0.0607202  0.57609725],[0.6271657  0.07549174 0.06662122 0.23072137],0.906630039215088,0.57609725,0.23072137,-0.3453758799999999,0.8077957630157471,0.6516674160957336,0.7213805317878723,0.7987927198410034,0.6337044835090637,0.7067357897758484
388,انرژی‌های جنبشی ذرات در یک نمونه از ماده در حال افزایش است. این نمونه احتمالاً چیست؟,"['الف) مایعی که در حال گرم شدن است.', 'ب) گازی که در حال سرد شدن است.', 'ج) مایعی که در حال تبدیل شدن به جامد است.', 'د) گازی که در حال تبدیل شدن به مایع است.']",A,با افزایش انرژی جنبشی ذرات، دمای ماده افزایش می‌یابد؛ این حالت در مایعی که در حال گرم شدن است، رخ می‌دهد.,A,0.9452787637710572,A,0.9980984330177308,True,True,True,True,[0.94527876 0.00443777 0.02514167 0.02514167],[9.9809843e-01 3.6737407e-04 9.0925960e-04 6.2492437e-04],0.9249563813209534,0.94527876,0.99809843,0.0528196699999999,0.8654216527938843,0.754170298576355,0.8059750199317932,0.8654216527938843,0.754170298576355,0.8059750199317932
389,چه مواردی در طی فتوسنتز تولید می‌شوند؟,"['دی\u200cاکسید کربن و مواد معدنی', 'دی\u200cاکسید کربن و شکر', 'اکسیژن و مواد معدنی', 'اکسیژن و شکر']",D,در فتوسنتز، گیاهان انرژی نور خورشید را به انرژی شیمیایی تبدیل کرده و [MASK] تولید می‌کنند.,B,0.5265100598335266,B,0.0265439935028553,False,False,False,False,[0.46464348 0.52651006 0.00360346 0.00524301],[0.08304881 0.8893779  0.00102922 0.02654399],0.8199533224105835,0.00524301,0.02654399,0.02130098,0.9152683019638062,0.6659775972366333,0.7709720730781555,0.9110438823699951,0.6581805944442749,0.7642391920089722
390,یک دانش‌آموز یک پاک‌کن صورتی روی میز خود دارد. کدام خصوصیت نشان می‌دهد که این پاک‌کن مایع است؟,"['رنگ آن زمانی که به دو نیم تقسیم می\u200cشود ثابت باقی می\u200cماند.', 'دمای آن زمانی که بر روی کاغذ مالیده می\u200cشود افزایش می\u200cیابد.', 'شکل آن زمانی که در محل جدیدی قرار می\u200cگیرد، مشخص است.', 'اندازه آن زمانی که برای پاک\u200cکردن نشانه\u200cهای مداد استفاده می\u200cشود تغییر می\u200cکند.']",C,اندازه پاک‌کن مایع با استفاده شدن تغییر می‌کند.,B,0.5800496339797974,D,0.0853688940405845,False,False,False,False,[0.2125564  0.58004963 0.1655391  0.04185484],[0.23205672 0.05177885 0.08536889 0.63079554],0.7174671292304993,0.1655391,0.08536889,-0.0801702099999999,0.7117047309875488,0.46869534254074097,0.5651857852935791,0.711704671382904,0.46869534254074097,0.5651857852935791
391,نقشه‌های خیابان نمونه‌هایی از مدل‌های دو بعدی هستند. کدام اطلاعات را نمی‌توان با استفاده از یک نقشهٔ پایه تعیین کرد؟,"['فاصله از مکان به مکان', 'جهت\u200cها مانند شمال و جنوب', 'نام بزرگراه\u200cها و خیابان\u200cها', 'ارتفاعات مانند فاصله از سطح دریا']",D,نقشه‌های دو بعدی نمی‌توانند اطلاعاتی مانند ارتفاعات یا فاصله از سطح دریا را نشان دهند.,A,0.5964083671569824,D,0.6403056383132935,False,True,True,True,[0.59640837 0.02620436 0.01564733 0.36173996],[0.34273094 0.01494136 0.00202209 0.64030564],0.743902325630188,0.36173996,0.64030564,0.27856568,0.798897385597229,0.6636700630187988,0.7250322699546814,0.798897385597229,0.6636700630187988,0.7250322699546814
392,کدام اکوسیستم دریایی به نور خورشید وابسته نیست؟,"['رودخانهٔ مصب', 'سقوط نهنگ', 'دودکش سیاه', 'اقیانوس آزاد']",C,اکوسیستم‌های دریایی وابسته به نور خورشید در مناطق عمیق و تاریک دریاها یافت می‌شوند که در آن تولید انرژی از طریق فرآیندهای شیمیایی انجام می‌شود.,D,0.666349470615387,D,0.0264600310474634,False,False,False,False,[0.2171787  0.09053355 0.0259383  0.6663495 ],[0.17254108 0.11858564 0.02646003 0.6824132 ],0.8753984570503235,0.0259383,0.02646003,0.0005217299999999,0.8972203135490417,0.7293338179588318,0.8046127557754517,0.8972203135490417,0.7293338179588318,0.8046127557754517
393,کدام عبارت بهترین توصیف را از رابطه بین میزان کل بخار آب که جو می‌تواند تحمل کند و دمای جو ارائه می‌دهد؟,"['میزان بخار آب به دمای جوی ارتباطی ندارد.', 'میزان بخار آب با افزایش دمای جوی افزایش می\u200cیابد.', 'میزان بخار آب با کاهش دمای جوی افزایش می\u200cیابد.', 'میزان بخار آب با افزایش دمای جوی کاهش می\u200cیابد.']",B,ظرفیت جو برای نگهداری بخار آب با افزایش دما بیشتر می‌شود.,B,0.8911956548690796,B,0.9270284175872804,True,True,True,True,[0.05675012 0.89119565 0.00197246 0.0500818 ],[5.9494890e-02 9.2702842e-01 2.0157182e-04 1.3275105e-02],0.6860013008117676,0.89119565,0.92702842,0.0358327699999999,0.7957348823547363,0.5519662499427795,0.6518044471740723,0.7957348823547363,0.5519663095474243,0.651804506778717
394,توبیاس به مدت ۲ ساعت در جاده با دوچرخه‌اش رکاب زد. به‌طور میانگین، او در این مدت هر ۳ دقیقه یک علامت یک کیلومتری را پشت سر گذاشت. میانگین سرعت او در این ۲ ساعت چه مقدار بوده است؟,"['۱۰ کیلومتر در ساعت', '۱۵ کیلومتر در ساعت', '۲۰ کیلومتر در ساعت', '۲۵ کیلومتر در ساعت']",C,,A,0.815019428730011,A,0.0299379415810108,False,False,False,False,[0.8150194  0.05903981 0.06690087 0.05903981],[0.86810625 0.08137976 0.02993794 0.02057603],0.2101503759622573,0.06690087,0.02993794,-0.03696293,0.0,0.0,0.0,0.0,0.0,0.0
395,کدام یک از موارد زیر می‌تواند دلیل احتمالی شکل‌گیری یک فرورفتگی زمین باشد؟,"['برداشت منابع زیرزمینی', 'تصادم بین دو صفحه تکتونیکی', 'تشکیل سنگ\u200cهای متراکم زیر سطح خاک', 'انباشت رسوبات در بستر اقیانوس']",A,[MASK] منجر به کاهش حجم و فروریزش زمین می‌شود.,B,0.965913951396942,A,0.8773639798164368,False,True,True,True,[3.3181120e-02 9.6591395e-01 3.6860895e-04 5.3632288e-04],[0.877364   0.1187383  0.00147152 0.00242613],0.7273796796798706,0.03318112,0.877364,0.8441828800000001,0.8299821615219116,0.5255491733551025,0.6435800194740295,0.8065506219863892,0.511600136756897,0.6260762214660645
396,دمای آب در یک لیوان از ۵ درجه سانتی‌گراد به -۱ درجه سانتی‌گراد تغییر می‌کند. احتمال تغییر آب چگونه خواهد بود؟,"['جوش می\u200cآید.', 'ذوب می\u200cشود.', 'یخ می\u200cزند.', 'چگالش می\u200cیابد.']",C,با کاهش دما به زیر نقطه انجماد، آب [MASK],A,0.5385836362838745,C,0.4442019462585449,False,True,True,True,[0.53858364 0.22451505 0.08259448 0.1543068 ],[0.20982614 0.30529523 0.44420195 0.04067665],0.8268094062805176,0.08259448,0.44420195,0.36160747,0.7694376707077026,0.5608257055282593,0.6487744450569153,0.7928462624549866,0.5553946495056152,0.6532105803489685
397,ماه با سرعت تقریباً یک کیلومتر در ثانیه به دور زمین می‌چرخد. ماه به کمک کدام یک از موارد زیر در مدار خود حفظ می‌شود؟,"['جاذبه', 'فازهای ماه', 'مغناطیس', 'جزر و مدهای اقیانوس']",A,نیروی [MASK] بین ماه و زمین، ماه را در مدار خود نگه می‌دارد و از خروج آن جلوگیری می‌کند.,A,0.951561152935028,A,0.9965938925743104,True,True,True,True,[0.95156115 0.03678809 0.0011109  0.01053997],[9.9659389e-01 2.1757865e-03 3.2340179e-04 9.0700277e-04],0.8126816749572754,0.95156115,0.99659389,0.04503274,0.7770354747772217,0.6732692718505859,0.7214401960372925,0.7598398923873901,0.6539124250411987,0.7029078006744385
398,کدام عمل بیشتر باعث تشکیل فروچاله‌ها در سطح زمین می‌شود؟,"['A) حذف آب\u200cهای زیرزمینی', 'B) برخورد شهاب\u200cسنگ\u200cها', 'C) برخورد صفحات', 'D) فرسایش مکانیکی']",A,حذف آب‌های زیرزمینی موجب کاهش فشار زیرزمینی و فروریزش زمین، به ویژه در مناطق آهکی با غارهای زیرزمینی، می‌شود.,A,0.4369799494743347,A,0.9205968379974364,True,True,True,True,[0.43697995 0.38563344 0.12519686 0.05218981],[0.92059684 0.06694882 0.00622721 0.00622721],0.8923612833023071,0.43697995,0.92059684,0.4836168899999999,0.8529720902442932,0.6479763984680176,0.7364753484725952,0.8529720902442932,0.6479763984680176,0.7364753484725952
399,آتش زدن کبریت و پختن کیک دو عملی هستند که شامل تغییرات شیمیایی می‌شوند. چرا این اعمال به عنوان تغییرات شیمیایی محسوب می‌شوند؟,"['آن\u200cها حالت ماده را تغییر می\u200cدهند.', 'آن\u200cها مواد جدید ایجاد می\u200cکنند.', 'آن\u200cها حجم را تغییر می\u200cدهند.', 'آن\u200cها انرژی تولید می\u200cکنند.']",B,زیرا در این فرآیندها، مواد اولیه به مواد جدید با خواص متفاوت تبدیل می‌شوند.,A,0.9749553203582764,A,0.0764887854456901,False,False,False,False,[9.7495532e-01 6.4990073e-03 8.7954500e-04 1.7666135e-02],[0.8223319  0.07648879 0.00296579 0.09821355],0.605936586856842,0.0064990073,0.07648879,0.0699897827,0.9405695796012878,0.6800628304481506,0.7893787622451782,0.9405695796012878,0.6800627708435059,0.7893787026405334
400,کدام یک از داده‌های زیر برای توصیف اقلیم یک ناحیه خاص بیشتر مفید خواهد بود؟,"['میانگین سرعت باد هفتگی برای ۱ ماه', 'سطوح رطوبت نسبی روزانه برای ۱۸ ماه', 'مجموع بارش سالانه برای ۲ سال', 'میانگین دماهای بالای و پایینی ماهانه برای ۲۰ سال']",D,میانگین دماهای ماهانه برای ۲۰ سال، اطلاعات کاملی در مورد روند دمایی و تغییرات فصلی ارائه می‌دهد و نماینده خوبی برای الگوی اقلیمی است.,B,0.5576967000961304,D,0.6877167224884033,False,True,True,True,[0.15978278 0.5576967  0.01908333 0.26343727],[0.02093012 0.28668296 0.00467014 0.6877167 ],0.717602014541626,0.26343727,0.6877167,0.4242794299999999,0.8328695297241211,0.6941001415252686,0.7571792006492615,0.8307933807373047,0.6997777223587036,0.7596781253814697
401,استفاده از منابع غیرقابل تجدید برای تولید انرژی، محصولات زائدی تولید می‌کند که می‌تواند تأثیرات منفی بلندمدت بر روی زیرسیستم‌های زمین داشته باشد. کدام منبع انرژی، محصولات زائدی تولید می‌کند که می‌تواند این تأثیرات را برای طولانی‌ترین مدت زمان به همراه داشته باشد؟,"['گاز طبیعی', 'اورانیوم', 'نفت خام', 'زغال\u200cسنگ']",B,[MASK] به دلیل تولید گازهای گلخانه‌ای و آلاینده‌های زیست‌محیطی پایدار، تأثیرات منفی طولانی‌مدت بر زیرسیستم‌های زمین دارد.,A,0.8993831872940063,A,0.005673473700881,False,False,False,False,[0.8993832  0.00770557 0.05783352 0.0350778 ],[0.96161497 0.00567347 0.00728488 0.02542675],0.8117550611495972,0.00770557,0.00567347,-0.0020321,0.7404218912124634,0.5715694427490234,0.6451300382614136,0.7409852147102356,0.5629798769950867,0.6398327350616455
402,بهترین معیار برای تعیین اثر انرژی خورشیدی بر جو زمین چیست؟,"['دمای هوا', 'دمای اقیانوس', 'چگالی ابرها در آسمان', 'مقدار بارش در یک روز بارانی']",A,تاثیر انرژی خورشیدی بر جو زمین از طریق تغییر در چگالی ابرها قابل مشاهده است، زیرا ابرها در تنظیم دمای زمین نقش دارند و تغییرات انرژی خورشیدی می‌تواند بر تشکیل ابرها تاثیر گذارد.,A,0.5670183897018433,C,0.0179788023233413,True,False,False,False,[0.5670184  0.3035031  0.05274093 0.07673759],[1.7978802e-02 2.5645384e-04 9.8160928e-01 1.5554711e-04],0.9430543780326844,0.5670184,0.017978802,-0.549039598,0.8903716802597046,0.7684234380722046,0.8249149918556213,0.8902686238288879,0.7691742181777954,0.8253030776977539
403,چسباندن رادیکال‌های متیل به ژن‌ها به تنظیم کدام ویژگی کمک می‌کند؟,"['اطلاعاتی که ژن\u200cها ذخیره می\u200cکنند', 'شیوه وراثت ژن', 'بیان ژن', 'سیستم کدگذاری ژن']",D,فرآیند اپی ژنتیک چسباندن رادیکال‌های متیل به ژن‌ها، [MASK] را بدون تغییر در توالی DNA تنظیم می‌کند و بر نحوه عملکرد ژن‌ها تأثیر می‌گذارد.,C,0.9779892563819884,C,0.0004315125406719,False,False,False,False,[0.01795628 0.00275369 0.97798926 0.00130075],[2.5875363e-02 2.7272431e-03 9.7096586e-01 4.3151254e-04],0.846997857093811,0.00130075,0.00043151254,-0.00086923746,0.8935878872871399,0.7209590673446655,0.7980446219444275,0.867431640625,0.7006417512893677,0.7751662731170654
404,کدام یک از اجزای خاک کمترین ظرفیت برای نگهداری آب را دارد؟,"['سیلت', 'رس', 'شن', 'هُموس']",C,ذرات درشت، منافذ بزرگ و کمترین نگهداری آب.,C,0.703040599822998,C,0.8767494559288025,True,True,True,True,[0.09514619 0.1777565  0.7030406  0.02405673],[0.0815504  0.03399526 0.87674946 0.00770482],0.8504167795181274,0.7030406,0.87674946,0.1737088599999999,0.7491320967674255,0.621556282043457,0.6794071197509766,0.7557582259178162,0.6303582191467285,0.6873857975006104
405,کدامیک از لایه‌های زمین دارای بیشترین چگالی است؟,"['الف) پوشش', 'ب) گوشته', 'ج) هسته داخلی', 'د) هسته بیرونی']",C,هسته داخلی زمین به دلیل ترکیب آهن و نیکل و فشار و دمای بسیار بالا، بیشترین چگالی را دارد.,C,0.6989690065383911,C,0.9215548634529114,True,True,True,True,[0.05063315 0.07367079 0.698969   0.17672704],[0.03128847 0.0069814  0.92155486 0.0401752 ],0.8519520163536072,0.698969,0.92155486,0.22258586,0.7734696865081787,0.6077611446380615,0.6806752681732178,0.7734696865081787,0.6077612042427063,0.6806753277778625
406,کدام یک بهترین توضیح را برای این که چرا برخی تابه‌ها دارای دستگیره‌های لاستیکی هستند، ارائه می‌دهد؟,"['لاستیک در دستگیره\u200cها به راحتی قابل نگهداری است.', 'لاستیک در دستگیره\u200cها عایق خوبی است.', 'لاستیک در دستگیره\u200cها غذا را در تابه گرم نگه می\u200cدارد.', 'لاستیک در دستگیره\u200cها فلز تابه را خنک نگه می\u200cدارد.']",B,دستگیره‌های لاستیکی به دلیل خاصیت عایقی خوب، از انتقال حرارت به دست کاربر جلوگیری می‌کنند.,B,0.8799219131469727,B,0.992203950881958,True,True,True,True,[0.04983609 0.8799219  0.0439802  0.02626177],[0.0035506  0.99220395 0.00148011 0.00276521],0.8480796217918396,0.8799219,0.99220395,0.1122820499999999,0.8847172260284424,0.6449615955352783,0.746050238609314,0.8847172260284424,0.6449615955352783,0.746050238609314
407,در یک واحد فرمول هیدروکسید منیزیم، Mg(OH)_{2}، چند اتم وجود دارد؟,"['6', '5', '4', '3']",B,یک اتم منیزیم، دو اتم هیدروژن و دو اتم اکسیژن در واحد فرمول وجود دارد که جمعا ۵ اتم می‌شود.,A,0.439149796962738,B,0.9849600195884703,False,True,True,True,[0.4391498  0.23505996 0.05943246 0.2663578 ],[0.01128925 0.98496    0.00152783 0.00222299],0.8594068884849548,0.23505996,0.98496,0.74990004,0.8086353540420532,0.6376899480819702,0.7130603790283203,0.8068166375160217,0.6347118616104126,0.7104904055595398
408,تفاوت بین میوز و میتوز چیست؟,"['الف) میتوز در تمام سلول\u200cهای حیوانات و گیاهان رخ می\u200cدهد، در حالی که میوز فقط در باکتری\u200cها رخ می\u200cدهد.', 'ب) در میتوز، محصولات مشابه سلول والد هستند، در حالی که در میوز محصولات با سلول والد متفاوت هستند.', 'ج) در میتوز، یک سلول به دو سلول تقسیم می\u200cشود، در حالی که در میوز دو سلول با هم ترکیب می\u200cشوند تا یک سلول تشکیل دهند.', 'د) میتوز شامل جداسازی کروموزوم\u200cها است، در حالی که میوز فقط شامل سیتوپلاسم سلول می\u200cشود.']",B,میتوز سلول‌های مشابه تولید می‌کند، در حالی که میوز سلول‌های متفاوتی با نیمی از کروموزوم‌های سلول اولیه ایجاد می‌کند.,A,0.5616471171379089,B,0.9090629816055298,False,True,True,True,[0.5616471  0.11146229 0.14312041 0.18377022],[0.05811445 0.909063   0.01144341 0.02137911],0.7740542888641357,0.11146229,0.909063,0.79760071,0.7891848087310791,0.6208205223083496,0.6949507594108582,0.7891848087310791,0.6208205223083496,0.6949507594108582
409,یک کشاورز می‌خواهد بداند که آیا افزودن کود به زمینش باعث سالم‌تر شدن محصولاتش خواهد شد. کدام فعالیت را باید ابتدا انجام دهد؟,"['کشت محصولات مختلف در یک زمین نزدیک که کود داده شده است.', 'آبیاری محصولات در زمین قبل از افزودن کودها.', 'افزودن چندین نوع مختلف کود به زمین به\u200cطور هم\u200cزمان.', 'ثبت ظاهر محصولات قبل از کوددهی.']",D,ابتدا باید وضعیت فعلی محصولات را ثبت کرد تا تغییرات بعدی قابل مقایسه باشد.,A,0.9555293321609496,D,0.966149091720581,False,True,True,True,[0.95552933 0.02529052 0.01353704 0.00564308],[3.2930918e-02 8.7757921e-04 4.2347830e-05 9.6614909e-01],0.6726017594337463,0.00564308,0.96614909,0.96050601,0.7605006098747253,0.5354900360107422,0.6284620761871338,0.7605006694793701,0.5354900360107422,0.6284621357917786
410,کدام نمودار بهترین گزینه برای ارائه داده‌های جمع‌آوری شده در مورد مصرف سالانه آب در ایالات متحده است؟,"['نمودار میله\u200cای', 'نمودار خطی', 'نمودار پراکنده', 'نمودار دایره\u200cای']",B,[MASK] برای مقایسه مقادیر مختلف در دوره‌های زمانی مختلف مناسب است و به راحتی تفاوات و تغییرات را نمایش می‌دهد.,A,0.5641025900840759,A,0.200897678732872,False,False,False,False,[0.5641026  0.08617067 0.00624218 0.34348464],[0.7012018  0.20089768 0.00300318 0.09489734],0.6141287088394165,0.08617067,0.20089768,0.1147270099999999,0.8939355611801147,0.7184853553771973,0.7966649532318115,0.8961368799209595,0.7087513208389282,0.7915046215057373
411,چالش تکامل گوسفند. گونه‌ای از گوسفند در جزیره اسکاتلندی هیرتا زندگی می‌کند. هیرتا علف‌های زیادی برای خوردن گوسفندها دارد و هیچ شکارچی طبیعی گوسفندها در این جزیره زندگی نمی‌کند. برخی از گوسفندها پشم تیره دارند و برخی پشم روشن. گوسفندهای با پشم تیره معمولاً بزرگتر و قوی‌تر از گوسفندهای با پشم روشن هستند. با این حال، محققان یافته‌اند که در ۲۰ سال گذشته، تعداد گوسفندهای با پشم روشن افزایش یافته است. معمولاً، قدرت و اندازه به حیوانات کمک می‌کند تا زنده بمانند و تولید مثل کنند. در هیرتا، گوسفندهای با پشم روشن از گوسفندهای با پشم تیره بیشتر هستند زیرا گوسفندهای با پشم روشن:,"['پشم بیشتری تولید می\u200cکنند', 'رژیم غذایی محدودتری دارند', 'سالانه فرزندان کمتری تولید می\u200cکنند', 'شانس بهتری برای زنده ماندن و تولید مثل دارند']",D,گوسفندهای با پشم روشن مزیت بقا و تولید مثلی بیشتری دارند که احتمالاً به دلیل شرایط خاص جزیره است و به آنها شانس بهتری برای زنده ماندن و تولید مثل می‌دهد.,A,0.4962261617183685,D,0.9014155268669128,False,True,True,True,[0.49622616 0.00424318 0.00330459 0.49622616],[0.09575365 0.00154771 0.0012831  0.9014155 ],0.7986047267913818,0.49622616,0.9014155,0.40518934,0.7936220169067383,0.688876748085022,0.7375490069389343,0.7936220169067383,0.688876748085022,0.7375490069389343
412,تعداد کروموزوم‌ها در یک سلول اسپرم انسانی چقدر است؟,"['12', '23', '46', '58']",B,نصف تعداد کروموزوم‌های سلول‌های بدن انسان، که ۴۶ است، برابر با ۲۳ می‌باشد.,B,0.9866739511489868,B,0.9966551065444946,True,True,True,True,[0.00765198 0.98667395 0.00248423 0.00318982],[0.00111352 0.9966551  0.00118534 0.00104606],0.8627129197120667,0.98667395,0.9966551,0.0099811499999999,0.6651371717453003,0.5967374444007874,0.6290834546089172,0.6651371717453003,0.5967374444007874,0.6290834546089172
413,حیوان خاصی دارای سلول‌های تخصصی است که می‌تواند به سرعت تغییر رنگ دهد. این تغییر رنگ احتمالاً به این حیوان کمک می‌کند,"['سریع دویدن.', 'غذا را به سرعت هضم کند.', 'از شکارچیان پنهان شود.', 'حرارت بدن را حفظ کند.']",C,این توانایی تغییر رنگ به حیوان کمک می‌کند تا با محیط هماهنگ شده و از شکارچیان پنهان شود، بنابراین احتمالاً برای پنهان شدن از شکارچی است.,C,0.8501220941543579,C,0.9694160223007202,True,True,True,True,[1.4801788e-01 1.6443301e-03 8.5012209e-01 2.1568917e-04],[2.9734822e-02 6.7778089e-04 9.6941602e-01 1.7136984e-04],0.7093495726585388,0.85012209,0.96941602,0.1192939299999999,0.6712737679481506,0.6019997596740723,0.6347523331642151,0.6749598979949951,0.6076297163963318,0.6395274996757507
414,کدام یک از گزینه‌های زیر بهترین توضیح را برای این که چرا بسیاری از گونه‌های پرندگان در نیو انگلند برای ماه‌های زمستان به سمت جنوب پرواز می‌کنند، ارائه می‌دهد؟,"['برای یافتن مکان مناسبی برای خواب زمستانی', 'برای دور شدن از نور آفتاب شدید', 'برای یافتن محیطی با غذا بیشتر', 'برای دور شدن از محیط\u200cهای شلوغ']",C,پرندگان به دلیل کمبود غذا در مناطق سرد و برفی شمال، به مناطقی با منابع غذایی بیشتر در طول زمستان مهاجرت می‌کنند.,A,0.7274252772331238,C,0.9811475872993468,False,True,True,True,[0.7274253  0.26865217 0.00096137 0.00296123],[1.8040679e-02 7.4462773e-04 9.8114759e-01 6.7130226e-05],0.7480847239494324,0.00096137,0.98114759,0.98018622,0.7766958475112915,0.6477285027503967,0.7063738107681274,0.7766958475112915,0.6477285027503967,0.7063738107681274
415,مربی یک فنجان قهوه را در جا فنجانی خودرو قرار می‌دهد. وقتی که خودرو ناگهان متوقف می‌شود، بخشی از قهوه از فنجان spilled می‌شود. کدام یک از بیانات زیر به بهترین شکل توضیح می‌دهد که چرا قهوه spilled می‌شود؟,"['قهوه به حرکت ادامه می\u200cدهد زیرا نیروی توقف فقط بر روی خودرو عمل می\u200cکند.', 'قهوه به حرکت ادامه می\u200cدهد زیرا نیرویی از جا فنجانی بر روی قهوه کشیده می\u200cشود.', 'نیروی توقف بر روی خودرو موجب واکنش برابر و متضاد از طرف قهوه می\u200cشود.', 'نیروی توقف موجب کاهش سرعت حرکت خودرو و افزایش سرعت حرکت قهوه می\u200cشود.']",A,به دلیل اینکه نیروی توقف فقط بر خودرو وارد می‌شود و قهوه به حرکت خود ادامه می‌دهد، اینرسی قهوه باعث می‌شود از فنجان بریزد.,C,0.9374472498893738,C,0.3991421461105346,False,False,False,False,[0.05319795 0.00300122 0.93744725 0.00635359],[0.39914215 0.00645153 0.5807484  0.01365789],0.7887499928474426,0.05319795,0.39914215,0.3459442,0.7586598992347717,0.662575364112854,0.7073696255683899,0.7586598992347717,0.662575364112854,0.7073696255683899
416,مارگارت در حال دویدن دور یک پیست دایره‌ای است. او در ابتدا به سمت شمال ایستاده است. او بعد از اینکه نصف دور را تمام کرده باشد، به سمت کدام جهت خواهد بود؟,"['شمال', 'جنوب', 'شرق', 'غرب']",B,وقتی نصف دور دایره را طی کند، در نقطه مقابل جهت اولیه‌اش قرار می‌گیرد.,B,0.8017196655273438,B,0.954536199569702,True,True,True,True,[0.0276485  0.80171967 0.01152561 0.15910614],[0.01755137 0.9545362  0.00237532 0.02553709],0.6717468500137329,0.80171967,0.9545362,0.1528165299999999,0.8374661207199097,0.6500911116600037,0.731977641582489,0.8417887091636658,0.6484480500221252,0.7325765490531921
417,یک تخم‌مرغ داغ و آب‌پز در یک لیوان آب سرد قرار داده می‌شود. چه اتفاقی برای دمای آب و تخم‌مرغ می‌افتد؟,"['آب سردتر می\u200cشود و تخم\u200cمرغ گرم\u200cتر می\u200cشود.', 'آب گرم\u200cتر می\u200cشود و تخم\u200cمرغ سردتر می\u200cشود.', 'دمای آب ثابت می\u200cماند و تخم\u200cمرغ سردتر می\u200cشود.', 'هم آب و هم تخم\u200cمرغ گرم\u200cتر می\u200cشوند.']",B,گرمای تخم‌مرغ به آب منتقل می‌شود، آب گرم‌تر و تخم‌مرغ سردتر می‌شود.,A,0.8952606320381165,A,0.075673297047615,False,False,False,False,[0.89526063 0.07327249 0.00092236 0.03054452],[9.2369181e-01 7.5673297e-02 1.2495213e-04 5.0988270e-04],0.8685837984085083,0.07327249,0.075673297,0.002400807,0.8378983736038208,0.6539557576179504,0.7345871925354004,0.8378984332084656,0.6539557576179504,0.7345871925354004
418,قرمز بر سفید برای رنگ گل در یک گیاه خاص غالب است. اگر یک گیاه با گل‌های قرمز (RR) با یک گیاه با گل‌های سفید (rr) تلاقی کند، رنگ فرزندان چه خواهد بود؟,"['100% صورتی', '100% قرمز', '50% سفید، 50% قرمز', '100% سفید']",B,ژن قرمز بر سفید غالب است، پس فرزندان با ژنوتیپ Rr و فنوتیپ قرمز خواهند بود.,C,0.4489172697067261,B,0.7185130715370178,False,True,True,True,[0.1457421  0.39616808 0.44891727 0.00917253],[0.23326704 0.7185131  0.045933   0.00228687],0.8392667770385742,0.39616808,0.7185131,0.32234502,0.7301003932952881,0.5094481706619263,0.600135087966919,0.7301003932952881,0.5094481706619263,0.600135087966919
419,سوال: یک ستاره یک جسم آسمانی است که حرارت و نور خود را تولید می‌کند. کدام یک از این اجسام آسمانی نزدیک‌ترین ستاره به زمین است؟,"['الف) مریخ', 'ب) زهره', 'ج) خورشید', 'د) ماه']",C,خورشید منبع اصلی نور و گرمای زمین و نزدیک‌ترین ستاره به زمین است.,C,0.9688299298286438,C,0.9887239933013916,True,True,True,True,[0.01403724 0.00122656 0.96882993 0.01590628],[9.6176770e-03 2.7283249e-04 9.8872399e-01 1.3855577e-03],0.8784379363059998,0.96882993,0.98872399,0.01989406,0.9073241949081421,0.7202770113945007,0.8030527234077454,0.9073241949081421,0.7202770709991455,0.8030527234077454
420,در گوزن‌های دم‌سفید، ماده‌ها به ندرت شاخ رشد می‌کنند. کدام یک بهتر توضیح می‌دهد که چرا گوزن‌های نر دم‌سفید شاخ رشد می‌کنند اما ماده‌ها به ندرت شاخ رشد می‌کنند؟,"['الف) گوزن\u200cهای ماده نیازی به شاخ ندارند.', 'ب) گوزن\u200cهای نر از گوزن\u200cهای ماده بزرگتر هستند.', 'ج) رشد شاخ تحت کنترل ژن\u200cهاست.', 'د) رشد شاخ به رفتار بستگی دارد.']",C,ژن‌ها و هورمون‌ها، به ویژه تستوسترون، نقش مهمی در تعیین رشد شاخ در گوزن‌ها دارند و این عوامل در نرها بیشتر است.,C,0.8593599796295166,C,0.9146568775177002,True,True,True,True,[0.10303762 0.01997475 0.85936    0.01762766],[0.07566847 0.00483732 0.9146569  0.00483732],0.8289586901664734,0.85936,0.9146569,0.0552968999999999,0.7095849514007568,0.6068847179412842,0.654228925704956,0.7095849514007568,0.6068847179412842,0.654228925704956
421,زمانی که دو نیروی نامساوی در جهت مخالف بر روی یک جسم در حال حرکت عمل می‌کنند، جسم چه خواهد کرد؟,"['نیروها را جذب می\u200cکند.', 'بلافاصله متوقف می\u200cشود.', 'به حرکت در همان جهت ادامه می\u200cدهد.', 'در همان جهت نیروی بزرگتر حرکت می\u200cکند.']",D,نیروی بزرگتر باعث تغییر جهت یا سرعت جسم می‌شود و طبق قانون دوم نیوتن، جسم در جهت نیروی خالص وارد شده شتاب می‌گیرد.,D,0.9008352160453796,D,0.8813089728355408,True,True,True,False,[0.0833012  0.00694546 0.00891815 0.9008352 ],[0.09325284 0.01430079 0.01113746 0.881309  ],0.8561140298843384,0.9008352,0.881309,-0.0195261999999999,0.9318249225616455,0.7599314451217651,0.8371454477310181,0.9318249225616455,0.7599314451217651,0.8371454477310181
422,دانش‌آموزان لیموناد را با استفاده از دستور زیر درست کردند: ۱۰۰ گرم آب‌لیمو، ۱۰۰ گرم شکر و ۱۰۰۰ گرم آب. دانش‌آموزان آب‌لیمو، شکر و آب را در یک ظرف ترکیب کردند. آن‌ها لیموناد را هم زدند تا تمام شکر حل شود. سپس لیموناد را در یک سینی پلاستیکی ریختند و سینی را در فریزر قرار دادند. روز بعد، دانش‌آموزان سینی را از فریزر خارج کردند و مشاهده کردند که لیموناد به صورت جامد درآمده است. جرم لیموناد جامد چند گرم است؟,"['۱۰۰ گرم', '۲۰۰ گرم', '۱۰۰۰ گرم', '۱۲۰۰ گرم']",D,جرم اولیه لیموناد ۱۰۰ + ۱۰۰ + ۱۰۰۰ = ۱[MASK] است. یخ زدن لیموناد، جرم آن را تغییر نمی‌دهد.,A,0.6243142485618591,A,0.2002678513526916,False,False,False,False,[0.62431425 0.29490516 0.00621695 0.0745637 ],[0.3741496  0.3741496  0.05143304 0.20026785],0.8042492866516113,0.0745637,0.20026785,0.12570415,0.8579927682876587,0.6789290904998779,0.7580297589302063,0.8555842041969299,0.6853091716766357,0.7610386610031128
423,شهری یک جاده را از میان جنگل ساخته است. گوزن‌ها در جنگل در هر دو طرف جاده زندگی می‌کنند. کدام یک در حفاظت از گوزن‌ها در برابر خودروهای جاده کمکی نمی‌کند؟,"['غذاسازهایی در کنار جاده', 'چراغ\u200cهایی در طول جاده', 'تابلوهایی که به رانندگان هشدار می\u200cدهند به گوزن\u200cها توجه کنند', 'پل\u200cهایی که به گوزن\u200cها اجازه می\u200cدهند از زیر جاده عبور کنند']",A,"<answer>[MASK]</answer>
<concise_explanation>
غذاسازها در حفاظت از گوزن‌ها در برابر خودروها کمکی نمی‌کنند زیرا هدفشان فراهم کردن غذا است، نه حفاظت از خطرات جاده.",D,0.4052822291851043,A,0.9449387788772584,False,True,True,True,[0.2458161  0.31563413 0.03326759 0.40528223],[9.4493878e-01 5.3727914e-02 4.6483750e-04 8.6843083e-04],0.8387680649757385,0.2458161,0.94493878,0.69912268,0.6202782392501831,0.7037193775177002,0.6593695282936096,0.6161452531814575,0.6969490051269531,0.6540609002113342
424,کدام مثال یک سازگاری رفتاری را توصیف می‌کند؟,"['یک پرنده در خاکستر نزدیک یک آتش\u200cفشان لانه\u200cاش را می\u200cسازد.', 'یک نهنگ توانایی نگه\u200cداشتن نفس خود به مدت 20 دقیقه را دارد.', 'موهای یک روباه در زمستان سفید و در تابستان قهوه\u200cای است.', 'یک میمون دارای دست\u200cهای بلندی است که به آن اجازه می\u200cدهد از یک شاخه به شاخه دیگر نوسان کند.']",A,تغییر رفتار برای انطباق با شرایط محیطی، مانند حرکت آسان میمون بین شاخه‌ها با دست‌های بلند، نمونه‌ای از سازگاری رفتاری است.,A,0.9543500542640686,D,0.266972154378891,True,False,False,False,[0.95435005 0.00572487 0.01763384 0.02229126],[0.26697215 0.00357743 0.00090452 0.7285459 ],0.7982893586158752,0.95435005,0.26697215,-0.6873779,0.7347393035888672,0.5569356679916382,0.6335998177528381,0.7347393035888672,0.556935727596283,0.6335998773574829
425,کدام خصوصیت ارگانیسم‌های تک‌سلولی و چندسلولی مشترک است؟,"['هر دوی آن\u200cها دارای سلول\u200cهایی با عملکردهای تخصصی برای هر فرآیند زندگی هستند.', 'هر دوی آن\u200cها تمام فرآیندهای زندگی را در یک سلول انجام می\u200cدهند.', 'هر دوی آن\u200cها دارای راهی برای خلاص شدن از مواد زاید هستند.', 'هر دوی آن\u200cها قادر به تهیه غذا از نور خورشید هستند.']",C,هر دو نوع ارگانیسم نیاز به مکانیسم‌هایی برای حذف مواد زاید دارند تا هموستازی درونی را حفظ کنند.,C,0.5496821999549866,C,0.9929585456848145,True,True,True,True,[0.4297684  0.01858996 0.5496822  0.00195937],[5.8698528e-03 1.0200274e-03 9.9295855e-01 1.5161354e-04],0.780857503414154,0.5496822,0.99295855,0.44327635,0.7965117692947388,0.586367666721344,0.6754727959632874,0.7965117692947388,0.586367666721344,0.6754727959632874
426,اسپیرژیرا جلبک‌های سبزی هستند که می‌توانند به‌صورت جنسی تولید مثل کنند. کدام‌یک از ویژگی‌های زیر تولید مثل در اسپیرژیرا را به عنوان تولید مثل جنسی شناسایی می‌کند؟,"['سلول\u200cهای جلبک والد دارای هسته هستند.', 'هر فرزند دارای کلروپلاست\u200cهاست.', 'چندین فرزند ممکن است به\u200cطور هم\u200cزمان تولید شوند.', 'جنس\u200cهای ژنتیکی توسط دو سلول والد ارائه می\u200cشوند.']",D,ترکیب مواد ژنتیکی از دو سلول والد مختلف، نشان‌دهنده تولید مثل جنسی است.,A,0.6095960736274719,D,0.8699588775634766,False,True,True,True,[0.6095961  0.03046879 0.22338356 0.13655163],[0.10430843 0.00519321 0.02053955 0.8699589 ],0.7185972332954407,0.13655163,0.8699589,0.73340727,0.827167809009552,0.5932838916778564,0.6909708380699158,0.8282277584075928,0.5929881930351257,0.6911395192146301
427,یک توپ بولینگ با جرم 8.0 کیلوگرم با سرعت 2.0 متر بر ثانیه در طول میدان بولینگ سر می‌خورد. مومنتوم توپ بولینگ چه مقدار است؟,"['4.0 کیلوگرم × متر بر ثانیه', '6.0 کیلوگرم × متر بر ثانیه', '10.0 کیلوگرم × متر بر ثانیه', '16.0 کیلوگرم × متر بر ثانیه']",D,مومنتوم توپ بولینگ با ضرب جرم و سرعت آن محاسبه می‌شود. با جرم 8.0 کیلوگرم و سرعت 2.0 متر بر ثانیه، حاصل ضرب برابر 16 می‌شود که به 4.0 نزدیک‌تر است.,A,0.7768892645835876,D,0.6205847859382629,False,True,True,True,[0.77688926 0.09206412 0.0389824  0.09206412],[0.3764037  0.00227342 0.00073807 0.6205848 ],0.9160154461860656,0.09206412,0.6205848,0.5285206800000001,0.7605639696121216,0.7061612010002136,0.732353687286377,0.7641183137893677,0.7127392888069153,0.7375349998474121
428,خاک‌ها هم از طریق فرایندهای طبیعی و هم به علت فعالیت‌های انسانی تغییر می‌کنند. کدام‌یک از تغییرات خاک تنها به علت علل طبیعی است؟,"['تخریب مواد مغذی به دلیل آفت\u200cکش\u200cها', 'تشکیل بیابان\u200cها به دلیل قطع درختان', 'سیل به دلیل ساخت سد', 'حذف مواد مغذی به دلیل بارش\u200cهای سنگین']",D,[MASK] یک فرآیند طبیعی است که بدون دخالت انسان اتفاق می‌افتد.,B,0.7397199273109436,B,0.0143897607922554,False,False,False,False,[0.18630132 0.7397199  0.06048319 0.01349562],[0.28454512 0.6825883  0.01847682 0.01438976],0.6220185160636902,0.01349562,0.01438976,0.0008941399999999,0.8596677780151367,0.5768787860870361,0.6904393434524536,0.8581034541130066,0.5741317272186279,0.6879658102989197
429,سلول‌های عضلانی توانایی ذخیره و آزادسازی مقادیر زیادی انرژی را دارند. کدام عملکرد بدن بهترین بهره را از این آزادسازی انرژی می‌برد؟,"['تعویض گازها', 'حرکت قسمت\u200cهای بدن', 'جذب مواد مغذی', 'ارسال سیگنال\u200cهای عصبی']",B,[MASK] به طور مستقیم به انرژی آزاد شده از سلول‌های عضلانی وابسته است.,B,0.9488624334335328,B,0.9696335196495056,True,True,True,True,[4.7194965e-02 9.4886243e-01 8.7801839e-04 3.0645852e-03],[2.9109333e-02 9.6963352e-01 3.7806423e-04 8.7902567e-04],0.711993932723999,0.94886243,0.96963352,0.0207710899999999,0.9191252589225769,0.5964326858520508,0.7234251499176025,0.9193349480628967,0.5943754315376282,0.7219744324684143
430,منبع اصلی گرما برای سطح زمین چیست؟,"['آتش', 'رعد و برق', 'خورشید', 'اقیانوس']",C,[MASK] انرژی حرارتی خود را از طریق تابش به زمین منتقل می‌کند و منبع اصلی گرما و نور است.,C,0.9561915397644044,C,0.9741634130477904,True,True,True,True,[4.2012125e-02 1.4602144e-03 9.5619154e-01 3.3616045e-04],[2.2910127e-02 2.0654106e-03 9.7416341e-01 8.6099125e-04],0.8695046305656433,0.95619154,0.97416341,0.01797187,0.9218394756317139,0.726973295211792,0.8128911852836609,0.9203380346298218,0.7313334941864014,0.8150216341018677
431,یک آفت‌کش به آب‌های اوِرگلیدز نفوذ می‌کند و بسیاری از جمعیت‌های ماهی، دوزیست و پرندگانی را که بر روی آن‌ها تمساح‌ها برای غذا حساب می‌کنند، از بین می‌برد. کدام تغییر احتمالاً در جمعیت تمساح‌ها رخ خواهد داد؟,"['افزایش در نرخ تولیدمثل', 'کاهش در تعداد مرگ\u200cهای تمساح', 'افزایش در خصومت بین افراد', 'کاهش در تعداد تمساح\u200cهایی که مهاجرت می\u200cکنند']",C,با کاهش منبع غذایی تمساح‌ها، فشارهای رقابتی افزایش می‌یابد و ممکن است نرخ تولید مثل به دلیل سازگاری‌های فیزیولوژیکی و رفتاری افزایش یابد.,A,0.8849183917045593,A,0.0051491316407918,False,False,False,False,[0.8849184  0.00879486 0.04982627 0.05646056],[9.9281752e-01 1.6716784e-03 5.1491316e-03 3.6152580e-04],0.7875775098800659,0.04982627,0.0051491316,-0.0446771384,0.8568938374519348,0.6504006385803223,0.7395029067993164,0.8568838238716125,0.6535724997520447,0.7415450215339661
432,کدام ارتقاء به یک مدرسه به احتمال زیاد مصرف منابع غیرقابل تجدید مدرسه را کاهش می‌دهد؟,"['پنل\u200cهای جمع\u200cآوری انرژی خورشیدی', 'رایانه\u200cهای پرسرعت', 'اتصالات اینترنت بی\u200cسیم', 'فرش\u200cهای تجزیه\u200cپذیر']",A,استفاده از پنل‌های خورشیدی به تولید انرژی تجدیدپذیر کمک می‌کند و وابستگی به منابع غیرقابل تجدید را کاهش می‌دهد.,A,0.811932384967804,A,0.8591896295547485,True,True,True,True,[0.8119324  0.05150117 0.01302154 0.12354489],[0.8591896  0.11673377 0.00144668 0.02262987],0.8285847306251526,0.8119324,0.8591896,0.0472572,0.838164746761322,0.7355149984359741,0.7834920287132263,0.8258318901062012,0.7304114103317261,0.7751963138580322
433,کدام قسمت از چرخه آب زمانی رخ می‌دهد که آب از ابرها به زمین برمی‌گردد؟,"['تنفس گیاهی', 'تبخیر', 'چگالش', 'بارش']",D,آبی که از ابرها به زمین می‌بارد، [MASK] نام دارد.,D,0.8814604878425598,D,0.843034565448761,True,True,True,False,[1.0568748e-01 1.2426874e-02 4.2522428e-04 8.8146049e-01],[0.12928355 0.02545744 0.00222445 0.84303457],0.6205918788909912,0.88146049,0.84303457,-0.03842592,0.6887195110321045,0.5279029011726379,0.5976826548576355,0.7009961009025574,0.5285934209823608,0.6027083992958069
434,مزیت عمده نکتون نسبت به پلانکتون در پیدا کردن غذا چیست؟,"['نکتون می\u200cتواند به طور فعال شنا کند.', 'نکتون می\u200cتواند در تاریکی ببیند.', 'نکتون غذای زیادی نمی\u200cخورد.', 'نکتون می\u200cتواند هرچیزی را در دریا بخورد.']",A,نکتون‌ها قادر به شنا کردن فعالانه هستند و می‌توانند به طور فعال به دنبال غذا بگردند.,A,0.5467936396598816,A,0.9943101406097412,True,True,True,True,[0.54679364 0.33294514 0.01301094 0.10725028],[9.9431014e-01 4.1033952e-03 2.5425051e-04 1.3321775e-03],0.8100215196609497,0.54679364,0.99431014,0.4475165,0.8841166496276855,0.6316642761230469,0.7368675470352173,0.8841167092323303,0.6316642761230469,0.7368676066398621
435,یونانیان اولیه به داشتن بسیاری از مفاهیم معتبر در نجوم شناخته می‌شوند. برخی از نظریه‌های آن‌ها صحیح بود؛ برخی دیگر بعداً نادرست اثبات شدند. یکی از نظریه‌ها این بود که زمین مرکز جهان است و سیارات دیگر به دور زمین می‌چرخند. یونانیان معتقد بودند که زمین حرکت نمی‌کند زیرا حرکت آن از سطح سیاره قابل مشاهده نیست. یونانیان همچنین بر این باور بودند که یک کروی نامرئی که سیاره ما را احاطه کرده، حاوی ستاره‌هاست. این کره می‌چرخید و حرکت ظاهری صورت‌های فلکی را در طول زمان توضیح می‌داد. کدام حرکت آسمانی مسئول فازهای月 است؟,"['الف) ماه در حال چرخش به دور زمین', 'ب) زمین در حال چرخش به دور خورشید', 'ج) ماه در حال چرخش بر روی محور خود', 'د) زمین در حال چرخش بر روی محور خود']",A,تغییر موقعیت ماه نسبت به زمین و خورشید، باعث تغییر مقدار نور منعکس شده و ایجاد فازهای ماه می‌شود.,D,0.5030285120010376,A,0.7374222874641418,False,True,True,True,[0.391759   0.05260622 0.05260622 0.5030285 ],[0.7374223  0.00489168 0.04641096 0.21127503],0.9129332304000854,0.391759,0.7374223,0.3456632999999999,0.7774483561515808,0.6409648060798645,0.702640175819397,0.7774483561515808,0.6409648060798645,0.702640175819397
436,کدام اختراع احتمالاً توسط فرهنگی که در بالای دایره قطبی زندگی می‌کند، توسعه می‌یابد؟,"['تولید یخ', 'تهویه مطبوع', 'لباس\u200cهای عایق\u200cدار', 'کانال\u200cهای آبیاری']",C,به دلیل شرایط آب و هوایی سرد، فرهنگ‌های ساکن بالای دایره قطبی به لباس‌های گرم و عایق‌دار نیاز دارند.,B,0.36154904961586,C,0.988744020462036,False,True,True,True,[0.2815747  0.36154905 0.3190659  0.03781044],[9.769332e-03 1.242031e-03 9.887440e-01 2.445704e-04],0.7539361119270325,0.3190659,0.988744,0.6696780999999999,0.7228776216506958,0.5538251996040344,0.6271589398384094,0.7258145809173584,0.55525803565979,0.629182755947113
437,تقریباً ۵۹٪ از ماه از زمین قابل مشاهده است زیرا ماه در یک دوره مشابه می‌چرخد و حرکت می‌کند. دلیل این پدیده احتمالاً چیست؟,"['نیروی جاذبه خورشید', 'نیروی جاذبه زمین', 'ترکیب ماه', 'فازهای ماه']",B,[MASK] باعث قفل گرانشی ماه شده و آن را به سمت خود نگه داشته است.,A,0.942337155342102,A,0.3427828848361969,False,False,False,False,[9.4233716e-01 1.5276150e-02 8.6182146e-04 4.1524883e-02],[0.64040273 0.34278288 0.00452208 0.01229229],0.7276444435119629,0.01527615,0.34278288,0.32750673,0.7386401891708374,0.5686832070350647,0.6426141262054443,0.7175582051277161,0.5607811212539673,0.6295560002326965
438,جیوه و طلا هر دو فلز هستند. برخلاف طلا، جیوه نمی‌تواند برای ساخت جواهرات استفاده شود زیرا در دمای اتاق مایع است. تفاوت در حالت ماده نمونه‌ای از کدام نوع خاصیت است؟,"['شیمیایی', 'الکتریکی', 'هسته\u200cای', 'فیزیکی']",D,تفاوت در حالت ماده (جامد، مایع) نمونه‌ای از خاصیت [MASK] است که بدون تغییر ترکیب [MASK] قابل تغییر است.,D,0.7062541842460632,D,0.8896386027336121,True,True,True,True,[0.26032433 0.03084935 0.00257215 0.7062542 ],[0.08258782 0.02366181 0.00411181 0.8896386 ],0.8844529986381531,0.7062542,0.8896386,0.1833843999999999,0.8764356970787048,0.709943413734436,0.7844527959823608,0.8617534041404724,0.6929159164428711,0.7681667804718018
439,هنگامی که یک سگ به دستور اقدام خاصی انجام می‌دهد، مانند نشستن، آن اقدام نمونه‌ای از است,"['رفتار وحشیانه', 'رفتار آموخته شده', 'رفتار غریزی', 'رفتار محیطی']",B,رفتار نتیجه یادگیری و آموزش است.,B,0.9876449704170228,B,0.9865082502365112,True,True,True,False,[0.00854272 0.987645   0.00190614 0.00190614],[9.7377263e-03 9.8650825e-01 9.6416549e-04 2.7899051e-03],0.5589703321456909,0.987645,0.98650825,-0.00113675,0.8814748525619507,0.482980877161026,0.6240371465682983,0.8821528553962708,0.48449188470840454,0.6254674792289734
440,کدام مدار اجازه نمی‌دهد جریان الکتریکی از آن عبور کند؟,"['مدار بسته', 'مدار باز', 'مدار موازی', 'مدار سری']",B,[MASK] اجازه عبور جریان الکتریکی را نمی‌دهد.,B,0.9697573781013488,B,0.968963086605072,True,True,True,False,[0.01553751 0.9697574  0.00099328 0.0137118 ],[0.02034724 0.9689631  0.00107836 0.00961136],0.8264018893241882,0.9697574,0.9689631,-0.0007943,0.8446170091629028,0.6003487706184387,0.701836347579956,0.8160030245780945,0.5739553570747375,0.6739040613174438
441,موجودات جدید کشف‌شده اکنون بر اساس شواهد DNA طبقه‌بندی می‌شوند. کدام‌یک از موارد زیر برای یک پژوهشگر در طبقه‌بندی یک موجود جدید کشف‌شده بیشتر مفید است؟,"['سابقه فسیلی', 'برش ژنی', 'پرورش انتخابی', 'الکتروفورز ژل']",D,برای طبقه‌بندی دقیق موجودات جدید، پژوهشگران به مقایسه ژنتیکی دقیق نیاز دارند که از طریق برش DNA با آنزیم‌های محدودکننده امکان‌پذیر است.,A,0.7661827802658081,B,0.0742078423500061,False,False,False,False,[7.6618278e-01 6.2769398e-02 4.2293686e-04 1.7062491e-01],[2.1595713e-02 9.0403658e-01 1.5981231e-04 7.4207842e-02],0.9075414538383484,0.17062491,0.074207842,-0.096417068,0.7672412395477295,0.5889690518379211,0.6663883328437805,0.7642062902450562,0.5903430581092834,0.6661165356636047
442,یک دانش‌آموز از ویژگی‌های زیر برای توصیف یک گروه از اشیاء در فضا استفاده می‌کند. * ۲۰۰ میلیارد ستاره * ۳۰ میلیون سال نوری از زمین * ۵۰۰ سال نوری قطر کدام یک از گزینه‌های زیر احتمالاً توصیف می‌شود؟,"['یک کهکشان', 'جهان', 'یک صورت فلکی', 'سیستم خورشیدی']",A,توصیف ارائه شده شامل تعداد بسیار زیاد ستاره‌ها و ابعاد مشخصی است که نشان‌دهنده یک ساختار بزرگ و منظم در فضا می‌باشد.,A,0.9904394149780272,A,0.999790608882904,True,True,True,True,[9.9043941e-01 1.2987859e-03 7.4739973e-03 7.8775350e-04],[9.9979061e-01 3.6188401e-05 1.4312789e-04 3.0001238e-05],0.7817335724830627,0.99043941,0.99979061,0.0093512,0.9256138801574707,0.6862136125564575,0.7881350517272949,0.9249662160873413,0.6823846101760864,0.7853702306747437
443,کدام یک از موارد زیر بر قدرت یک الکترومغناطیس تأثیر ندارد؟,"['تعداد دورهایی که سیم در اطراف هسته پیچیده می\u200cشود', 'اندازه شیء جذب\u200cشده توسط هسته', 'نوع ماده در هسته', 'مقدار ماده در هسته']",B,اندازه شیء جذب‌شده تحت تأثیر قدرت الکترومغناطیس قرار می‌گیرد و تأثیری بر آن ندارد.,A,0.6952326893806458,A,0.0138900652527809,False,False,False,False,[0.6952327  0.225709   0.0346136  0.04444474],[0.9643056  0.01389007 0.01225794 0.00954649],0.7189126014709473,0.225709,0.01389007,-0.21181893,0.7597154378890991,0.6614648699760437,0.7071940302848816,0.7716447114944458,0.6643177270889282,0.7139703035354614
444,در چرخه سنگ، تجزیه و فرسایش فرآیند شکل‌گیری را آغاز می‌کند,"['رسوب\u200cها.', 'ماگما.', 'مینرال\u200cها.', 'بلور\u200cها.']",A,تجزیه و فرسایش، فرآیند شکل‌گیری سنگ‌های رسوبی را با تجمع ذرات آغاز می‌کند.,B,0.9846345782279968,A,0.7477410435676575,False,True,True,True,[1.3928955e-02 9.8463458e-01 1.4088939e-04 1.2955947e-03],[0.74774104 0.24180955 0.00680623 0.00364311],0.8821239471435547,0.013928955,0.74774104,0.733812085,0.8343884348869324,0.6594911813735962,0.7367017269134521,0.8343884348869324,0.6594911813735962,0.7367017269134521
445,مزیت تنظیم بیان ژن چیست؟,"['حفاظت از اطلاعات ژنتیکی', 'حفاظت از منابع سلولی', 'سازگاری ویژگی\u200cها با تغییرات محیطی', 'ارث\u200cبردن ویژگی\u200cها در نسل\u200cهای آینده']",B,تنظیم بیان ژن امکان [MASK] را فراهم می‌کند.,A,0.686592698097229,A,0.0067837522365152,False,False,False,False,[0.6865927  0.02077384 0.28677398 0.00585953],[0.902488   0.00678375 0.08394446 0.00678375],0.5532084107398987,0.02077384,0.00678375,-0.0139900899999999,0.6974844932556152,0.4361477494239807,0.5366930961608887,0.7147907018661499,0.42782533168792725,0.5352726578712463
446,برخی از افراد از حالتی به نام سندرم تونل کارپ که باعث درد در مچ دست می‌شود، رنج می‌برند. سندرم تونل کارپ می‌تواند ناشی از حرکات تکراری مچ دست‌ها و دست‌ها باشد، مانند تایپ کردن روی صفحه‌کلید کامپیوتر. این یک نمونه از استفاده از فناوری با وجود,"['کمک به جامعه.', 'تأثیر منفی.', 'پیشرفت\u200cهای پزشکی.', 'ویژگی\u200cهایConvenient.']",B,استفاده از فناوری می‌تواند به دلیل حرکات تکراری، آسیب‌های سلامتی به همراه داشته باشد.,B,0.5062304735183716,B,0.5994833707809448,True,True,True,True,[0.39271563 0.5062305  0.00098108 0.10007284],[0.07131894 0.5994834  0.00706153 0.32213622],0.7211071848869324,0.5062305,0.5994834,0.0932528999999999,0.6774035692214966,0.5260744094848633,0.5922247171401978,0.6774036288261414,0.5260744690895081,0.5922247767448425
447,کدام ماشین ساده مسافت طی شده بار را افزایش می‌دهد و نیروی مورد نیاز را کاهش می‌دهد؟,"['چرخ و محور', 'تیغه', 'کششی', 'سطح شیب\u200cدار']",D,[MASK] نیروی مورد نیاز را کاهش و مسافت طی شده بار را افزایش می‌دهد.,A,0.4366923570632934,C,0.0609916225075721,False,False,False,False,[0.43669236 0.0169324  0.34009635 0.20627886],[0.35098258 0.00935337 0.5786724  0.06099162],0.6943230032920837,0.20627886,0.06099162,-0.14528724,0.8423689603805542,0.6149062514305115,0.7108855843544006,0.8478221893310547,0.6189099550247192,0.7155029773712158
448,اگر موجود زنده جدیدی کشف شود، کدام یک از موارد زیر احتمالاً برای طبقه‌بندی آن به شاه‌سلطنت مناسب استفاده خواهد شد؟,"['رنگ موجود زنده', 'زیستگاه طبیعی موجود زنده', 'ساختار آناتومی موجود زنده', 'محل کشف موجود زنده']",C,ساختار اساسی و ویژگی‌های آناتومی برای طبقه‌بندی موجودات زنده به ویژه در سطح شاه‌سلطنت اهمیت دارد.,B,0.911171853542328,C,0.975918471813202,False,True,True,True,[0.07523307 0.91117185 0.00223662 0.01135849],[1.7735470e-02 5.7578636e-03 9.7591847e-01 5.8820279e-04],0.8236715793609619,0.00223662,0.97591847,0.97368185,0.7177125811576843,0.6073827743530273,0.6579545140266418,0.7193870544433594,0.6063714623451233,0.658062219619751
449,برق کاربردهای زیادی دارد. کدام دستگاه برای تبدیل انرژی الکتریکی به انرژی گرمایی مفید طراحی شده است؟,"['یک رادیوی ساعت', 'یک اجاق برقی', 'یک موتور الکتریکی', 'یک شارژر باتری']",B,دستگاه‌هایی که انرژی الکتریکی را به گرما تبدیل می‌کنند، از مقاومت الکتریکی برای تولید گرما استفاده می‌کنند.,B,0.9917258024215698,B,0.9965482354164124,True,True,True,True,[6.7149033e-03 9.9172580e-01 2.3706511e-04 1.3222429e-03],[2.4798643e-03 9.9654824e-01 2.6137577e-04 7.1049295e-04],0.8729446530342102,0.9917258,0.99654824,0.0048224399999999,0.9270123839378357,0.6861002445220947,0.7885665893554688,0.9291715621948242,0.693891167640686,0.7944781184196472
450,گیاهان از مواد مغذی موجود در خاک استفاده می‌کنند. کدام یک از این موارد می‌تواند در خاک تجزیه شود و تبدیل به مواد مغذی گردد؟,"['هوا', 'آب', 'برگ\u200cها', 'نور خورشید']",C,مواد آلی مانند بخش‌های پوسیده گیاهان می‌توانند در خاک تجزیه شوند و به مواد مغذی تبدیل گردند.,B,0.5000719428062439,C,0.998775064945221,False,True,True,True,[0.04137035 0.50007194 0.44131193 0.01724573],[1.04012620e-03 6.44472748e-05 9.98775065e-01 1.20403354e-04],0.8776427507400513,0.44131193,0.998775065,0.557463135,0.8997365236282349,0.7443399429321289,0.8146942853927612,0.8885976672172546,0.7470951080322266,0.8117257356643677
451,شیوه‌های ایمن در آزمایشگاه شامل همه این موارد به جز کدام است,"['جمع کردن موهای بلند', 'پوشیدن عینک ایمنی', 'انجام هر مرحله به سرعت', 'پاک کردن فوری ریختگی\u200cها']",C,انجام سریع مراحل ممکن است به دلیل ایجاد خطاهای غیرعمدی خطرآفرین باشد.,B,0.3668427467346191,C,0.7432487607002258,False,True,True,True,[0.22250138 0.36684275 0.36684275 0.04381312],[0.12915727 0.1139809  0.74324876 0.01361308],0.6257062554359436,0.36684275,0.74324876,0.3764060099999999,0.684668779373169,0.5317507982254028,0.5985980033874512,0.678734540939331,0.531635046005249,0.596246063709259
452,در یک رویداد ورزشی، داور از سوت برای هشدار به تیم‌ها جهت شروع و متوقف کردن بازی استفاده می‌کند. چه چیزی باعث می‌شود صدای سوت داور در تمام جهات حرکت کند؟,"['الف) لرزش\u200cهای زمین', 'ب) لرزش\u200cهای هوا', 'ج) امواج زلزله', 'د) امواج نوری']",B,ارتعاشات هوا باعث انتشار صدای سوت در تمام جهات می‌شود.,B,0.832119882106781,B,0.9835699200630188,True,True,True,True,[0.14460075 0.8321199  0.00110404 0.02217524],[1.4195251e-02 9.8356992e-01 3.1361394e-04 1.9211184e-03],0.7301048636436462,0.8321199,0.98356992,0.1514500199999999,0.8484609127044678,0.6977890729904175,0.765783965587616,0.8484609127044678,0.6977890729904175,0.765783965587616
453,آلن در حال استفاده از آب کلم برای تعیین pH نسبی محلول‌های مختلف خانگی است. کدامیک از این مراحل نتایج تحقیقات او را منتقل می‌کند؟,"['چندین آزمایش انجام دهید', 'یک روش را بنویسید', 'مواد را شناسایی کنید که باید آزمایش شوند', 'مشاهده\u200cها و داده\u200cها را در یک دفتر ثبت کنید']",D,ثبت دقیق و شفاف داده‌ها و مشاهدات در یک دفتر امکان مقایسه، تحلیل و به اشتراک‌گذاری نتایج تحقیقات را فراهم می‌کند.,D,0.7536896467208862,D,0.9884986281394958,True,True,True,True,[0.2159357  0.02922372 0.00115097 0.75368965],[1.0853293e-02 5.2372867e-04 1.2439647e-04 9.8849863e-01],0.7870522141456604,0.75368965,0.98849863,0.23480898,0.8691044449806213,0.6679465770721436,0.7553625106811523,0.8691044449806213,0.6679466366767883,0.7553625106811523
454,در دسامبر، یک سمت زمین انرژی کمتری از خورشید دریافت خواهد کرد نسبت به سمت دیگر. کدام جمله بهترین توضیح را برای این واقعیت ارائه می‌دهد؟,"['الف) زمین حول محور خود می\u200cچرخد.', 'ب) زمین بر روی محور خود متمایل است.', 'ج) نور خورشید که به زمین می\u200cرسد از ماه بازتاب می\u200cیابد.', 'د) نور خورشید که به زمین می\u200cرسد توسط ماه مسدود می\u200cشود.']",B,زمین با زاویه‌ای خاص به دور خورشید می‌چرخد که موجب تفاوت در میزان انرژی دریافتی نقاط مختلف زمین در طول سال می‌شود.,A,0.5191726684570312,B,0.484339952468872,False,True,True,True,[0.51917267 0.21727042 0.11539145 0.14816555],[0.33288166 0.48433995 0.02430299 0.15847543],0.785341203212738,0.21727042,0.48433995,0.26706953,0.7557607889175415,0.6526941061019897,0.7004563808441162,0.7557607889175415,0.6526941061019897,0.7004563808441162
455,فسیل‌های سرخس گلاسوپترس در قاره‌های آمریکای جنوبی، آفریقا، آسیا و قطب جنوب پیدا شده است. بذرهای این سرخس بسیار کوچک بودند و نمی‌توانستند توسط باد پراکنده شوند. چه چیزی بهترین اشاره به وجود فسیل‌های گلاسوپترس در این قاره‌ها است؟,"['گلاسوپترس به اندازه\u200cای منعطف بود که بتواند به تمام آب و هواها سازگار شود.', 'زمین\u200cها در زمان\u200cهای پیش از تاریخ به هم پیوسته بودند.', 'فسیل\u200cها در قاره\u200cهای جنوبی به مراتب بهتر حفظ شده\u200cاند.', 'منطقه\u200cهای آب و هوایی شمالی برای رشد گیاهان مناسب نبودند.']",B,وجود فسیل‌های گلاسوپترس در چندین قاره نشان می‌دهد که این قاره‌ها زمانی به هم متصل بوده‌اند و بعدها از هم جدا شده‌اند.,B,0.9654170274734496,B,0.9912253022193908,True,True,True,True,[3.3164050e-02 9.6541703e-01 1.0014676e-03 4.1747376e-04],[8.4428247e-03 9.9122530e-01 2.7139412e-04 6.0556213e-05],0.8362082839012146,0.96541703,0.9912253,0.0258082699999999,0.8720411062240601,0.668351411819458,0.7567290663719177,0.8720411062240601,0.668351411819458,0.7567290663719177
456,جانشینی ثانویه، فرآیندی است که زیستگاه قبلاً مستعمره شده، اما مختل یا آسیب دیده را دوباره برقرار می‌کند. کدامیک به احتمال زیاد منجر به استعمار توسط گیاه‌خواران بزرگ و شکارچیان خواهد شد؟,"['نهال\u200cها و درختان', 'علف\u200cها و بوته\u200cها', 'لکه\u200cها و خزه\u200cها', 'نهال\u200cها و درختچه\u200cها']",A,در فرآیند جانشینی ثانویه، [MASK] به سرعت رشد می‌کنند و شرایط را برای جذب گیاه‌خواران بزرگ و شکارچیان فراهم می‌کنند. این گیاهان پیشگام به بازسازی زیستگاه کمک می‌کنند و زنجیره غذایی را فعال می‌سازند.,A,0.6641743183135986,A,0.6760008931159973,True,True,True,True,[0.6641743  0.08953579 0.16727486 0.07901505],[0.6760009  0.24868684 0.05505771 0.0202546 ],0.7898473739624023,0.6641743,0.6760009,0.0118266,0.8218145370483398,0.6687557697296143,0.7374267578125,0.8019802570343018,0.658645749092102,0.723280131816864
457,کدام عمل بهترین مدل‌ سازی حرکات یک بازو در مفصل آرنج است؟,"['باز کردن یک کشو', 'برش یک سیب', 'بستن در یک اتومبیل', 'هل دادن یک چرخ\u200c دستی']",C,عملی که نیاز به حرکات دقیق و کنترل‌شده در مفصل آرنج دارد، بهترین مدل‌سازی برای حرکات بازو است.,A,0.4114305377006531,A,0.2832034826278686,False,False,False,False,[0.41143054 0.24954523 0.11880134 0.2202229 ],[0.46692362 0.11713806 0.28320348 0.1327348 ],0.9129731059074402,0.11880134,0.28320348,0.16440214,0.851500928401947,0.7607169151306152,0.8035528659820557,0.851237416267395,0.7639044523239136,0.8052098155021667
458,معادله را بخوانید. 2Ca + O_{2} -> 2CaO محصول واکنش چیست؟,"['فلز', 'مخلوط', 'محلول', 'ترکیب']",D,واکنش بین کلسیم و اکسیژن منجر به تولید اکسید کلسیم می‌شود که یک [MASK] شیمیایی است.,D,0.8164060711860657,D,0.7291101813316345,True,True,True,False,[0.1807472  0.00177198 0.00107476 0.8164061 ],[0.26822466 0.00169779 0.00096737 0.7291102 ],0.8704241514205933,0.8164061,0.7291102,-0.0872958999999999,0.895733118057251,0.6501701474189758,0.7534481287002563,0.887169599533081,0.6352502703666687,0.7403669953346252
459,افزایش دمای جهانی به چه نامیده می‌شود؟,"['اثر گلخانه\u200cای', 'گرمایش جهانی', 'کاهش اوزن', 'گرمایش خورشیدی']",B,افزایش تدریجی دمای کره زمین به دلیل فعالیت‌های انسانی و تغییرات آب و هوایی [MASK] نام دارد.,A,0.923669934272766,B,0.7977182269096375,False,True,True,True,[9.2366993e-01 7.5450137e-02 4.1730291e-05 8.3817530e-04],[2.0130120e-01 7.9771823e-01 5.5547862e-05 9.2495501e-04],0.8611112236976624,0.075450137,0.79771823,0.7222680929999999,0.87176114320755,0.7429245710372925,0.8022028207778931,0.8889573812484741,0.7506811022758484,0.8139886260032654
460,یک برش جاده‌ای لایه‌ای از شیل را بر روی لایه‌ای از سنگ آهک نشان می‌دهد. این نشان‌دهنده چیست؟,"['الف) لایه شیل از لایه سنگ آهک قدیمی\u200cتر است.', 'ب) در طول رسوب\u200cگذاری لایه\u200cها، یک شکستگی رخ داده است.', 'ج) محیط بین زمان\u200cهای رسوب\u200cگذاری تغییر کرده است.', 'د) فعالیت آتشفشانی زمانی که این لایه\u200cها رسوب کردند، رخ داده است.']",C,تغییر لایه‌ها از شیل به سنگ آهک نشان‌دهنده تغییر در شرایط محیطی و جایی است که لایه‌ها در آن تشکیل شده‌اند.,B,0.6307413578033447,C,0.5487512946128845,False,True,True,True,[0.20477174 0.63074136 0.09748597 0.06700105],[0.13874605 0.2937254  0.5487513  0.01877724],0.8915041089057922,0.09748597,0.5487513,0.45126533,0.7537120580673218,0.6725023984909058,0.7107951641082764,0.7537120580673218,0.6725023984909058,0.7107951641082764
461,یک گروه از دانش‌آموزان قصد دارد مدلی از زیستگاه برکه محلی بسازد. کدام مدل بهترین نمایندگی از محیطی مشابه برکه است؟,"['یک بطری پلاستیکی sealed حاوی حشره\u200cها و جلبک\u200cهای برکه', 'یک آکواریوم کلاس کلاس حاوی گیاهان و حیوانات خریداری شده از فروشگاه', 'یک آکواریوم کلاس کلاس حاوی آب شیرین، گیاهان غیر بومی و حیوانات غیر بومی', 'یک استخر کوچک پلاستیکی در فضای باز حاوی آب شیرین، گیاهان بومی و حیوانات بومی']",D,مدلی که شامل آب شیرین، گیاهان و حیوانات بومی باشد، بهترین نمایش از زیستگاه برکه است.,D,0.5457545518875122,D,0.8556836843490601,True,True,True,True,[0.33101687 0.08369417 0.03953433 0.54575455],[0.10179841 0.03304911 0.00946873 0.8556837 ],0.9018204808235168,0.54575455,0.8556837,0.3099291500000001,0.8217227458953857,0.6372068524360657,0.7177966833114624,0.822843611240387,0.64044189453125,0.7202743887901306
462,بهترین توضیح برای نحوه حرکت توده‌های هوایی در ایالات متحده چیست؟,"['بادهای غربی غالب توده\u200cهای هوایی را از غرب به شرق در سرتاسر ایالات متحده حرکت می\u200cدهند اما ممکن است توسط جت استریم منحرف شوند.', 'بادهای تجاری توده\u200cهای هوایی را از غرب به شرق در سرتاسر ایالات متحده حرکت می\u200cدهند.', 'جت استریم توده\u200cهای هوایی را از اقیانوس آرام به سرتاسر ایالات متحده حرکت می\u200cدهد.', 'هوای گرم جریان خلیج باعث می\u200cشود که توده\u200cهای هوایی از اقیانوس اطلس به اقیانوس آرام حرکت کنند.']",A,بادهای غربی غالب، توده‌های هوایی را در ایالات متحده از غرب به شرق حرکت می‌دهند و جت استریم می‌تواند این توده‌ها را منحرف کند.,A,0.9892365336418152,A,0.9982303977012634,True,True,True,True,[9.8923653e-01 8.4795393e-03 6.1425578e-04 1.6697203e-03],[9.9823040e-01 1.4890995e-03 1.1847203e-04 1.6193207e-04],0.879136323928833,0.98923653,0.9982304,0.0089938699999999,0.877711296081543,0.727250337600708,0.7954281568527222,0.877711296081543,0.727250337600708,0.7954281568527222
463,برخی از گیاهان، مانند درختان چوب سرخ، ممکن است هزاران سال زندگی کنند. برخی دیگر از گیاهان، مانند گل وحشی سوزن سیاه، ممکن است تنها چند هفته زندگی کنند. این گیاهان به احتمال زیاد چه چیزی مشترک دارند تا زنده بمانند؟,"['استفاده از مخروط\u200cها برای پخش بذرها', 'روش موفقی برای تولید مثل', 'توانایی زندگی در بیابان', 'خارهایی برای دور کردن حیوانات']",B,روش موفق تولید مثل، امکان انتقال ژن‌ها به نسل‌های آینده را فراهم می‌کند و بقای گونه را تضمین می‌کند.,B,0.99884295463562,B,0.9989864230155944,True,True,True,True,[1.0310946e-03 9.9884295e-01 8.7324079e-05 3.8749826e-05],[9.3987462e-04 9.9898642e-01 5.3024098e-05 2.0764535e-05],0.7327514886856079,0.99884295,0.99898642,0.00014347,0.830214262008667,0.5365809202194214,0.6518564224243164,0.830214262008667,0.5365809202194214,0.6518564224243164
464,دانشمندان چگونه می‌دانند که برخی از کوه‌ها زمانی در اعماق اقیانوس بوده‌اند؟,"['رودخانه\u200cهای آب شیرین به اقیانوس می\u200cریزند.', 'ماهی\u200cهای آب شور در برخی از جویبارهای کوهستانی یافت می\u200cشوند.', 'استخوان\u200cهای دایناسور در کوه\u200cها کشف شده است.', 'فسیل\u200cهای دریایی در قله\u200cهای برخی از کوه\u200cها یافت شده است.']",D,کشف فسیل‌های دریایی در قله‌های کوه‌ها نشان می‌دهد که آن مناطق زمانی در زیر آب اقیانوس بوده‌اند و بعدها تغییر موقعیت داده‌اند.,D,0.8878278136253357,D,0.9877666234970092,True,True,True,True,[0.04385836 0.03415693 0.03415693 0.8878278 ],[9.5335916e-03 2.1272318e-03 5.7253666e-04 9.8776662e-01],0.9095224142074584,0.8878278,0.98776662,0.0999388200000001,0.8283430337905884,0.7002538442611694,0.7589318156242371,0.8283430933952332,0.7002538442611694,0.7589318156242371
465,چهار دانش‌آموز مختلف به نوبت یک توپ سنگین و بزرگ را در پارکینگ مدرسه به جلو می‌رانند. بهترین روش برای تعیین اینکه کدام دانش‌آموز بیشترین نیرو را برای هل دادن توپ استفاده کرده، چیست؟,"['اندازه\u200cهای دانش\u200cآموزان را مقایسه کنید', 'سن\u200cهای دانش\u200cآموزان را مقایسه کنید', 'فاصله\u200cهایی که توپ حرکت کرده را مقایسه کنید', 'تعداد دفعاتی که توپ هل داده شده است را مقایسه کنید']",C,با توجه به قانون فیزیک، نیروی بیشتر باعث شتاب بیشتر و مسافت طی شده بیشتر می‌شود. بنابراین، مقایسه فاصله‌های حرکت توپ، میزان نیروی اعمال شده را مشخص می‌کند.,A,0.4542132914066314,C,0.918161392211914,False,True,True,True,[0.4542133  0.00270085 0.35374168 0.18934427],[0.07536728 0.00253894 0.9181614  0.00393239],0.7784093618392944,0.35374168,0.9181614,0.5644197200000001,0.7312527298927307,0.601111650466919,0.6598263382911682,0.7312526702880859,0.601111650466919,0.6598262786865234
466,هنگامی که یک توده هوای سرد با یک توده هوای گرم و مرطوب تماس پیدا می‌کند، احتمالاً چه اتفاقی می‌افتد؟,"['آسمان صاف می\u200cشود.', 'باران یا برف شروع به باریدن می\u200cکند.', 'هوای سرد به ارتفاعات بالا رانده می\u200cشود.', 'هوای گرم به سطح زمین رانده می\u200cشود.']",B,هوای گرم و مرطوب به بالا رانده شده و سرد می‌شود، سپس بخار آب به قطرات آب یا بلورهای یخ تبدیل شده و بارش ایجاد می‌شود.,B,0.9558092355728148,B,0.9873972535133362,True,True,True,True,[0.03716948 0.95580924 0.0026508  0.00437044],[1.1011925e-02 9.8739725e-01 1.3151868e-03 2.7567812e-04],0.828828752040863,0.95580924,0.98739725,0.03158801,0.8760910034179688,0.7074783444404602,0.7828080654144287,0.8782827854156494,0.7171175479888916,0.7895597815513611
467,هنگامی که حیوانات ماقبل تاریخ مردند و بخش‌های نرم آن‌ها تجزیه شد، چه محصولی تشکیل شد؟,"['نفت', 'ماسه', 'زغال\u200cسنگ', 'شیل']",A,مواد آلی تجزیه شده حیوانات ماقبل تاریخ تحت فشار و حرارت به [MASK] تبدیل شدند.,D,0.7696252465248108,A,0.515785813331604,False,True,True,True,[0.19535334 0.0264382  0.00858323 0.76962525],[0.5157858  0.07909832 0.00342146 0.4016944 ],0.8598715662956238,0.19535334,0.5157858,0.32043246,0.8581842184066772,0.6462578773498535,0.7372943162918091,0.8431057929992676,0.6353077292442322,0.7246032953262329
468,کدام یک از این موارد یک عنصر است؟,"['KBr', 'O_{2}', '2KCl', 'FeO_{2}']",B,یک ماده خالص که فقط از یک نوع اتم تشکیل شده است.,D,0.3948476314544678,B,0.991787612438202,False,True,True,True,[0.34845182 0.2394872  0.01721339 0.39484763],[5.8572083e-03 9.9178761e-01 2.0042264e-04 2.1547466e-03],0.7831454277038574,0.2394872,0.99178761,0.75230041,0.836700439453125,0.6681632995605469,0.7429941892623901,0.8407179117202759,0.6751473546028137,0.7488903999328613
469,موجودات زنده را می‌توان بر اساس ویژگی‌های اساسی‌ترین آنها به وسیع‌ترین گروه‌ها تقسیم‌بندی کرد که به آنها گفته می‌شود,"['مملکت\u200cها.', 'حوزه\u200cها.', 'شاخه\u200cها.', 'سلسله\u200cها.']",B,گروه‌های وسیع موجودات زنده بر اساس ویژگی‌های اساسی به حوزه‌ها تقسیم می‌شوند.,B,0.7599053382873535,B,0.9988788962364196,True,True,True,True,[0.13205175 0.75990534 0.00520083 0.102842  ],[9.0024777e-04 9.9887890e-01 7.3896845e-05 1.4696141e-04],0.8526527881622314,0.75990534,0.9988789,0.23897356,0.7745834589004517,0.5852210521697998,0.6667172312736511,0.7745833992958069,0.585220992565155,0.6667171716690063
470,کدام ساختار در هر دو ویروس و سلول یافت می‌شود؟,"['زنجیره اسید نوکلیک', 'آبشار گلژی', 'شبکه اندوپلاسمی', 'غشای هسته']",A,هر دو ویروس و سلول دارای اسید نوکلیک به عنوان ماده ژنتیکی هستند.,A,0.8939917683601379,A,0.9976348876953124,True,True,True,True,[0.89399177 0.03059071 0.05715098 0.01826655],[9.9763489e-01 1.0460654e-03 2.7288246e-04 1.0460654e-03],0.8172709941864014,0.89399177,0.99763489,0.10364312,0.7396755218505859,0.6211420297622681,0.6752464175224304,0.7454169392585754,0.6243277788162231,0.6795200109481812
471,یک دانش‌آموز سه بلوک با اندازه‌های یکسان دریافت می‌کند. هر بلوک از ماده‌ای متفاوت ساخته شده است. چه ویژگی از بلوک‌ها باید بررسی شود تا معلوم گردد کدام بلوک از فلز ساخته شده است؟,"['رنگ', 'وزن', 'بافت', 'رسانایی']",D,فلزات معمولاً چگالی بالایی دارند، بنابراین بلوک سنگین‌تر احتمالاً از فلز است.,B,0.8001058101654053,B,0.0009990490507334,False,False,False,False,[0.05807278 0.8001058  0.00251198 0.13930936],[1.0634820e-03 9.9754626e-01 3.9123319e-04 9.9904905e-04],0.7819156646728516,0.13930936,0.00099904905,-0.13831031095,0.839594304561615,0.5750879049301147,0.6826134324073792,0.8441069722175598,0.5747470855712891,0.6838589906692505
472,سدیم، Na، در یک گروه مشابه با کدام یک از موارد زیر است؟,"['نئون.', 'منیزیم.', 'کلسیم.', 'پتاسیم.']",D,فلزات قلیایی در گروه اول جدول تناوبی قرار دارند و خواص مشابهی دارند.,D,0.4865966439247131,D,0.7128738760948181,True,True,True,True,[0.33443266 0.08389978 0.09507091 0.48659664],[0.01663472 0.11018018 0.1603112  0.7128739 ],0.5886049270629883,0.48659664,0.7128739,0.2262772599999999,0.7989346385002136,0.6597131490707397,0.722679853439331,0.7989345788955688,0.6597131490707397,0.722679853439331
473,بیشتر کوه‌ها در زمین در رشته‌کوه‌های عظیمی به طول هزاران مایل قرار دارند. کدامیک از رویدادها بیشتر احتمال دارد باعث تشکیل این رشته‌کوه‌ها شود؟,"['فرسایش سنگ\u200cها', 'زمین\u200cلرزه\u200cهای شدید', 'فوران آتش\u200cفشان', 'حرکت صفحات']",D,حرکت و برخورد صفحات تکتونیکی زمین منجر به بالا آمدن و چین‌خوردگی پوسته زمین و تشکیل رشته‌کوه‌های عظیم می‌شود.,D,0.8898946642875671,D,0.9825760126113892,True,True,True,True,[0.10649054 0.0019202  0.00169457 0.88989466],[1.6006425e-02 6.2063645e-04 7.9691294e-04 9.8257601e-01],0.8086827397346497,0.88989466,0.98257601,0.0926813500000001,0.8619899749755859,0.6457375288009644,0.738355278968811,0.8646226525306702,0.642448365688324,0.7371588945388794
474,چند واحد پایه اطلاعات در یک مولکول DNA برای رمزگزاری یک آمینواسید لازم است؟,"['1', '2', '3', '4']",C,سه واحد پایه برای رمزگزاری یک آمینواسید در DNA لازم است.,C,0.7913857102394104,C,0.9976269602775574,True,True,True,True,[0.03068535 0.08341144 0.7913857  0.09451754],[1.0973294e-03 2.4484727e-04 9.9762696e-01 1.0308456e-03],0.8480176329612732,0.7913857,0.99762696,0.2062412599999999,0.8777461051940918,0.6984623670578003,0.7779080271720886,0.8777461647987366,0.6984623670578003,0.7779080867767334
475,دانشمندان برای آزمایش فرضیه‌ها آزمایش‌هایی را انجام می‌دهند. دانشمندان چگونه سعی می‌کنند در طول آزمایش‌ها بی‌طرف باقی بمانند؟,"['الف) دانشمندان تمام نتایج را تحلیل می\u200cکنند.', 'ب) دانشمندان از احتیاط\u200cهای ایمنی استفاده می\u200cکنند.', 'ج) دانشمندان یک بار آزمایش را انجام می\u200cدهند.', 'د) دانشمندان حداقل دو متغیر را تغییر می\u200cدهند.']",A,دانشمندان با تحلیل تمام نتایج، بی‌طرفی خود را حفظ می‌کنند و از تأثیر سوگیری‌های شخصی جلوگیری می‌کنند.,A,0.8444072604179382,A,0.9836227297782898,True,True,True,True,[0.84440726 0.11450151 0.00391803 0.0371732 ],[9.8362273e-01 1.4196013e-02 4.8576086e-04 1.6954719e-03],0.8385792970657349,0.84440726,0.98362273,0.13921547,0.7977297306060791,0.5903352499008179,0.6785387992858887,0.7977297306060791,0.5903352499008179,0.6785387992858887
476,پس از یک بازی فوتبال، بریتنی به دلیل گرما زیر یک پنکه نشسته بود. تحت پنکه، او احساس خنکی بیشتری نسبت به قبل کرد. کدام یک توضیح می‌دهد که چرا بریتنی تحت پنکه احساس خنکی کرد؟,"['هوای در حال حرکت زیر پنکه سردتر از هوای ساکن است.', 'تبخیر عرق از پوست گرما را جذب می\u200cکند.', 'بخار آب ناشی از پنکه بر روی پوست متراکم می\u200cشود.', 'پنکه جریان\u200cهای همرفت در هوا را افزایش می\u200cدهد.']",B,تبخیر عرق از پوست بریتنی گرما را جذب می‌کند و با کمک پنکه این فرآیند سریع‌تر اتفاق می‌افتد.,A,0.9573872685432434,C,0.0803091377019882,False,False,False,False,[0.95738727 0.01545962 0.01985054 0.00730261],[0.24736956 0.08030914 0.66718733 0.00513399],0.8504894375801086,0.01545962,0.08030914,0.06484952,0.6951281428337097,0.5883181095123291,0.63727867603302,0.6951280236244202,0.5883181095123291,0.63727867603302
477,کدام اقلام برای ایجاد یک مدار ساده لازم است؟,"['سیم و کلید', 'سیم و باتری', 'لامپ و کلید', 'لامپ و باتری']",B,منبع تغذیه و مسیر جریان الکتریسیته برای ایجاد مدار ساده ضروری است. باتری و سیم دو جزء اساسی در این زمینه هستند.,A,0.7329005599021912,B,0.9648554921150208,False,True,True,True,[0.73290056 0.21080136 0.04703614 0.00926196],[0.02925015 0.9648555  0.002401   0.00349343],0.9197428822517396,0.21080136,0.9648555,0.75405414,0.7733860611915588,0.693021297454834,0.7310015559196472,0.7666220664978027,0.6877691745758057,0.7250580787658691
478,سوال: یک سیم هادی که در پلاستیک پیچیده شده است، کاربر را محافظت می‌کند زیرا پلاستیک,"['الف) سیم را خنک نگه می\u200cدارد.', 'ب) اجازه می\u200cدهد حرارت به طور آزاد حرکت کند.', 'ج) یک عایق الکتریکی خوب است.', 'د) خواص مغناطیسی دارد.']",C,پلاستیک دور سیم، از عبور جریان الکتریکی به بدن کاربر جلوگیری می‌کند.,C,0.8792583346366882,C,0.9055185317993164,True,True,True,True,[0.08210386 0.01239583 0.87925833 0.02624197],[0.04009775 0.00894702 0.90551853 0.0454367 ],0.7968000173568726,0.87925833,0.90551853,0.0262602,0.8045716285705566,0.6187847852706909,0.6995530724525452,0.8045716285705566,0.6187847852706909,0.6995530724525452
479,کدام یک می‌تواند به بهترین شکل به یک حیوان جنگلی کمک کند تا از خوردن توسط بازها یا جغدها جلوگیری کند؟,"['اندازه کوچک', 'چنگال\u200cهای تیز', 'رنگ روشن', 'خانه زیرزمینی']",D,زیرزمین بودن، حیوان را از دسترس پرندگان شکارگر دور نگه می‌دارد.,B,0.673242449760437,D,0.8693121075630188,False,True,True,True,[0.04303895 0.67324245 0.0030694  0.28064921],[2.6560389e-02 1.0341975e-01 7.0781040e-04 8.6931211e-01],0.6528832912445068,0.28064921,0.86931211,0.5886629,0.682222306728363,0.4707968831062317,0.5571253895759583,0.6869761347770691,0.4745161533355713,0.5613145232200623
480,کدام یک از موارد زیر نشان دهنده واکنش مواد برای تشکیل مواد جدید نیست؟,"['H_{2}O(l) -> H_{2}O(g)', '2H_{2} + O_{2} -> 2H_{2}O', '2Na + Cl_{2} -> 2NaCl', '6CO_{2} + 6H_{2}O -> C_{6}H_{12}O_{6} + 6O_{2}']",A,نشان دهنده تغییر حالت فیزیکی بدون تشکیل مواد جدید است.,A,0.8890396952629089,C,0.0472192205488681,True,False,False,False,[0.8890397  0.05705685 0.02695175 0.02695175],[0.04721922 0.44105786 0.49978402 0.01193889],0.7938469052314758,0.8890397,0.04721922,-0.84182048,0.7907533049583435,0.617084801197052,0.693207323551178,0.7965363264083862,0.621677041053772,0.6983270049095154
481,کدام اظهار نظر بهترین توصیف را از حرکت مولکول‌های آب هنگام تغییر حالت آب از بخار به مایع ارائه می‌دهد؟,"['مولکول\u200cها سریع\u200cتر حرکت می\u200cکنند و فضای بیشتری را اشغال می\u200cکنند.', 'مولکول\u200cها کندتر حرکت می\u200cکنند و فضای بیشتری را اشغال می\u200cکنند.', 'مولکول\u200cها سریع\u200cتر حرکت می\u200cکنند و فضای کمتری را اشغال می\u200cکنند.', 'مولکول\u200cها کندتر حرکت می\u200cکنند و فضای کمتری را اشغال می\u200cکنند.']",D,[MASK],A,0.650533139705658,A,0.1622900962829589,False,False,False,False,[0.65053314 0.02522391 0.11304571 0.21119718],[0.6418698  0.01194139 0.18389878 0.1622901 ],0.1845995932817459,0.21119718,0.1622901,-0.04890708,0.499509334564209,0.23935586214065552,0.32363274693489075,0.0,0.0,0.0
482,پوست انسان در سیستم‌های مختلف ارگان‌ها نقش مهمی دارد. کدام سیستم ارگانی کمتر احتمال دارد که تعامل مستقیمی با پوست داشته باشد؟,"['گوارش', 'ادراری', 'ایمنی', 'عصبی']",A,سیستم [MASK] که شامل اندام‌هایی مانند معده و روده است، به دلیل ماهیت فیزیکی و عملکردی خود، کمتر با پوست در تماس مستقیم قرار می‌گیرد و احتمال تعامل مستقیم آن با پوست کمتر است.,B,0.6906850337982178,A,0.74860018491745,False,True,True,True,[0.2242326  0.69068503 0.03465688 0.05042547],[0.7486002  0.21364138 0.01224263 0.02551582],0.7439632415771484,0.2242326,0.7486002,0.5243676,0.7883215546607971,0.676095724105835,0.7279084920883179,0.7780193090438843,0.651979923248291,0.7094451189041138
483,چه چیزی انرژی خورشیدی را از اکثر دیگر انرژی‌هایی که مردم استفاده می‌کنند متمایز می‌کند؟,"['انرژی خورشیدی شامل خطرناک\u200cترین تجهیزات است.', 'انرژی خورشیدی به پیچیده\u200cترین فناوری نیاز دارد.', 'منبع انرژی خورشیدی برای میلیاردها سال تغییر نخواهد کرد.', 'منبع انرژی خورشیدی باعث می\u200cشود که ارزان\u200cترین نوع انرژی باشد.']",C,انرژی خورشیدی از منابع تجدیدپذیر است و منبع آن برای میلیاردها سال آینده تغییر نخواهد کرد، برخلاف بسیاری از منابع انرژی دیگر که محدود و روزی تمام خواهند شد.,C,0.9936060905456544,C,0.9954413175582886,True,True,True,True,[4.5477026e-03 1.3029384e-03 9.9360609e-01 5.4314552e-04],[3.7624156e-03 6.9597684e-04 9.9544132e-01 1.0026497e-04],0.926751673221588,0.99360609,0.99544132,0.0018352299999999,0.8448870182037354,0.6830049753189087,0.7553701400756836,0.8448870182037354,0.6830049753189087,0.7553701400756836
484,یک دانش‌آموز می‌خواهد از یک جدول جریانی استفاده کند تا تأثیر اسیدیته آب بر نرخ فرسایش یک جویبار را آزمایش کند. کدام متغیر باید در این تجربه ثابت باشد؟,"['زاویه شیب جدول', 'اسیدیته آب', 'مقدار رسوب فرسایش یافته', 'نرخ فرسایش رسوب']",A,برای کنترل متغیرها، زاویه شیب باید ثابت باشد تا تغییرات نرخ فرسایش تنها به دلیل تغییر [MASK] باشد.,B,0.5879993438720703,A,0.9960834980010986,False,True,True,True,[4.0412566e-01 5.8799934e-01 4.7318247e-04 7.4018193e-03],[9.9608350e-01 3.1333801e-03 1.6606307e-04 6.1699911e-04],0.6791747808456421,0.40412566,0.9960835,0.5919578400000001,0.8310575485229492,0.6508709192276001,0.7300098538398743,0.8086056709289551,0.6253970861434937,0.7052980065345764
485,یک دانش‌آموز بر روی یک اسکیت بورد که حرکت نمی‌کند، ایستاده است. جرم کل دانش‌آموز و اسکیت بورد ۵۰ کیلوگرم است. دانش‌آموز یک توپ به جرم ۲ کیلوگرم را به جلو با سرعت ۵ متر بر ثانیه پرتاب می‌کند. با فرض اینکه چرخ‌های اسکیت بورد بدون اصطکاک هستند، چگونه دانش‌آموز و اسکیت بورد حرکت خواهند کرد؟,"['به جلو با سرعت ۰.۴ متر بر ثانیه', 'به جلو با سرعت ۵ متر بر ثانیه', 'به سمت عقب با سرعت ۰.۲ متر بر ثانیه', 'به سمت عقب با سرعت ۵ متر بر ثانیه']",D,با قانون پایستگی تکانه، تکانه اولیه صفر است. پس از پرتاب توپ، تکانه کل سیستم صفر باقی می‌ماند. دانش‌آموز و اسکیت بورد در جهت مخالف پرتاب توپ حرکت می‌کنند. با رابطه تکانه، سرعت آن‌ها ۰.۲ متر بر ثانیه به سمت عقب است.,A,0.8004501461982727,C,0.0044073294848203,False,False,False,False,[0.80045015 0.01483357 0.15700348 0.02771276],[0.1482491  0.00086785 0.8464757  0.00440733],0.9434567093849182,0.02771276,0.00440733,-0.02330543,0.8581824898719788,0.7171827554702759,0.7813726663589478,0.8581824898719788,0.7171827554702759,0.7813726663589478
486,کدام گاز توسط گیاهان آزاد می‌شود؟,"['هیدروژن', 'نیتروژن', 'اکسیژن', 'هلیم']",C,گیاهان در فتوسنتز، [MASK] آزاد می‌کنند.,C,0.9918444752693176,C,0.9967514276504515,True,True,True,True,[7.4627046e-03 4.2101700e-04 9.9184448e-01 2.7182899e-04],[2.7996695e-03 2.8600424e-04 9.9675143e-01 1.6296031e-04],0.6646398901939392,0.99184448,0.99675143,0.0049069499999999,0.8499658703804016,0.5898162126541138,0.6963881850242615,0.7894027829170227,0.5402847528457642,0.6415075063705444
487,نوع تغییر انرژی که هنگام کار کردن یک باتری در یک اسباب بازی کنترل از راه دور اتفاق می‌افتد چیست؟,"['انرژی حرارتی به انرژی نوری تبدیل می\u200cشود.', 'انرژی نوری به انرژی حرارتی تبدیل می\u200cشود.', 'انرژی پتانسیل به انرژی جنبشی تبدیل می\u200cشود.', 'انرژی جنبشی به انرژی شیمیایی تبدیل می\u200cشود.']",C,انرژی شیمیایی ذخیره شده در باتری به انرژی جنبشی تبدیل می‌شود.,A,0.5421473383903503,C,0.9790496230125428,False,True,True,True,[0.54214734 0.29019058 0.13707632 0.03058586],[1.7931920e-02 2.5833379e-03 9.7904962e-01 4.3510512e-04],0.8185363411903381,0.13707632,0.97904962,0.8419732999999999,0.9251567125320435,0.6660588979721069,0.774513304233551,0.9251567125320435,0.6660588979721069,0.774513304233551
488,یرمیا متوجه شد که یک گیاه بسیاری از برگ‌هایش را از دست داده و در سایر برگ‌ها نیز حفره‌های بزرگی وجود دارد. چرا از دست دادن برگ‌ها برای گیاه مضر است؟,"['گیاه غذای کمتری تولید می\u200cکند.', 'گیاه آب کمتری دریافت می\u200cکند.', 'گیاه حشرات کمتری را جذب می\u200cکند.', 'گیاه از حمایت برخوردار نیست.']",A,برگ‌ها مسئول فتوسنتز و تولید غذای گیاه هستند؛ از دست دادن آنها باعث کاهش تولید غذا می‌شود.,A,0.5701930522918701,A,0.9975401163101196,True,True,True,True,[0.57019305 0.30639687 0.08710103 0.03630911],[9.9754012e-01 1.9051299e-03 4.2509194e-04 1.2964570e-04],0.8113179802894592,0.57019305,0.99754012,0.42734707,0.7995166778564453,0.6861385703086853,0.7385013103485107,0.7995166778564453,0.6861385703086853,0.7385013103485107
489,جیمز مقداری آب در یک تابه ریخت. او تابه را روی اجاق گذاشت و اجاق را روی کم روشن کرد. چه اتفاقی برای آب خواهد افتاد؟,"['آب ذوب خواهد شد.', 'آب بخار خواهد شد.', 'آب به یک جامد تبدیل خواهد شد.', 'آب به قطرات ریز متراکم خواهد شد.']",B,آب با افزایش دما به تدریج به بخار تبدیل می‌شود؛ این فرآیند تبخیر نام دارد و با انتقال گرما از اجاق به آب اتفاق می‌افتد.,B,0.5316548943519592,B,0.9912522435188292,True,True,True,True,[0.28457436 0.5316549  0.00981397 0.17395681],[7.5387983e-03 9.9125224e-01 1.8873012e-04 1.0202654e-03],0.9043598771095276,0.5316549,0.99125224,0.4595973399999999,0.7959375381469727,0.680497407913208,0.7337044477462769,0.7959375381469727,0.680497407913208,0.7337044477462769
490,سیستم تنفسی نمی‌تواند اکسیژن را به سلول‌های بدن منتقل کند و نیز نمی‌تواند دی‌اکسید کربن را حذف کند، بدون کدام دو سیستم بدن؟,"['سیستم عضلانی و عصبی', 'سیستم گوارش و عضلانی', 'سیستم قلبی-عروقی و عصبی', 'سیستم قلبی-عروقی و عضلانی']",D,بدون [MASK]، انتقال اکسیژن و حذف دی‌اکسید کربن امکان‌پذیر نیست، زیرا این دو سیستم در انتقال مواد و کمک به تنفس نقش دارند.,C,0.8411495685577393,C,0.3439044654369354,False,False,False,False,[0.04216563 0.00206676 0.84114957 0.11461806],[0.08627599 0.00281701 0.5670026  0.34390447],0.767670214176178,0.11461806,0.34390447,0.22928641,0.742666482925415,0.6278215646743774,0.680432140827179,0.7484767436981201,0.6253365278244019,0.6813879013061523
491,کدام یک به عنوان یک منبع غیرقابل تجدید در نظر گرفته می‌شود؟,"['الف) نفت', 'ب) خاک', 'ج) غذا', 'د) آب']",A,منابع غیرقابل تجدید، منابعی هستند که زمان زیادی برای تجدید نیاز دارند، مانند نفت.,A,0.9332326650619508,A,0.9991617202758788,True,True,True,True,[0.93323267 0.03180897 0.00314951 0.03180897],[9.9916172e-01 5.1913911e-04 1.3972441e-04 1.7940969e-04],0.8502689003944397,0.93323267,0.99916172,0.06592905,0.7976800799369812,0.6455339193344116,0.71358722448349,0.7976800799369812,0.6455339193344116,0.71358722448349
492,سوال: درخت ایالت اوهایو، درخت باکای (Buckeye) است. کدامیک از این موارد ویژگی‌ای است که درخت باکای در فرآیند تولید مثل به ارث می‌برد؟,"['الف) تعداد برگ\u200cهایی که در زمستان می\u200cریزد', 'ب) تغییر رنگ برگ در فصل پاییز', 'ج) نوع معدنی که از خاک جذب می\u200cشود', 'د) مقدار آبی که برای رشد در دسترس است']",B,ویژگی تغییر رنگ برگ‌ها در فصل پاییز به صورت ژنتیکی کنترل و منتقل می‌شود.,A,0.4611097276210785,B,0.9731984734535216,False,True,True,True,[0.46110973 0.46110973 0.02313736 0.05464313],[0.02035651 0.9731985  0.00312177 0.00332311],0.6868704557418823,0.46110973,0.9731985,0.51208877,0.8817294836044312,0.633457601070404,0.7372532486915588,0.8817294239997864,0.633457601070404,0.7372531294822693
493,در کدام fase تغییر، انرژی حرارتی توسط یک ماده جذب می‌شود؟,"['از مایع به گاز', 'از گاز به جامد', 'از مایع به جامد', 'از گاز به مایع']",A,در تغییر فاز [MASK]، انرژی حرارتی جذب می‌شود.,A,0.8498530387878418,C,0.2712650597095489,True,False,False,False,[0.84985304 0.08992443 0.03748608 0.02273646],[0.27126506 0.21126142 0.5067898  0.01068372],0.8216206431388855,0.84985304,0.27126506,-0.57858798,0.9083585739135742,0.652870774269104,0.7597100138664246,0.9059799909591675,0.6431605815887451,0.7522759437561035
494,کدام یک از گزینه‌های زیر، دورترین جسم از زمین است؟,"['کوه هالی', ' کهکشان آندرومدا', 'نپتون', 'خورشید']",B,کهکشان آندرومدا دورترین جسم از زمین است زیرا فاصله بسیار زیادی با زمین دارد.,B,0.8891645073890686,B,0.987600803375244,True,True,True,True,[0.06485268 0.8891645  0.03471314 0.01126971],[0.00861144 0.9876008  0.00132061 0.00246722],0.8414092063903809,0.8891645,0.9876008,0.0984362999999999,0.8690085411071777,0.6235829591751099,0.7261181473731995,0.8787344694137573,0.6351630091667175,0.7373546361923218
495,"فاصله متوسط بین زمین و خورشید ۱۴۹,۶۰۰,۰۰۰ کیلومتر است. کدام یک از موارد زیر نوتاسیون علمی صحیح برای این فاصله است؟","['۱.۴۹۶ × ۱۰^۳ کیلومتر', '۱۴۹۶ × ۱۰^۵', '۱۴۹.۶ × ۱۰^۶ کیلومتر', '۱.۴۹۶ × ۱۰^۸ کیلومتر']",D,عدد باید به صورت یک عدد بین ۱ و ۱۰ در توان یک عدد صحیح باشد که [MASK] صحیح است.,A,0.5600875616073608,A,0.4438948631286621,False,False,False,False,[0.56008756 0.01916514 0.38494217 0.0358052 ],[0.44389486 0.05960713 0.05260311 0.44389486],0.548152506351471,0.0358052,0.44389486,0.40808966,0.9139046669006348,0.6350761651992798,0.7493948340415955,0.9173276424407959,0.6288678646087646,0.7461901307106018
496,عملکرد اصلی سیستم گردش خون چیست؟,"['آنزیم ها را ترشح کند', 'پروتئین ها را هضم کند', 'هورمون ها را تولید کند', 'مواد را حمل کند']",D,حمل مواد غذایی، اکسیژن و مواد ضروری به سلول‌ها و جمع‌آوری مواد زائد.,D,0.973115086555481,D,0.9971928000450134,True,True,True,True,[2.6059572e-02 6.0336088e-04 2.2196406e-04 9.7311509e-01],[2.4814683e-03 2.9636911e-04 2.9344515e-05 9.9719280e-01],0.6033065915107727,0.97311509,0.9971928,0.02407771,0.8534150123596191,0.6286845207214355,0.7240118384361267,0.8534150719642639,0.6286844611167908,0.7240117788314819
497,رایج ترین عنصری که در ترکیبات تشکیل دهنده آب اقیانوس یافت می‌شود، چیست؟,"['نیتروژن', 'اکسیژن', 'کربن', 'سیلیکون']",B,آب اقیانوس 주로 از هیدروژن و [MASK] تشکیل شده است؛ بنابراین [MASK] فراوان‌ترین عنصر بعد از هیدروژن است.,B,0.994754433631897,A,0.4990415573120117,True,False,False,False,[4.1212966e-03 9.9475443e-01 4.9221865e-04 6.3202129e-04],[4.9904156e-01 4.9904156e-01 3.4082946e-04 1.5759793e-03],0.9000628590583801,0.99475443,0.49904156,-0.4957128699999999,0.8439571261405945,0.6665836572647095,0.7448564767837524,0.854211688041687,0.6537261009216309,0.7406412959098816
498,یک شرکت داروسازی یک آنتی بیوتیک جدید برای درمان ذات الریه توسعه می‌دهد. پس از آزمایش‌های محدود، محققان نتیجه‌گیری می‌کنند که این آنتی بیوتیک به نظر موثر است. چگونه می‌توانند نتیجه‌گیری‌های خود را تقویت کنند؟,"['آزمایش آنتی\u200cبیوتیک بر روی داوطلبان انسانی.', 'نتایج خود را در یک نشریه پزشکی منتشر کنند.', 'از یک آزمایشگاه مستقل بخواهند تا آنتی\u200cبیوتیک را دوباره آزمایش کند.', 'کارایی آنتی\u200cبیوتیک را در کشتن دیگر باکتری\u200cها آزمایش کنند.']",C,برای اطمینان از اعتبار نتایج، تکرار آزمایش‌ها توسط یک آزمایشگاه مستقل می‌تواند به تأیید یافته‌ها و افزایش اعتماد به اثربخشی آنتی‌بیوتیک کمک کند.,A,0.6483676433563232,C,0.9197360277175904,False,True,True,True,[0.64836764 0.07743648 0.27027985 0.00391605],[7.6088659e-02 3.7882312e-03 9.1973603e-01 3.8699218e-04],0.9230422973632812,0.27027985,0.91973603,0.64945618,0.7836849093437195,0.6193395256996155,0.6918867826461792,0.7836849093437195,0.6193395256996155,0.6918867826461792
499,کدام یک درباره خورشید و زمین درست است؟,"['زمین نور و انرژی حرارتی به خورشید می\u200cدهد.', 'زمین تنها انرژی حرارتی به خورشید می\u200cدهد.', 'خورشید نور و انرژی حرارتی به زمین می\u200cدهد.', 'خورشید تنها انرژی نوری به زمین می\u200cدهد.']",C,خورشید منبع اصلی نور و انرژی حرارتی برای زمین است و این انرژی را به صورت تابش ارسال می‌کند.,C,0.8595194220542908,C,0.985215187072754,True,True,True,True,[0.13206927 0.00571276 0.8595194  0.00269851],[1.2450568e-02 8.4727182e-04 9.8521519e-01 1.4870084e-03],0.8788644671440125,0.8595194,0.98521519,0.1256957899999999,0.8528085947036743,0.6702662110328674,0.7505984306335449,0.8528085947036743,0.6702662110328674,0.7505984306335449
500,در طول تولید مثل جنسی، یک سلول اسپرم یک سلول تخمک را بارور می‌کند تا یک تخمک بارور شده شکل بگیرد. سپس تخمک بارور شده به یک موجود جدید تبدیل می‌شود. کدامیک از بیانات، مزیت اصلی تولید مثل جنسی را نسبت به تولید مثل غیرجنسی توصیف می‌کند؟,"['الف) تولید مثل جنسی فرزندان یکسانی تولید می\u200cکند.', 'ب) تولید مثل جنسی فرزندان کمتری سازگار تولید می\u200cکند.', 'ج) تولید مثل جنسی تعداد زیادی فرزند تولید می\u200cکند.', 'د) تولید مثل جنسی باعث تنوع ژنتیکی در فرزندان می\u200cشود.']",D,ترکیب ژنتیکی دو والدین متفاوت منجر به تنوع ژنتیکی در فرزندان می‌شود و ویژگی‌های جدیدی را ایجاد می‌کند.,D,0.6844456791877747,D,0.9631335139274596,True,True,True,True,[0.09226852 0.00194513 0.22134067 0.6844457 ],[2.5666639e-02 5.0041976e-04 1.0699446e-02 9.6313351e-01],0.7813740968704224,0.6844457,0.96313351,0.27868781,0.8539584875106812,0.6735905408859253,0.7531259059906006,0.8539584875106812,0.6735906004905701,0.7531259655952454
501,یک دانش‌آموز نمک و شکر را مخلوط کرد. کدام جمله خواص فیزیکی نمک و شکر را پس از مخلوط شدن توصیف می‌کند؟,"['شکر نمک را حل کرد.', 'نمک و شکر رنگشان تغییر کرد.', 'شکر و نمک تغییری نکردند.', 'نمک و شکر یک ماده جدید تشکیل دادند.']",C,نمک و شکر هنگام مخلوط شدن، خواص فیزیکی خود را حفظ می‌کنند و هیچ تغییری نمی‌کنند.,C,0.8070542812347412,C,0.9891429543495178,True,True,True,True,[0.15891841 0.01701365 0.8070543  0.01701365],[9.7732730e-03 8.5397903e-04 9.8914295e-01 2.2984533e-04],0.8803365230560303,0.8070543,0.98914295,0.1820886499999999,0.8431105613708496,0.643109142780304,0.7296527624130249,0.8431105613708496,0.6431090831756592,0.7296527028083801
502,چرا در فصول مختلف ستاره‌های مختلفی دیده می‌شوند؟,"['برخی از ستاره\u200cها در فصول مختلف بیشتر می\u200cدرخشند.', 'خورشید در فصول مختلف بر ستاره\u200cهای مختلف می\u200cتابد.', 'زمین در فصول مختلف موقعیت خود را در مدار تغییر می\u200cدهد.', 'ماه در فصول مختلف موقعیت خود را در مدار تغییر می\u200cدهد.']",C,زمین در طول سال موقعیت خود را در مدار تغییر می‌دهد و ستاره‌های مختلفی در آسمان دیده می‌شوند.,C,0.4332740306854248,C,0.9693118333816528,True,True,True,True,[0.2977846  0.15939261 0.43327403 0.10954883],[2.9270681e-02 1.2860639e-03 9.6931183e-01 1.3137971e-04],0.816887378692627,0.43327403,0.96931183,0.5360378,0.835271954536438,0.7158712148666382,0.7709760665893555,0.835271954536438,0.7158712148666382,0.7709760665893555
503,یک دانشمند شمارش‌های ماهانه جمعیت سه گونه حیوانی را در یک جنگل به مدت پنج سال جمع‌آوری کرده است. برای نمایش این داده‌ها، دانشمند باید از کدام یک از موارد زیر استفاده کند؟,"['یک جدول', 'یک نمودار دایره\u200cای', 'یک نمودار خطی', 'یک نمودار پراکندگی']",C,نمودار خطی برای نمایش تغییرات داده‌ها در طول زمان مناسب است.,A,0.6156951189041138,C,0.9950215816497804,False,True,True,True,[0.6156951  0.22738807 0.0503423  0.10657465],[4.1143596e-03 1.9243115e-04 9.9502158e-01 6.7165069e-04],0.7351534366607666,0.0503423,0.99502158,0.94467928,0.8700987100601196,0.6301257610321045,0.7309194207191467,0.8700987100601196,0.6301257610321045,0.7309194207191467
504,دوقلوهای هم‌زاد ممکن است ویژگی‌های مشابهی داشته باشند یا نداشته باشند به دلیل,"['ترکیب مستقل.', 'وراثت چندژنی.', 'غلبه ناقص.', 'آلل\u200cهای متعدد.']",A,ترکیب مستقل ژن‌ها در طول تشکیل گامت‌ها و مراحل بعدی رشد می‌تواند سبب شباهت یا تفاوت در ویژگی‌های دوقلوهای هم‌زاد شود.,B,0.679154634475708,B,0.2430609464645385,False,False,False,False,[0.28422186 0.67915463 0.0160347  0.02058896],[0.24306095 0.7516107  0.00163773 0.00369069],0.7402589321136475,0.28422186,0.24306095,-0.0411609099999999,0.888280987739563,0.6354928612709045,0.7409185767173767,0.8882808089256287,0.6354928612709045,0.7409185767173767
505,سوالی: یک شرکت در حال تولید تبلیغاتی برای گیتارهای سفارشی خود است. کدام یک از بیانیه‌های زیر باید در تبلیغ وجود داشته باشد تا بهترین تأکید بر فرایندهای تولید سفارشی شرکت داشته باشد؟,"['الف) گیتارهای ما با استفاده از ابزار دستی ساخته می\u200cشوند.', 'ب) ما گیتارهای خود را طبق مشخصات شما می\u200cسازیم.', 'ج) ما هر ساله هزاران گیتار تولید و به فروش می\u200cرسانیم.', 'د) گیتارهای ما بهترین کیفیتی هستند که پول شما می\u200cتواند بخرد.']",B,نشان دادن توانایی شرکت در تولید بر اساس سفارش مشتری.,B,0.5519434809684753,B,0.7451058626174927,True,True,True,True,[0.429854   0.5519435  0.00349364 0.0147088 ],[0.24190046 0.74510586 0.00471631 0.00827738],0.701451301574707,0.5519435,0.74510586,0.1931623599999999,0.7072721719741821,0.5308506488800049,0.6064921617507935,0.7070962190628052,0.533859133720398,0.6083857417106628
506,یک تولیدکننده لوازم خانگی طراحی جدیدی برای پنکه برقی خود انجام داده است. این تولیدکننده پنکه جدید را از نظر مصرف انرژی بهینه‌تر کرده است. این بدین معناست که پنکه جدید,"['بیشتر برق را به گرما تبدیل می\u200cکند.', 'با سرعت کمتری نسبت به پنکه اصلی می\u200cچرخد.', 'به برق بیشتری نسبت به پنکه اصلی نیاز دارد.', 'درصد گرمای از دست رفته به جو را کاهش می\u200cدهد.']",D,تبدیل انرژی الکتریکی به مکانیکی با بازدهی بیشتری انجام می‌شود و تلفات گرما کاهش می‌یابد.,D,0.5085722804069519,D,0.9493451118469238,True,True,True,True,[0.3960765  0.04767561 0.04767561 0.5085723 ],[4.7080837e-02 2.6561192e-03 9.1793027e-04 9.4934511e-01],0.827222466468811,0.5085723,0.94934511,0.44077281,0.7609171271324158,0.5517699718475342,0.6396820545196533,0.7600018978118896,0.5543607473373413,0.6410943269729614
507,یک توپ بولینگ که بر روی یک میز در حالت سکون قرار دارد، نیرویی به سمت پایین بر روی میز وارد می‌کند. نیرویی که از سوی میز وارد می‌شود، باید,"['همانند نیروی توپ باشد.', 'به\u200cطور مداوم با توپ تغییر کند.', 'بیشتر از نیروی توپ باشد.', 'کمتر از نیروی توپ باشد.']",A,با توجه به قانون سوم نیوتن، نیرویی که میز بر توپ وارد می‌کند برابر با نیرویی است که توپ بر میز وارد می‌کند. این نیروها در جهت مخالف هم هستند.,D,0.5922830104827881,A,0.9359492659568788,False,True,True,True,[0.31702626 0.0199526  0.07073812 0.592283  ],[0.93594927 0.00551127 0.01166737 0.046872  ],0.9072918891906738,0.31702626,0.93594927,0.61892301,0.873047947883606,0.7564116716384888,0.8105553984642029,0.873047947883606,0.7564117312431335,0.8105554580688477
508,کدام جسم نیروی گرانشی به قدری قدرتمند دارد که مرکز منظومه شمسی را تشکیل می‌دهد؟,"['زمین', 'پلوتو', 'ماه', 'خورشید']",D,نیروی گرانشی بسیار قدرتمند ستاره مرکزی، منظومه شمسی را تشکیل داده است.,D,0.9633971452713012,D,0.9757609367370604,True,True,True,True,[0.02562357 0.00745688 0.00352238 0.96339715],[0.01766347 0.00446603 0.0021096  0.97576094],0.8595496416091919,0.96339715,0.97576094,0.0123637899999999,0.7356129884719849,0.5685645341873169,0.6413903832435608,0.7451094388961792,0.5746965408325195,0.6489011645317078
509,گیاهان می‌توانند به جلوگیری از فرسایش کمک کنند یا به فرسایش کمک کنند. کدام یک از موارد زیر توصیف می‌کند که چگونه گیاهان می‌توانند به فرسایش کمک کنند؟,"['گیاهان جریان آب و خاک را کند می\u200cکنند.', 'ریشه\u200cهای گیاه در سنگ\u200cها رشد می\u200cکنند و سنگ\u200cها را می\u200cشکنند.', 'ریشه\u200cهای گیاه خاک را در مقابل باد نگه می\u200cدارند.', 'گیاهان ضربه\u200cی قطرات باران را قبل از برخورد آن\u200cها به خاک می\u200cشکنند.']",B,ریشه‌های گیاهان در سنگ‌ها رشد کرده و باعث شکستگی آنها می‌شود.,A,0.8143877983093262,B,0.8805627822875977,False,True,True,True,[0.8143878  0.18100604 0.00123882 0.00336745],[1.1824381e-01 8.8056278e-01 7.6023606e-04 4.3316945e-04],0.7622809410095215,0.18100604,0.88056278,0.69955674,0.8988995552062988,0.6974911689758301,0.7854900360107422,0.898899495601654,0.6974911093711853,0.7854899764060974
510,زنجیره غذایی نشان داده شده است. نور خورشید -> علف -> خرگوش -> مار. عامل غیر زنده در این زنجیره غذایی چیست؟,"['نور خورشید', 'علف', 'خرگوش', 'مار']",A,[MASK] منبع اصلی انرژی است و جسم زنده نیست.,A,0.5181563496589661,A,0.9107148051261902,True,True,True,True,[0.51815635 0.2784346  0.0120439  0.19136512],[0.9107148  0.06597196 0.0047049  0.01860825],0.7466135621070862,0.51815635,0.9107148,0.39255845,0.8197548389434814,0.6250510215759277,0.7092836499214172,0.8179587125778198,0.6314345002174377,0.7126945853233337
511,کدام حیوان برای تغییرات فصلی در محیط آماده می‌شود؟,"['خفاشی که در شب پرواز می\u200cکند', 'گوزنی که آب می\u200cنوشد', 'بوفالی که موش می\u200cخورد', 'سنجابی که آجیل ذخیره می\u200cکند']",D,سنجاب‌ها با ذخیره کردن آجیل، برای تغییرات فصلی آماده می‌شوند.,A,0.4187296032905578,D,0.966257393360138,False,True,True,True,[0.4187296  0.10587142 0.10587142 0.36952758],[2.9522391e-02 3.5259468e-03 6.9430011e-04 9.6625739e-01],0.8184571862220764,0.36952758,0.96625739,0.59672981,0.8748224973678589,0.5693056583404541,0.6897467970848083,0.8748224973678589,0.5693056583404541,0.6897467970848083
512,کدام یک از این اشیاء دارای بزرگترین جرم است؟,"['آجر', 'توپ فوتبال', 'دفتر یادداشت', '25 سنت']",A,[MASK] به دلیل ساختار سنگین خود، بیشترین جرم را دارد.,A,0.7255557775497437,A,0.975760817527771,True,True,True,True,[0.7255558  0.20787522 0.00793524 0.05863389],[0.9757608  0.01391848 0.00451867 0.00580209],0.5800439715385437,0.7255558,0.9757608,0.250205,0.6039870977401733,0.4999905228614807,0.547090470790863,0.5912502408027649,0.48374760150909424,0.5321236252784729
513,کرگدن‌ها و اسب‌ها با یکدیگر نسبتی دارند. آنها سیستم‌های گوارشی بسیار مشابه و تعدادی انگشت ناهنجار در پاهای خود دارند. اسب‌ها یک انگشت دارند و کرگدن‌ها سه انگشت. این حقایق بهترین پشتیبانی را از کدام ادعا دارند؟,"['اسب\u200cها و کرگدن\u200cها یک جد مشترک دارند.', 'اسب\u200cها و کرگدن\u200cها از نظر ژنتیکی یکسان هستند.', 'اسب\u200cها اجداد کرگدن\u200cهای مدرن هستند.', 'اسب\u200cها از کرگدن\u200cهای مدرن descend کرده\u200cاند.']",A,شباهت‌های گوارشی و انگشتان ناهنجار در پاها نشان می‌دهد که کرگدن‌ها و اسب‌ها از یک جد مشترک تکامل یافته‌اند و تفاوت‌ها نشان‌دهنده تغییرات تکاملی پس از جدایی است.,C,0.4254091084003448,A,0.999698042869568,False,True,True,True,[0.25802368 0.29237914 0.4254091  0.02418817],[9.9969804e-01 6.1372775e-05 1.5672088e-04 8.3886640e-05],0.8607845902442932,0.25802368,0.99969804,0.74167436,0.8654377460479736,0.6996018886566162,0.7737336158752441,0.8654378056526184,0.6996018886566162,0.7737336158752441
514,هر یک از این معادلات شیمیایی را بررسی کنید تا ببینید کدام معادله به درستی متعادل شده است.,"['Mg(NO_{3})_{2} + K_{2}CO_{3} -> MgCO_{3} + KNO_{3}', 'Mg(NO_{3})_{2} + K_{2}CO_{3} -> MgCO_{3} + 2KNO_{3}', '2Mg(NO_{3})_{2} + K_{2}CO_{3} -> 2MgCO_{3} + KNO_{3}', 'Mg(NO_{3})_{2} + 2K_{2}CO_{3} -> MgCO_{3} + 2KNO_{3}']",B,برای متعادل بودن، تعداد اتم‌های هر عنصر در دو طرف معادله باید برابر باشد. با بررسی معادلات، تنها یک معادله دارای تعداد اتم‌های برابر در دو طرف است که با ضرایب صحیح قابل تایید است.,B,0.7676689624786377,B,0.7470821738243103,True,True,True,False,[0.22080167 0.76766896 0.00310074 0.00842868],[0.21320815 0.7470822  0.01384458 0.02586508],0.8466653823852539,0.76766896,0.7470822,-0.0205867599999999,0.8068651556968689,0.6214622259140015,0.7021306753158569,0.8099001049995422,0.6220989227294922,0.7036848664283752
515,قوطی‌های فولادی از قوطی‌های آلومینیومی در یک مرکز بازیافت جدا می‌شوند. کدام یک از گزینه‌های زیر بهترین روش برای جداسازی قوطی‌های فولادی از قوطی‌های آلومینیومی در مرکز بازیافت است؟,"['قوطی\u200cها را بر اساس اندازه مرتب کنید', 'قوطی\u200cها را در آب قرار دهید', 'قوطی\u200cها را به دمای پایین خنک کنید', 'قوطی\u200cها را زیر یک الکترومغناطیس قرار دهید']",D,با استفاده از خاصیت مغناطیسی، قوطی‌های فولادی جذب آهنربا می‌شوند و از قوطی‌های آلومینیومی جدا می‌شوند.,A,0.7803953289985657,D,0.9667295217514038,False,True,True,True,[0.7803953  0.09356973 0.00588897 0.1201459 ],[0.02896552 0.00324984 0.00105507 0.9667295 ],0.8738879561424255,0.1201459,0.9667295,0.8465836,0.8352295756340027,0.6213382482528687,0.7125793695449829,0.8352295756340027,0.6213382482528687,0.7125793695449829
516,کدام گزینه بهترین توصیف را از تولیدمثل جنسی در تمام حیوانات ارائه می‌دهد؟,"['تخم و اسپرم به هم می\u200cپیوندند.', 'گرده و بذر به هم می\u200cپیوندند.', 'نسل جدید تنها ویژگی\u200cهای یک والد را دارد.', 'نسل جدید کاملاً شبیه یک والد است.']",A,ترکیب تخم و اسپرم برای تشکیل زیگوت، توصیف مناسبی از تولیدمثل جنسی در حیوانات است.,A,0.6195429563522339,A,0.9961727261543274,True,True,True,True,[0.61954296 0.22791712 0.04487954 0.10766042],[9.9617273e-01 2.4500492e-03 5.8193773e-04 7.9541455e-04],0.7646413445472717,0.61954296,0.99617273,0.37662977,0.7817391157150269,0.633475661277771,0.6998410820960999,0.7771697044372559,0.6388570666313171,0.7012583613395691
517,در کدام لایه از خورشید همجوشی هسته‌ای رخ می‌دهد؟,"['هسته', 'ناحیه تابشی', 'ناحیه همرفتی', 'کروموسفر']",A,همجوشی [MASK]‌ای در شرایط حرارتی و فشاری بسیار شدید رخ می‌دهد که فقط در مرکز خورشید فراهم است.,B,0.92340886592865,B,0.3681646585464477,False,False,False,False,[0.05189206 0.92340887 0.01312037 0.01157868],[0.36816466 0.6070009  0.01617603 0.0086584 ],0.8975096344947815,0.05189206,0.36816466,0.3162725999999999,0.8888065218925476,0.7450030446052551,0.8105762004852295,0.8755558729171753,0.7345709800720215,0.7988910675048828
518,کدام یک بهترین توصیف‌کنندهٔ اهمیت هسته‌های یخ در مطالعهٔ تاریخ زمین‌شناسی است؟,"['آنها ناهماهنگی\u200cها را نشان می\u200cدهند که تغییرات در رسوب\u200cگذاری را علامت می\u200cزنند.', 'آنها فسیل\u200cهای شاخص را نگه\u200cداری می\u200cکنند که برای تاریخ\u200cگذاری هسته\u200cهای یخ مختلف استفاده می\u200cشوند.', 'آنها مدارکی را حاکی از تغییرات در ترکیب جوی در طول زمان در خود دارند.', 'آنها از قانون لایه\u200cگذاری پیروی می\u200cکنند که دلایلی برای انقراض گونه\u200cها ارائه می\u200cدهد.']",C,هسته‌های یخ حاوی شواهدی از تغییرات ترکیب جوی در طول زمان هستند که برای درک تغییرات آب و هوایی گذشته اهمیت دارد.,A,0.8781744837760925,C,0.9745716452598572,False,True,True,True,[0.8781745  0.11792311 0.00170857 0.00219385],[2.2919729e-02 2.2693602e-03 9.7457165e-01 2.3918881e-04],0.9016789197921752,0.00170857,0.97457165,0.97286308,0.8879093527793884,0.7059639692306519,0.7865518927574158,0.8879093527793884,0.7059639692306519,0.7865518927574158
519,دانشمندان از مدل‌هایی استفاده می‌کنند که ویژگی‌های یک اتم را نشان می‌دهند. یک دانشمند باید از مدلی استفاده کند که,"['اولین مدلی باشد که توسعه یافته است', 'به تازگی توسعه یافته است', 'چیدمان را به وضوح بیشتری نشان می\u200cدهد', 'جزئیات لازم برای یک هدف خاص را نشان می\u200cدهد']",D,دانشمند باید مدلی را انتخاب کند که جزئیات لازم را برای هدف تحقیقاتی خاص خود نشان می‌دهد.,D,0.961924970149994,D,0.9847245216369628,True,True,True,True,[0.02253411 0.01388286 0.00165807 0.96192497],[0.0110251  0.00109163 0.00315874 0.9847245 ],0.8015285134315491,0.96192497,0.9847245,0.02279953,0.8767382502555847,0.6435438394546509,0.7422563433647156,0.8767382502555847,0.6435438394546509,0.7422563433647156
520,یک دانش‌آموز در حال اندازه‌گیری نقطه جوش یک مخلوط نمک و آب است. او یک اندازه‌گیری دما به مقدار ۱۰۵ درجه سانتی‌گراد انجام می‌دهد. بهترین راه برای اطمینان از صحت نتایج چه چیزی است؟,"['تحقیقات را تکرار کند', 'حجم آب را تغییر دهد', 'نمک بیشتری به مخلوط اضافه کند', 'تحقیقات را بدون نمک انجام دهد']",A,تکرار آزمایش برای اطمینان از صحت و قابل اعتماد بودن نتایج ضروری است.,A,0.9988718628883362,A,0.998725950717926,True,True,True,False,[9.9887186e-01 3.8549126e-04 1.0704706e-04 6.3556765e-04],[9.9872595e-01 8.6901529e-04 2.3389228e-04 1.7111925e-04],0.8105907440185547,0.99887186,0.99872595,-0.0001459099999999,0.8232423067092896,0.5836985111236572,0.6830782294273376,0.8232423067092896,0.5836985111236572,0.6830782294273376
521,هنگامی که یک سیم در گیتار کشیده می‌شود، صدایی شنیده می‌شود. اگر همان سیم با نیروی بیشتری کشیده شود، چه اتفاقی برای صدا خواهد افتاد؟,"['سطح صدا ثابت باقی می\u200cماند و نت بالاتر می\u200cرود.', 'نت ثابت باقی می\u200cماند و سطح صدا بالاتر می\u200cرود.', 'هم نت و هم سطح صدا بالاتر می\u200cرود.', 'هم نت و هم سطح صدا ثابت باقی می\u200cماند.']",B,افزایش نیروی کشش سیم، فرکانس ارتعاشات و انرژی آن را بالا می‌برد؛ در نتیجه، نت و سطح صدا هر دو افزایش می‌یابند.,B,0.5294620394706726,C,0.0456649027764797,True,False,False,False,[0.41395932 0.52946204 0.04905564 0.00752293],[4.0299136e-02 4.5664903e-02 9.1362828e-01 4.0761998e-04],0.869083046913147,0.52946204,0.045664903,-0.483797137,0.7614131569862366,0.6962223649024963,0.72735995054245,0.7614131569862366,0.6962223649024963,0.72735995054245
522,منوال می‌خواهد در حیاط فضایی برای شستن سگ داشته باشد بدون اینکه گل و لای ایجاد کند. او می‌خواهد چیزی روی زمین بگذارد که آب به راحتی از آن عبور کند. کدامیک از این مواد برای او بهتر است؟,"['خاک رس', 'پلاستیک', 'خاک', 'سنگریزه']",D,ماده‌ای با منافذ زیاد برای عبور آسان آب مناسب است.,A,0.96653950214386,A,0.1071447655558586,False,False,False,False,[0.9665395  0.01562266 0.00947562 0.0083622 ],[0.7916987  0.07363945 0.02751705 0.10714477],0.8098645210266113,0.0083622,0.10714477,0.09878257,0.7159968614578247,0.5296211242675781,0.6088657379150391,0.7182167768478394,0.534266471862793,0.6127333641052246
523,اگر کتابی که روی یک میز صاف قرار دارد شروع به حرکت افقی کند، احتمالاً به دلیل چیست؟,"['نیروی متعادل در حال اعمال است.', 'نیروی اصطکاک در حال وارد شدن است.', 'نیروی نامتعادل در حال اعمال است.', 'نیروی گرانشی در حال وارد شدن است.']",C,طبق قانون اول نیوتن، حرکت افقی کتاب به دلیل نیروی نامتعادل است که باعث تغییر حالت آن می‌شود.,B,0.9599313735961914,C,0.9602519273757936,False,True,True,True,[0.03300782 0.9599314  0.00207741 0.00498344],[2.53907051e-02 1.35906655e-02 9.60251927e-01 7.66732846e-04],0.8640204071998596,0.00207741,0.960251927,0.958174517,0.8052734136581421,0.6013580560684204,0.688535213470459,0.8052734136581421,0.6013580560684204,0.688535213470459
524,یک دانش‌آموز بررسی می‌کند که سرعت چگونه در حینی که یک توپ از روی شیب پایین می‌رود تغییر می‌کند. اندازه‌گیری‌های صورت گرفته توسط کامپیوتر هر ثانیه در یک جدول داده ثبت می‌شود. کدام نمودار بهترین نمایش داده‌های این جدول خواهد بود؟,"['نمودار میله\u200cای', 'نمودار خطی', 'نمودار دایره\u200cای', 'نمودار تصویری']",B,نمودار مناسب برای نمایش تغییرات یک متغیر در طول زمان، [MASK] است.,B,0.9445324540138244,B,0.9618324041366576,True,True,True,True,[4.6887934e-02 9.4453245e-01 4.3182293e-04 8.1479009e-03],[3.2912094e-02 9.6183240e-01 2.0832420e-04 5.0472333e-03],0.8026590347290039,0.94453245,0.9618324,0.01729995,0.8881993889808655,0.7187967300415039,0.7945692539215088,0.8939807415008545,0.714348316192627,0.7941330671310425
525,هلن بررسی می‌کند که آنزیم‌ها چگونه برای فرآیندهای بدن اهمیت دارند. بهترین توضیح برای نقش آنزیم‌ها در فعالیت‌های بیوشیمیایی چیست؟,"['آنزیم\u200cها در تمام سطوح pH کار می\u200cکنند.', 'آنزیم\u200cها نرخ متابولیسم را کاهش می\u200cدهند.', 'آنزیم\u200cها امکان وقوع واکنش\u200cها را در دماهای پایین\u200cتر فراهم می\u200cکنند.', 'آنزیم\u200cها انرژی فعال\u200cسازی لازم برای یک واکنش را افزایش می\u200cدهند.']",C,آنزیم‌ها به عنوان کاتالیزورهای بیولوژیکی، انرژی فعال‌سازی واکنش‌ها را کاهش داده و امکان وقوع آنها را در دماهای پایین‌تر بدن فراهم می‌کنند.,D,0.6622224450111389,C,0.9823715090751648,False,True,True,True,[0.11552741 0.00641656 0.2158336  0.66222245],[1.6065728e-02 1.3187553e-03 9.8237151e-01 2.4394521e-04],0.9144126176834106,0.2158336,0.98237151,0.76653791,0.865471601486206,0.7115783095359802,0.7810162305831909,0.8654715418815613,0.7115782499313354,0.7810162901878357
526,بسیاری از کودها حاوی مواد آلی هستند که برای باغ میوه مفید می‌باشند، اما زمانی که باران باعث می‌شود این مواد به یک اکوسیستم آبی تازه سرریز شوند، تأثیر متفاوتی دارند. افزودن پسماندهای آلی از کودها معمولاً چه تأثیری بر اکوسیستم‌های آبی تازه می‌گذارد؟,"['افزایش تنوع زیستی', 'افزایش وضوح آب', 'کاهش شکوفه\u200cهای جلبک', 'کاهش سطح اکسیژن']",D,افزودن پسماندهای آلی به اکوسیستم‌های آبی تازه منجر به رشد بیش از حد جلبک‌ها و سپس [MASK] به دلیل تجزیه آن‌ها می‌شود.,A,0.7632819414138794,C,0.3390673696994781,False,False,False,False,[0.76328194 0.02050031 0.1929879  0.02322989],[0.20405434 0.02150717 0.43537113 0.33906737],0.904400646686554,0.02322989,0.33906737,0.31583748,0.7921472191810608,0.6489437818527222,0.7134302854537964,0.8230469226837158,0.657282829284668,0.7308839559555054
527,سوال: جهت‌ها اطلاعات مربوط به فرسایش بادی را مطالعه کرده و سپس به سوال پاسخ دهید. باد می‌تواند سبب فرسایش شود که سطح زمین را تغییر می‌دهد. فرسایش بادی می‌تواند بر محیط زیست اثرات منفی بگذارد، از جمله با از بین بردن خاک و آلوده کردن هوا در طول طوفان‌های گرد و غبار. یکی از روش‌های جلوگیری از فرسایش بادی چیست؟,"['الف) مردم می\u200cتوانند با موتورهای آفرود در بیابان\u200cها حرکت کنند.', 'ب) دامداران می\u200cتوانند اجازه دهند که گاوهایشان در مناطق با رشد گیاهی کم چرا کنند.', 'ج) کارگران ساختمانی می\u200cتوانند زمین را قبل از حرکت بر روی آن یا حفاری کردن مرطوب کنند.', 'د) کشاورزان می\u200cتوانند تمام مواد گیاهی را در خاک بین فصل\u200cهای کشت بردارند.']",C,مرطوب کردن زمین قبل از حرکت یا حفاری، سبب اتصال ذرات خاک شده و از فرسایش بادی جلوگیری می‌کند.,C,0.5100973844528198,C,0.9403368830680848,True,True,True,True,[0.27303547 0.06957562 0.5100974  0.14729157],[0.04131552 0.00493444 0.9403369  0.01341318],0.6831339597702026,0.5100974,0.9403369,0.4302395,0.8164892196655273,0.5957562327384949,0.6888724565505981,0.8164892196655273,0.5957562327384949,0.6888724565505981
528,خانم تاکر به کلاس خود نمونه‌هایی از انواع مختلف خاک می‌دهد. کدام عمل بهترین کمک را به تانیشا می‌کند تا هر نوع خاک را شناسایی کند؟,"['بوییدن آن', 'لمس کردن آن', 'وزن کردن آن', 'اندازه\u200cگیری آن']",B,تشخیص بافت و سختی خاک با لمس کردن، کمک می‌کند تا خاک‌ها بر اساس ویژگی‌های فیزیکی دسته‌بندی شوند.,B,0.7577990293502808,B,0.9911344051361084,True,True,True,True,[0.2162666  0.757799   0.00832031 0.01761409],[7.5379019e-03 9.9113441e-01 7.4635335e-04 5.8126054e-04],0.7817784547805786,0.757799,0.99113441,0.23333541,0.8409734964370728,0.6726365089416504,0.7474441528320312,0.8409735560417175,0.6726364493370056,0.7474441528320312
529,سوال: پس از طوفان باد، نیکو با شرکت برق تماس گرفت تا گزارش کند که هیچ برقی ندارد. تماس تلفنی او نمونه‌ای از کدام یک از عناصری از مدل سیستم‌های جهانی است؟,"['A) طراحی یک فرآیند', 'B) تولید خروجی', 'C) ارائه بازخورد', 'D) تعیین هدف']",C,تماس نیکو با شرکت برق برای گزارش مشکل، نمونه‌ای از ارائه بازخورد به سیستم است تا وضعیت اصلاح شود.,C,0.9510790705680848,C,0.9835996627807616,True,True,True,True,[0.0287201  0.01197232 0.9510791  0.00822845],[0.01389395 0.00121404 0.98359966 0.00129234],0.8956007957458496,0.9510791,0.98359966,0.03252056,0.8434020280838013,0.6593273878097534,0.7400907874107361,0.8434020280838013,0.6593273878097534,0.7400907874107361
530,آیا مخلوط شدن آب سرد اقیانوس قطب شمال با جریانات گرم سطحی اقیانوس اطلس در سواحل شمال‌غربی اروپا چه تأثیری دارد؟,"['غرق شدن آب هنگامی که به سمت جنوب\u200cغربی در حال چرخش است', 'بازگشت جهت جریان به سمت سواحل اروپایی', 'افزایش شوری آب و بالا آمدن جریانات تحت تأثیر', 'تبخیر سریع و تسریع جریانات به سمت قطب']",A,آب سرد و گرم در سواحل شمال‌غربی اروپا با هم ترکیب شده، گرما را به جو منتقل کرده و موجب بازگشت جریان به سمت سواحل اروپایی می‌شود.,B,0.8329687714576721,B,0.0141083598136901,False,False,False,False,[0.12749065 0.8329688  0.03223468 0.0073058 ],[1.4108360e-02 9.8521638e-01 4.0022336e-04 2.7506924e-04],0.7466245889663696,0.12749065,0.01410836,-0.11338229,0.7792372703552246,0.6422106027603149,0.7041193246841431,0.7792372703552246,0.6422106027603149,0.7041193246841431
531,کدام یک از این‌ها فقط در خارج از منظومه شمسی یافت می‌شود؟,"['سیارات', 'ماه\u200cها', 'ستاره\u200cزادها', 'دنباله\u200cدارها']",C,[MASK] بیشتر در خارج از منظومه شمسی و در کمربند سیارکی قرار دارند.,B,0.5969468355178833,B,0.1587966531515121,False,False,False,False,[0.1930447  0.59694684 0.17169751 0.03831089],[0.23104776 0.55860186 0.15879665 0.05155372],0.7241341471672058,0.17169751,0.15879665,-0.0129008599999999,0.9184197783470154,0.705734372138977,0.7981513738632202,0.92466139793396,0.701185941696167,0.7975651621818542
532,کدامیک بهترین توضیح را درباره شباهت‌های عمده خاک‌ها ارائه می‌دهد؟,"['الف) بیشتر خاک\u200cها دارای سنگ\u200cهای زیادی هستند.', 'ب) بیشتر خاک\u200cها در لایه\u200cهای مختلفی یافت می\u200cشوند.', 'ج) بیشتر خاک\u200cها مقادیر یکسانی از آب را نگه می\u200cدارند.', 'د) بیشتر خاک\u200cها بافت یکسانی دارند.']",B,خاک‌ها اغلب از لایه‌های مختلف با ویژگی‌های خاص تشکیل شده‌اند.,B,0.5666000247001648,B,0.9825164079666138,True,True,True,True,[0.1254417 0.5666    0.1254417 0.1825166],[0.01078761 0.9825164  0.00272754 0.00396854],0.8652796149253845,0.5666,0.9825164,0.4159163999999999,0.8133488893508911,0.5826044082641602,0.6789061427116394,0.8133487701416016,0.5826043486595154,0.6789060831069946
533,کدام یک از منابع زیر تجدیدپذیر است؟,"['زغال سنگ', 'مواد معدنی', 'نفت', 'نور خورشید']",D,منبعی که می‌توان آن را دوباره تولید کرد و همواره در دسترس است، [MASK] است.,D,0.937386691570282,D,0.9127853512763976,True,True,True,False,[5.9808198e-02 2.3190153e-03 4.8609206e-04 9.3738669e-01],[0.07521924 0.01002199 0.00197345 0.91278535],0.5735769271850586,0.93738669,0.91278535,-0.0246013399999999,0.8300538063049316,0.6648380756378174,0.7383161187171936,0.8355109095573425,0.6639416813850403,0.7399107217788696
534,کدام یک از گزینه‌های زیر کمترین اندازه حرکت را دارد؟,"['ماسۀ ۰.۵ کیلوگرم با سرعت ۱۰۰۰ متر بر ثانیه', 'ماسۀ ۱ کیلوگرم با سرعت ۱۰۰ متر بر ثانیه', 'ماسۀ ۱۰ کیلوگرم با سرعت ۱۱ متر بر ثانیه', 'ماسۀ ۱۰۰ کیلوگرم با سرعت ۲ متر بر ثانیه']",B,اندازه حرکت برابر است با حاصل ضرب جرم و سرعت. گزینه [MASK] دارای جرم و سرعت کوچکتر است و کمترین مقدار را دارد.,A,0.7070475220680237,A,0.3730047941207886,False,False,False,False,[0.7070475  0.13922592 0.058038   0.09568848],[0.4226698  0.3730048  0.12109693 0.08322862],0.733817994594574,0.13922592,0.3730048,0.23377888,0.7841880917549133,0.5812972187995911,0.667669415473938,0.784145176410675,0.5637446045875549,0.655925452709198
535,در فلوریدا، هر دو پلنگ و گربه‌سانان به گوزن‌های دم‌سفید شکار می‌کنند. اگر جمعیت گوزن‌های دم‌سفید در فلوریدا به طور ناگهانی کاهش یابد، رقابت آن‌ها برای غذا چگونه تحت تأثیر قرار خواهد گرفت؟,"['رقابت بین گربه\u200cسانان و پلنگ\u200cها افزایش خواهد یافت.', 'رقابت بین گربه\u200cسانان و پلنگ\u200cها کاهش خواهد یافت.', 'رقابت بین گوزن\u200cهای دم\u200cسفید و گربه\u200cسانان افزایش خواهد یافت.', 'رقابت بین گوزن\u200cهای دم\u200cسفید و پلنگ\u200cها کاهش خواهد یافت.']",A,کاهش جمعیت گوزن‌ها، رقابت بین گربه‌سانان و پلنگ‌ها را برای شکار گوزن‌های باقی‌مانده کاهش می‌دهد.,C,0.7163496017456055,B,0.111689306795597,False,False,False,False,[0.26250288 0.01492555 0.7163496  0.0062219 ],[0.11168931 0.44173977 0.44173977 0.00483121],0.8903335332870483,0.26250288,0.11168931,-0.15081357,0.8510671854019165,0.6731667518615723,0.7517351508140564,0.8510671854019165,0.6731667518615723,0.7517351508140564
536,هنگامی که هوای مرطوب در زمستان با یک سطح سرد تماس پیدا می‌کند، یکی از نتایج می‌تواند یخ زده شدن باشد. چه اتفاقی برای بخار آب در هوا افتاده است که باعث یخ زده شدن می‌شود؟,"['آب ذوب شده است.', 'آب رخنه کرده است.', 'آب بخار شده است.', 'آب متراکم شده است.']",B,بخار آب در هوا به مایع تبدیل می‌شود که این فرآیند تراکم نامیده می‌شود و می‌تواند منجر به یخ زدگی شود.,A,0.6040860414505005,A,0.2652341723442077,False,False,False,False,[0.60408604 0.3663967  0.02083281 0.00868441],[0.38591343 0.26523417 0.3005497  0.04830273],0.8367658853530884,0.3663967,0.26523417,-0.10116253,0.8915422558784485,0.7393028736114502,0.8083167672157288,0.8915423154830933,0.7393028736114502,0.8083168268203735
537,کدام یک بهترین مثال از وقوع یک تغییر شیمیایی است؟,"['تغییر حالت', 'آزاد شدن انرژی', 'تغییر دما', 'تشکیل یک ماده جدید']",D,زمانی که یک ماده جدید با خواص متفاوت تشکیل شود، تغییر شیمیایی رخ داده است.,D,0.7381685376167297,D,0.9721364378929138,True,True,True,True,[0.14649403 0.11408967 0.00124777 0.73816854],[2.5604738e-02 2.1017648e-03 1.5708432e-04 9.7213644e-01],0.7499006986618042,0.73816854,0.97213644,0.2339679,0.6976509094238281,0.558718740940094,0.6205031275749207,0.6998270750045776,0.5572150349617004,0.6204313635826111
538,ترکیب جوش شیرین و سرکه موجب کاهش دمای محلول و آزاد شدن دی‌اکسید کربن می‌شود. کدام نتیجه‌گیری درباره‌ی این تحقیق معتبر نیست؟,"['ترکیب مواد شیمیایی باعث شد که آن\u200cها گرما را جذب کنند.', 'یک واکنش شیمیایی رخ داده است.', 'عناصر جدیدی تشکیل شده\u200cاند.', 'این روش باعث تشکیل گاز شده است.']",C,این واکنش شیمیایی منجر به تشکیل گاز می‌شود و ترکیبات جدیدی ایجاد می‌کند، اما عنصر جدیدی تشکیل نمی‌دهد، بلکه ترکیبات تغییر می‌کنند.,C,0.9516279697418212,C,0.9907700419425964,True,True,True,True,[0.04201628 0.00141543 0.95162797 0.00494033],[8.5384222e-03 3.9934734e-04 9.9077004e-01 2.9216873e-04],0.7454943060874939,0.95162797,0.99077004,0.03914207,0.7743371725082397,0.6295912265777588,0.6945025324821472,0.7779115438461304,0.6360680460929871,0.6998752951622009
539,کدام گزینه بهترین توصیف کننده یک مدار موازی است؟,"['برق در یک مسیر جریان دارد.', 'جریان برق از یک منبع می\u200cباشد.', 'برق در بیش از یک مسیر جریان دارد.', 'جریان برق از بیش از یک منبع می\u200cباشد.']",C,در مدار موازی، جریان برق از طریق چندین مسیر جداگانه جریان می‌یابد.,C,0.9819871783256532,C,0.9974576830863952,True,True,True,True,[1.5996832e-02 7.0285174e-04 9.8198718e-01 1.3131000e-03],[1.9255463e-03 3.5619026e-04 9.9745768e-01 2.6059436e-04],0.8469290733337402,0.98198718,0.99745768,0.0154705,0.8467190265655518,0.643410325050354,0.7311952710151672,0.8462847471237183,0.6458433270454407,0.7326011061668396
540,در یک تحقیق آزمایشگاهی، دانش‌آموزان از باتری‌های برند X در یک چراغ قوه و از باتری‌های برند Y در یک رادیو استفاده می‌کنند. پس از دو ساعت، چراغ قوه کار نمی‌کند، اما رادیو به کار خود ادامه می‌دهد. در نتیجه، دانش‌آموزان به این نتیجه می‌رسند که باتری‌های برند Y طول عمر بیشتری دارند. کدام یک از بیانات درباره نتیجه‌گیری تحقیق دقیق‌تر است؟,"['این نتیجه\u200cگیری معتبر است زیرا آنها دو برند مختلف را آزمایش کردند.', 'این نتیجه\u200cگیری نامعتبر است زیرا آزمایش دارای چندین متغیر بود.', 'این نتیجه\u200cگیری معتبر است زیرا آنها تحقیق را در آزمایشگاه انجام دادند.', 'این نتیجه\u200cگیری نامعتبر است زیرا نام\u200cهای واقعی باتری\u200cها پنهان شده بود.']",B,نتیجه‌گیری دانش‌آموزان نامعتبر است زیرا آزمایش دارای متغیرهای مختلفی بوده و نمی‌توان تأثیر آنها را تفکیک کرد.,B,0.8256295919418335,B,0.985395848751068,True,True,True,True,[0.16289395 0.8256296  0.00122443 0.01025202],[1.4097157e-02 9.8539585e-01 8.1245737e-05 4.2569722e-04],0.6262864470481873,0.8256296,0.98539585,0.15976625,0.6256293058395386,0.46116775274276733,0.5309548377990723,0.6256293058395386,0.46116775274276733,0.5309548377990723
541,کدام یک از جملات زیر درباره ترسیم داده‌ها صحیح است؟,"['همیشه بهتر است که داده\u200cها را در یک جدول نگه داشت تا اینکه آن\u200cها را ترسیم کرد.', 'نمودارهای میله\u200cای بهترین نوع نمودار برای داده\u200cهای علمی هستند.', 'برای هر مجموعه داده مشخص، تنها یک نمودار صحیح یا یک روش برای نمایش آن وجود دارد.', 'داده\u200cها می\u200cتوانند در انواع مختلفی از نمودارها نمایش داده شوند تا جنبه\u200cهای مختلف داده را نشان دهند.']",D,ترسیم داده‌ها به روش‌های مختلف می‌تواند جنبه‌های گوناگون داده‌ها را نمایش دهد.,D,0.9126812219619752,D,0.9800231456756592,True,True,True,True,[0.06611441 0.01894209 0.00226231 0.9126812 ],[1.7914725e-02 1.6663290e-03 3.9578788e-04 9.8002315e-01],0.8976048231124878,0.9126812,0.98002315,0.0673419499999999,0.9157488942146301,0.6672890186309814,0.7720209360122681,0.9165000915527344,0.6734737157821655,0.7764136791229248
542,سوال: یک پسر می‌تواند ویژگی‌هایی را به ارث ببرد,"['الف) تنها از پدرش', 'ب) تنها از مادرش', 'ج) از هر دو، پدر و مادرش', 'د) از پدر یا مادرش، اما نه از هر دو']",C,یک پسر می‌تواند ویژگی‌هایی را از ترکیب ژن‌های هر دو والدین خود به ارث ببرد.,C,0.8830015063285828,C,0.9577908515930176,True,True,True,True,[0.07233975 0.00593801 0.8830015  0.03872068],[2.9149622e-02 9.0818421e-04 9.5779085e-01 1.2151370e-02],0.9367312788963318,0.8830015,0.95779085,0.0747893499999999,0.8721513152122498,0.6782054305076599,0.7630473375320435,0.8721513152122498,0.6782053709030151,0.7630472779273987
543,ژن‌ها قادر به تعیین چه چیزی در یک فرد نیستند؟,"['رنگ چشم.', 'توانایی ورزشی.', 'تعداد دندان\u200cها.', 'شکل لاله\u200cهای گوش.']",B,ژن‌ها نمی‌توانند تعداد دندان‌های فرد را تعیین کنند؛ این ویژگی بیشتر تحت تأثیر عوامل محیطی و بهداشت فردی است.,C,0.3060136437416076,C,0.0023962222039699,False,False,False,False,[0.2700561  0.18560666 0.30601364 0.23832366],[3.7483223e-02 2.3962222e-03 9.5918214e-01 9.3837414e-04],0.8412640690803528,0.18560666,0.0023962222,-0.1832104378,0.8339346647262573,0.6277300119400024,0.7162871956825256,0.8339346647262573,0.6277300119400024,0.7162871956825256
544,کدام وضعیت به عنوان مشاهده و اندازه‌گیری در نظر گرفته می‌شود؟,"['جمع\u200cآوری منابع برای یک تحقیق درباره گیاه', 'ثبت میزان رشد روزانه یک گیاه به مدت یک هفته', 'پیش\u200cبینی میزان رشد یک گیاه در یک هفته', 'توضیح اینکه چرا یک گیاه تحت شرایط خاص به طور متفاوتی رشد کرد']",B,ثبت داده‌های واقعی و مشخص برای تحلیل و نتیجه‌گیری.,B,0.8876310586929321,B,0.978179395198822,True,True,True,True,[0.07243552 0.88763106 0.01641707 0.02351637],[2.0460693e-02 9.7817940e-01 3.4121436e-04 1.0186778e-03],0.7192587852478027,0.88763106,0.9781794,0.09054834,0.7544439435005188,0.5274280309677124,0.6208340525627136,0.7620500922203064,0.5293700098991394,0.6247486472129822
545,کدام وضعیت مثالی از یک ویژگی ارثی است؟,"['شیرها در حال شکار گورخرها', 'میمون\u200cها از شاخه\u200cها برای تهیه غذا استفاده می\u200cکنند', 'پرندگان از الگوهای مهاجرتی پیروی می\u200cکنند', 'خرس\u200cها در حال باز کردن یخچال\u200cها در کمپ\u200cها هستند']",A,الگوهای مهاجرتی پرندگان یک ویژگی ارثی است که به صورت ژنتیکی تعیین می‌شود و به محیط زیست آنها مرتبط است.,A,0.6046427488327026,C,0.0993013381958007,True,False,False,False,[0.60464275 0.0716523  0.0716523  0.2520526 ],[0.09930134 0.02889834 0.83469415 0.0371062 ],0.859805703163147,0.60464275,0.09930134,-0.50534141,0.9176632761955261,0.6651345491409302,0.7712540030479431,0.9176632761955261,0.6651345491409302,0.7712540030479431
546,"سوالی: یک باتری جدید ادعا می‌کند که ""دو برابر بیشتر از باتری‌های رقیب در شرایط بار یکسان دوام می‌آورد."" کدام مقایسه بین این باتری و باتری‌های رقیب این ادعا را تأیید می‌کند؟","['الف) دو برابر بزرگتر است.', 'ب) الکترون\u200cهای بیشتری دارد.', 'ج) انرژی شیمیایی بیشتری ذخیره می\u200cکند.', 'د) هنگام استفاده انرژی کمتری هدر می\u200cدهد.']",C,این باتری می‌تواند انرژی شیمیایی بیشتری را ذخیره کند که منجر به دوام بیشتر در شرایط یکسان می‌شود.,C,0.5476903915405273,C,0.969264030456543,True,True,True,True,[0.15691593 0.15691593 0.5476904  0.13847782],[0.025629   0.00346851 0.96926403 0.00163841],0.8057904839515686,0.5476904,0.96926403,0.42157363,0.8165303468704224,0.6529802680015564,0.725654125213623,0.8161225318908691,0.6554384827613831,0.7270078063011169
547,دلیل اصلی ارائه سوابق دقیق و کامل از تحقیقات علمی چیست؟,"['برای طولانی\u200cتر کردن گزارش\u200cها', 'تا نتایج منتشر شوند', 'برای نشان دادن حرفه\u200cای بودن', 'تا آزمایش\u200cها قابل تکرار باشند']",D,برای تکرارپذیری و تایید نتایج علمی، سوابق دقیق ارائه شود.,D,0.9356998205184937,D,0.984468162059784,True,True,True,True,[1.0303727e-02 5.3150669e-02 8.4578141e-04 9.3569982e-01],[1.09792575e-02 4.03904309e-03 5.13506704e-04 9.84468162e-01],0.7768686413764954,0.93569982,0.984468162,0.048768342,0.7031071186065674,0.5321990847587585,0.6058302521705627,0.7031071186065674,0.5321990847587585,0.6058302521705627
548,مدل تکتونیک صفحه‌ای به دلیل کدام ویژگی به عنوان یک نظریه علمی شناخته شده است؟,"['این مدل به\u200cطور تجربی اثبات شده است که درست است.', 'این مدل آزمایش\u200cهای مستقل و گسترده\u200cای را با پیش\u200cبینی\u200cهای خود پشت سر گذاشته است.', 'این مدل از سایر مدل\u200cها واضح\u200cتر، ساده\u200cتر و محتمل\u200cتر است.', 'این مدل راهنمایی\u200cهایی برای تحقیقات علوم زمین ارائه می\u200cدهد که از نظر علمی معتبر است.']",B,این مدل به دلیل توانایی در پیش‌بینی و توضیح پدیده‌های زمین‌شناسی و تایید شدن از طریق آزمایش‌ها و مشاهدات گسترده، به عنوان یک نظریه علمی شناخته شده است.,B,0.9083733558654784,B,0.7618592381477356,True,True,True,False,[0.03515273 0.90837336 0.03515273 0.02132121],[0.1168349  0.76185924 0.01819937 0.10310643],0.7633416652679443,0.90837336,0.76185924,-0.1465141199999999,0.9033516645431519,0.7150629758834839,0.7982544898986816,0.9032546281814575,0.7202592492103577,0.8014436960220337
549,کدام شکل از آب در دماهای زیر صفر بیشتر احتمال دارد که ظاهر شود؟,"['مه', 'باران', 'برف', 'ابرها']",C,در دماهای زیر صفر، آب به صورت [MASK] ظاهر می‌شود زیرا در این شرایط، بخار آب به قطرات ریز تبدیل می‌شود.,C,0.844886302947998,C,0.951554000377655,True,True,True,True,[0.08905036 0.05401177 0.8448863  0.01205165],[0.03646591 0.00813664 0.951554   0.00384348],0.8762908577919006,0.8448863,0.951554,0.1066677,0.9229462146759033,0.7371289134025574,0.8196379542350769,0.9163679480552673,0.730061411857605,0.8126736283302307
550,آب مورد استفاده در یک کارخانه به دمای 75 درجه سلسیوس گرم می‌شود. این آب به یک رودخانه نزدیک که دمای معمول آن 20 درجه سلسیوس است، تخلیه می‌شود. کدامیک باید برای حداقل رساندن آسیب به رودخانه انجام شود؟,"['کاهش دمای آب کارخانه', 'افزایش دمای آب رودخانه', 'برداشتن پوشش گیاهی از رودخانه', 'اضافه کردن ماهی\u200cهای بیشتری به رودخانه']",A,برای حداقل رساندن آسیب به رودخانه، کاهش دمای آب قبل از تخلیه به رودخانه، شوک حرارتی به آبزیان را کاهش می‌دهد و شرایط را برای زندگی آنها کمتر مختل می‌کند.,A,0.6306977868080139,A,0.9940453767776488,True,True,True,True,[0.6306978  0.23202075 0.12419176 0.01308971],[9.9404538e-01 5.1959348e-03 4.8329725e-04 2.7537448e-04],0.915309488773346,0.6306978,0.99404538,0.36334758,0.8570757508277893,0.6996256113052368,0.770388126373291,0.851943850517273,0.6987545490264893,0.7677826285362244
551,زمانی که ماده شیمیایی X به یک مایع خاص اضافه می‌شود، این ماده به مواد Y و Z تقسیم می‌شود. امکان شکستن مواد Y و Z به ذرات ساده‌تر وجود ندارد. کدام بیان بهترین حمایت را از این شواهد دارد؟,"['ماده شیمیایی X یک عنصر است.', 'ماده شیمیایی X در آب حل می\u200cشود.', 'مواد Y و Z عناصر هستند.', 'مواد Y و Z ترکیب\u200cها هستند.']",C,این مواد نمی‌توانند به ذرات ساده‌تری شکسته شوند، بنابراین عناصر هستند.,B,0.5480741858482361,C,0.6557052731513977,False,True,True,True,[0.29336298 0.5480742  0.01890116 0.13966171],[0.21287633 0.01747395 0.6557053  0.11394449],0.7347382307052612,0.01890116,0.6557053,0.6368041400000001,0.7886559963226318,0.5485490560531616,0.6470458507537842,0.7886560559272766,0.5485490560531616,0.6470458507537842
552,کدام یک از ویژگی‌های انسانی زیر کمتر احتمال دارد که به ارث برسد؟,"['قد', 'رنگ چشم', 'رنگ مو', 'اثر انگشت']",D,[MASK] تحت تأثیر عوامل ژنتیکی و محیطی مختلفی قرار می‌گیرد و جزئیات آن به دلیل عوامل محیطی در دوران بارداری و پس از آن، بسیار متفاوت است.,A,0.6291878819465637,D,0.3970212638378143,False,True,True,True,[0.6291879  0.18097089 0.00887032 0.18097089],[0.35037002 0.24080557 0.01180313 0.39702126],0.697554886341095,0.18097089,0.39702126,0.21605037,0.9412992000579834,0.7152293920516968,0.8128381967544556,0.9337313175201416,0.7011798024177551,0.8009163737297058
553,کهکشان راه شیری و دیگر کهکشان‌ها در جهان چه ویژگی مشترکی دارند؟,"['آنها از نظر شکل مشابهند.', 'آنها در همان جهت می\u200cچرخند.', 'آنها شامل همان تعداد ستاره\u200cاند.', 'آنها دارای عناصر مشابه هستند.']",D,کهکشان‌ها از عناصر مشابهی تشکیل شده‌اند که نشان‌دهنده منشأ و فرآیندهای فیزیکی مشابه است.,D,0.6143874526023865,D,0.9516863822937012,True,True,True,True,[0.37119204 0.01120903 0.00321144 0.61438745],[4.7012947e-02 1.1230499e-03 1.7769227e-04 9.5168638e-01],0.7417182326316833,0.61438745,0.95168638,0.3372989300000001,0.8210460543632507,0.5923179388046265,0.6881742477416992,0.8210460543632507,0.5923179388046265,0.6881742477416992
554,کدام یک از معایب ممکن استفاده از آب در حال جریان برای تولید برق است؟,"['آسیب به اکوسیستم و از دست رفتن زمین', 'کاهش انتشار دی\u200cاکسید کربن', 'فقط مناسب برای استفاده صنعتی', 'ایجاد مخازن']",A,[MASK]‌های اطراف از تأثیرات منفی زیست‌محیطی استفاده از آب در حال جریان است.,A,0.8655056357383728,A,0.9105161428451538,True,True,True,True,[0.86550564 0.02941421 0.00241447 0.10266569],[0.91051614 0.02771085 0.00310907 0.05866387],0.7346404790878296,0.86550564,0.91051614,0.0450105,0.7758806347846985,0.5717822313308716,0.6583763957023621,0.7548499703407288,0.5607431530952454,0.6434770226478577
555,معایب استفاده از آب در حال حرکت برای تولید برق چیست؟,"['برق به طرز ارزان\u200cقیمتی تولید می\u200cشود.', 'آلودگی هوا تولید می\u200cشود.', 'ریزش نفت ممکن است اتفاق بیفتد.', 'اکوسیستم محلی ممکن است مختل شود.']",D,ساخت سدها و نیروگاه‌های آبی می‌تواند منجر به تغییرات زیست‌محیطی قابل توجهی شده و اکوسیستم محلی را به طور جدی مختل کند.,B,0.4594340026378631,D,0.9578434228897096,False,True,True,True,[0.19152059 0.459434   0.03328129 0.31576407],[0.03713962 0.00304861 0.00196833 0.9578434 ],0.7026987671852112,0.31576407,0.9578434,0.6420793300000001,0.8252766132354736,0.5720721483230591,0.6757336258888245,0.8252766132354736,0.5720721483230591,0.6757336258888245
556,کدام یک از این موارد صحیح است وقتی که یک قطعه چوب در آتش کاملاً سوخته می‌شود؟,"['تغییر در چوب قابل برگشت است.', 'انرژی موجود در چوب نابود شده است.', 'تغییر در چوب فیزیکی است.', 'انرژی موجود در چوب تبدیل شده است.']",D,چوب هنگام سوختن، انرژی خود را به شکل‌های دیگری مانند گرما و نور تبدیل می‌کند؛ انرژی نابود نمی‌شود، بلکه تغییر شکل می‌دهد.,B,0.5978437662124634,D,0.9544281363487244,False,True,True,True,[0.07112388 0.59784377 0.00977715 0.32125515],[0.0255342  0.01064424 0.00939351 0.95442814],0.729002833366394,0.32125515,0.95442814,0.63317299,0.7220478057861328,0.5946008563041687,0.6521560549736023,0.7226659655570984,0.5966318845748901,0.6536288261413574
557,بسیاری از دانشمندان معتقدند که سوزاندن سوخت‌های فسیلی میزان دی‌اکسید کربن را در جو افزایش داده است. افزایش دی‌اکسید کربن احتمالاً چه تأثیری بر سیاره خواهد داشت؟,"['دمای خنک\u200cتر', 'دمای گرم\u200cتر', 'رطوبت نسبی پایین\u200cتر', 'ازن بیشتر در جو']",B,افزایش دی‌اکسید کربن باعث افزایش اثر گلخانه‌ای و گرم شدن کره زمین می‌شود.,B,0.9947086572647096,B,0.9991245865821838,True,True,True,True,[4.0197489e-03 9.9470866e-01 4.8009053e-04 7.9153548e-04],[6.3108921e-04 9.9912459e-01 1.9247133e-04 5.1802959e-05],0.919407844543457,0.99470866,0.99912459,0.0044159299999999,0.8747813701629639,0.636319100856781,0.7367346882820129,0.8781297206878662,0.6334489583969116,0.7359859347343445
558,در گیاهان نخود، آلل برای نخودهای صاف غالب است (S). اگر یک گیاه نخود صاف ناهموزیگوت (Ss) با یک گیاه نخود صاف هموزیگوت (SS) تلاقی کند، چه ژنوتیپ‌هایی ممکن است در فرزندان وجود داشته باشد؟,"['تنها SS', 'تنها Ss', 'Ss یا SS', 'ss یا SS']",C,فرزندان ممکن است ژنوتیپ‌های [MASK] داشته باشند، زیرا یکی از والدین فقط آلل غالب و دیگری می‌تواند آلل غالب یا مغلوب بدهد.,C,0.9303424954414368,C,0.8725969791412354,True,True,True,False,[0.01957444 0.00385444 0.9303425  0.04622865],[0.02024286 0.00273957 0.872597   0.10442059],0.5649282336235046,0.9303425,0.872597,-0.0577455,0.7793436050415039,0.4948757588863373,0.6053561568260193,0.7661029100418091,0.48970505595207214,0.5974870324134827
559,آجرهای سرخ‌گل دارای چگالی تقریباً ۲۰۰۰ کیلوگرم بر متر مکعب هستند. هوا دارای چگالی ۱ کیلوگرم بر متر مکعب است. کدام یک از موارد زیر کمترین جرم را دارد؟,"['۲ متر مکعب آجر', '۴ متر مکعب آجر', '۶۰۰۰ متر مکعب هوا', '۱۰،۰۰۰ متر مکعب هوا']",A,با توجه به چگالی‌های داده شده، حجم کمتری از آجرها نسبت به حجم بسیار زیادی از هوا، جرم کمتری دارد. گزینه‌ای با کمترین جرم، مربوط به حجم عظیمی از هوا است.,C,0.4924091696739197,C,0.1118915751576423,False,False,False,False,[0.34108186 0.02432483 0.49240917 0.14218406],[0.11189158 0.00715299 0.8397929  0.04116261],0.5977181196212769,0.34108186,0.11189158,-0.22919028,0.5147202014923096,0.5315399765968323,0.522994875907898,0.5114874243736267,0.5211832523345947,0.5162897706031799
560,ساختارهای موجود در یک سلول زنده را می‌توان به اجزای یک کارخانه که خودرو تولید می‌کند تشبیه کرد. کدام قسمت از کارخانه به هسته یک سلول زنده شبیه‌تر است؟,"['نوار نقاله\u200cای که مواد را حمل می\u200cکند', 'بخش ذخیره\u200cسازی که قطعات مورد نیاز برای مونتاژ یک خودرو را نگه می\u200cدارد', 'اتاق کامپیوتری که فرآیند مونتاژ را کنترل می\u200cکند', 'ژنراتوری که انرژی مورد نیاز کارخانه را تامین می\u200cکند']",C,هسته سلول زنده، اطلاعات ژنتیکی را کنترل و فعالیت‌های سلول را مدیریت می‌کند.,C,0.8206174373626709,C,0.8348953723907471,True,True,True,True,[0.08615524 0.08615524 0.82061744 0.00707205],[0.0326263  0.12903956 0.8348954  0.00343879],0.7986019849777222,0.82061744,0.8348954,0.0142779599999999,0.8730253577232361,0.6352428197860718,0.7353905439376831,0.8730253577232361,0.6352428197860718,0.7353905439376831
561,کدام یک منجر به تغییر شیمیایی می‌شود؟,"['یک دانش\u200cآموز بوی یک گل را استشمام می\u200cکند.', 'یک معلم شمعی را روشن می\u200cکند.', 'یک دانش\u200cآموز کاغذی را آبی رنگ می\u200cکند.', 'یک معلم پارچه\u200cای زبر را لمس می\u200cکند.']",B,روشن کردن شمع منجر به واکنش احتراق و تغییر ترکیب شیمیایی می‌شود.,C,0.6726560592651367,B,0.9313150644302368,False,True,True,True,[0.28040475 0.04300146 0.67265606 0.00393775],[0.05953698 0.93131506 0.00805745 0.00109046],0.8597752451896667,0.04300146,0.93131506,0.8883135999999999,0.7586460709571838,0.5938884019851685,0.6662322878837585,0.7586461305618286,0.5938884019851685,0.6662324070930481
562,اگر مقدار کافی گرما از یک ظرف آب برداشته شود، چه اتفاقی برای آب می‌افتد؟,"['شروع به جوشیدن می\u200cکند.', 'به حالت جامد تبدیل می\u200cشود.', 'به گاز تبدیل می\u200cشود.', 'وزن آن افزایش می\u200cیابد.']",B,با کاهش دمای آب به نقطه انجماد، آب [MASK],A,0.989247739315033,B,0.5275988578796387,False,True,True,True,[0.98924774 0.00523181 0.00192468 0.00359577],[0.46560436 0.52759886 0.00276858 0.00402827],0.7952003479003906,0.00523181,0.52759886,0.52236705,0.6972131133079529,0.5250191688537598,0.5989863276481628,0.7174181938171387,0.5292679071426392,0.6091451644897461
563,ترکیب چه ماده‌ای وقتی که فلز نرم و خمیری مانند سدیم (Na) با گاز سمی رنگ سبز کلر (Cl₂) واکنش می‌دهد، تشکیل می‌شود؟,"['شکر', 'نمک طعام', 'اسید سولفوریک', 'هیدروکسید سدیم']",B,واکنش فلز سدیم با گاز کلر منجر به تشکیل نمکی می‌شود که در زندگی روزمره کاربرد زیادی دارد.,B,0.9065501689910888,B,0.9980127811431884,True,True,True,True,[0.03487722 0.90655017 0.00106979 0.05750281],[1.1594591e-03 9.9801278e-01 1.6703592e-04 6.6063990e-04],0.7748392820358276,0.90655017,0.99801278,0.09146261,0.7353833317756653,0.5653283596038818,0.6392393708229065,0.732029914855957,0.5678268074989319,0.6395570039749146
564,"یک بنزین بعنوان ""انتشار آلاینده‌های کمتر"" در استفاده از خودروها تبلیغ می‌شود. برای اینکه این ادعا درست باشد، احتمالاً چه اتفاقی برای بنزین افتاده است؟","['اسیدیته آن افزایش یافته است.', 'اکسیژن بیشتری در آن حل شده است.', 'ناخالصی\u200cها حذف شده\u200cاند.', 'مولکول\u200cهای آن دارای انرژی شیمیایی بالاتری هستند.']",C,افزودن اکسیژن به بنزین باعث احتراق کامل‌تر سوخت و کاهش تولید آلاینده‌های مضر می‌شود.,A,0.5627215504646301,B,0.0130649963393807,False,False,False,False,[0.56272155 0.34130788 0.06773462 0.02823599],[0.26654994 0.7189193  0.013065   0.00146585],0.7796517014503479,0.06773462,0.013065,-0.0546696199999999,0.8471977114677429,0.5728433728218079,0.6835176944732666,0.8471976518630981,0.5728433728218079,0.6835176348686218
565,به اعتقاد می‌رسد که فوران‌های آتشفشانی در دوران اولیه تاریخ زمین مسئول بخش بزرگی از موادی هستند که هم‌اکنون در کدام ساختار زمینی یافت می‌شود؟,"['مناطق', 'آستینوسفر', 'هیدروسفر', 'لایه اوزون']",C,فوران‌های آتشفشانی در دوران اولیه زمین، مواد مختلفی را به وجود آورده‌اند که بخشی از لایه‌ای در زمین است که شامل گوشته بالایی و پوسته است.,B,0.9808024168014526,B,0.0002458529779687,False,False,False,False,[1.5868684e-02 9.8080242e-01 2.4335415e-03 8.9524989e-04],[7.6482622e-03 9.9198979e-01 2.4585298e-04 1.1613272e-04],0.891973078250885,0.0024335415,0.00024585298,-0.00218768852,0.8644488453865051,0.7489270567893982,0.8025521636009216,0.8628227710723877,0.7504024505615234,0.8026955127716064
566,کدام اندازه‌گیری حرکت یک توپ لاستیکی را توصیف می‌کند؟,"['۵ سانتی\u200cمتر', '۱۰ متر بر ثانیه', '۱۵ نیوتن', '۵۰ گرم']",B,سرعت توپ لاستیکی با واحد متر بر ثانیه اندازه‌گیری می‌شود.,B,0.9959121942520142,B,0.999583899974823,True,True,True,True,[2.7973123e-03 9.9591219e-01 3.2381242e-04 9.6672529e-04],[2.0658653e-04 9.9958390e-01 3.8214665e-05 1.7126625e-04],0.8086909651756287,0.99591219,0.9995839,0.0036717099999999,0.6962645053863525,0.5977020859718323,0.6432295441627502,0.6986438632011414,0.5973434448242188,0.6440345644950867
567,برخی از انواع داروها می‌توانند برای درمان افراد در زمان بیماری مورد استفاده قرار گیرند. با این حال، برخی از داروها ممکن است باعث واکنش‌های منفی در افرادی که آن‌ها را مصرف می‌کنند شوند. این تفاوت نمونه‌ای از,"['استفاده از فناوری برای کمک به درمان افراد.', 'روش\u200cهای پزشکی که برای آسیب رساندن به افراد استفاده می\u200cشوند.', 'داروهای گران\u200cقیمت که برای اهداف مختلف استفاده می\u200cشوند.', 'حل یک مشکل که باعث بروز مشکل دیگری می\u200cشود.']",D,نمونه‌ای از حل یک مشکل که در نتیجه باعث ایجاد مشکل دیگر می‌شود.,D,0.9178341627120972,D,0.9797800183296204,True,True,True,True,[6.6293180e-02 1.5024949e-02 8.4764959e-04 9.1783416e-01],[1.7805645e-02 2.1265813e-03 2.8780146e-04 9.7978002e-01],0.7413733005523682,0.91783416,0.97978002,0.06194586,0.9191831350326538,0.6759995222091675,0.7790547609329224,0.9191831946372986,0.6759995818138123,0.7790548801422119
568,کاهش دما از ۶۰ درجه فارنهایت به ۳۵ درجه فارنهایت بیشتر احتمالاً باعث می‌شود فردی,"['لرزش کند', 'عرق بریزد', 'چشم\u200cهایش را بزند', 'احساس خواب\u200cآلودگی کند']",A,کاهش دما باعث کاهش دمای بدن و واکنش‌های دفاعی بدن برای تولید گرما، از جمله لرزش عضلات می‌شود.,B,0.5633824467658997,B,0.1621970385313034,False,False,False,False,[0.26612303 0.56338245 0.02804916 0.14244539],[0.16219704 0.8301649  0.00497506 0.00266296],0.9110543131828308,0.26612303,0.16219704,-0.10392599,0.7586524486541748,0.60015869140625,0.6701620817184448,0.7586524486541748,0.60015869140625,0.6701620817184448
569,به عنوان بخشی از یک مطالعه، یک دانشمند تغییرات مولکولی مختلفی را در ماده مشاهده کرد. کدام یک از مشاهدات زیر شواهدی از یک تغییر فیزیکی را ارائه می‌دهد؟,"['استفاده از حرارت برای سوزاندن یک چوب در شومینه', 'استفاده از نور برای تولید قند در گیاهان', 'یک کیک که از مواد مختلف پخته شده است', 'یک بطری که به تکه\u200cهای کوچک شکسته شده است']",D,شکستن بطری به تکه‌های کوچک، تغییری در شکل فیزیکی است نه در ترکیب شیمیایی.,C,0.8075802326202393,D,0.9064214825630188,False,True,True,True,[0.1816088  0.00704174 0.80758023 0.00376917],[0.08464031 0.00199055 0.0069477  0.9064215 ],0.8226173520088196,0.00376917,0.9064215,0.90265233,0.9317335486412048,0.7212762832641602,0.813107430934906,0.9312443137168884,0.7219150066375732,0.8133265972137451
570,در گیاهان، کدام یک تولید مثل جنسی را توصیف می‌کند اما تولید مثل غیرجنسی را نه؟,"['پنج شاخه بر روی یک درخت پیوند زده می\u200cشوند.', 'گیاهان جدید از قطعات دیگر گیاهان رشد می\u200cکنند.', 'یک تخمک بارور شده تقسیم می\u200cشود تا یک جنین تولید کند.', 'نسل\u200cهای جدیدی تولید می\u200cشوند که همان اطلاعات ژنتیکی والد را دارند.']",C,تولید مثل جنسی از طریق تقسیم و ترکیب ژنتیکی در تخمک بارور شده صورت می‌گیرد.,A,0.6336041688919067,C,0.5639695525169373,False,True,True,True,[0.63360417 0.23400222 0.03560614 0.09678753],[0.23694138 0.11192319 0.56396955 0.08716586],0.7718901634216309,0.03560614,0.56396955,0.5283634100000001,0.9277116656303406,0.6244663000106812,0.7464668154716492,0.9275603890419006,0.6291921138763428,0.7497835755348206
571,برخی از گیاهان غیر بومی می‌توانند سریع‌تر از برخی گیاهان یا محصولات بومی به محیط‌های خود سازگار شوند. کدام یک از این سازگاری‌ها کمتر احتمال دارد که به یک گیاه غیر بومی در بقا در یک محیط جدید کمک کند؟,"['داشتن تعداد زیادی دانه', 'داشتن مقاومت در برابر علف\u200cکش\u200cها', 'داشتن ریشه\u200cهایی که به سرعت توسعه می\u200cیابند', 'داشتن برگ\u200cهایی که به آرامی شکل می\u200cگیرند']",D,دارای برگ‌هایی که به آرامی رشد می‌کنند، احتمالاً کمک کمتری به سازگاری و بقای گیاه در محیط جدید می‌کند، زیرا ممکن است نشانه‌ای از ضعف در رشد و توسعه باشد.,A,0.7965709567070007,A,0.1417993307113647,False,False,False,False,[0.79657096 0.03479441 0.01147398 0.15716077],[0.6355005  0.18207395 0.04062619 0.14179933],0.6798887252807617,0.15716077,0.14179933,-0.01536144,0.7456226348876953,0.6542895436286926,0.6969767212867737,0.7480869293212891,0.6606369018554688,0.7016475796699524
572,یک مهندس باید انرژی پتانسیل یک واگن ترن هوایی را در بالای یک شیب محاسبه کند. کدام اطلاعات بهترین کمک را به مهندس برای تعیین انرژی پتانسیل واگن می‌کند؟,"['مسافتی که واگن ترن هوایی باید طی کند', 'جرم واگن ترن هوایی در حد توان کامل', 'وزن متوسط یک واگن ترن هوایی خالی', 'سمتی که واگن ترن هوایی در آن حرکت می\u200cکند']",B,برای تعیین انرژی پتانسیل واگن، دانستن وزن متوسط واگن ترن هوایی خالی کمک می‌کند تا با تخمین جرم و ارتفاع، انرژی پتانسیل را محاسبه کرد.,A,0.5045394897460938,C,0.0942903012037277,False,False,False,False,[0.5045395  0.44525453 0.01365726 0.03654872],[0.00863439 0.0942903  0.89460146 0.00247379],0.9140382409095764,0.44525453,0.0942903,-0.35096423,0.7776750922203064,0.642159104347229,0.7034499645233154,0.7799931764602661,0.6441289186477661,0.7055801153182983
573,یک تفاوت بین گیاهان و حیوانات چیست؟,"['الف) گیاهان به مواد معدنی نیاز ندارند، اما حیوانات به آن نیاز دارند.', 'ب) گیاهان غذای خود را تولید می\u200cکنند، اما حیوانات این کار را نمی\u200cکنند.', 'ج) گیاهان اکسیژن تولید نمی\u200cکنند، اما حیوانات این کار را انجام می\u200cدهند.', 'د) گیاهان به نور خورشید نیاز دارند، اما حیوانات به آن نیاز ندارند.']",B,گیاهان غذای خود را از طریق فتوسنتز تولید می‌کنند، برخلاف حیوانات.,B,0.4261874258518219,C,0.1354840397834777,True,False,False,False,[0.12306242 0.42618743 0.3761091  0.07464113],[0.07251938 0.13548404 0.69887984 0.09311673],0.8893716931343079,0.42618743,0.13548404,-0.29070339,0.8195680379867554,0.6173169612884521,0.7042083740234375,0.8195680379867554,0.6173169016838074,0.7042084336280823
574,یک شخص ۶ فوت قد دارد. کدامیک از اندازه‌گیری‌های متریک زیر به ۶ فوت نزدیک‌تر است؟,"['۶ متر', '۳ متر', '۲ متر', '۱ متر']",C,با تبدیل ۶ فوت به سانتی‌متر، می‌توان فهمید که [MASK] (۲۰۰ سانتی‌متر) به ۱۸۳ سانتی‌متر نزدیک‌تر است.,A,0.5786024928092957,B,0.1896902173757553,False,False,False,False,[0.5786025  0.11216721 0.24119739 0.06803285],[0.10153385 0.35438797 0.18969022 0.35438797],0.8103249669075012,0.24119739,0.18969022,-0.05150717,0.6719288229942322,0.5855399370193481,0.625766932964325,0.6698423624038696,0.5802875757217407,0.6218572854995728
575,کدام یک از موارد زیر نمونه‌ای از استراتژی فرار است که برای جلوگیری از کشته شدن و خورده شدن توسط شکارچیان استفاده می‌شود؟,"['گوزن\u200cها در پاییز شاخ\u200cهای خود را می\u200cریزند.', 'قورباغه\u200cها در شرایط تهدید دم\u200cهای خود را رها می\u200cکنند.', 'ماهی\u200cهای ماهی\u200cگیر برای جذب دیگر ماهی\u200cها نور تولید می\u200cکنند.', 'سخرج\u200cها برای پوشش خز خود روغن تولید می\u200cکنند و آن را ضد آب می\u200cکنند.']",B,رفتار قورباغه‌ها در رها کردن دم برای گول زدن شکارچی و نجات یافتن، نمونه‌ای از استراتژی فرار است.,A,0.4150521755218506,B,0.9909787178039552,False,True,True,True,[0.41505218 0.28526092 0.01442596 0.28526092],[8.640890e-03 9.909787e-01 2.956750e-04 8.471230e-05],0.8650588393211365,0.28526092,0.9909787,0.7057177800000001,0.7469475865364075,0.6286678314208984,0.6827227473258972,0.7469476461410522,0.6286678314208984,0.6827226877212524
576,آنت در حال استفاده از ابزارهای زیادی برای ساخت یک خانه سگ است. آنت به احتمال زیاد از نوار اندازه‌گیری برای کدام یک از موارد زیر در هنگام ساخت خانه سگ استفاده می‌کند؟,"['تصمیم\u200cگیری درباره نوع چوبی که باید استفاده شود', 'برداشتن میخ\u200cهای اضافی از چوب', 'متصل کردن قطعات مختلف چوب به هم', 'تعیین محل برش چوب به قطعات']",D,آن برای اندازه‌گیری دقیق محل برش چوب استفاده می‌کند.,C,0.3351875841617584,D,0.9324989914894104,False,True,True,True,[0.23037083 0.13863961 0.33518758 0.295802  ],[0.03629842 0.02826924 0.00293336 0.932499  ],0.7774446606636047,0.295802,0.932499,0.636697,0.7695215940475464,0.5530856251716614,0.6435943841934204,0.7596269845962524,0.5500540137290955,0.6380727291107178
577,کدامیک از گزینه‌های زیر بهترین نمایش‌دهنده‌ی تبدیل انرژی سه مرحله‌ای اساسی برای یک رادیو با باتری است؟,"['آکوستیک -> مکانیکی -> الکتریکی', 'مکانیکی -> آکوستیک -> شیمیایی', 'شیمیایی -> الکتریکی -> آکوستیک', 'الکتریکی -> آکوستیک -> شیمیایی']",C,انرژی شیمیایی باتری به الکتریکی تبدیل، سپس به انرژی صوتی یا آکوستیک تبدیل می‌شود.,C,0.5987740755081177,C,0.93173348903656,True,True,True,True,[0.28284085 0.08040464 0.5987741  0.03798046],[6.7494549e-02 4.3394903e-04 9.3173349e-01 3.3795982e-04],0.7394827008247375,0.5987741,0.93173349,0.3329593900000001,0.8224487900733948,0.6168665289878845,0.7049756646156311,0.823775053024292,0.624545156955719,0.7104571461677551
578,همه موارد زیر بخشی از چرخه حیات یک حیوان هستند، به جز,"['رشد.', 'تخصیص.', 'دو نیم شدن.', 'توسعه گامت.']",C,دو نیم شدن معمولاً در میکروارگانیسم‌ها و برخی از موجودات تک سلولی دیده می‌شود و بخشی از چرخه حیات حیوانات نیست.,B,0.624663233757019,C,0.9777266383171082,False,True,True,True,[0.01301521 0.62466323 0.2962249  0.06609671],[0.00396078 0.00448815 0.97772664 0.01382448],0.6681410670280457,0.2962249,0.97772664,0.68150174,0.911358118057251,0.5942829251289368,0.7194339036941528,0.907017171382904,0.5946901440620422,0.7183746099472046
579,کدام فرآیند به طور مستقیم تر با ساخت زمین جدید مرتبط است؟,"['فرسایش', 'آلودگی', 'رسوب گذاری', 'هوازدگی']",C,فرآیند ته نشینی مواد معدنی و آلی در یک مکان جدید، به تشکیل لایه های جدید خاک یا سنگ کمک می کند.,A,0.9819027185440063,A,0.2932633459568023,False,False,False,False,[0.9819027  0.00315893 0.0052082  0.0097302 ],[0.7007595  0.00225665 0.29326335 0.00372059],0.8860792517662048,0.0052082,0.29326335,0.28805515,0.9110062122344971,0.7806434631347656,0.8408017754554749,0.9136761426925659,0.7837989330291748,0.8437689542770386
580,دانشمندان سلول‌های یک حیوان را مورد تحلیل قرار دادند تا علت یک عفونت را تعیین کنند. دانشمندان در مورد نتایج تحلیل به توافق نرسیدند. این عدم توافق در مورد چه چیزی در ذات علم نشان می‌دهد؟,"['الف) دانشمندان می\u200cتوانند داده\u200cها را به فرم\u200cهای مختلف ارائه دهند.', 'ب) نتایج علمی می\u200cتوانند به روش\u200cهای مختلف تفسیر شوند.', 'ج) دانشمندان قادر به بیان ادعاهای غیرمعتبر هستند.', 'د) نتایج علمی اغلب با نتایج مورد انتظار متفاوت هستند.']",B,نتایج علمی می‌توانند به روش‌های مختلف تفسیر شوند که نشان‌دهنده ذات علم و برداشت‌های متفاوت از داده‌هاست.,B,0.9527960419654846,B,0.9839386343955994,True,True,True,True,[0.02536637 0.95279604 0.0020822  0.01975535],[1.4062570e-02 9.8393863e-01 1.1543261e-03 8.4452296e-04],0.7396164536476135,0.95279604,0.98393863,0.03114259,0.8179374933242798,0.6422457695007324,0.7195218801498413,0.8179374933242798,0.6422457695007324,0.7195218801498413
581,یک بچه اسب تمامی این ویژگی‌ها را از والدین خود به ارث خواهد برد، مگر اینکه,"['قد.', 'وزن.', 'رنگ پوست.', 'غذای مورد علاقه.']",D,غذای مورد علاقه از طریق تجربه و محیط تعیین می‌شود، نه از طریق ژن‌ها.,D,0.3849546313285827,D,0.9400002360343932,True,True,True,True,[0.26457518 0.08589499 0.26457518 0.38495463],[0.04679985 0.00339017 0.00980978 0.94000024],0.6786248087882996,0.38495463,0.94000024,0.5550456100000001,0.8188587427139282,0.6206387281417847,0.7061011791229248,0.8188587427139282,0.6206387281417847,0.7061011791229248
582,یک ارگانیسم تک‌سلولی می‌تواند همه کارهایی را که یک سلول از یک ارگانیسم چندسلولی انجام می‌دهد، انجام دهد به جز,"['تخصصی شدن.', 'تکثیر.', 'استفاده از انرژی.', 'ساخت پروتئین.']",A,زیرا تخصصی شدن در تک سلولی‌ها معنی ندارد.,A,0.5422312617301941,A,0.9948346614837646,True,True,True,True,[0.54223126 0.37266976 0.05043537 0.03466368],[9.9483466e-01 4.0379637e-03 7.0169294e-04 4.2559829e-04],0.6303057670593262,0.54223126,0.99483466,0.4526034,0.7393714189529419,0.5204901695251465,0.6109171509742737,0.7272178530693054,0.5184644460678101,0.6053495407104492
583,برای حفظ منابع غیرقابل تجدید، بهترین کار بازیافت است,"['روزنامه\u200cها.', 'راهنماهای تلفن.', 'دستمال\u200cهای کاغذی.', 'قوطی\u200cهای سودا.']",D,بازیافت روزنامه‌ها به حفظ درختان و منابع غیرقابل تجدید کمک می‌کند.,D,0.6990922689437866,A,0.0287021677941083,True,False,False,False,[0.20029329 0.06553571 0.03507874 0.69909227],[0.9495575  0.00231949 0.01942086 0.02870217],0.7214648723602295,0.69909227,0.02870217,-0.6703901,0.7666475176811218,0.5905763506889343,0.6671911478042603,0.7666473984718323,0.5905762910842896,0.6671910285949707
584,چگونه چتر باعث افزایش کافی مقاومت هوا می‌شود تا چترباز بتواند به‌طور ایمن فرود بیاید؟,"['با کاهش نیروی جاذبه\u200cای که بر چترباز تاثیر می\u200cگذارد', 'با کاهش جرم کل چترباز', 'با افزایش فشار هوای اطراف چتر', 'با افزایش مساحت کل سطح چتر']",D,چتر با افزایش مساحت سطح خود، مقاومت هوا را افزایش می‌دهد و سرعت سقوط را کاهش می‌دهد.,D,0.9084823727607728,D,0.9820213317871094,True,True,True,True,[0.07471856 0.00892386 0.00787528 0.9084824 ],[0.01568797 0.0010029  0.00128775 0.98202133],0.9011136293411256,0.9084824,0.98202133,0.07353893,0.8520074486732483,0.6722174882888794,0.751508891582489,0.8520074486732483,0.6722174882888794,0.751508891582489
585,کدام یک از ویژگی‌های زیر هنگام طبقه‌بندی موجودات زنده در پادشاهی گیاهان استفاده می‌شود؟,"['نوع بافت آوندی', 'استفاده از فتوسنتز', 'وجود دیواره\u200cهای سلولی', 'تولید اکسیژن']",A,[MASK]، که ساختار و شکل سلول‌ها را حفظ می‌کند، یکی از ویژگی‌های کلیدی در طبقه‌بندی گیاهان است.,B,0.849141001701355,C,0.0203740745782852,False,False,False,False,[0.10121755 0.849141   0.04219375 0.00744764],[2.0374075e-02 5.1513719e-03 9.7403830e-01 4.3627308e-04],0.8048244118690491,0.10121755,0.020374075,-0.080843475,0.8068225383758545,0.6462657451629639,0.7176739573478699,0.7920041680335999,0.6332626342773438,0.7037933468818665
586,بر اساس سوابق فسیلی، نخستین اسب‌ها کوچکتر از گونه‌های امروزی بودند. در طول زمان، اسب‌ها به تدریج تغییر کرده‌اند,"['تا شکارچیان بهتری شوند.', 'تا زمین را دوباره پرجمعیت کنند.', 'در پاسخ به محیطی در حال تغییر.', 'تا برای انسان\u200cها مفید شوند.']",C,تغییرات تدریجی در اسب‌ها در پاسخ به تغییرات محیطی رخ داده است تا شانس بقا و تولید مثل داشته باشند.,C,0.9620670676231384,C,0.9733965396881104,True,True,True,True,[0.03285589 0.00269698 0.96206707 0.00238007],[2.5738271e-02 4.8637716e-04 9.7339654e-01 3.7879092e-04],0.739260196685791,0.96206707,0.97339654,0.0113294699999999,0.8934612274169922,0.6524204015731812,0.7541487216949463,0.8934612274169922,0.6524204015731812,0.7541487216949463
587,الی در حال پرورش یک باغ سبزیجات است. در کدام فصل گیاهان باغ الی بیشترین انرژی را از خورشید برای رشد دریافت می کنند؟,"['پاییز', 'بهار', 'تابستان', 'زمستان']",C,در [MASK]، روزهای طولانی و زاویه نزدیک به عمود خورشید، انرژی بیشتری برای رشد گیاهان فراهم می‌کند.,C,0.9945002794265748,C,0.9913013577461244,True,True,True,False,[3.5727448e-03 1.0236085e-03 9.9450028e-01 9.0333133e-04],[5.8486219e-03 6.9851824e-04 9.9130136e-01 2.1515877e-03],0.9055399298667908,0.99450028,0.99130136,-0.0031989199999999,0.7447730302810669,0.645164430141449,0.6913995742797852,0.7296050786972046,0.6242398023605347,0.6728223562240601
588,قبل از اینکه دانش‌آموزان اجازه داشته باشند از چکش‌ها برای بررسی نحوه شکستن مواد معدنی مختلف استفاده کنند، چه سوالی احتمالاً معلم خواهد پرسید؟,"['آیا همه عینک ایمنی زده\u200cاند؟', 'چه کسی مواد معدنی را از قفسه خواهد آورد؟', 'هدف از این تحقیق چیست؟', 'آیا کسی داوطلب شده است تا نقاشی\u200cهایی از شکستگی\u200cها بکند؟']",A,معلم احتمالاً می‌خواهد اطمینان حاصل کند که دانش‌آموزان اقدامات ایمنی لازم را رعایت کنند، بنابراین از آنها می‌پرسد که آیا تجهیزات ایمنی دارند.,C,0.9521806836128236,A,0.6217516660690308,False,True,True,True,[0.04151033 0.00503577 0.9521807  0.00127324],[0.62175167 0.07484006 0.29599816 0.00741017],0.7010729908943176,0.04151033,0.62175167,0.5802413399999999,0.7368185520172119,0.5711101293563843,0.6434670686721802,0.7368185520172119,0.5711101293563843,0.6434670686721802
589,ببرها و گربه‌های خانگی عضو یک خانواده هستند؛ اما اندازه‌های آن‌ها به طور قابل توجهی متفاوت است. دلیل این تفاوت چیست؟,"['ترکیب بیوشیمیایی', 'ترکیب رفتاری', 'ژنتیک', 'اندازه زیستگاه']",C,تغییرات [MASK]ی در طول تکامل، منجر به تفاوت‌های فیزیکی قابل توجهی بین اعضای یک خانواده می‌شود.,C,0.8655045628547668,C,0.9535621404647828,True,True,True,True,[0.11759175 0.00740084 0.86550456 0.00950287],[0.0422252  0.00223785 0.95356214 0.0019749 ],0.7960129380226135,0.86550456,0.95356214,0.0880575799999999,0.8411579132080078,0.6751948595046997,0.7490941286087036,0.8293086886405945,0.6537894010543823,0.7311630249023438
590,لوئیس پاستور فرایندی را ایجاد کرد که مقدار باکتری‌ها در شیر را کاهش می‌دهد. این فرآیند چگونه احتمالاً به مردم سود می‌زند؟,"['با کمک به جلوگیری از آلرژی\u200cهای غذایی', 'با تشویق مردم به خوردن غذاهای سالم', 'با کمک به جلوگیری از بیمار شدن مردم', 'با درمان بیماری\u200cهای ناشی از کمبود ویتامین\u200cها']",C,با کاهش باکتری‌های بیماری‌زا در شیر، خطر ابتلا به بیماری‌های ناشی از آن‌ها کاهش می‌یابد و از بیمار شدن مردم جلوگیری می‌شود.,C,0.8282198309898376,C,0.9696495532989502,True,True,True,True,[0.16276793 0.0063607  0.82821983 0.00265153],[2.9510532e-02 7.8642904e-04 9.6964955e-01 5.3517168e-05],0.7736184000968933,0.82821983,0.96964955,0.1414297199999999,0.890724778175354,0.724746584892273,0.7992091178894043,0.890724778175354,0.724746584892273,0.7992091178894043
591,کدام یک از موارد زیر نمایانگر فرآیند فتوسنتز است؟,"['C_{6}H_{12}O_{6} -> 6CO_{2} + 6H_{2}O', '6CO_{2} + 6H_{2}O -> C_{6}H_{12}O_{6} + 6O_{2}', '2H_{2}O -> 2H_{2} + O_{2}', '2H_{2} + O_{2} -> 2H_{2}O']",B,فتوسنتز فرآیندی است که در آن دی‌اکسیدکربن و آب به گلوکز و اکسیژن تبدیل می‌شوند.,B,0.9758775234222412,B,0.9896950721740724,True,True,True,True,[0.01993969 0.9758775  0.00305785 0.00112492],[7.4976105e-03 9.8969507e-01 2.4341177e-03 3.7328404e-04],0.7644635438919067,0.9758775,0.98969507,0.01381757,0.9424656629562378,0.5269151926040649,0.6759302020072937,0.9433642029762268,0.5289871692657471,0.6778647899627686
592,در برخی از گونه‌های گیاهان، گل‌های بنفش (P) بر گل‌های سفید (p) غالب هستند. اگر دو گیاه هتروزیگوت با هم تلاقی کنند، فنو تایپ فرزندان چه خواهد بود؟,"['100% گل\u200cهای بنفش', '100% گل\u200cهای سفید', '75% گل\u200cهای سفید، 25% گل\u200cهای بنفش', '25% گل\u200cهای سفید، 75% گل\u200cهای بنفش']",D,تلاقی دو گیاه هتروزیگوت منجر به 25% pp و 75% Pp یا PP می‌شود که به دلیل غالب بودن P، فنوتیپ 25% سفید و 75% بنفش را نتیجه می‌دهد.,C,0.5992873907089233,D,0.5355826020240784,False,True,True,True,[0.17169872 0.00854838 0.5992874  0.22046551],[0.1354165  0.00415362 0.32484728 0.5355826 ],0.8211541771888733,0.22046551,0.5355826,0.31511709,0.7092811465263367,0.5930428504943848,0.6459745764732361,0.7092811465263367,0.5930428504943848,0.6459745764732361
593,اگر در مدت زمان کوتاهی بارش زیادی اتفاق بیفتد، کدام فرایند در چرخه آب اولین بار تحت تأثیر قرار می‌گیرد؟,"['جریان سطحی', 'تبخیر', 'میعان', 'تعریق']",A,افزایش ناگهانی بارش، موجب افزایش حجم آب روی سطح زمین و در نتیجه، فعال شدن سریع [MASK] می‌شود.,A,0.539199948310852,A,0.9374080896377563,True,True,True,True,[0.53919995 0.36914155 0.03460481 0.05705369],[0.9374081  0.03613491 0.01934162 0.00711539],0.8169688582420349,0.53919995,0.9374081,0.39820815,0.7667897939682007,0.6679618954658508,0.7139720916748047,0.7693089842796326,0.6681055426597595,0.7151445746421814
594,"دهانه‌ها به عنوان ""پرورشگاه‌های دریا"" نامیده می‌شوند زیرا بسیاری از گونه‌ها تخم‌ریزی کرده و جوانان خود را در دهانه‌ها توسعه می‌دهند. کدام دو ویژگی دهانه‌ها بیشترین حمایت را از این نقش انجام می‌دهند؟","['مواد مغذی متمرکز و شیب نمکی تند', 'پناهگاه فراوان و مواد مغذی متمرکز', 'شیب نمکی تند و آب کم عمق', 'آب کم عمق و پناهگاه فراوان']",B,[MASK]، شرایط ایده‌آلی را برای تخم‌ریزی و رشد گونه‌ها فراهم می‌کند.,B,0.7080850005149841,B,0.9311605095863342,True,True,True,True,[2.5998163e-01 7.0808500e-01 6.3941506e-04 3.1293910e-02],[5.952710e-02 9.311605e-01 1.836326e-04 9.128776e-03],0.5485022664070129,0.708085,0.9311605,0.2230754999999999,0.742824912071228,0.526642918586731,0.6163267493247986,0.7546987533569336,0.5246922969818115,0.6190204620361328
595,یک دانشمند تحقیقاتی به طور مکرر پرنده‌ای را مشاهده می‌کند که از یک گونه خاص پروانه اجتناب می‌کند در حالی که پروانه‌های دیگر را می‌خورد. کدام عبارت به احتمال زیاد رفتار پرنده را توضیح می‌دهد؟,"['الف) این رفتار یک عمل تصادفی است.', 'ب) این رفتار نتیجه یک جهش ژنتیکی است.', 'ج) این رفتار از والدین پرنده به ارث رسیده است.', 'د) این رفتار در طول زندگی پرنده آموخته می\u200cشود.']",D,این رفتار احتمالاً از طریق تجربه و یادگیری پرنده در طول زندگی‌اش آموخته شده است.,D,0.7094788551330566,D,0.9176757335662842,True,True,True,True,[0.05139448 0.00879256 0.23033406 0.70947886],[0.05217778 0.0054995  0.02464703 0.91767573],0.727480947971344,0.70947886,0.91767573,0.2081968699999999,0.8042058348655701,0.614646852016449,0.6967637538909912,0.8042058348655701,0.6146469116210938,0.696763813495636
596,دانشمندان یک موشک را برای یک مأموریت به فضا پرتاب می‌کنند. زمانی که موشک از نیروی گرانشی زمین فرار کند، چگونه بر جرم و وزن موشک تأثیر خواهد گذاشت؟,"['جرم و وزن تغییر خواهد کرد.', 'جرم و وزن ثابت خواهد ماند.', 'جرم ثابت خواهد ماند، اما وزن تغییر خواهد کرد.', 'جرم تغییر خواهد کرد، اما وزن ثابت خواهد ماند.']",C,جرم موشک ثابت می‌ماند زیرا ویژگی ذاتی جسم است، اما وزن آن تغییر می‌کند زیرا نیروی گرانش با فاصله از زمین کاهش می‌یابد.,C,0.8543535470962524,C,0.976220726966858,True,True,True,True,[0.11607672 0.01752497 0.85435355 0.01204472],[2.2824382e-02 3.4656993e-04 9.7622073e-01 6.0824916e-04],0.8131750226020813,0.85435355,0.97622073,0.1218671799999999,0.8101890087127686,0.6771913170814514,0.7377440333366394,0.8101890087127686,0.6771913170814514,0.7377440333366394
597,کارولینای ویرن و بونتینگ‌های رنگی دو گونه پرنده هستند که در قلمروهای هم‌پوشانی زندگی می‌کنند. آن‌ها نیازهای متفاوتی از نظر غذا و nesting دارند. کدام اصطلاح بهترین توصیف کننده رابطه بین این دو گونه است؟,"['پارازیتیسم', 'همزیستی', 'همزیستی', 'متقابل\u200cسازی']",C,زندگی دو گونه پرنده با نیازهای متفاوت در قلمروهای هم‌پوشانی بدون تأثیر مثبت یا منفی بر یکدیگر، رابطه [MASK] را نشان می‌دهد.,B,0.5187131762504578,B,0.0123106241226196,False,False,False,False,[0.40397424 0.5187132  0.01560271 0.06170993],[0.19408089 0.7706092  0.01231062 0.02299927],0.7247925996780396,0.01560271,0.01231062,-0.00329209,0.7255153059959412,0.5495355129241943,0.6253811717033386,0.7289916276931763,0.5426957607269287,0.6221979856491089
598,گسترش بستر دریا در مرزهای واگرا اتفاق می‌افتد. کدام جمله بهترین توصیف فرآیند زمین‌شناسی است که در نقطه‌ای که گسترش بستر دریا رخ می‌دهد، اتفاق می‌افتد؟,"['یک خندق در حال شکل\u200cگیری است', 'پوسته جدید در حال شکل\u200cگیری است', 'پوسته اقیانوسی در حال زیرپوشش رفتن است', 'یک صفحه قاره\u200cای در حال زیرپوشش رفتن است']",B,مواد مذاب از گوشته زمین به سطح زمین آورده می‌شوند و به صورت پوسته جدید در کف دریا گسترش می‌یابند.,C,0.7771300673484802,B,0.971178650856018,False,True,True,True,[0.15242939 0.04948658 0.77713007 0.02095393],[0.02292933 0.97117865 0.00451505 0.00137701],0.787351131439209,0.04948658,0.97117865,0.92169207,0.9554529190063477,0.7575913071632385,0.8450953364372253,0.9554529786109924,0.7575912475585938,0.8450953364372253
599,دانش‌آموزان یک شکاف بزرگ را در سنگی مشاهده کردند که درختی از آن رشد کرده بود. دانش‌آموزان کدام فرآیند را مشاهده می‌کردند؟,"['الف) اکسیداسیون', 'ب) رسوب\u200cگذاری', 'ج) فرسایش', 'د) تجزیه']",C,فرآیند جداسازی و از بین رفتن سنگ‌ها به دلیل رشد تدریجی درخت از شکاف آن‌ها.,B,0.5129252672195435,A,0.0606421157717704,False,False,False,False,[0.18795902 0.51292527 0.025637   0.27347875],[0.44460094 0.18679087 0.06064212 0.30796608],0.7608353495597839,0.025637,0.06064212,0.03500512,0.6109135150909424,0.5312127470970154,0.5682822465896606,0.6109135746955872,0.5312128067016602,0.5682823657989502
600,کِوین در یک شب صاف به آسمان نگاه می‌کند. با چشم غیرمسلح، او قادر است زهره، مریخ، مشتری و زحل را ببیند. چرا زهره نسبت به سایر سیارات، درخشان‌تر به نظر می‌رسد؟,"['زیرا بیشترین نور خورشید را به سمت زمین منعکس می\u200cکند.', 'زیرا داغ\u200cتر از سایر سیارات است.', 'زیرا بزرگ\u200cتر از سایر سیارات است.', 'زیرا نزدیک\u200cترین سیاره به خورشید است.']",A,زهره به دلیل بازتابش نور خورشید بسیار درخشان است زیرا سطح آن نور خورشید را به خوبی منعکس می‌کند.,D,0.7480944991111755,D,0.2019668072462082,False,False,False,False,[2.4192385e-01 9.3074078e-03 6.7422632e-04 7.4809450e-01],[2.0196681e-01 1.7202650e-03 6.3285016e-04 7.9568005e-01],0.8595415949821472,0.24192385,0.20196681,-0.03995704,0.8468114733695984,0.601309061050415,0.703249990940094,0.8468114733695984,0.601309061050415,0.703249990940094
601,دانش‌آموزان می‌خواهند در مدرسهٔ خود یک درخت لیمو بکارند، اما دمای سرد زمستانی در ماساچوست موجب می‌شود که درخت از بین برود. کدام‌یک از راه‌حل‌های زیر بهترین راه برای حل این مشکل است؟,"['کاشت چند درخت لیمو در کنار یکدیگر', 'ساخت یک گلخانه به منظور حفاظت از درخت لیمو', 'دادن کود اضافی به درخت لیمو در زمستان', 'بستن یک چوب به درخت لیمو برای پشتیبانی در طول زمستان']",B,ساخت گلخانه محیطی گرم و محافظت‌شده برای درخت ایجاد می‌کند و آن را از سرمای زمستان حفظ می‌کند.,B,0.932990312576294,B,0.9962069988250732,True,True,True,True,[0.05976068 0.9329903  0.00177664 0.00547243],[3.5928835e-03 9.9620700e-01 8.4496525e-05 1.1549305e-04],0.51124107837677,0.9329903,0.996207,0.0632166999999999,0.7352285981178284,0.5231667757034302,0.6113295555114746,0.7352285981178284,0.5231667757034302,0.6113295555114746
602,کدامیک از وظایف اصلی واکوئل‌ها در سلول‌ها است؟,"['ذخیره آب و غذا برای سلول\u200cها', 'آزادسازی انرژی برای سلول\u200cها', 'کنترل ورود و خروج مواد به و از سلول\u200cها', 'تأمین حفاظت برای سلول\u200cها']",A,ذخیره آب و مواد غذایی در سلول‌ها از وظایف اصلی واکوئل‌ها است که می‌توانند در گیاهان به عنوان محل ذخیره عمل کنند.,C,0.6843938231468201,A,0.979473888874054,False,True,True,True,[0.02674496 0.28529778 0.6843938  0.00356342],[9.7947389e-01 1.8908294e-03 1.7939691e-02 6.9559726e-04],0.8921295404434204,0.02674496,0.97947389,0.95272893,0.9005982875823975,0.738433837890625,0.8114938735961914,0.8992239236831665,0.732812225818634,0.8075339198112488
603,یک نوع دارو برای سرماخوردگی قرص جوشان است که در آب حل می‌شود. زمانی که این قرص در آب قرار می‌گیرد، حباب‌های گاز ایجاد می‌کند. در این مثال، تشکیل گاز,"['الف) یک خاصیت فیزیکی است.', 'ب) وقتی آب به اسید اضافه می\u200cشود، رخ می\u200cدهد.', 'ج) نشانه\u200cای از تغییر شیمیایی است.', 'د) وقتی آب به جوش می\u200cآید، رخ می\u200cدهد.']",C,تشکیل حباب‌های گاز نشان‌دهنده یک تغییر شیمیایی است.,A,0.9746404886245728,C,0.8116516470909119,False,True,True,True,[0.9746405  0.00586374 0.00355654 0.01593929],[0.18110397 0.00546887 0.81165165 0.00177548],0.7553918957710266,0.00355654,0.81165165,0.8080951099999999,0.8685387969017029,0.5631507635116577,0.6832742691040039,0.8685387969017029,0.5631507635116577,0.6832742691040039
604,"یک شرکت چوب در حال تقسیم یک جنگل 10,000 هکتاری به 5 بخش است. کدام واحد برای نشان دادن مساحت بخش‌های تقسیم شده مناسب‌تر است؟","['اینچ مربع (in.^2)', 'متر مربع (m^2)', 'کیلومتر مربع (km^2)', 'سانتیمتر مربع (cm^2)']",C,"با توجه به مساحت 10,000 هکتاری جنگل و تقسیم آن به 5 بخش، واحد کیلومتر مربع برای بیان مساحت بخش‌ها مناسب‌تر است.",B,0.978893220424652,C,0.995745837688446,False,True,True,True,[0.01241909 0.9788932  0.00753256 0.00115516],[2.8187812e-03 1.2905321e-03 9.9574584e-01 1.4479368e-04],0.9207969307899476,0.00753256,0.99574584,0.98821328,0.8228689432144165,0.696915864944458,0.754673182964325,0.8228689432144165,0.696915864944458,0.754673182964325
605,کدام یک از موارد زیر کمتر احتمال دارد که با اعمال حرارت از حالت جامد به حالت مایع تغییر کند؟,"['کره', 'کاغذ', 'یخ', 'موم شمع']",B,[MASK] در اثر حرارت می‌سوزد و تغییر حالت نمی‌دهد.,A,0.3994861245155334,C,0.0732534751296043,False,False,False,False,[0.39948612 0.10100591 0.35254526 0.14696273],[0.32829928 0.07325348 0.47767264 0.12077456],0.8617340922355652,0.10100591,0.07325348,-0.02775243,0.9296185970306396,0.6435334086418152,0.7605629563331604,0.9306315779685974,0.6316465139389038,0.7525295615196228
606,کدام یک از این موارد یک ماده مرکب است؟,"['یک پنجره شیشه\u200cای', 'یک مجسمه برنزی', 'یک قوطی آلومینیومی', 'یک سپر فیبر شیشه\u200cای']",D,ترکیبی از دو یا چند ماده که به هم متصل شده اند.,A,0.5158541798591614,D,0.7011882066726685,False,True,True,True,[0.5158542  0.07036082 0.01203732 0.40174764],[0.05733264 0.22675498 0.01472424 0.7011882 ],0.6249672770500183,0.40174764,0.7011882,0.29944056,0.6516714096069336,0.5248745679855347,0.5814405083656311,0.6544926762580872,0.5270751714706421,0.5839136838912964
607,در مقایسه فلزات با غیر فلزات، فلزات تمایل دارند که,"['نقطه ذوب پایین\u200cتری و رسانایی بیشتری نسبت به غیر فلزات داشته باشند.', 'رسانایی کمتری و چگالی کمتری نسبت به غیر فلزات داشته باشند.', 'چگالی بالاتری و نقطه ذوب پایین\u200cتری نسبت به غیر فلزات داشته باشند.', 'رسانایی بیشتری و نقطه ذوب بالاتری نسبت به غیر فلزات داشته باشند.']",D,فلزات معمولاً نقطه ذوب بالا و رسانایی الکتریکی و حرارتی خوبی دارند، در حالی که غیرفلزات نقطه ذوب پایین‌تر و رسانایی کمتری دارند.,C,0.5567495822906494,D,0.6197193264961243,False,True,True,True,[0.15951143 0.15951143 0.5567496  0.12422763],[0.10769107 0.09503704 0.17755257 0.6197193 ],0.912212073802948,0.12422763,0.6197193,0.4954916699999999,0.9068515300750732,0.7249284982681274,0.8057489395141602,0.9068515300750732,0.7249284982681274,0.8057489395141602
608,نرخ رشد یک نوع چمن در یک حیاط بدون درخت و یک حیاط سایه‌دار اندازه‌گیری شد. چمن در حیاط بدون درخت دو برابر سریع‌تر رشد کرد. کدام عامل احتمالاً به اختلاف در نرخ رشد کمک کرده است؟,"['مقدار حیوانات', 'مقدار نور', 'مقدار خاک', 'مقدار باران']",B,نور دریافتی احتمالاً عامل مؤثر است زیرا چمن در محیط باز سریع‌تر رشد می‌کند.,B,0.9886610507965088,B,0.9978919625282288,True,True,True,True,[0.00584445 0.98866105 0.00147771 0.00401683],[1.2584284e-03 9.9789196e-01 5.4124335e-04 3.0839120e-04],0.8039557933807373,0.98866105,0.99789196,0.0092309099999999,0.7667078375816345,0.6294845938682556,0.6913527846336365,0.7667078971862793,0.6294846534729004,0.6913528442382812
609,کدام‌یک از این بیانیه‌ها بهترین توصیف را از یک عواقب محیطی احتمالی در ساخت یک مزرعه بادی بزرگ برای تولید برق ارائه می‌دهد؟,"['مزارع بادی اقلیم منطقه\u200cای را تغییر می\u200cدهند.', 'مزارع بادی می\u200cتوانند به حیات وحش مهاجر آسیب برسانند.', 'مزارع بادی از یک منبع انرژی تجدیدپذیر استفاده می\u200cکنند.', 'مزارع بادی برق مستقیم تولید می\u200cکنند.']",B,ساخت مزرعه بادی می‌تواند به حیات وحش مهاجر، به ویژه پرندگان و خفاش‌ها، به دلیل برخورد با توربین‌ها آسیب برساند.,A,0.6145972609519958,B,0.9975351095199584,False,True,True,True,[0.61459726 0.257205   0.08350224 0.04469553],[2.1566770e-03 9.9753511e-01 1.2553365e-04 1.8265039e-04],0.8733127117156982,0.257205,0.99753511,0.7403301099999999,0.7585322856903076,0.564924955368042,0.6475673317909241,0.7585322856903076,0.564924955368042,0.6475673317909241
610,کدام آب‌راه کمترین تعداد گیاهان و جانوران زندگی می‌کند؟,"['a) اقیانوس', 'b) جویبار', 'c) یخچال طبیعی', 'd) مصب']",C,یخچال‌های طبیعی به دلیل شرایط بسیار سرد، زیستگاه محدودی دارند.,C,0.7472605109214783,C,0.7649470567703247,True,True,True,True,[0.13087286 0.0793784  0.7472605  0.0424882 ],[0.10433628 0.10433628 0.76494706 0.02638034],0.7624847292900085,0.7472605,0.76494706,0.01768656,0.6938193440437317,0.5541363954544067,0.61616051197052,0.6938193440437317,0.554136335849762,0.61616051197052
611,کلاس آقای جنکینز در حال مطالعه کروموزوم های جنسی است. او به دانش‌آموزانش می‌گوید که هسته‌های سلول‌های انسانی ۲۲ جفت اتوزوم دارند. بدن انسان چند کروموزوم جنسی دارد؟,"['1', '2', '23', '46']",B,ژنوم انسانی دارای یک جفت کروموزوم جنسی است.,C,0.9935932755470276,C,0.286932498216629,False,False,False,False,[4.0924363e-03 6.0828635e-04 9.9359328e-01 1.7059812e-03],[0.02078532 0.2869325  0.6883153  0.00396695],0.7973402142524719,0.00060828635,0.2869325,0.28632421365,0.8753178715705872,0.6262601613998413,0.730134129524231,0.8753178715705872,0.6262601613998413,0.730134129524231
612,یک دانش‌آموز برنامه‌ریزی می‌کند که یک تیوپ خمیردندان جدید طراحی کند که هر بار که فشرده شود، میزان یکسانی خمیردندان را به دست دهد. دانش‌آموز در طراحی تیوپ جدید باید ابتدا چه کاری انجام دهد؟,"['جدول\u200c داده\u200cهایی از مقادیر خمیردندان تهیه کند', 'مواد ساخت را جمع\u200cآوری کند', 'مدل\u200cهایی از تیوپ\u200cهای خمیردندان قدیمی بسازد', 'چند راه\u200cحل ممکن را رسم کند']",D,دانش‌آموز ابتدا باید چند راه‌حل ممکن را برای طراحی تیوپ خمیردندان جدید رسم کند تا ایده‌های مختلف را بررسی و بهترین راه‌حل را انتخاب کند.,A,0.990423619747162,D,0.962128758430481,False,True,True,True,[0.9904236  0.00169722 0.00671264 0.00116648],[1.7348798e-02 8.6374587e-04 1.9658767e-02 9.6212876e-01],0.90963214635849,0.00116648,0.96212876,0.96096228,0.8472281694412231,0.6434124708175659,0.7313864827156067,0.8408718109130859,0.6387115120887756,0.7259807586669922
613,حیوانات ممکن است به یکدیگر حمله کنند، صداهای تهدیدآمیز ایجاد کنند و به طور تهاجمی نسبت به اعضای همان گونه عمل کنند. این رفتارها معمولاً به عنوان نتیجه,"['الف) رقابت', 'ب) حفاظت', 'ج) تجزیه', 'د) آلوده سازی']",A,رقابت برای منابع محدود، موجب رفتارهای تهاجمی و تعیین برتری می‌شود.,B,0.7588242888450623,A,0.9915533661842346,False,True,True,True,[0.21825771 0.7588243  0.00735258 0.01556542],[9.9155337e-01 7.5116884e-03 5.1117683e-04 4.2378047e-04],0.6424193382263184,0.21825771,0.99155337,0.77329566,0.7656630277633667,0.5850273370742798,0.6632664203643799,0.7656630277633667,0.5850273370742798,0.6632664203643799
614,کدام یک از ویژگی‌های زیرین یک گرگ فردی بیشتر تحت تأثیر محیطش قرار می‌گیرد؟,"['اندازه پاهای آن', 'رنگ چشمان آن', 'شکل گوش\u200cهای آن', 'وضعیت پوست آن']",D,ویژگی فیزیکی گرگ که بیشتر تحت تأثیر محیط است، [MASK] است که با تغذیه، آب و هوا و شرایط زندگی تغییر می‌کند.,B,0.3938647806644439,C,0.1336183398962021,False,False,False,False,[0.21082063 0.39386478 0.3067422  0.08857238],[0.28287002 0.2202994  0.3632123  0.13361834],0.8120151162147522,0.08857238,0.13361834,0.0450459599999999,0.7300698757171631,0.6140266060829163,0.6670389175415039,0.7385387420654297,0.6204830408096313,0.6743832230567932
615,سرعت صوت معمولاً در کجا بیشترین است؟,"['مواد جامد و پایین\u200cترین در مایعات.', 'مواد جامد و پایین\u200cترین در گازها.', 'گازها و پایین\u200cترین در مایعات.', 'گازها و پایین\u200cترین در مواد جامد.']",B,سرعت صوت بیشترین مقدار را در مواد جامد به دلیل ساختار منظم و قوی آن‌ها دارد و کمترین مقدار را در گازها به علت ضعف پیوندهای بین مولکولی نشان می‌دهد.,B,0.8869783282279968,A,0.4491671919822693,True,False,False,False,[0.07294995 0.8869783  0.0390473  0.00102444],[0.5089731  0.4491672  0.03686989 0.0049898 ],0.8606170415878296,0.8869783,0.4491672,-0.4378111,0.7720887660980225,0.6948398947715759,0.7314303517341614,0.7720887660980225,0.6948398351669312,0.7314303517341614
616,شخصیت یک ماهی طلایی دارد که در یک مخزن نگه می‌دارد. او چندین گیاه آبزی را در ته مخزن کاشته است. ماهی طلایی و گیاهان در مخزن چگونه مشابه هستند؟,"['هر دو اکسیژن به آب اضافه می\u200cکنند.', 'هر دو عمل فتوسنتز را انجام می\u200cدهند.', 'هر دو از سلول\u200cها تشکیل شده\u200cاند.', 'هر دو غذا می\u200cخورند.']",C,هر دو از واحدهای ساختاری پایه به نام سلول تشکیل شده‌اند.,A,0.5969745516777039,C,0.9782893061637878,False,True,True,True,[0.59697455 0.3635005  0.00968696 0.02983794],[1.7848138e-02 3.5145069e-03 9.7828931e-01 3.4798330e-04],0.5065209269523621,0.00968696,0.97828931,0.96860235,0.6476076245307922,0.5055797100067139,0.5678475499153137,0.6476076245307922,0.5055797100067139,0.5678475499153137
617,در حین یک سفر میدانی به ناسا، فلیشیا یک فیلم کوتاه درباره مواد تشکیل‌دهنده سحابی‌ها دید. کدام موضوع احتمالاً در این فیلم ارائه شده است؟,"['توسعه سیارک\u200cها', 'تشکیل ستاره\u200cها', 'مدارهای سیاره\u200cای', 'اشکال کهکشان']",B,سحابی‌ها محل تولد ستارگان جدید هستند، بنابراین محتمل است که فیلم شامل اطلاعاتی درباره چگونگی [MASK] باشد.,A,0.453641802072525,B,0.986627161502838,False,True,True,True,[0.4536418  0.18910603 0.00395555 0.35329658],[9.6160434e-03 9.8662716e-01 2.1918982e-04 3.5375445e-03],0.7226223945617676,0.18910603,0.98662716,0.7975211299999999,0.8186359405517578,0.6143521070480347,0.7019328474998474,0.8092029094696045,0.611160159111023,0.6963748931884766
618,کهکشان راه شیری بخشی از ۳۰ یا بیشتر کهکشان به نام گروه محلی است. دلیل محتمل‌تری که این کهکشان‌ها به عنوان بخشی از گروه محلی در نظر گرفته می‌شوند چه چیزی می‌تواند باشد؟,"['همه آنها از یک نوع کهکشان هستند.', 'همه آنها دارای همان تعداد ستاره هستند.', 'همه آنها به وسیلهٔ جاذبه به یکدیگر جذب شده\u200cاند.', 'همه آنها بدون نیاز به تلسکوپ قابل مشاهده هستند.']",C,همه آنها به وسیله نیروی جاذبه به یکدیگر متصل شده و در یک مجموعه فیزیکی قرار دارند.,C,0.9761878848075868,C,0.9830724000930786,True,True,True,True,[2.2690272e-02 6.0467527e-04 9.7618788e-01 5.1720615e-04],[1.5889885e-02 9.5426181e-04 9.8307240e-01 8.3382467e-05],0.712852418422699,0.97618788,0.9830724,0.0068845199999999,0.8940625190734863,0.6763741970062256,0.7701308131217957,0.8940625190734863,0.6763741970062256,0.7701308131217957
619,یک معلم علوم یک بالن را با گاز هلیوم پر کرد و بالن دوم را با دی‌اکسید کربن پر کرد. بالن پرشده با هلیوم به سقف رفت و بالن پرشده با دی‌اکسید کربن به زمین افتاد. کدامیک از جملات یک استنتاج بر اساس این نمایشی است؟,"['هر بالن به گونه\u200cای متفاوت رفتار کرد.', 'گاز هلیوم چگالی کمتری نسبت به هوا دارد.', 'دی\u200cاکسید کربن باعث انبساط بالن می\u200cشود.', 'بناها می\u200cتوانند با گازهای مختلف پر شوند.']",B,چگالی هلیوم کمتر از هواست، بنابراین بالن پر شده با آن به بالا رفت؛ در حالی که دی‌اکسید کربن با چگالی بیشتر به زمین افتاد.,C,0.4533667266368866,B,0.8881168961524963,False,True,True,True,[0.2749808  0.24266973 0.45336673 0.02898276],[1.0690236e-01 8.8811690e-01 3.5657556e-04 4.6241418e-03],0.8579306602478027,0.24266973,0.8881169,0.64544717,0.7643550634384155,0.6718243956565857,0.7151089310646057,0.7643550634384155,0.6718243956565857,0.7151089310646057
620,بدن‌های انسانی دارای ساختارهای پیچیده‌ای هستند که از رشد و بقا حمایت می‌کنند. پایه‌ای‌ترین ساختار بدن انسان که از رشد و بقا حمایت می‌کند چیست؟,"['یک سلول', 'یک بافت', 'یک عضو', 'یک سیستم اندامی']",A,سلول واحد بنیادی ساختاری و عملکردی بدن است و مسئول رشد، تکثیر و بقای بدن می‌باشد.,B,0.8828116655349731,A,0.9736230969429016,False,True,True,True,[0.10482083 0.88281167 0.0013195  0.01104803],[9.7362310e-01 2.6124151e-02 7.1119779e-05 1.8161071e-04],0.8341640830039978,0.10482083,0.9736231,0.86880227,0.8436304330825806,0.656168520450592,0.738183856010437,0.851607620716095,0.6628583669662476,0.7454710006713867
621,در چه سطحی از سازمان‌دهی، آسیب باعث مختل شدن عملکرد کل سیستم می‌شود؟,"['یک سلول', 'یک اندام', 'یک بافت', 'یک ارگانل']",B,آسیب در این سطح، عملکرد کل سیستم را مختل می‌کند.,B,0.5404096841812134,B,0.6359598636627197,True,True,True,True,[0.08287451 0.5404097  0.00529799 0.3714178 ],[0.12522793 0.63595986 0.00485561 0.23395656],0.83259117603302,0.5404097,0.63595986,0.09555016,0.8680617809295654,0.693252444267273,0.7708710432052612,0.86631840467453,0.6936474442481995,0.7704265117645264
622,کدام حیوان احتمال بیشتری دارد که در محل خود بماند؟,"['یک روباه در آتش\u200cسوزی جنگل', 'یک قورباغه که دریاچه\u200cاش خشک شده است', 'یک بیور که تازه سد خود را ساخته است', 'یک خرگوش که به خاطر خشکسالی غذایش تمام شده است']",C,بیوری که سد خود را ساخته است، منبع آب و غذا دارد و نیازی به مهاجرت ندارد.,B,0.6155939698219299,C,0.8830750584602356,False,True,True,True,[0.28965232 0.61559397 0.05033403 0.04441962],[0.04981969 0.06396975 0.88307506 0.00313549],0.7933465838432312,0.05033403,0.88307506,0.83274103,0.7071499824523926,0.6486507654190063,0.6766383647918701,0.7062350511550903,0.6558507680892944,0.6801110506057739
623,کدام یک از این فعالیت‌ها بیشتر احتمال دارد که تأثیر مثبتی بر محیط زیست زمین داشته باشد؟,"['گسترش محله\u200cها', 'ساخت کارخانه\u200cها', 'ساخت بزرگراه\u200cها', 'ایجاد مناطق حفاظت شده از طبیعت']",D,حفاظت از زیستگاه‌های طبیعی و گونه‌های مختلف، موجب کاهش تخریب و حفظ تنوع زیستی می‌شود.,D,0.8501114249229431,D,0.8632041811943054,True,True,True,True,[0.10093816 0.04767981 0.00127062 0.8501114 ],[0.09169462 0.04331347 0.00178776 0.8632042 ],0.7972164750099182,0.8501114,0.8632042,0.0130928,0.8031838536262512,0.6638065576553345,0.7268741130828857,0.8083897829055786,0.6676150560379028,0.7312891483306885
624,یک گل می‌تواند به چه چیزی تبدیل شود؟,"['میوه', 'برگ', 'ساقه', 'شاخه']",A,گل پس از گرده‌افشانی و لقاح به بخشی تبدیل می‌شود که دانه‌های گیاه را محافظت می‌کند.,A,0.971642017364502,C,0.4031158089637756,True,False,False,False,[0.971642   0.00848885 0.00400985 0.01585925],[0.4031158  0.00566099 0.58653    0.00469313],0.8958019018173218,0.971642,0.4031158,-0.5685262,0.810781717300415,0.6858566999435425,0.743105411529541,0.8087513446807861,0.6915721893310547,0.7455857992172241
625,یک فنجان آب و یک فنجان مشابه بنزین در یک روز گرم آفتابی بر روی میزی نزدیک پنجره قرار داده شدند. چند ساعت بعد مشاهده شد که هر دو فنجان مایع کمتری دارند اما بنزین کمتری نسبت به آب باقی مانده است. این آزمایش چه چیزی را نشان می‌دهد؟,"['همه مایعات تبخیر می\u200cشوند.', 'بنزین داغ\u200cتر از آب می\u200cشود.', 'برخی مایعات سریع\u200cتر از دیگران تبخیر می\u200cشوند.', 'مایعات فقط در زیر نور آفتاب تبخیر می\u200cشوند.']",C,برخی مایعات نرخ تبخیر متفاوتی دارند و بنزین سریع‌تر از آب تبخیر می‌شود.,B,0.5229635238647461,C,0.9765764474868774,False,True,True,True,[0.116234   0.5229635  0.35802594 0.00277661],[1.3821710e-02 9.4995135e-03 9.7657645e-01 1.0228324e-04],0.8288386464118958,0.35802594,0.97657645,0.61855051,0.7311592102050781,0.5807417631149292,0.6473273634910583,0.7329516410827637,0.5823450684547424,0.6490258574485779
626,پس از بارش سنگین باران، لغزش گل و لای به یک برکه می‌ریزد و گل در آب مخلوط می‌شود. کدام یک از موارد زیر بیشتر احتمال دارد که اتفاق بیفتد؟,"['ماهی\u200cها غذاهای بیشتری خواهند داشت.', 'درختان قادر به دریافت نور بیشتری خواهند بود.', 'راكون\u200cها نخواهند توانست غذا پیدا کنند.', 'گیاهان زیر آب نور کمتری دریافت خواهند کرد.']",D,افزایش کدورت آب باعث کاهش نور رسیده به گیاهان زیر آب می‌شود.,A,0.6498284339904785,A,0.4609951972961426,False,False,False,False,[0.64982843 0.0253942  0.11380892 0.2109684 ],[0.4609952  0.0229516  0.05505802 0.4609952 ],0.8241500854492188,0.2109684,0.4609952,0.2500268,0.8129340410232544,0.5604456663131714,0.6634805202484131,0.8089936971664429,0.5586267113685608,0.6608931422233582
627,در کدام فاز ماه یک خورشید گرفتگی می‌تواند رخ دهد؟,"['پر', 'نو', 'ربع', 'هلال']",B,زمانی که ماه بین زمین و خورشید قرار می‌گیرد، خورشید گرفتگی رخ می‌دهد که فقط در ماه [MASK] امکان‌پذیر است.,D,0.8010634779930115,D,0.069150872528553,False,False,False,False,[0.12236813 0.05780261 0.01876576 0.8010635 ],[0.1463924  0.06915087 0.27349702 0.5109597 ],0.8852716684341431,0.05780261,0.06915087,0.01134826,0.8717510104179382,0.7646524906158447,0.8146970272064209,0.8659920692443848,0.7605834007263184,0.8098723292350769
628,کدام یک از موارد زیر دارای بزرگترین جرم است؟,"['ستاره', 'ماه', 'سیاره', 'کهکشان']",D,[MASK]‌ها از میلیاردها [MASK] و اجرام تشکیل شده‌اند، پس جرم بسیار بیشتری دارند.,D,0.3668065965175628,D,0.9632387161254884,True,True,True,True,[0.32370567 0.28566927 0.02381843 0.3668066 ],[0.01999138 0.0155693  0.00120058 0.9632387 ],0.7673959732055664,0.3668066,0.9632387,0.5964321,0.8263569474220276,0.6637959480285645,0.736209511756897,0.8104429841041565,0.6365188360214233,0.713028073310852
629,طوفان‌ها آب را به صورت باران جابجا می‌کنند. انرژی که این فرایند را آغاز می‌کند از کجا تأمین می‌شود؟,"['خورشید.', 'دریاها.', 'زمین.', 'ابرها.']",A,گرمای خورشید باعث تبخیر آب شده و این فرآیند منجر به تشکیل ابرها و بارش باران می‌شود.,A,0.9897083640098572,A,0.9970441460609436,True,True,True,True,[9.8970836e-01 5.9080548e-03 3.2305476e-04 4.0605422e-03],[9.9704415e-01 2.7950273e-03 3.4101697e-05 1.2670318e-04],0.8358542323112488,0.98970836,0.99704415,0.00733579,0.836553692817688,0.6586397886276245,0.7370116710662842,0.8365536332130432,0.6586397290229797,0.7370116710662842
630,در یک جنگل سالم، درختان و شاخه‌های مرده به زمین می‌افتند و تجزیه می‌شوند. کدام یک از این جملات بهترین توصیف را از اهمیت تجزیه برای اکوسیستم جنگل ارائه می‌دهد؟,"['مواد مغذی زمانی که چوب تجزیه می\u200cشود آزاد می\u200cشوند.', 'کرم\u200cها اکسیژنی تولید می\u200cکنند که توسط سایر موجودات استفاده می\u200cشود.', 'درختان مرده مکان\u200cهای لانه\u200cسازی برای بسیاری از گونه\u200cهای مختلف پرندگان فراهم می\u200cکنند.', 'آب در درختان و شاخه\u200cهای مرده ذخیره می\u200cشود.']",A,تجزیه چوب، مواد مغذی ضروری برای رشد گیاهان مانند نیتروژن، فسفر و پتاسیم را آزاد می‌کند و در اختیار گیاهان و سایر جانداران قرار می‌دهد.,A,0.9828994870185852,A,0.997774302959442,True,True,True,True,[0.9828995  0.01412337 0.00148859 0.00148859],[9.9777430e-01 1.5089083e-03 3.5839717e-04 3.5839717e-04],0.6340129971504211,0.9828995,0.9977743,0.0148747999999999,0.8056635856628418,0.6883107423782349,0.7423780560493469,0.8056635856628418,0.6883107423782349,0.7423780560493469
631,حیوانات از منابع موجود در محیط برای بقا استفاده می‌کنند. کدام یک از منابع زیر را حیوان برای به دست آوردن انرژی استفاده می‌کند؟,"['هوا', 'غذا', 'پناهگاه', 'آب']",B,حیوانات برای انرژی، از ماده [MASK]یی که مصرف می‌کنند استفاده می‌کنند.,B,0.9690913558006288,B,0.9934186935424804,True,True,True,True,[0.02572473 0.96909136 0.00211161 0.00307238],[0.00363925 0.9934187  0.00142515 0.00151706],0.7993127107620239,0.96909136,0.9934187,0.02432734,0.8787413835525513,0.613821268081665,0.7227705121040344,0.8526476621627808,0.6018843650817871,0.7056500315666199
632,کدام یک از موارد زیر نمونه‌ای از تغییر فیزیکی حالت نیست؟,"['جوشاندن', 'هم زدن', 'یخ زدن', 'تبخیر']",B,[MASK] تغییری در حالت ماده ایجاد نمی‌کند، فقط موقعیت و توزیع اجزای آن را تغییر می‌دهد.,B,0.8613256216049194,B,0.6991688013076782,True,True,True,False,[0.06239422 0.8613256  0.04288287 0.03339722],[0.10638661 0.6991688  0.13660312 0.0578414 ],0.798590362071991,0.8613256,0.6991688,-0.1621568,0.7927801012992859,0.6544771194458008,0.7170203328132629,0.7933982610702515,0.6434048414230347,0.710572361946106
633,کدام واقعیت دربارهٔ آب نمونه‌ای از یک ویژگی شیمیایی است؟,"['آب هنگام یخ زدن منبسط می\u200cشود.', 'نقطه جوش آب ۱۰۰ درجه سانتی\u200cگراد است.', 'آب می\u200cتواند به هیدروژن و اکسیژن جدا شود.', 'چگالی آب بیشتر از چگالی یخ است.']",C,جدا شدن آب به عناصر تشکیل‌دهنده‌اش نشان‌دهنده تغییر شیمیایی است زیرا پیوندهای شیمیایی شکسته می‌شوند و مواد جدید تشکیل می‌شوند.,C,0.5817921757698059,C,0.987471044063568,True,True,True,True,[0.19036166 0.03748444 0.5817922  0.19036166],[1.0969812e-02 6.5878843e-04 9.8747104e-01 9.0045703e-04],0.791508674621582,0.5817922,0.98747104,0.40567884,0.8217313289642334,0.639509916305542,0.7192587852478027,0.8217313289642334,0.639509916305542,0.7192587852478027
634,خواص فیزیکی و شیمیایی می‌توانند برای طبقه‌بندی مواد استفاده شوند. کدامیک از این موارد نشان‌دهنده یک خاصیت شیمیایی است؟,"['نقره ذوب می\u200cشود.', 'منیزیم می\u200cسوزد.', 'گوگرد یک جامد زرد است.', 'آلومینیوم گرما را هدایت می\u200cکند.']",B,تغییراتی که در ساختار داخلی ماده رخ می‌دهد و منجر به تولید مواد جدید می‌شود، خاصیت شیمیایی است. سوختن منیزیم نمونه‌ای از این تغییرات است.,B,0.8199557662010193,B,0.989088535308838,True,True,True,True,[0.16114381 0.81995577 0.0071357  0.01176477],[9.8109841e-03 9.8908854e-01 4.7343181e-04 6.2719523e-04],0.8678179979324341,0.81995577,0.98908854,0.16913277,0.860636830329895,0.7515530586242676,0.802404522895813,0.8622411489486694,0.7547241449356079,0.8049080967903137
635,کدام یک از این موارد، عملکرد اصلی رفلکس استفراغ است؟,"['خالی کردن بدن از مواد زائد', 'طرد کردن غذایی که ارزش تغذیه\u200cای ندارد', 'خالی کردن معده زمانی که غذا در آن زیاد است', 'حذف مواد سمی از معده قبل از اینکه جذب شود']",D,رفلکس استفراغ به عنوان مکانیسم دفاعی برای خارج کردن مواد سمی از معده قبل از جذب آنها عمل می‌کند.,B,0.3672229647636413,D,0.9436483383178712,False,True,True,True,[0.25238842 0.36722296 0.05631547 0.32407314],[0.03630448 0.00491328 0.01513396 0.94364834],0.9317562580108644,0.32407314,0.94364834,0.6195752,0.8194047212600708,0.6605438590049744,0.7314480543136597,0.8194048404693604,0.6605438590049744,0.7314481139183044
636,آب یخ به چهار فنجان از جنس‌های مختلف ریخته می‌شود. فنجان ساخته شده از کدام ماده پس از یک دقیقه سردترین احساس خواهد شد؟,"['فوم', 'شیشه', 'فلز', 'پلاستیک']",C,[MASK]ات به عنوان مواد رسانای گرما، گرمای محیط را به سرعت جذب می‌کنند.,A,0.4744502604007721,B,0.0477481298148632,False,False,False,False,[0.47445026 0.3709484  0.07247564 0.08212566],[0.27051157 0.6489235  0.04774813 0.03281678],0.6375868916511536,0.07247564,0.04774813,-0.0247275099999999,0.8917544484138489,0.6359266638755798,0.742419958114624,0.8898226618766785,0.6229352951049805,0.7328361868858337
637,سوالی: یک دانش‌آموز یک سطل آب را در روز گرم و آفتابی در خارج می‌گذارد. کدام فرآیند به احتمال زیاد برای آب در سطل اتفاق می‌افتد؟,"['الف) ذوب شدن', 'ب) یخ زدن', 'ج) تبخیر', 'د) میعان']",C,در هوای گرم و آفتابی، آب به سرعت تبخیر می‌شود.,C,0.9077105522155762,C,0.9774699211120604,True,True,True,True,[0.03106015 0.03988202 0.90771055 0.02134731],[1.4052215e-02 9.5626520e-04 9.7746992e-01 7.5216084e-03],0.689363956451416,0.90771055,0.97746992,0.0697593699999999,0.7766935229301453,0.6125014424324036,0.684894323348999,0.77669358253479,0.6125015020370483,0.6848944425582886
638,نقش گیاهان سبز در چرخه کربن دی‌اکسید-اکسیژن چگونه است؟,"['آنها اکسیژن را به خاک اضافه می\u200cکنند.', 'آنها اکسیژن را به هوا آزاد می\u200cکنند.', 'آنها کربن دی\u200cاکسید را در خاک تثبیت می\u200cکنند.', 'آنها کربن دی\u200cاکسید را در ریشه\u200cها ذخیره می\u200cکنند.']",B,گیاهان سبز در فتوسنتز، اکسیژن را به هوا آزاد می‌کنند.,B,0.8002738356590271,B,0.991806149482727,True,True,True,True,[0.03999923 0.80027384 0.15820003 0.00152689],[7.4551324e-03 9.9180615e-01 5.4004800e-04 1.9867254e-04],0.8249989748001099,0.80027384,0.99180615,0.19153231,0.914162278175354,0.7248046398162842,0.8085447549819946,0.9141621589660645,0.7248046398162842,0.8085446953773499
639,کدام ویژگی خاص نشان‌دهنده این است که سنگ آذرین به آرامی سرد می‌شود؟,"['ترکیب معدنی', 'سختی', 'چگالی', 'اندازه بلور']",D,[MASK]ها نشان‌دهنده سرعت سرد شدن سنگ‌های آذرین است. هر چه سرعت سرد شدن کمتر باشد، زمان رشد بلورها بیشتر و اندازه آنها بزرگتر است.,A,0.6210406422615051,D,0.9187555313110352,False,True,True,True,[0.62104064 0.10708083 0.01299038 0.25888824],[5.2648887e-02 2.8180918e-02 4.1473939e-04 9.1875553e-01],0.9226858019828796,0.25888824,0.91875553,0.65986729,0.8531466722488403,0.7188994884490967,0.780290961265564,0.8555073738098145,0.7113173604011536,0.7767777442932129
640,واحدی که دانشمندان برای اندازه‌گیری فاصله بین ستارگان استفاده می‌کنند چیست؟,"['سال نوری', 'واحد آنگستروم', 'واحد نجومی', 'قدر ظاهری']",A,فاصله بین ستارگان با واحدی اندازه‌گیری می‌شود که برابر با مسافتی است که نور در یک سال طی می‌کند.,A,0.8653368949890137,A,0.9994094371795654,True,True,True,True,[0.8653369  0.07075425 0.00146846 0.06244041],[9.9940944e-01 2.8732757e-04 1.0570190e-04 1.9747716e-04],0.8530643582344055,0.8653369,0.99940944,0.13407254,0.8935799598693848,0.6716366410255432,0.7668728232383728,0.8984063863754272,0.676150381565094,0.7715921401977539
641,اگنس فهمید که مغز، نخاع و اعصاب با هم کار می‌کنند. آنها چه چیزی را تشکیل می‌دهند؟,"['یک سلول', 'یک بافت', 'یک اندام', 'یک سیستم']",D,مجموعه‌ای از بخش‌های مختلف که با هم کار می‌کنند تا یک عملکرد خاص را انجام دهند، [MASK] را تشکیل می‌دهند. مغز، نخاع و اعصاب با هم [MASK] را تشکیل می‌دهند.,D,0.9881247282028198,D,0.9970248341560364,True,True,True,True,[7.5444253e-03 4.0382398e-03 2.9252912e-04 9.8812473e-01],[2.5053979e-03 2.9922710e-04 1.7049446e-04 9.9702483e-01],0.8810943961143494,0.98812473,0.99702483,0.0089000999999999,0.9403336048126221,0.7998422384262085,0.8644167184829712,0.9372886419296265,0.794935405254364,0.8602628111839294
642,یک کودک یک واگن را در سراشیبی حرکت می‌دهد. در نهایت، واگن متوقف می‌شود. کدام یک بیشتر مسئول توقف واگن است؟,"['جاذبه\u200cای که بر واگن عمل می\u200cکند', 'اصطکاکی که بر واگن عمل می\u200cکند', 'جرم واگن', 'جرم کودک']",B,نیروی اصطکاکی که در جهت مخالف حرکت واگن عمل می‌کند، باعث کاهش انرژی جنبشی و توقف آن می‌شود.,B,0.9331541657447816,B,0.9879373908042908,True,True,True,True,[0.02511176 0.93315417 0.00097369 0.0407604 ],[7.5429953e-03 9.8793739e-01 4.8220754e-04 4.0374743e-03],0.8790845274925232,0.93315417,0.98793739,0.05478322,0.8908658027648926,0.7264752984046936,0.8003160357475281,0.8908658027648926,0.7264752984046936,0.8003160357475281
643,موش‌ها، خرگوش‌ها، پوم‌ها و سنجاب‌ها همه در یک زیست‌سازوارهٔ گیاهی زندگی می‌کنند. کدام یک از این حیوانات در صورت ادامه کاهش جمعیت سه حیوان دیگر، بیشترین سختی را برای بقا خواهد داشت؟,"['موش', 'سنجاب', 'پوم', 'خرگوش']",C,شکارگری که جمعیتش به دلیل کاهش طعمه‌ها به شدت تحت تأثیر قرار می‌گیرد، بیشترین سختی را برای بقا خواهد داشت.,A,0.4309987425804138,A,0.008867472410202,False,False,False,False,[0.43099874 0.43099874 0.01451932 0.12348321],[0.4766416  0.42063472 0.00886747 0.0938563 ],0.4474716186523437,0.01451932,0.00886747,-0.00565185,0.6098302602767944,0.49348366260528564,0.5455224514007568,0.6039314270019531,0.49755537509918213,0.545606791973114
644,مردم آب را به طرق مختلفی استفاده می‌کنند. کدام یک از این فعالیت‌ها باعث هدر رفت آب می‌شود؟,"['پر کردن یک لیوان آب', 'رها کردن شیر آب باز', 'خیساندن سبزیجات در آب برای شستن آنها', 'اضافه کردن لیوان\u200cهای آب طبق دستور ارائه شده']",B,باز گذاشتن بیهوده شیر آب، موجب اتلاف و هدر رفت آب می‌شود.,B,0.4701979160308838,B,0.7331580519676208,True,True,True,True,[0.22210576 0.47019792 0.15384817 0.15384817],[0.10000037 0.73315805 0.11331526 0.05352634],0.6947345733642578,0.47019792,0.73315805,0.26296013,0.69721919298172,0.5816249847412109,0.6341978907585144,0.695189356803894,0.580514669418335,0.6326978802680969
645,یکی از ویژگی‌های مایعات این است که دارای یک مقدار مشخص هستند.,"['انعطاف\u200cپذیری', 'دما', 'حجم', 'شکل']",C,مایعات دارای [MASK] مشخصی هستند.,C,0.9811397194862366,C,0.9435338973999025,True,True,True,False,[0.0139679  0.00275044 0.9811397  0.00214205],[4.7344223e-02 8.2271919e-03 9.4353390e-01 8.9466566e-04],0.8077210187911987,0.9811397,0.9435339,-0.0376057999999999,0.889045238494873,0.5855293273925781,0.7060505151748657,0.7779982089996338,0.48382365703582764,0.5966197848320007
646,لورا آماده بود تا یک توپ بولینگ را در مسیر هل دهد. او توپ را با دستش به عقب چرخاند. در بالای حرکت عقب، توپ با سرعت 0 متر بر ثانیه (متر/ثانیه) بود. او بازوی خود را به جلو چرخاند تا توپ را در مسیر رها کند. توپ با سرعت 12 متر بر ثانیه از دستش خارج شد. زمان لازم برای چرخاندن توپ به جلو 0.5 ثانیه بود. شتاب متوسط توپ بولینگ در طول حرکت به جلو چقدر بود؟,"['2.4 متر بر ثانیه مربع', '6.0 متر بر ثانیه مربع', '11.5 متر بر ثانیه مربع', '24.0 متر بر ثانیه مربع']",D,شتاب متوسط توپ بولینگ با تغییر سرعت تقسیم بر زمان تغییر سرعت محاسبه می‌شود. با سرعت اولیه 0 و نهایی 12 متر بر ثانیه و زمان 0.5 ثانیه، شتاب متوسط 12 / 0.5 = 24 متر بر ثانیه مربع است.,D,0.5730552077293396,D,0.9926992058753968,True,True,True,True,[0.30673435 0.08788086 0.03232956 0.5730552 ],[6.9010784e-03 3.4358448e-04 5.6088622e-05 9.9269921e-01],0.970241367816925,0.5730552,0.99269921,0.41964401,0.8685237765312195,0.7805871963500977,0.8222109079360962,0.8685237765312195,0.7805871963500977,0.8222109079360962
647,آقای جنکینز یک مدار شامل یک منبع متغیر، سیم‌ها و یک مقاومت ساخت. برای سه برابر کردن مقدار جریان، چگونه باید ولتاژ منبع را تغییر دهد؟,"['ولتاژ را سه برابر کند', 'ولتاژ را یک\u200cسوم کند', 'ولتاژ را نه برابر کند', 'ولتاژ را یک\u200cنهم کند']",A,طبق قانون اهم، برای سه برابر کردن جریان با مقاومت ثابت، ولتاژ باید سه برابر شود.,A,0.6185077428817749,A,0.9601433277130128,True,True,True,True,[0.61850774 0.37514392 0.00221333 0.00413504],[0.9601433  0.0372288  0.00099211 0.00163572],0.871120810508728,0.61850774,0.9601433,0.34163556,0.8634267449378967,0.6602590680122375,0.7482977509498596,0.8634267449378967,0.6602590680122375,0.7482977509498596
648,پس از آتش‌سوزی جنگل، کدام نوع از موجودات شروع به جانشینی ثانویه خواهند کرد؟,"['درختچه\u200cهای کوچک', 'بلوط\u200cهای بالغ', 'درختان همیشه\u200cسبز', 'گل\u200cهای وحشی']",D,پس از آتش‌سوزی، گونه‌های پیشگام مانند [MASK] به سرعت شروع به رشد کرده و شرایط را برای رشد بعدی فراهم می‌کنند.,A,0.679082453250885,A,0.0081365508958697,False,False,False,False,[0.67908245 0.2836371  0.00761796 0.02966249],[0.93496305 0.05305698 0.00384343 0.00813655],0.7447220683097839,0.02966249,0.00813655,-0.02152594,0.8724356889724731,0.6797735691070557,0.7641478776931763,0.8629778623580933,0.6722102165222168,0.7557413578033447
649,در گیاهان، سیستم آوند چوبی و آوند آبکشی آب و مواد مغذی را در گیاه برای استفاده و ذخیره‌سازی منتقل می‌کنند. در انسان‌ها، یک سیستم اندامی با کارکرد مشابه عبارت است از,"['سیستم عصبی.', 'سیستم تنفسی.', 'سیستم قلبی-عروقی.', 'سیستم پوششی.']",C,در انسان‌ها، سیستمی که مشابهت عملکردی با آوندهای گیاهان دارد، شامل قلب، رگ‌ها و خون است که مواد ضروری را به سلول‌ها منتقل می‌کند.,C,0.5300474166870117,C,0.9768530130386353,True,True,True,True,[4.6776521e-01 1.7002563e-03 5.3004742e-01 4.8713156e-04],[2.2794602e-02 2.5322515e-04 9.7685301e-01 9.9164383e-05],0.8189201951026917,0.53004742,0.97685301,0.44680559,0.7927520275115967,0.7144577503204346,0.7515713572502136,0.7927520275115967,0.7144577503204346,0.7515713572502136
650,یک دانش آموز ۱۰۰ گرم آب را به جوش می‌آورد تا بخار آب (گاز) تشکیل دهد. دانش آموز باید از چه روشی استفاده کند تا تعیین کند که جرم بخار آب برابر با ۱۰۰ گرم است؟,"['اندازه\u200cگیری مقدار بخار آب (گاز) در هوا', 'جمع\u200cآوری بخار آب (گاز) و خنک کردن آن به حالت مایع', 'وزن کردن لیوان قبل و بعد از جوشاندن آب', 'مقایسه دمای آب در حال جوش با دمای بخار آب (گاز)']",B,با جمع‌آوری بخار و تبدیل آن به مایع، می‌توان جرم آن را اندازه گرفت و تایید کرد که برابر با ۱۰۰ گرم است.,B,0.8831207752227783,B,0.8598337769508362,True,True,True,False,[0.07220835 0.8831208  0.03865035 0.00602056],[0.04813101 0.8598338  0.08992056 0.00211473],0.8038509488105774,0.8831208,0.8598338,-0.023287,0.7502902746200562,0.656019926071167,0.6999954581260681,0.7502902746200562,0.656019926071167,0.6999954581260681
651,دانشجویی که با دوچرخه در حال حرکت است، مشاهده می‌کند که دوچرخه بر روی یک جاده هموار سریع‌تر حرکت می‌کند تا بر روی یک جاده ناهموار. این امر به این دلیل است که جاده هموار دارای,"['کشش کمتر', 'کشش بیشتر', 'سایش کمتر', 'سایش بیشتر']",C,جاده هموار دارای [MASK]ی است که باعث می‌شود دوچرخه با مقاومت کمتری حرکت کند و سرعتش افزایش یابد.,A,0.3073838353157043,A,0.1396175920963287,False,False,False,False,[0.30738384 0.27126527 0.30738384 0.1139671 ],[0.80344373 0.01693754 0.13961759 0.04000111],0.8199625015258789,0.30738384,0.13961759,-0.16776625,0.8669152855873108,0.660152792930603,0.749536395072937,0.8596450686454773,0.6481609344482422,0.7390716075897217
652,در یکی از مراحل چرخه کربن، یک فرد یک مولکول دی‌اکسید کربن (CO2) را به جو انباشته می‌کند. کدام یک از موارد زیر بیشتر احتمال دارد که برای اتم کربن در این مولکول بعداً اتفاق بیفتد؟,"['ممکن است به عنوان بخشی از شکر در یک گیاه استفاده شود.', 'ممکن است به بخشی از پروتئین در یک حیوان تبدیل شود.', 'ممکن است در هنگام سوختن سوخت فسیلی مصرف شود.', 'ممکن است توسط یک باکتری به کربن و اکسیژن تجزیه شود.']",A,اتم کربن احتمالاً به عنوان بخشی از شکر در گیاهان از طریق فتوسنتز استفاده می‌شود و وارد زنجیره غذایی می‌شود.,A,0.7976505160331726,A,0.8235592246055603,True,True,True,True,[0.7976505  0.02154928 0.15676022 0.02403996],[0.8235592  0.02477238 0.14255519 0.00911325],0.6770468950271606,0.7976505,0.8235592,0.0259087,0.8244380950927734,0.665215015411377,0.7363172173500061,0.8244380950927734,0.6652149558067322,0.7363170981407166
653,درجه حرارتی که آب یخ می‌زند، اجازه می‌دهد آب در کدام دو شکل بر روی زمین وجود داشته باشد؟,"['رودخانه\u200cهای آب شیرین و اقیانوس\u200cهای آب شور', 'اقیانوس\u200cهای مایع و یخچال\u200cهای جامد', 'بخار جوی و قطرات ابر', 'آب در خاک و آب در گیاهان']",B,دمای مناسب برای یخ زدن آب، امکان وجود همزمان آب مایع و جامد در دو شکل اقیانوس‌ها و یخچال‌ها را فراهم می‌کند.,B,0.9417142868041992,B,0.94689679145813,True,True,True,True,[0.04145693 0.9417143  0.00495132 0.01187761],[0.04193004 0.9468968  0.00558664 0.00558664],0.7636862397193909,0.9417143,0.9468968,0.0051824999999999,0.7782928943634033,0.6872028112411499,0.7299169301986694,0.7783262133598328,0.6871322989463806,0.729891836643219
654,سوال: یک والد و یک کودک چند ویژگی مشترک دارند. هر دو فرد قدبلند، موهای فرفری، آشپزهای خوبی هستند و لکه‌های کک و مک روی پوستشان دارند. کدامیک از این ویژگی‌ها یک رفتار آموخته شده است؟,"['A) قد بلند بودن', 'B) موهای فرفری داشتن', 'C) آشپز خوب بودن', 'D) لکه\u200cهای کک و مک داشتن']",C,آموزش و تجربه باعث ایجاد مهارت آشپزی می‌شود.,B,0.4433034062385559,C,0.8126049637794495,False,True,True,True,[0.04709029 0.4433034  0.34524503 0.16436128],[0.0280239  0.14011066 0.81260496 0.01926052],0.615224301815033,0.34524503,0.81260496,0.46735993,0.6957553625106812,0.4258166253566742,0.5283017158508301,0.6957553625106812,0.4258166253566742,0.5283017158508301
655,گازهای نجیب، هلیوم، نئون، آرگون، کریپتون، زنون و رادون، به ندرت با عناصر دیگر واکنش نشان می دهند زیرا آنها,"['گازهایی با چگالی کم هستند.', 'در زمین فراوان نیستند.', 'سطوح انرژی خارجی کامل دارند.', 'دو الکترون در سطح انرژی خارجی خود دارند.']",C,گازهای نجیب به دلیل پایداری بالا، ناشی از کامل بودن سطوح انرژی خارجی، تمایلی به واکنش ندارند.,A,0.6594839096069336,C,0.9885164499282836,False,True,True,True,[0.6594839  0.11460112 0.07876413 0.14715075],[9.6910736e-03 1.3531771e-03 9.8851645e-01 4.3931231e-04],0.7712631225585938,0.07876413,0.98851645,0.90975232,0.7679013609886169,0.5453535914421082,0.6377707123756409,0.7679014205932617,0.5453536510467529,0.6377707719802856
656,زمانی که یک قطار با باتری روشن می‌شود، در طول مسیر حرکت می‌کند. بهترین توصیف از نوع انرژی‌های مورد استفاده برای حرکت قطار چیست؟,"['مکانیکی، شیمیایی، الکتریکی', 'الکتریکی، شیمیایی، مکانیکی', 'الکتریکی، مکانیکی، شیمیایی', 'شیمیایی، الکتریکی، مکانیکی']",D,انرژی شیمیایی باتری به الکتریکی تبدیل و سپس به مکانیکی تبدیل می‌شود.,D,0.7173637747764587,D,0.9566397070884703,True,True,True,True,[0.18208785 0.07590551 0.02464291 0.7173638 ],[3.7092946e-02 5.7779672e-03 4.8933981e-04 9.5663971e-01],0.7209649682044983,0.7173638,0.95663971,0.23927591,0.7781471014022827,0.5665594935417175,0.6557068228721619,0.7781471014022827,0.5665595531463623,0.6557068228721619
657,یک دانشمند فسیل یک گیاه دریایی را در سنگ‌های یک بیابان کشف کرد. کشف این فسیل به احتمال زیاد به دانشمند چه چیزی می‌گوید؟,"['فسیل\u200cها در بالای یک کوه شکل گرفته\u200cاند.', 'فسیل\u200cها در طول یک طوفان بارانی شکل گرفته\u200cاند.', 'این منطقه دارای فوران\u200cهای آتشفشانی زیاد بوده است.', 'این منطقه زمانی زیر آب بوده است.']",D,گیاه دریایی در سنگ‌های بیابان نشان می‌دهد که آن منطقه زمانی زیر آب بوده و شرایط محیطی تغییر کرده است.,D,0.9741482734680176,D,0.9849462509155272,True,True,True,True,[0.0177033  0.00307637 0.00507208 0.9741483 ],[1.4270751e-02 7.3305250e-04 4.9884849e-05 9.8494625e-01],0.8410297632217407,0.9741483,0.98494625,0.01079795,0.8290990591049194,0.706118106842041,0.7626828551292419,0.8290990591049194,0.706118106842041,0.7626828551292419
658,کدام فهرست ترتیب صحیح مواد را از پایین‌ترین نقطه ذوب تا بالاترین نشان می‌دهد؟,"['اکسیژن، آب، آهن', 'آب، آهن، اکسیژن', 'اکسیژن، آهن، آب', 'آهن، اکسیژن، آب']",A,ترتیب صحیح مواد از پایین‌ترین نقطه ذوب اکسیژن، سپس آب و در نهایت آهن است، زیرا اکسیژن در ۵۴- درجه، آب در ۰ درجه و آهن در ۱۵۳۸ درجه سانتی‌گراد ذوب می‌شود.,C,0.4682951271533966,A,0.9807487726211548,False,True,True,True,[0.36328673 0.04955113 0.46829513 0.11886697],[9.8074877e-01 6.1887765e-04 1.8086256e-02 5.4615759e-04],0.9447154998779296,0.36328673,0.98074877,0.61746204,0.8025522232055664,0.7309198379516602,0.7650629281997681,0.8025522232055664,0.7309198379516602,0.7650629281997681
659,کرم‌های خاک به طور تصادفی در سطح خاک حرکت می‌کنند. کرم‌های خاک چگونه احتمالاً بر سطح خاک تأثیر می‌گذارند؟,"['با فشرده\u200cسازی سطح خاک', 'با کاهش باروری سطح خاک', 'با افزودن مواد مغذی به سطح خاک', 'با حذف مواد معدنی از سطح خاک']",C,کرم‌های خاک با تولید فضولات غنی از مواد مغذی و تسهیل چرخه مواد مغذی، احتمالاً سطح خاک را با افزودن مواد مغذی غنی می‌کنند.,A,0.8297913670539856,C,0.982122838497162,False,True,True,True,[0.82979137 0.12762599 0.0322689  0.01031376],[1.6061662e-02 1.6928866e-03 9.8212284e-01 1.2263229e-04],0.8372797966003418,0.0322689,0.98212284,0.94985394,0.7771775722503662,0.6584223508834839,0.7128881216049194,0.7808895707130432,0.6607061624526978,0.7157881259918213
660,کدام یک از رویدادها می‌تواند باعث شود که یک سنگ بزرگ در طی زمان به خاک تبدیل شود؟,"['تجزیه', 'زلزله', 'اثر لغزش زمین', 'هوازدگی']",D,فرآیندی که سنگ‌ها را در اثر عوامل جوی و محیطی به تدریج [MASK] و به خاک تبدیل می‌کند.,A,0.8456927537918091,A,0.0255763754248619,False,False,False,False,[0.84569275 0.01369607 0.12994474 0.01066651],[0.96727383 0.00570686 0.00144292 0.02557638],0.8831605315208435,0.01066651,0.02557638,0.0149098699999999,0.852291464805603,0.6523688435554504,0.7390483617782593,0.8513678312301636,0.6459931135177612,0.7345961332321167
661,آلودگی سواحل شامل فاضلاب، ظرف‌های کاغذی و پلاستیکی و روغن قایق ها است. کدام یک از فعالیت‌های ساحلی احتمالاً آلودگی سواحل را افزایش می‌دهد؟,"['تماشای پرندگان', 'جمع آوری صدف\u200cهای دریایی', 'صرف ناهار پیک نیک', 'ساخت قلعه شنی']",C,فعالیت‌هایی که موجب تولید زباله‌های قابل توجهی مانند کاغذ، پلاستیک و مواد غذایی می‌شوند، به آلودگی سواحل کمک می‌کنند.,B,0.7061494588851929,B,0.3510229885578155,False,False,False,False,[0.09594098 0.70614946 0.07471891 0.12319066],[0.12913413 0.45072243 0.351023   0.06912053],0.911576211452484,0.07471891,0.351023,0.27630409,0.8533595204353333,0.6383712291717529,0.7303733229637146,0.8529945611953735,0.6418057680130005,0.7324815392494202
662,ساخت یک سد احتمالاً,"['از آلودگی آب جلوگیری می\u200cکند.', 'محل زیست بسیاری از گونه\u200cهای حیوانی را نابود می\u200cکند.', 'به ماهی\u200cها اجازه می\u200cدهد به راحتی در جهت بالا به طرف رودخانه شنا کنند.', 'باعث می\u200cشود مردم آب بیشتری مصرف کنند.']",B,ساخت سد می‌تواند منجر به نابودی محل زیست بسیاری از گونه‌های حیوانی شود که به شرایط خاصی برای زندگی نیاز دارند.,A,0.7134043574333191,B,0.9853390455245972,False,True,True,True,[0.71340436 0.05147736 0.23251498 0.00260327],[1.3837202e-02 9.8533905e-01 5.3652661e-04 2.8718199e-04],0.890362560749054,0.05147736,0.98533905,0.93386169,0.940405011177063,0.6783108711242676,0.7881394624710083,0.9404050707817078,0.6783108711242676,0.7881394624710083
663,یک دانش‌آموز آب و مواد شوینده را به یک فنجان خاک اضافه می‌کند. مخلوط هم زده شده و اجازه داده می‌شود تا ته نشین شود. دانش‌آموز متوجه می‌شود که ذرات سیلت مدت طولانی‌تری در حالت معلق باقی می‌مانند در حالی که سایر ذرات در پایین ظرف لایه‌لایه می‌شوند. توضیح محتمل‌تر این است که ذرات سیلت,"['آلی هستند.', 'در حال حل شدن هستند.', 'کم\u200cچگال\u200cتر هستند.', 'سریع\u200cتر حرکت می\u200cکنند.']",C,ذرات سیلت به دلیل چگالی کمتر، مدت طولانی‌تری در حالت معلق باقی می‌مانند.,A,0.5481591820716858,C,0.8037828803062439,False,True,True,True,[0.5481592  0.2016565  0.17657633 0.07360797],[0.1779525  0.01289084 0.8037829  0.0053737 ],0.9047774076461792,0.17657633,0.8037829,0.62720657,0.9619390964508057,0.7108287215232849,0.817535936832428,0.9619390964508057,0.7108287215232849,0.817535936832428
664,دانش‌آموزان در حال طراحی بادبادک‌هایی هستند تا کشف کنند کدام نوع بادبادک بالاتر پرواز می‌کند. مهم‌ترین نکته‌ای که باید در طراحی بادبادکی برای پرواز بالا مدنظر قرار گیرد چیست؟,"['طول نخ', 'مساحت سطح', 'مواد استفاده شده', 'زمان روز']",B,نیروی بالابرنده به [MASK] بستگی دارد؛ هرچه مساحت بیشتر باشد، نیروی بالابرنده نیز بیشتر است.,A,0.847271740436554,B,0.9913527369499208,False,True,True,True,[0.84727174 0.14766574 0.00112744 0.00393516],[8.4935306e-03 9.9135274e-01 3.2608077e-05 1.2115370e-04],0.5932878255844116,0.14766574,0.99135274,0.843687,0.8462620377540588,0.6377522945404053,0.7273589968681335,0.8208394050598145,0.6219984889030457,0.7077175378799438
665,چهار دانش‌آموز تأثیر نیروی چوب بیسبال بر روی توپ را مورد بررسی قرار می‌دهند. آنها چهار نقطه متفاوت را که هر یک از توپ‌ها پس از هر ضربه توسط هر یک از چهار دانش‌آموز با چوب تماس گرفت، علامت‌گذاری کرده‌اند. کدام یک از موارد زیر یک خطا در طراحی آزمایش را توصیف می‌کند؟,"['عدم انجام آزمایش\u200cهای کافی', 'توجه نکردن به چرخش توپ', 'استفاده نکردن از توپ\u200cهایی با جرم\u200cهای متفاوت', 'عدم تعریف یک متغیر قابل آزمایش']",D,نادیده گرفتن چرخش توپ می‌تواند باعث تأثیر عوامل دیگر بر نتایج شود و خطایی در طراحی آزمایش ایجاد کند.,C,0.358327567577362,B,0.0014867704594507,False,False,False,False,[0.11633193 0.2462747  0.35832757 0.2790658 ],[0.00356658 0.9927834  0.00216324 0.00148677],0.7718878388404846,0.2790658,0.00148677,-0.2775790299999999,0.7140566110610962,0.5915447473526001,0.6470527052879333,0.7133854627609253,0.5869231224060059,0.6440047025680542
666,یک دانش آموز در حال تماشای گزارشی از وضعیت آب و هوا در تلویزیون محلی برای گلوتستر، ماساچوست است. کدامیک از موارد زیر به احتمال زیاد در این گزارش آب و هوا گنجانده شده است؟,"['سرعت جزر و مد در یک رودخانه', 'مقدار رطوبت در هوا', 'عمق جزر و مد در اقیانوس', 'سطح رطوبت در زمین']",B,گزارش‌های آب و هوا معمولاً اطلاعاتی درباره رطوبت هوا ارائه می‌دهند.,B,0.6590816378593445,B,0.9872463941574096,True,True,True,True,[0.2747461  0.65908164 0.05410071 0.0120715 ],[1.1140027e-02 9.8724639e-01 6.0914108e-04 1.0043039e-03],0.8263614177703857,0.65908164,0.98724639,0.32816475,0.8805986046791077,0.5880103707313538,0.7051585912704468,0.8839620351791382,0.5929213762283325,0.709764838218689
667,برخی از مصارف آب به صورت مصرفی است. به جای بازگشت به منبع خود، آب از مخازن تبخیر می‌شود یا از محصولات کشاورزی متصاعد می‌شود. این نوع مصرف چگونه بر آب‌کره تأثیر می‌گذارد؟,"['با کاهش کل مقدار آب در زمین', 'با تغییر مسیرهای آب در سیستم زمین', 'با جابجا کردن آب به مراحل مختلف در چرخه آب', 'با تأثیر بر اقلیم به گونه\u200cای که چرخه آب را تغییر دهد']",C,این نوع مصرف آب، منجر به جابجایی آب به مراحل مختلف در چرخه آب می‌شود، بدون اینکه از کل مقدار آب در زمین کاسته شود.,A,0.3857846260070801,C,0.8881518244743347,False,True,True,True,[0.38578463 0.38578463 0.20649564 0.02193518],[3.8870536e-02 7.2619714e-02 8.8815182e-01 3.5798523e-04],0.8787387609481812,0.20649564,0.88815182,0.6816561800000001,0.949729323387146,0.7572742700576782,0.8426526784896851,0.949729323387146,0.7572742700576782,0.8426526784896851
668,سلول‌های خورشیدی انرژی را از خورشید جذب می‌کنند. برای استفاده از این انرژی جهت تأمین برق وسایل خانگی، سلول‌های خورشیدی باید انرژی جذب‌شده را به,"['حرارت تبدیل کنند.', 'نور تبدیل کنند.', 'تابش تبدیل کنند.', 'برق تبدیل کنند.']",D,سلول‌های خورشیدی انرژی جذب‌شده از خورشید را به انرژی الکتریکی تبدیل می‌کنند تا برای تأمین برق وسایل خانگی استفاده شود.,D,0.9391850233078004,B,0.2922495901584625,True,False,False,False,[4.7034051e-02 1.3266563e-02 5.1440054e-04 9.3918502e-01],[0.33116215 0.37525588 0.0013324  0.2922496 ],0.9262425899505616,0.93918502,0.2922496,-0.64693542,0.8488930463790894,0.742449164390564,0.7921110987663269,0.8488931059837341,0.742449164390564,0.7921112179756165
669,غشای سلولی هر سلول انسانی را احاطه می‌کند. این غشاء از سلول محافظت می‌کند و اطلاعاتی درباره محیط سلول به اندامک‌های درون سلول منتقل می‌سازد. کدام سیستم ارگانیک در بدن انسان عملکرد مشابهی دارد؟,"['سیستم درون\u200cریز', 'سیستم اسکلتی', 'سیستم پوششی', 'سیستم لنفاوی']",C,[MASK] با محافظت از بدن و انتقال اطلاعات محیطی، عملکردی مشابه با غشای سلولی در سطح بدن دارد.,D,0.5519924759864807,D,0.0999260619282722,False,False,False,False,[0.29546028 0.01298162 0.13956556 0.5519925 ],[0.14539157 0.01053213 0.09992606 0.7441503 ],0.6951138377189636,0.13956556,0.09992606,-0.0396395,0.7770225405693054,0.6787081956863403,0.7245455384254456,0.7693665623664856,0.6669223308563232,0.7144910097122192
670,کدام نوع فعالیت احتمالاً در نقشه آب و هوا گنجانده می‌شود؟,"['ماهواره', 'زلزله', 'آتش\u200cفشانی', 'طوفان\u200c حاره\u200cای']",D,نقشه‌های آب و هوا برای نمایش شرایط جوی و پیش‌بینی وضعیت هوا استفاده می‌شوند؛ بنابراین، اطلاعاتی مانند طوفان‌های حاره‌ای در آن‌ها گنجانده می‌شود.,A,0.7678050398826599,D,0.9228487014770508,False,True,True,True,[0.76780504 0.05561961 0.0052549  0.17132047],[7.5456709e-02 1.5660540e-03 1.2854954e-04 9.2284870e-01],0.8693438768386841,0.17132047,0.9228487,0.7515282299999999,0.9332280158996582,0.7754143476486206,0.8470332026481628,0.9332280158996582,0.7754143476486206,0.8470332026481628
671,درختان سیب می‌توانند سال‌های زیادی زندگی کنند، اما گیاهان لوبیا معمولاً فقط چند ماه زندگی می‌کنند. این جمله پیشنهاد می‌کند که,"['گیاهان مختلف طول عمرهای متفاوتی دارند', 'گیاهان به گیاهان دیگر وابسته\u200cاند', 'گیاهان تولید نسل\u200cهای زیادی می\u200cکنند', 'تغییرات فصلی به رشد گیاهان کمک می\u200cکند']",A,طول عمر گیاهان مختلف متفاوت است و درختان سیب بیشتر از گیاهان لوبیا عمر می‌کنند.,A,0.9994459748268129,A,0.9997805953025818,True,True,True,True,[9.9944597e-01 1.5945989e-04 9.6717296e-05 2.9791027e-04],[9.9978060e-01 1.4424903e-04 4.6830803e-05 2.8404316e-05],0.8619256615638733,0.99944597,0.9997806,0.00033463,0.7832191586494446,0.6147329807281494,0.6888228058815002,0.7832192182540894,0.6147329807281494,0.6888228058815002
672,حرکت یک توده هوای بر روی سطح زمین باعث می‌شود,"['فعالیت زلزله', 'تغییرات آب و هوای محلی', 'گرمایش جهانی', 'سکونت اکولوژیکی']",B,تغییرات در دما، رطوبت و فشار هوا منجر به [MASK] می‌شود.,C,0.6409289240837097,B,0.9843841791152954,False,True,True,True,[0.08707979 0.26822463 0.6409289  0.0037667 ],[1.3986744e-02 9.8438418e-01 7.8907807e-04 8.3996926e-04],0.7107948660850525,0.26822463,0.98438418,0.71615955,0.8986293077468872,0.7030557990074158,0.7889023423194885,0.876846194267273,0.6556105613708496,0.7502588629722595
673,آب، آلومینیوم، درختان چوب سرخ و قرقاول دره چه ویژگی مشترکی دارند؟,"['همه آنها عناصر خالص هستند.', 'همه آنها از سلول\u200cها تشکیل شده\u200cاند.', 'همه آنها موجودات زنده هستند.', 'همه آنها از اتم\u200cها ساخته شده\u200cاند.']",D,همه مواد ذکر شده، اعم از زنده و غیرزنده، از اتم‌ها تشکیل شده‌اند.,D,0.8461031913757324,A,0.2218759506940841,True,False,False,False,[0.10105262 0.04773388 0.00511034 0.8461032 ],[7.7745420e-01 6.3301792e-04 3.6846064e-05 2.2187595e-01],0.7518266439437866,0.8461032,0.22187595,-0.6242272500000001,0.8635987639427185,0.5856110453605652,0.6979430317878723,0.8635987639427185,0.5856110453605652,0.6979430317878723
674,کدام یک از ساختارهای زیر در سلول‌های حیوانی وجود ندارد؟,"['غشای سلولی', 'دیوار سلولی', 'میتوکندری', 'هسته']",B,سلول‌های حیوانی دیواره سلولی ندارند زیرا به یکدیگر متصل هستند.,B,0.7270366549491882,B,0.9984947443008424,True,True,True,True,[0.12584747 0.72703665 0.0360559  0.11106001],[9.1944460e-04 9.9849474e-01 1.6484733e-04 4.2095242e-04],0.878004789352417,0.72703665,0.99849474,0.2714580900000001,0.8482649326324463,0.6222272515296936,0.7178733348846436,0.8482649326324463,0.6222272515296936,0.7178733348846436
675,یک واکنش بازتابی می‌تواند از بدن در برابر آسیب محافظت کند. کدام سیستم‌های ارگانیک به‌طور مشترک برای تولید یک واکنش بازتابی کار می‌کنند؟,"['سیستم\u200cهای عصبی و ایمنی', 'سیستم\u200cهای عصبی و عضلانی', 'سیستم\u200cهای گردش خون و ایمنی', 'سیستم\u200cهای گردش خون و عضلانی']",B,حرکات سریع و خودکار بدن برای محافظت در برابر آسیب، نیازمند همکاری [MASK] است؛ که در آن، سیگنال‌های عصبی به عضلات ارسال می‌شود و عضلات با انقباض یا شل شدن پاسخ می‌دهند.,A,0.94543194770813,B,0.5867980718612671,False,True,True,True,[9.4543195e-01 5.2239321e-04 5.3285558e-02 7.6007767e-04],[0.4017277  0.5867981  0.00400042 0.00747377],0.7432878017425537,0.00052239321,0.5867981,0.58627570679,0.8208166360855103,0.7101644277572632,0.7614918351173401,0.8261926174163818,0.7099258899688721,0.7636591792106628
676,کدام نوع از منظره احتمالاً میلیون‌ها سال پیش در جاهایی که اکنون ذخایر گاز طبیعی وجود دارد، وجود داشته است؟,"['بیابان', 'جنگل آلپ', 'اقیانوس قطبی', 'باتلاق']",C,ذخایر گاز طبیعی اغلب در مناطق [MASK]ی گذشته یافت می‌شوند که در آن مواد آلی به گاز طبیعی تبدیل شده‌اند.,A,0.4599581956863403,B,0.0007319694850593,False,False,False,False,[0.4599582  0.40591168 0.01783451 0.11629564],[4.6722859e-02 9.4581413e-01 7.3196949e-04 6.7310664e-03],0.8509185314178467,0.01783451,0.00073196949,-0.01710254051,0.8596673011779785,0.6461873054504395,0.7377951741218567,0.8575040102005005,0.642018735408783,0.7342785000801086
677,آلومینیوم و مس از انواع مختلف ماده تشکیل شده‌اند. کدام عبارت بهترین توصیف را از ماده ارائه می‌دهد؟,"['ماده دارای جرم است.', 'ماده دارای جرم و حجم است.', 'ماده باید به اشکال مختلف تغییر کند.', 'ماده باید در یک حجم مشخص نگهداری شود.']",B,ماده دارای جرم و حجم است، زیرا آلومینیوم و مس نمونه‌هایی از ماده با ویژگی‌های خاص هستند.,B,0.7274068593978882,B,0.985202968120575,True,True,True,True,[0.23523374 0.72740686 0.00926464 0.02809467],[1.4163386e-02 9.8520297e-01 1.7829072e-04 4.5528129e-04],0.8561840057373047,0.72740686,0.98520297,0.25779611,0.8435763120651245,0.6834836602210999,0.7551381587982178,0.8435763120651245,0.6834836602210999,0.7551381587982178
678,در گذشته زمین شناسی، عوامل غیرزیستی مانند فوران آتشفشان تأثیری بر دسترسی به منابع داشته‌اند. فوران‌های آتشفشانی چگونه می‌توانند بر دسترسی به منابع تأثیر بگذارند؟,"['با کاهش ضخامت خاک', 'با ایجاد بارش\u200cهای سنگین\u200cتر که به فرسایش خاک سطحی منجر می\u200cشود', 'با مختل کردن تابش آفتاب به تولیدکنندگان', 'با گرم\u200cتر کردن سطح زمین نسبت به حالت معمول']",C,با ورود خاکستر و گازهای گلخانه‌ای به جو، نور خورشید مسدود شده و فرآیند فتوسنتز کاهش می‌یابد.,B,0.6682801842689514,C,0.9407603144645692,False,True,True,True,[0.27858064 0.6682802  0.01986745 0.03327171],[5.3490330e-02 4.8982394e-03 9.4076031e-01 8.5118640e-04],0.8365890979766846,0.01986745,0.94076031,0.92089286,0.8057374954223633,0.5855488181114197,0.6782193183898926,0.8057374954223633,0.5855487585067749,0.6782193183898926
679,رشد و فعالیت‌های موجودات می‌تواند فرایند فراپوست شیمیایی سنگ‌ها را تسریع کند. کدام موجودات به طور طبیعی بیشترین میزان فراپوست شیمیایی سنگ‌ها را ایجاد می‌کنند؟,"['پستانداران کوچک', 'نهال\u200cهای گیاهی', 'خزه\u200cها', 'حشرات']",C,[MASK] با رشد سریع و تغییر محیط اطراف، شرایط مناسبی برای تجزیه شیمیایی سنگ‌ها ایجاد می‌کنند.,B,0.5128839612007141,B,0.231807142496109,False,False,False,False,[0.02882213 0.51288396 0.4526185  0.00567541],[0.05092127 0.71401626 0.23180714 0.00325529],0.7627516388893127,0.4526185,0.23180714,-0.2208113599999999,0.801625669002533,0.6197489500045776,0.699051022529602,0.7815483212471008,0.6092104911804199,0.684701681137085
680,سوال: بسیاری از محصولات از درختان ساخته می‌شوند. بهترین راه برای مدیریت استفاده از درختان چیست؟,"['الف) قطع کردن بیشتر درختان از جنگل\u200cها', 'ب) ساخت کارخانه\u200cهای چوب\u200cبری بیشتر', 'ج) کاهش مقدار کاغذ بازیافتی', 'د) کاشتن یک درخت به ازای هر درختی که قطع می\u200cشود']",D,کاشتن یک درخت به ازای هر درختی که قطع می‌شود، باعث حفظ تعادل تعداد درختان می‌شود.,D,0.9554873108863832,D,0.9449490904808044,True,True,True,False,[4.1899268e-02 2.0860417e-03 5.2743393e-04 9.5548731e-01],[5.2895516e-02 1.8099850e-03 3.4544169e-04 9.4494909e-01],0.6836220026016235,0.95548731,0.94494909,-0.0105382199999999,0.8368380665779114,0.5968450307846069,0.6967545747756958,0.8368380665779114,0.5968450307846069,0.6967545747756958
681,چرخه آب حرکت آب زمین را توصیف می‌کند. حدود ۹۶٪ از آب زمین آب شور موجود در اقیانوس‌ها است در حالی که ۴٪ باقی‌مانده آب شیرین است. اکثریت آب شیرین در زمین کجا یافت می‌شود؟,"['آب\u200cهای زیرزمینی و سفره\u200cهای آب', 'مرداب\u200cها و نواحی مرطوب', 'کلاهک\u200cهای یخی و یخچال\u200cهای طبیعی', 'دریاچه\u200cها و رودخانه\u200cها']",C,بیشتر آب شیرین زمین در قالب یخ در [MASK] ذخیره شده است.,A,0.9968852400779724,C,0.8502827286720276,False,True,True,True,[9.9688524e-01 1.6877733e-03 2.6704452e-04 1.1599885e-03],[1.4660713e-01 2.6852032e-03 8.5028273e-01 4.2486086e-04],0.8253346085548401,0.00026704452,0.85028273,0.85001568548,0.8944821357727051,0.6400913000106812,0.7462011575698853,0.8555097579956055,0.6176798939704895,0.7173973917961121
682,یخ بر روی برکه‌های کوچک وقتی که دما پایین‌تر از 0 درجه سلسیوس می‌رود، تشکیل می‌شود. کدام ویژگی یخ برای ماهی‌های زندگی‌کرده در این برکه‌ها مفیدتر است؟,"['یخ دمایی سردتر از دمای آب دارد.', 'یخ نور خورشید را که توسط آب منعکس می\u200cشود، جذب می\u200cکند.', 'یخ آلودگی بیشتری نسبت به آبی که جذب می\u200cکند، حبس می\u200cکند.', 'یخ چگالی کمتری نسبت به چگالی آب دارد.']",D,یخ چگالی کمتری نسبت به آب دارد و بر روی سطح آب شناور می‌ماند، مانع از یخ زدگی کامل آب زیرین می‌شود.,D,0.5552296042442322,D,0.8607412576675415,True,True,True,True,[0.3801156  0.05144306 0.01321167 0.5552296 ],[0.13097173 0.0051583  0.00312867 0.86074126],0.8867941498756409,0.5552296,0.86074126,0.3055116599999999,0.9261968731880188,0.6930334568023682,0.792827844619751,0.9261968731880188,0.6930334568023682,0.792827844619751
683,کدام منبع انرژی غیرقابل تجدید است؟,"['الف) نفت', 'ب) خورشیدی', 'ج) آب', 'د) باد']",A,منابع غیرقابل تجدید، منابعی هستند که پس از استفاده تمام می‌شوند. نفت یک منبع فسیلی است که میلیون‌ها سال طول می‌کشد تا دوباره تشکیل شود.,B,0.9646889567375184,B,0.0469525754451751,False,False,False,False,[0.01646922 0.96468896 0.00237262 0.01646922],[0.04695258 0.9430677  0.00182055 0.00815913],0.9349298477172852,0.01646922,0.04695258,0.03048336,0.950011670589447,0.8811379075050354,0.9142795205116272,0.9500116109848022,0.8811378479003906,0.9142795205116272
684,یک گیاه انرژی مورد نیاز خود را از خورشید دریافت می کند. این گیاه حدود ده درصد از انرژی را برای ادامه عملکردهای زندگی خود استفاده می کند. این گیاه تقریبا ده درصد دیگر از انرژی را به مصرف کنندگان در زنجیره غذایی منتقل می کند. با بیشتر انرژی باقی مانده چه اتفاقی می افتد؟,"['دوباره توسط خورشید جذب می شود.', 'توسط تجزیه کنندگان بازیافت می شود.', 'در خاک برای استفاده بعدی ذخیره می شود.', 'به عنوان گرما به اکوسیستم آزاد می شود.']",D,بیشتر انرژی باقی‌مانده به صورت گرما به محیط آزاد می‌شود که نتیجه ناکارآمدی‌های تبدیل انرژی است.,D,0.651990532875061,D,0.993343472480774,True,True,True,True,[0.06064457 0.2717901  0.01557481 0.65199053],[4.0595676e-03 2.4622525e-03 1.3463694e-04 9.9334347e-01],0.6766531467437744,0.65199053,0.99334347,0.34135294,0.8135910630226135,0.5857022404670715,0.6810896992683411,0.813590943813324,0.5857021808624268,0.6810895800590515
685,زمانی که بادهای شدید در یک منطقه جنگلی درختان کاج را زمین زد، شکافی در پوشش انبوه ایجاد شد و اجازه داد نور خورشید به زمین برسد. نور خورشید افزایش یافته باعث رشد متراکم گیاهان تمشک شد که نهال‌های جوان درختان کاج را از خوردن توسط علف‌خوارها محافظت کرد. با گذشت زمان، نهال‌های کاج رشد کردند و از رسیدن نور خورشید به سطح جنگل جلوگیری کردند و به این ترتیب از رشد بیشتر گیاهان تمشک جلوگیری کردند. کدام یک از این اصطلاحات بهترین توصیف از فرآیند تغییر مشاهده شده در این جامعه جنگلی است؟,"['الف) سازگاری', 'ب) همکاری', 'ج) انتخاب طبیعی', 'د) جانشینی بوم\u200cشناختی']",D,تغییر تدریجی در ترکیب گونه‌های جامعه جنگلی در اثر فرآیندهای طبیعی، جانشینی بوم‌شناختی نامیده می‌شود.,D,0.5868431925773621,D,0.993720293045044,True,True,True,True,[0.24367891 0.05437211 0.11510576 0.5868432 ],[5.2349744e-03 4.5742700e-04 5.8734789e-04 9.9372029e-01],0.7754983305931091,0.5868432,0.99372029,0.4068770899999999,0.7867892980575562,0.550205409526825,0.6475653648376465,0.7867892980575562,0.550205409526825,0.6475653648376465
686,کدام معادله به درستی برای واکنش هیدروژن و اکسیژن جهت تشکیل آب متوازن شده است؟,"['H_{2} + O_{2} -> H_{2}O', '2H_{2} + O_{2} -> 2H_{2}O', '4H + O_{2} -> 2H_{2}O', 'H_{2} + O -> H_{2}O']",B,برای متعادل کردن معادله، تعداد اتم‌های هر عنصر باید برابر باشد. در معادله [MASK]، تعداد اتم‌های هیدروژن و اکسیژن در دو طرف برابر است.,B,0.9709308743476868,B,0.8235065340995789,True,True,True,False,[2.5823945e-02 9.7093087e-01 4.8043043e-04 2.7646862e-03],[0.16342987 0.82350653 0.0038435  0.00922008],0.8983541131019592,0.97093087,0.82350653,-0.14742434,0.93802809715271,0.7923606038093567,0.8590630888938904,0.9493575096130371,0.7933331727981567,0.8643608093261719
687,کدام یک از این موارد می‌تواند مدل انبساط باشد؟,"['یک دانش\u200cآموز از در عبور می\u200cکند', 'دو دانش\u200cآموز در کنار یکدیگر عبور می\u200cکنند', 'دو دانش\u200cآموز به یکدیگر برخورد می\u200cکنند', 'دانش\u200cآموزان از یک اتاق شلوغ به یک راهرو عبور می\u200cکنند']",D,حرکت از فضای پرتراکم به فضای کمتر متراکم انبساط است.,D,0.7321320176124573,D,0.8698831796646118,True,True,True,True,[0.18511197 0.07716615 0.0055899  0.732132  ],[0.10348769 0.02345486 0.00317427 0.8698832 ],0.6889092922210693,0.732132,0.8698832,0.1377511999999999,0.7580953240394592,0.5435581207275391,0.6331468820571899,0.7642917037010193,0.5516671538352966,0.6408021450042725
688,کدام یک از این روش‌ها مطمئن‌ترین راه برای به دست آوردن نتایج بی‌طرفانه در هنگام انجام یک آزمایش کنترل‌شده است؟,"['از بیش از یک گروه کنترل استفاده کنید.', 'یک گروه آزمایشی متفاوت را امتحان کنید.', 'اگر فرضیه نادرست است، آن را تغییر دهید.', 'روش را هر بار دقیقاً به همان صورت تکرار کنید.']",D,استفاده از چندین گروه کنترل، اعتبار و اطمینان نتایج را افزایش می‌دهد و نتایج را به شرایط طبیعی نزدیک‌تر می‌کند.,A,0.9429876804351808,A,0.0137556791305542,False,False,False,False,[0.9429877  0.0322043  0.00729891 0.01750918],[0.95684296 0.02569899 0.00370229 0.01375568],0.7533935308456421,0.01750918,0.01375568,-0.0037535,0.7597378492355347,0.5909825563430786,0.664818286895752,0.7597378492355347,0.5909825563430786,0.664818286895752
689,یک اتم پتاسیم (K) دارای ۲۰ نوترون، ۱۹ پروتون و ۱۹ الکترون است. جرم اتمی پتاسیم چقدر است؟,"['19', '20', '38', '39']",D,جرم اتمی پتاسیم برابر است با مجموع پروتون‌ها و نوترون‌ها که ۱۹ + ۲۰ = ۳۹ است.,D,0.6668930053710938,D,0.9988001585006714,True,True,True,True,[0.01568382 0.00240519 0.31501794 0.666893  ],[7.9130620e-04 3.4767570e-05 3.7378661e-04 9.9880016e-01],0.9125759601593018,0.666893,0.99880016,0.3319071600000001,0.8311522006988525,0.6934366822242737,0.7560745477676392,0.8311522006988525,0.6934366822242737,0.7560745477676392
690,زمانی که در معرض نور مستقیم خورشید قرار می‌گیرد، کدام شیء بیشترین انرژی نور مرئی را جذب می‌کند؟,"['یک تکه شیشه شفاف', 'یک گلوله برفی', 'یک آینه براق', 'یک ژاکت سیاه']",D,شیء تیره به دلیل رنگ خود، بیشترین انرژی نور مرئی را جذب می‌کند.,D,0.6114712953567505,D,0.9685371518135072,True,True,True,True,[0.28996906 0.06419734 0.03436236 0.6114713 ],[0.01571622 0.0122398  0.00350676 0.96853715],0.8132573366165161,0.6114713,0.96853715,0.3570658499999999,0.8367685079574585,0.6088089942932129,0.7048147916793823,0.8255108594894409,0.605805516242981,0.6987959146499634
691,یک دانش‌آموز یک گزارش درباره تغییرات محیطی تدریجی تهیه می‌کند. بهترین موضوع برای این گزارش کدام است؟,"['آتش\u200cسوزی\u200cهای جنگلی در مناطق کوهستانی', 'جانشینی که علفزار را به جنگل تبدیل می\u200cکند', 'تجزیه یک جوندۀ بیابانی', 'سیلاب\u200cهای ناگهانی در مناطق روستایی']",B,فرآیندهای تدریجی در محیط زیست به صورت آرام و در طول زمان اتفاق می‌افتند. تغییر ترکیب گونه‌های گیاهی و جانوری در یک منطقه نمونه آن است.,A,0.6514036655426025,B,0.9098840951919556,False,True,True,True,[0.65140367 0.3065017  0.01336195 0.0287327 ],[0.08463241 0.9098841  0.0034932  0.00199036],0.8066283464431763,0.3065017,0.9098841,0.6033824,0.8591841459274292,0.744394063949585,0.7976806163787842,0.8591841459274292,0.744394063949585,0.7976806163787842
692,سوالی: برخی از دانش‌آموزان از یک صفحه داغ برای گرم کردن ۱ لیتر آب از ۲۰ درجه سانتی‌گراد تا نقطه جوش آب استفاده کردند. دانش‌آموزان دمای آب را هر دقیقه ثبت کردند تا زمانی که شروع به جوشیدن کرد. کدام یک از گزینه‌های زیر بهترین روش برای نمایش داده‌ها را ارائه می‌دهد؟,"['الف) نمودار ستونی با دما در محور عمودی و زمان در محور افقی', 'ب) نمودار ستونی با زمان در محور عمودی و دما در محور افقی', 'ج) نمودار خطی با دما در محور عمودی و زمان در محور افقی', 'د) نمودار خطی با زمان در محور عمودی و دما در محور افقی']",C,نمودار خطی با دما در محور عمودی و زمان در محور افقی، تغییرات دما را بر حسب زمان به وضوح نشان می‌دهد.,C,0.4957814216613769,C,0.9541171193122864,True,True,True,True,[0.2653727  0.07662686 0.49578142 0.16221906],[0.02903781 0.00474029 0.9541171  0.01210476],0.857340395450592,0.49578142,0.9541171,0.4583356800000001,0.8309102654457092,0.6529524326324463,0.7312602996826172,0.8309102654457092,0.6529524326324463,0.7312602996826172
693,کدام انتقال بیشترین مسئولیت را در ایجاد فاصله‌ها در ثبت فسیلی دارد؟,"['سنگ\u200cهای دگرگونی به سنگ\u200cهای آذرین', 'سنگ\u200cهای آذرین به سنگ\u200cهای دگرگونی', 'سنگ\u200cهای دگرگونی به سنگ\u200cهای رسوبی', 'سنگ\u200cهای رسوبی به سنگ\u200cهای دگرگونی']",D,تبدیل سنگ‌های رسوبی به دگرگونی، به دلیل فشار و حرارت بالا، موجب تخریب و تغییر شکل فسیل‌ها و ایجاد فاصله در ثبت فسیلی می‌شود.,A,0.8561460375785828,B,0.0404694527387619,False,False,False,False,[0.85614604 0.13027251 0.00399584 0.00958552],[0.3780107  0.5500023  0.03151764 0.04046945],0.8020551800727844,0.00958552,0.04046945,0.0308839299999999,0.7927790880203247,0.6797765493392944,0.7319419980049133,0.7750255465507507,0.6723813414573669,0.7200639247894287
694,لاله‌های زرد گیاهانی هستند که می‌توانند هم تکثیر جنسی و هم تکثیر غیرجنسی انجام دهند. یک جمعیت لاله زرد چگونه می‌تواند از تکثیر جنسی به جای تکثیر غیرجنسی بیشتر بهره‌مند شود؟,"['می\u200cتواند سریع\u200cتر تکثیر شود.', 'می\u200cتواند سریع\u200cتر به محیط خود سازگار شود.', 'می\u200cتواند تنوع ویژگی\u200cهای ارثی را افزایش دهد.', 'می\u200cتواند ویژگی\u200cهای نامطلوب را از تجمع ژنی حذف کند.']",C,تکثیر جنسی باعث ایجاد ترکیب ژنی جدید و افزایش تنوع ژنتیکی می‌شود و در نتیجه تنوع ویژگی‌های ارثی در جمعیت لاله زرد افزایش می‌یابد.,A,0.7713783383369446,C,0.8862000107765198,False,True,True,True,[0.77137834 0.09141106 0.03362825 0.1035823 ],[1.06671624e-01 6.81928871e-03 8.86200011e-01 3.09129537e-04],0.8688404560089111,0.03362825,0.886200011,0.852571761,0.7805525064468384,0.5960163474082947,0.6759154796600342,0.7781084775924683,0.598940372467041,0.6768686175346375
695,چالش تکامل گوسفند یک گونه از گوسفند در جزیره هیرتا در اسکاتلند زندگی می‌کند. هیرتا دارای علف‌های بسیار برای تغذیه گوسفندهاست و هیچ شکارچی طبیعی برای گوسفندها در این جزیره وجود ندارد. برخی از گوسفندها پشم تیره و برخی دیگر پشم روشن دارند. گوسفندهای با پشم تیره معمولاً بسیار بزرگتر و قویتر از گوسفندهای با پشم روشن هستند. با این حال، پژوهشگران متوجه شده‌اند که در ۲۰ سال گذشته، تعداد گوسفندهای با پشم روشن افزایش یافته است. معمولاً، قدرت و اندازه به حیوانات کمک می‌کند تا زنده بمانند و reproduce کنند. یک شکارچی جدید گوسفند به جزیره معرفی می‌شود. چه تغییری در جمعیت گوسفندها احتمالاً ابتدا اتفاق خواهد افتاد؟,"['کاهش در جمعیت گوسفندهای با پشم تیره', 'کاهش در جمعیت گوسفندهای با پشم روشن', 'افزایش در جمعیت گوسفندهای با پشم تیره', 'افزایش در جمعیت گوسفندهای با پشم روشن']",B,با ورود شکارچی جدید، گوسفندهای با پشم روشن به دلیل ظاهرشان بیشتر در معرض خطر قرار می‌گیرند و احتمالاً جمعیتشان کاهش می‌یابد.,D,0.5581765174865723,B,0.965572476387024,False,True,True,True,[0.09775729 0.00551509 0.33855116 0.5581765 ],[0.02297576 0.9655725  0.00399259 0.00745914],0.8864904046058655,0.00551509,0.9655725,0.96005741,0.8562555313110352,0.7040557265281677,0.7727324962615967,0.8562555313110352,0.7040557265281677,0.7727324962615967
696,کدام یک به احتمال زیاد باید اتفاق بیفتد تا یک گیاه جدید رشد کند؟,"['برگ\u200cها از ساقه خارج می\u200cشوند.', 'حشرات به گلبرگ\u200cها جلب می\u200cشوند.', 'یک شکوفه به خاک می\u200cافتد.', 'یک دانه جوانه می\u200cزند.']",D,اولین گام در چرخه رشد یک گیاه جدید، فرآیند جوانه زدن است.,D,0.8758465647697449,D,0.4570378959178924,True,True,True,False,[0.10501436 0.0051473  0.01399181 0.87584656],[0.1330056  0.00662196 0.40333453 0.4570379 ],0.8840932846069336,0.87584656,0.4570379,-0.41880866,0.9069427251815796,0.7383673787117004,0.8140190839767456,0.9069427251815796,0.7383673191070557,0.8140190839767456
697,دانش‌آموزان یک آزمایشگاه را با استفاده از مواد شیمیایی به پایان رساندند. دانش‌آموزان مطمئن شدند که مواد شیمیایی را به طور ایمن دور ریخته‌اند زیرا آنها,"['مواد شیمیایی را در لوله فاضلاب ریختند.', 'مواد شیمیایی را با احتیاط در سطل زباله قرار دادند.', 'هر ماده شیمیایی را به ظرف اصلی خود برگرداندند.', 'دستورالعمل\u200cهای ارائه\u200cشده توسط معلم را برای هر ماده شیمیایی دنبال کردند.']",D,با دنبال کردن دستورالعمل‌های معلم، دانش‌آموزان مواد شیمیایی را ایمن دور ریختند.,C,0.8719379305839539,D,0.874068558216095,False,True,True,True,[0.09208125 0.02022757 0.87193793 0.01575324],[0.10398561 0.01429454 0.00765132 0.87406856],0.8343551754951477,0.01575324,0.87406856,0.85831532,0.856197714805603,0.5762878656387329,0.6888953447341919,0.856197714805603,0.5762879252433777,0.6888954639434814
698,زغال‌سنگ و درختان منابعی هستند که در مریلند یافت می‌شوند. هر دو منبع برای استفاده می‌شوند,"['ساخت کاغذ', 'ساخت مداد', 'ساخت خانه\u200cها', 'تولید گرما']",D,هر دو منبع برای [MASK] استفاده می‌شوند.,A,0.964606523513794,A,0.0004021021886728,False,False,False,False,[9.6460652e-01 5.7106093e-03 2.9000867e-02 6.8203500e-04],[9.9274558e-01 4.0610884e-03 2.7911423e-03 4.0210219e-04],0.550359845161438,0.000682035,0.00040210219,-0.00027993281,0.8329511284828186,0.565933108329773,0.6739580035209656,0.8138887286186218,0.5407199859619141,0.6497608423233032
699,کدام مجموعه توصیفات به درستی تمایز بین یک جمعیت و یک جامعه را بیان می‌کند؟,"['جمعیت: یک گونه در یک ناحیه جامعه: یک گونه در سرتاسر جهان', 'جمعیت: موجودات در یک ناحیه کوچک جامعه: موجودات در یک ناحیه بزرگ', 'جمعیت: اجزای زنده یک ناحیه جامعه: اجزای زنده و غیرزنده یک ناحیه', 'جمعیت: یک نوع موجود در یک ناحیه جامعه: انواع مختلفی از موجودات در یک ناحیه']",D,تمایز بین یک گروه از افراد یک گونه در یک ناحیه و گروهی از انواع مختلف موجودات در همان ناحیه.,A,0.5793201327323914,C,0.2173700332641601,False,False,False,False,[0.57932013 0.06082184 0.21395408 0.145904  ],[0.02291063 0.00398127 0.7557381  0.21737003],0.7782618999481201,0.145904,0.21737003,0.0714660299999999,0.8313461542129517,0.6544294357299805,0.7323547005653381,0.8322434425354004,0.6593875885009766,0.7357999682426453
700,کدامیک نمونه‌ای از فرسایش آلی سنگ‌ها است؟,"['حرکت یخچال\u200cها بر روی قطعات بزرگ سنگ\u200cهای شکسته', 'رشد ریشه\u200cهای درخت در سنگ\u200cهای شکسته', 'یخ بستن بر روی سطح سنگ', 'وزش باد بر روی سطح سنگ با شن']",B,رشد ریشه‌های درخت در شکاف سنگ‌ها باعث شکستگی و خرد شدن سنگ می‌شود.,A,0.8862282037734985,B,0.9858808517456056,False,True,True,True,[0.8862282  0.04970548 0.05632368 0.00774262],[1.2362025e-02 9.8588085e-01 1.0147368e-03 7.4239727e-04],0.7108564972877502,0.04970548,0.98588085,0.93617537,0.9635646939277649,0.7137351036071777,0.820044219493866,0.9635646343231201,0.7137351036071777,0.8200441002845764
701,پرنده‌های زامبی در جزایر گالاپاگوس به یک گونه‌ی دیگر از پرندگان، یعنی باکلی آبی پا، نوک می‌زنند تا به آن زخم بزنند. سپس، آن‌ها خون باکل را می‌نوشند. دانشمندان معتقدند که نسل‌ها پیش، زامبی‌ها به زخم کردن حشرات از باکل می‌پرداختند و این رفتار به آنچه امروز است تکامل یافته است. کدام عبارت بهترین توصیف از رابطه‌ی پرندگان در نسل‌های گذشته و رابطه‌ی امروز است؟,"['رابطه\u200cی قدیمی پارازیتی بود. رابطه\u200cی جدید متقابل است.', 'رابطه\u200cی قدیمی متقابل بود. رابطه\u200cی جدید پارازیتی است.', 'هر دو رابطه پارازیتی هستند.', 'هر دو رابطه متقابل هستند.']",B,رابطه‌ی قدیمی احتمالاً متقابل بود، اما رابطه‌ی جدید پرندگان زامبی با باکل‌ها یک رابطه پارازیتی است.,A,0.982986569404602,B,0.9786040782928468,False,True,True,True,[9.82986569e-01 9.50136408e-03 1.12358044e-04 7.39966938e-03],[2.0589866e-02 9.7860408e-01 5.6053374e-05 7.4998580e-04],0.8959828019142151,0.00950136408,0.97860408,0.96910271592,0.8093374967575073,0.6271624565124512,0.7066984176635742,0.8093374967575073,0.6271624565124512,0.7066984176635742
702,سوالی: یک دانش‌آموز هوا را به داخل یک توپ ساحلی دمید و آن را مهر و موم کرد. سپس او به وسط توپ ساحلی فشار داد. چه اتفاقی برای هوای داخل توپ ساحلی افتاد؟,"['الف) هوای داخل توپ ساحلی خارج شد.', 'ب) هوای داخل توپ ساحلی به مایع تبدیل شد.', 'ج) نوع هوای داخل توپ ساحلی تغییر کرد.', 'د) شکل هوای داخل توپ ساحلی تغییر کرد.']",D,فشار وارد شده باعث تغییر شکل هوای داخل توپ می‌شود.,B,0.598022997379303,D,0.7983925938606262,False,True,True,True,[0.24929307 0.598023   0.01820037 0.13448353],[0.12148466 0.04006138 0.04006138 0.7983926 ],0.7263690233230591,0.13448353,0.7983926,0.66390907,0.6827701330184937,0.5736562013626099,0.623475193977356,0.6827701330184937,0.5736562013626099,0.623475193977356
703,پوسته، mantle و هسته ساختارهای زمین هستند. کدام توصیف ویژگی mantle زمین است؟,"['دارای بقایای فسیلی است', 'شامل صفحات تکتونیکی است', 'در مرکز زمین قرار دارد', 'خواص هر دو مایع و جامد را دارد']",D,ویژگی مانتل زمین این است که خواص جامد و مایع را توامان دارد.,B,0.6948044896125793,D,0.9881779551506042,False,True,True,True,[0.0087463  0.6948045  0.00681162 0.2896376 ],[0.00403846 0.00587592 0.00190763 0.98817796],0.6822956800460815,0.2896376,0.98817796,0.69854036,0.6762646436691284,0.5215855836868286,0.5889382362365723,0.6762646436691284,0.5215855836868286,0.5889382362365723
704,یک ظرف با 250 میلی لیتر آب پر شده است. جرم کل ظرف و آب 300 گرم است. جرم کل ظرف و آب پس از قرار گرفتن در فریزر به مدت 2 ساعت چیست؟,"['50 گرم', '250 گرم', '300 گرم', '550 گرم']",C,تغییر حالت آب تاثیری بر جرم ندارد، پس جرم کل ظرف و آب [MASK] باقی می‌ماند.,B,0.5723103284835815,B,0.1361210495233535,False,False,False,False,[0.16396967 0.5723103  0.02514556 0.23857443],[0.06429903 0.7833226  0.13612105 0.01625734],0.6862152218818665,0.02514556,0.13612105,0.11097549,0.7659728527069092,0.5840411186218262,0.6627481579780579,0.7690460085868835,0.5800821781158447,0.6613305807113647
705,کدام رویداد بهترین مثال از انرژی مکانیکی است؟,"['سوزاندن چوب', 'درخشش نور', 'پخش یک آهنگ در رادیو', 'یک واگن که از تپه پایین می\u200cرود']",D,واگن در حال حرکت از تپه پایین، نمونه‌ای از تبدیل انرژی پتانسیل به جنبشی است که بخشی از انرژی مکانیکی است.,D,0.943398416042328,D,0.991169810295105,True,True,True,True,[5.3326949e-02 2.6138306e-03 6.6087989e-04 9.4339842e-01],[8.4423516e-03 3.2734551e-04 6.0552822e-05 9.9116981e-01],0.7819996476173401,0.94339842,0.99116981,0.04777139,0.736815869808197,0.6788516044616699,0.7066470384597778,0.7235132455825806,0.6769339442253113,0.6994490027427673
706,موج های صوتی سریع ترین سرعت را در کجا دارند؟,"['هوا.', 'آهن.', 'آب.', 'خلاء.']",B,موج‌های صوتی در مواد جامد، به ویژه فلزات، سریع‌ترین سرعت را دارند زیرا تراکم‌پذیری کمتری دارند.,A,0.5104039907455444,B,0.9749496579170228,False,True,True,True,[0.510404   0.02551098 0.01365504 0.45042995],[0.01407084 0.97494966 0.00130879 0.00967074],0.855016827583313,0.02551098,0.97494966,0.94943868,0.7282180786132812,0.6578391790390015,0.6912418603897095,0.7282180786132812,0.6578391790390015,0.6912418603897095
707,کدام رابطه منجر به بیشترین سطح تبخیر از مخازن آب زمین می‌شود؟,"['بزرگترین سطح و نور خورشید مستقیم بیشتر', 'بزرگترین سطح و نور خورشید مستقیم کمتر', 'کوچکترین سطح و نور خورشید مستقیم بیشتر', 'کوچکترین سطح و نور خورشید مستقیم کمتر']",A,سطح بزرگتر و نور مستقیم بیشتر، انرژی بیشتری برای تبخیر فراهم می‌کند.,A,0.6866053938865662,A,0.9968997240066528,True,True,True,True,[0.6866054  0.03418407 0.252588   0.02662258],[9.9689972e-01 9.0728112e-04 1.1649720e-03 1.0280842e-03],0.7556455135345459,0.6866054,0.99689972,0.31029432,0.7567393183708191,0.5886789560317993,0.6622126698493958,0.7567393779754639,0.5886790156364441,0.6622126698493958
708,کدام شرایط با بیشتر جبهه‌های گرم مرتبط است؟,"['تشکیل گردبادها', 'دمای پایین', 'برخوردهای شدید توده\u200cهای هوایی', 'تشکیل ابرها که بارش به همراه دارند']",D,حرکت توده هوای گرم و مرطوب به سمت هوای سردتر منجر به تشکیل ابرها و بارش می‌شود.,A,0.8092429041862488,A,0.2522491812705993,False,False,False,False,[0.8092429  0.00293001 0.17986253 0.00796459],[0.60511434 0.00761727 0.13501926 0.25224918],0.785702109336853,0.00796459,0.25224918,0.24428459,0.9050243496894836,0.6961884498596191,0.7869879007339478,0.9050243496894836,0.6961884498596191,0.7869879007339478
709,محتوای ایزوتوپ رادیواکتیو یک سنگ می‌تواند برای شناسایی کدام ویژگی سنگ استفاده شود؟,"['جرم کل سنگ', 'نرخ شکل\u200cگیری سنگ', 'انواع فسیل\u200cهایی که سنگ حاوی آن\u200cهاست', 'مقدار زمانی که از شکل\u200cگیری سنگ گذشته است']",D,با اندازه‌گیری نسبت ایزوتوپ‌های رادیواکتیو، می‌توان زمان سپری شده از شکل‌گیری سنگ را محاسبه کرد.,D,0.7640033960342407,B,0.131786823272705,True,False,False,False,[0.21803726 0.0160433  0.0019161  0.7640034 ],[5.1099299e-03 8.6272144e-01 3.8191228e-04 1.3178682e-01],0.8587731719017029,0.7640034,0.13178682,-0.63221658,0.9374347925186157,0.6598002314567566,0.7744880318641663,0.9374347925186157,0.6598002314567566,0.7744880318641663
710,کدام یک از گزینه‌های زیر بهترین توصیف را از تغییری در جو زمین که توسط زندگی فتوسنتزکننده‌ی اولیه ایجاد شده، ارائه می‌دهد؟,"['افزایش سطح اکسیژن', 'افزایش سطح دی\u200cاکسید کربن', 'کاهش توانایی برای حمایت از زندگی', 'کاهش توانایی برای انتقال نور']",A,فتوسنتز انرژی نور را به انرژی شیمیایی تبدیل می‌کند و منجر به تولید اکسیژن در جو می‌شود و در نتیجه سطح اکسیژن افزایش می‌یابد.,A,0.9988929629325868,A,0.9988420605659484,True,True,True,False,[9.9889296e-01 4.3068608e-04 1.2339362e-04 5.5301189e-04],[9.9884206e-01 5.8122224e-04 1.7726276e-04 3.9946783e-04],0.8046219348907471,0.99889296,0.99884206,-5.090000000007589e-05,0.8522703647613525,0.6734956502914429,0.7524093985557556,0.85169517993927,0.674332857131958,0.7527070641517639
711,یک دانش‌آموز بر روی یک ترازو ایستاده است و ترازو وزن 85 پوند را نشان می‌دهد. چه چیزی توسط ترازو اندازه‌گیری می‌شود؟,"['نیروی جاذبه\u200cای که بر روی دانش\u200cآموز عمل می\u200cکند', 'فشار هوا در اطراف دانش\u200cآموز', 'جرم دانش\u200cآموز', 'حجم دانش\u200cآموز']",A,ترازو نیروی وارد شده به دانش‌آموز به دلیل جاذبه زمین را اندازه می‌گیرد.,C,0.9907913208007812,C,0.0139514477923512,False,False,False,False,[8.6055743e-03 2.3661053e-04 9.9079132e-01 3.6646955e-04],[1.39514478e-02 1.99006710e-04 9.85743105e-01 1.06520616e-04],0.8573218584060669,0.0086055743,0.0139514478,0.0053458735,0.8752814531326294,0.6788017749786377,0.764621376991272,0.8752814531326294,0.6788018345832825,0.764621376991272
712,بر اساس اثر داپلر، امواج الکترومغناطیسی که از کهکشانی که در حال دور شدن از زمین است به زمین می‌رسند، انتظار می‌رود که,"['افزایش در دامنه خود را تجربه کنند.', 'افزایش در فرکانس را تجربه کنند.', 'کاهش از امواج عرضی به امواج طولی را تجربه کنند.', 'کاهش در فرکانس را تجربه کنند.']",D,هنگامی که کهکشانی در حال دور شدن از زمین است، امواج الکترومغناطیسی آن به دلیل اثر داپلر، کاهش فرکانس خواهند داشت.,B,0.9216709136962892,D,0.9871037602424622,False,True,True,True,[1.907271e-02 9.216709e-01 5.082705e-04 5.874809e-02],[8.6576827e-03 4.0895995e-03 1.4896365e-04 9.8710376e-01],0.8591803312301636,0.05874809,0.98710376,0.92835567,0.823660135269165,0.7026163339614868,0.758338451385498,0.823660135269165,0.7026163339614868,0.758338451385498
713,یک مهندس می‌تواند از چهار ماده مختلف برای ساخت یک دسته مقاوم در برابر حرارت برای قاشق هم زنی انتخاب کند. کدام ماده کمترین احتمال را دارد که وقتی قاشق در آب جوش قرار گیرد داغ شود؟,"['سرامیک', 'چوب', 'شیشه', 'آهن']",B,[MASK] کمترین ضریب هدایت حرارتی را دارد و گرما را به آرامی منتقل می‌کند.,A,0.4730555117130279,A,0.03183039650321,False,False,False,False,[0.4730555  0.04985968 0.00402928 0.4730555 ],[0.92298144 0.0318304  0.00911956 0.03606856],0.7140962481498718,0.04985968,0.0318304,-0.01802928,0.8200562596321106,0.5563180446624756,0.6629186868667603,0.8175497651100159,0.5480210781097412,0.6561864018440247
714,یک دانش‌آموز متوجه می‌شود که یک بادکنک باد شده زمانی که توسط یک لامپ گرم می‌شود بزرگ‌تر می‌شود. کدام مورد بهترین توصیف را از جرم بادکنک در نتیجه این تغییر ارائه می‌دهد؟,"['جرم بادکنک افزایش می\u200cیابد زیرا اندازه بادکنک افزایش یافته است.', 'جرم بادکنک افزایش می\u200cیابد زیرا دمای بادکنک افزایش یافته است.', 'جرم بادکنک ثابت می\u200cماند زیرا گاز داخل بادکنک پس از گرم شدن هنوز همان جرم را دارد.', 'جرم بادکنک ثابت می\u200cماند زیرا گرمایش جرم را به اندازه\u200cای کاهش می\u200cدهد که اثر افزایش اندازه را جبران کند.']",C,با افزایش دمای گاز داخل بادکنک، مولکول‌ها انرژی بیشتری پیدا کرده و حرکات آنها افزایش می‌یابد، اما جرم گاز تغییر نمی‌کند زیرا مولکول‌ها نه ایجاد می‌شوند و نه از بین می‌روند؛ بنابراین جرم بادکنک افزایش می‌یابد.,C,0.885741114616394,C,0.9858734607696532,True,True,True,True,[0.04987259 0.01451375 0.8857411  0.04987259],[9.5525607e-03 5.9188635e-04 9.8587346e-01 3.9820997e-03],0.9562950134277344,0.8857411,0.98587346,0.10013236,0.9076502919197083,0.7147019505500793,0.7997023463249207,0.9076504111289978,0.7147019505500793,0.7997024059295654
715,یک محلول با pH برابر ۲ می‌تواند با افزودن چه چیزی به pH بالای ۷ افزایش یابد؟,"['یک اسید.', 'آب.', 'یک باز.', 'هیدروژن.']",C,افزودن یک ماده پایه به محلول اسیدی با pH ۲، تعادل اسید و باز را به هم می‌زند و pH را به بالای ۷ افزایش می‌دهد.,C,0.8240930438041687,C,0.9857733845710754,True,True,True,True,[0.14376639 0.02498285 0.82409304 0.00715771],[0.00958898 0.00352759 0.9857734  0.00111   ],0.8916069865226746,0.82409304,0.9857734,0.1616803599999999,0.7962747812271118,0.6939924359321594,0.74162358045578,0.7962747812271118,0.6939923763275146,0.7416235208511353
716,کدام یک از موارد زیر نشان‌دهنده یک تغییر فیزیکی است که در طی فرآیند هضم اتفاق می‌افتد؟,"['افزودن اسیدها برای ایجاد یک توپ غذا', 'ترشح پپسین برای تغییر پروتئین\u200cها به پپتیدها', 'شکستن مواد غذایی توسط طیف\u200cهای هضمی', 'فشردن غذا از طریق روده\u200cها']",D,فرآیند فشردن و حرکت غذا در روده‌ها بدون تغییر در ساختار شیمیایی، نمونه‌ای از تغییر فیزیکی در هضم است.,C,0.96065491437912,C,0.1963334381580352,False,False,False,False,[0.02259244 0.00733469 0.9606549  0.00941793],[0.01826186 0.00280055 0.7826041  0.19633344],0.8399376273155212,0.00941793,0.19633344,0.18691551,0.77553391456604,0.6358972787857056,0.6988083124160767,0.7701890468597412,0.6301470994949341,0.6931655406951904
717,کایلی و لی‌آن در حال تهیه گزارشی درباره جزر و مد اقیانوس بودند. چه اطلاعاتی باید در گزارش خود درباره بزرگترین تأثیر بر قدرت جزر بالایی در یک منطقه خاص بگنجانند؟,"['موقعیت ماه در اطراف زمین', 'موقعیت زمین در اطراف خورشید', 'چرخش ماه', 'چرخش زمین']",A,نیروی گرانشی ماه بیشترین تأثیر را بر جزر و مد دارد و موقعیت آن در اطراف زمین باعث تغییر در قدرت جزر و مد می‌شود.,D,0.7748348116874695,A,0.6440578699111938,False,True,True,True,[0.19590892 0.00860764 0.02064865 0.7748348 ],[6.4405787e-01 9.2952857e-03 5.5822526e-04 3.4608862e-01],0.8887116312980652,0.19590892,0.64405787,0.44814895,0.8729472160339355,0.7899552583694458,0.8293802738189697,0.8728745579719543,0.7931429147720337,0.8311008214950562
718,استفاده هوشمندانه از سوخت‌های فسیلی و اجتناب از هدررفت مثال از کدام مورد است؟,"['کاهش مصرف.', 'بازیافت.', 'جایگزینی.', 'حفاظت.']",D,بهینه‌سازی استفاده از منابع با اجتناب از هدررفت و استفاده هوشمندانه از سوخت‌های فسیلی، کاهش مصرف را به دنبال دارد.,C,0.5119718313217163,A,0.0049988417886197,False,False,False,False,[0.14611052 0.30931598 0.51197183 0.03260167],[0.967612   0.01539752 0.0119916  0.00499884],0.8498156666755676,0.03260167,0.00499884,-0.02760283,0.8027938604354858,0.6566697359085083,0.7224166989326477,0.8027938604354858,0.6566697359085083,0.7224166989326477
719,وقتی که یک دکمه روی ساعت با باتری فشرده می‌شود، نمایش زمان روشن می‌شود. چه فرآیندی رخ داده است؟,"['فشار به نور تبدیل شده است.', 'نیرو به نور تبدیل شده است.', 'بسته شدن یک مدار الکتریکی نور تولید کرده است.', 'باز شدن یک مدار الکتریکی نور تولید کرده است.']",C,با فشردن دکمه، انرژی مکانیکی به انرژی الکتریکی و سپس به نور تبدیل می‌شود.,C,0.6048017740249634,A,0.3190737068653106,True,False,False,False,[0.3249941  0.01416812 0.6048018  0.05603601],[0.6781228  0.00148919 0.3190737  0.00131421],0.7686033844947815,0.6048018,0.3190737,-0.2857280999999999,0.8308846950531006,0.6880665421485901,0.7527614831924438,0.8207786083221436,0.6856309175491333,0.7471423745155334
720,منابع انرژی اورانیوم و زغال سنگ چه مشترکاتی دارند؟,"['هر دو از بقایای موجودات مرده تشکیل شده\u200cاند.', 'هر دو از طریق معدن\u200cکاری در لیتوسفر به دست می\u200cآیند.', 'هر دو انرژی را از طریق احتراق آزاد می\u200cکنند.', 'هر دو زباله\u200cهای رادیواکتیو تولید می\u200cکنند.']",B,هر دو منبع از طریق معدن‌کاری در لیتوسفر به دست می‌آیند و به صورت ذخایر معدنی در زیر سطح زمین یافت می‌شوند.,B,0.6826171278953552,B,0.9871721863746644,True,True,True,True,[0.28455713 0.6826171  0.0299921  0.00283363],[1.22938892e-02 9.87172186e-01 4.20673750e-04 1.13222806e-04],0.7963435649871826,0.6826171,0.987172186,0.304555086,0.9242281913757324,0.752884566783905,0.8298035860061646,0.9242281913757324,0.752884566783905,0.8298035860061646
721,چند وقت چوب یک منبع غیرقابل تجدید است؟,"['وقتی بیشتر درختانی که بهره\u200cبرداری می\u200cشوند به جای آن\u200cها کاشته نمی\u200cشوند.', 'وقتی درختان با همان نرخ بهره\u200cبرداری و کاشته می\u200cشوند.', 'وقتی درختان به عنوان منبع انرژی استفاده می\u200cشوند.', 'وقتی درختان به عنوان منبع ماده استفاده می\u200cشوند.']",A,زمانی که درختان قطع شده جایگزین نشوند، چوب منبع غیرقابل تجدید می‌شود.,A,0.6282832026481628,A,0.8881321549415588,True,True,True,True,[0.6282832  0.02739002 0.33893335 0.00539341],[0.88813215 0.03841683 0.02991905 0.04353197],0.7522162795066833,0.6282832,0.88813215,0.2598489499999999,0.6774154901504517,0.5319869518280029,0.5959574580192566,0.6774154901504517,0.5319869518280029,0.5959574580192566
722,اگر یک روباه و یک عقاب برخی از همان موجودات را در یک اکوسیستم مصرف کنند، رابطه بین روباه و عقاب را می‌توان به عنوان,"['رقابت.', 'همزیستی.', 'شکار.', 'انگل\u200cزایی.']",A,زمانی که دو گونه مختلف از یک منبع غذایی یکسان استفاده کنند، رابطه رقابتی است.,A,0.414508581161499,A,0.994809865951538,True,True,True,True,[0.41450858 0.19579999 0.2848873  0.10480418],[9.9480987e-01 4.0497105e-03 7.9743523e-04 3.4297263e-04],0.9021552205085754,0.41450858,0.99480987,0.58030129,0.8802767395973206,0.6432510018348694,0.7433260083198547,0.8802767395973206,0.6432510614395142,0.7433260083198547
723,نور هنگامی که از چه چیزی عبور می‌کند کمترین انکسار را دارد؟,"['لنز تلسکوپ.', 'یک پنجره رنگی.', 'ذره\u200cبین.', 'یک جفت عینک.']",B,هنگامی که نور از یک محیط همگن و شفاف عبور می‌کند، کمترین انکسار را دارد. لنز تلسکوپ نور را با کمترین پراکندگی ممکن جمع‌آوری می‌کند.,A,0.5085732936859131,A,0.1967818140983581,False,False,False,False,[0.5085733  0.39607728 0.04174624 0.05360323],[0.7813333  0.19678181 0.01425483 0.00763006],0.8515830636024475,0.39607728,0.19678181,-0.1992954699999999,0.8560689687728882,0.6284191608428955,0.7247887253761292,0.8560689687728882,0.6284191608428955,0.7247887253761292
724,چرا در آمریکای شمالی زمستان است در حالی که در آمریکای جنوبی تابستان است؟,"['الف) جنوب همیشه گرمتر از شمال است.', 'ب) در جنوب زمین کمتر از آب است.', 'ج) آمریکای شمالی در فصل زمستان نور خورشید کمتری دریافت می\u200cکند.', 'د) وقتی در آمریکای شمالی دسامبر است، در آمریکای جنوبی ژوئن است.']",C,زمین کج است و در طول سال، مقدار نور خورشید دریافتی نقاط مختلف زمین متفاوت است. در زمستان نیمکره شمالی، نور خورشید مایل و پراکنده‌تر است.,C,0.9474890828132628,C,0.9271033406257628,True,True,True,False,[0.0413058  0.00184343 0.9474891  0.00936171],[0.05903667 0.00205194 0.92710334 0.01180808],0.8636235594749451,0.9474891,0.92710334,-0.0203857599999999,0.8906676769256592,0.7276009321212769,0.800918459892273,0.8906676173210144,0.7276009321212769,0.8009185194969177
725,کدام عامل بهترین توضیح‌دهنده این است که چگونه بیماری‌هایی مانند سرطان در بدن شکل می‌گیرند؟,"['یک آسیب تروماتیک به بدن وارد شده است.', 'اختلالی در چرخه سلولی رخ داده است.', 'یک واکنش از سیستم ایمنی به دلیل یک واکنش آلرژیک تحریک شده است.', 'یک جهش در طول فرآیند جابه\u200cجایی رخ داده است.']",B,رشد غیرطبیعی سلول‌ها ناشی از اختلالات در چرخه سلولی است که منجر به تقسیم بی‌رویه و خارج از کنترل سلول‌ها می‌شود.,B,0.98381906747818,B,0.9950575828552246,True,True,True,True,[0.01090792 0.98381907 0.00312517 0.0021479 ],[3.2106468e-03 9.9505758e-01 8.1177865e-04 9.1986579e-04],0.7768640518188477,0.98381907,0.99505758,0.0112385099999999,0.9352441430091858,0.751970648765564,0.8336533308029175,0.9352442026138306,0.751970648765564,0.833653450012207
726,یک دانشجو یک کالسکه خرید پر از خوارکی‌ها را هل می‌دهد. این کالسکه دارای جرمی معادل ۱۲ کیلوگرم است. دانشجو این کالسکه را با نیروی ۱۵ نیوتن هل می‌دهد. با فرض اینکه سطح زمین بدون اصطکاک است، کالسکه با چه شتابی حرکت می‌کند تا زمانی که دانشجو نیرو را متوقف کند؟,"['۰.۶۲۵ متر بر ثانیه به توان ۲', '۰.۸ متر بر ثانیه به توان ۲', '۱.۲۵ متر بر ثانیه به توان ۲', '۲.۵ متر بر ثانیه به توان ۲']",C,با قانون دوم نیوتن، شتاب برابر است با نیروی وارد شده تقسیم بر جرم. با تقسیم ۱۵ نیوتن بر ۱۲ کیلوگرم، شتاب [MASK] حاصل می‌شود.,A,0.6831232309341431,A,0.0074285487644374,False,False,False,False,[0.68312323 0.09245068 0.1524254  0.07200066],[0.9691547  0.01387836 0.00742855 0.00953844],0.9078117609024048,0.1524254,0.00742855,-0.1449968499999999,0.8017645478248596,0.6146804094314575,0.6958674192428589,0.8083736896514893,0.6184778213500977,0.7007893919944763
727,در کدام فعالیت نور به احتمال زیاد شکسته می‌شود؟,"['قرار دادن یک شال روی سایه چراغ', 'دیدن اجسام با استفاده از آینه جانبی خودرو', 'نگاه کردن به سنگریزه\u200cها از طریق آب در یک جویبار', 'استفاده از یک چراغ قوه برای روشن کردن مسیر جنگل در شب']",C,هنگام عبور نور از آب به هوا یا بالعکس، شکست نور اتفاق می‌افتد. این حالت در نگاه کردن به سنگریزه‌ها از طریق آب در جویبار رخ می‌دهد.,C,0.7742587327957153,C,0.9747864007949828,True,True,True,True,[0.17309822 0.01432021 0.77425873 0.03832287],[2.2992039e-02 1.4470443e-03 9.7478640e-01 7.7454699e-04],0.7743142247200012,0.77425873,0.9747864,0.20052767,0.7603276968002319,0.7031160593032837,0.7306035161018372,0.7618948221206665,0.70754075050354,0.7337124943733215
728,روساریا نوعی ساختار را در نمونه‌ای از آب حوض پیدا کرد که نمی‌توانست شناسایی کند. معلم او به میکروسکوپ او نگاهی انداخت و توضیح داد که آنها زایگوت‌هایی هستند که توسط یکی از پروتیست‌ها در نمونه‌اش تولید شده‌اند. این زایگوت‌ها به کدام پروتیست تعلق دارند؟,"['آمبیا', 'یوگلنا', 'پارامسیوم', 'ولوکسی']",D,زایگوت‌ها در چرخه زندگی برخی پروتیست‌ها تولید می‌شوند. [MASK] نوعی پروتیست است که در آب‌های شیرین زندگی می‌کند و می‌تواند زایگوت تشکیل دهد. بنابراین، زایگوت‌های مشاهده شده به این پروتیست تعلق دارند.,C,0.4726354479789734,C,0.0778689831495285,False,False,False,False,[0.2855503  0.13594231 0.47263545 0.10587198],[0.31039327 0.09998575 0.511752   0.07786898],0.8901254534721375,0.10587198,0.07786898,-0.028003,0.8777834177017212,0.7412348389625549,0.8037508130073547,0.8720835447311401,0.7367280125617981,0.7987117171287537
729,کدام عمل بیشتر احتمال دارد که یک رفتار آموختنی باشد؟,"['یک پرنده آشیانه\u200cای می\u200cسازد.', 'یک عنکبوت تار می\u200cتند.', 'یک توله شیر مهارت\u200cهای شکار خود را تمرین می\u200cکند.', 'یک کرم خاکی از نور روشن دور می\u200cشود.']",C,تمرین و یادگیری از تجربه، نشان‌دهنده رفتار آموختنی است.,C,0.8580201268196106,C,0.9823951125144958,True,True,True,True,[0.08990632 0.04812338 0.8580201  0.00395021],[1.5755368e-02 1.2932792e-03 9.8239511e-01 5.5623252e-04],0.7283617854118347,0.8580201,0.98239511,0.12437501,0.8330321311950684,0.5995614528656006,0.6972723603248596,0.8318377137184143,0.6075983047485352,0.7022517323493958
730,یخ زدن آب نمونه‌ای از کدام است؟,"['تغییر مایع به جامد', 'تغییر جامد به مایع', 'تغییر گاز به جامد', 'تغییر گاز به مایع']",A,تبدیل آب از مایع به جامد است.,A,0.4246555268764496,A,0.9930158853530884,True,True,True,True,[0.42465553 0.42465553 0.01282349 0.13786547],[0.9930159  0.00117411 0.00361652 0.00219353],0.7334312200546265,0.42465553,0.9930159,0.56836037,0.8398609757423401,0.6539333462715149,0.7353262901306152,0.8455673456192017,0.6641541123390198,0.7439610958099365
731,یک مرغ قادر است انرژی که از خورشید آمده است را از طریق,"['خوردن دانه\u200cها.', 'نوشیدن آب.', 'تخم\u200cگذاری.', 'تنفس اکسیژن.']",A,مرغ انرژی خورشید را به طور غیرمستقیم از طریق خوردن دانه‌ها دریافت می‌کند.,D,0.7003099918365479,A,0.9989861845970154,False,True,True,True,[0.17706609 0.05748494 0.06513898 0.70031   ],[9.9898618e-01 5.4475496e-04 9.4664210e-05 3.7440425e-04],0.8665215373039246,0.17706609,0.99898618,0.8219200899999999,0.8866150975227356,0.6418999433517456,0.7446680665016174,0.8866150975227356,0.6418999433517456,0.7446680665016174
732,کدام‌یک از این شرایط بیشتر احتمال دارد ناشی از عفونت باشد؟,"['سطح قند خون بالا', 'ورم بافت\u200cهای گلو', 'بی\u200cحسی در انگشتان', 'انسداد عروق خونی در پا']",B,[MASK] معمولاً ناشی از واکنش سیستم ایمنی به عفونت است و باعث تورم و التهاب می‌شود.,B,0.7444910407066345,B,0.9858443737030028,True,True,True,True,[0.18897355 0.74449104 0.0056621  0.0608733 ],[1.0781951e-02 9.8584437e-01 6.4750650e-04 2.7261041e-03],0.8333724737167358,0.74449104,0.98584437,0.24135333,0.8303024172782898,0.6296103596687317,0.7161619663238525,0.8209827542304993,0.615219235420227,0.7033612132072449
733,کدام رویداد هر روز اتفاق می‌افتد؟,"['تغییر فصل\u200cها', 'طلوع و غروب خورشید', 'فزونی و کاستی ماه', 'چرخش ماه به دور خورشید']",B,چرخش زمین به دور محور خود این پدیده را روزانه ایجاد می‌کند.,A,0.7243517637252808,B,0.6599630117416382,False,True,True,True,[0.72435176 0.09764817 0.03592275 0.14207724],[0.31174445 0.659963   0.0057098  0.02258269],0.8663654923439026,0.09764817,0.659963,0.5623148299999999,0.7869102358818054,0.6353702545166016,0.7030671238899231,0.7901965379714966,0.6482481956481934,0.7122185230255127
734,چرا در تابستان پوشیدن تی‌شرت سفید از تی‌شرت سرمه‌ای تیره بهتر است؟,"['لباس\u200cهای روشن هوا را بیشتر عبور می\u200cدهند.', 'لباس\u200cهای روشن از عرق کردن جلوگیری می\u200cکنند.', 'لباس\u200cهای روشن به اندازه لباس\u200cهای تیره سنگین نیستند.', 'لباس\u200cهای روشن بیشتر از لباس\u200cهای تیره نور خورشید را منعکس می\u200cکنند.']",D,پوشش‌های روشن نور خورشید را بیشتر منعکس می‌کنند و حرارت کمتری جذب می‌کنند، بنابراین پوشیدن آن‌ها در تابستان بهتر است.,A,0.6131285429000854,D,0.9453336596488952,False,True,True,True,[0.61312854 0.09476377 0.00248622 0.2896214 ],[5.3228013e-02 1.2715160e-03 1.6678659e-04 9.4533366e-01],0.7268887758255005,0.2896214,0.94533366,0.65571226,0.8447527289390564,0.7363401651382446,0.7868296504020691,0.844752848148346,0.7363401651382446,0.7868295907974243
735,معادله سنتز آب به شرح زیر است: 2H_{2} + O_{2} -> 2H_{2}O. برای تولید 36.0 گرم آب، به چند گرم گاز اکسیژن نیاز است؟,"['9.00 گرم', '16.0 گرم', '32.0 گرم', '40.0 گرم']",C,برای تولید 36 گرم آب، 2 مول آب تولید می‌شود. طبق معادله شیمیایی، 1 مول اکسیژن برای تولید 2 مول آب لازم است. جرم مولی اکسیژن 32 گرم بر مول است، پس 1 مول اکسیژن برابر 32 گرم است که نصف آن 16 گرم می‌شود.,A,0.4958456754684448,A,0.0257479939609766,False,False,False,False,[0.49584568 0.08752196 0.2342209  0.18241143],[0.7643163  0.14816949 0.02574799 0.06176623],0.9301509857177734,0.2342209,0.02574799,-0.20847291,0.8416290283203125,0.7610632181167603,0.799321174621582,0.8416290283203125,0.7610632181167603,0.799321174621582
736,گروهی از غازهای کانادایی در بهار دریاچه‌ای در فلوریدا را ترک کردند. این غازها پس از ۴۰ روز به دریاچه‌ای در ماین به فاصله ۲۰۰۰ کیلومتر رسیدند. اگر غازها با سرعت ثابتی سفر کرده باشند، در روز اول چه مسافتی را طی کردند؟,"['۵ کیلومتر', '۲۰ کیلومتر', '۴۰ کیلومتر', '۵۰ کیلومتر']",D,با تقسیم مسافت کل بر تعداد روزها، سرعت روزانه غازها [MASK] در روز محاسبه می‌شود. بنابراین، در روز اول [MASK] را طی کرده‌اند.,A,0.4834950864315033,B,0.0406114682555198,False,False,False,False,[0.4834951  0.332301   0.04568025 0.13852367],[0.12509213 0.81570315 0.01859329 0.04061147],0.8345615863800049,0.13852367,0.04061147,-0.0979121999999999,0.8449377417564392,0.6900981664657593,0.7597086429595947,0.8236573934555054,0.6799273490905762,0.7449226975440979
737,دانش‌آموزان در حال انجام یک تحقیق برای تعیین نوع باکتری‌هایی هستند که در داخل مدرسه رشد می‌کنند. کدام فعالیت را باید دانش‌آموزان در حین انجام این تحقیق اجتناب کنند؟,"['پوشیدن دستکش در هنگام دست\u200cزدن به نمونه\u200cها', 'تمیز کردن تمام وسایلی که از آن\u200cها استفاده کرده\u200cاند', 'بردن غذا و نوشیدنی به داخل آزمایشگاه', 'شستن دست\u200cها قبل از ترک آزمایشگاه']",C,دانش‌آموزان باید از [MASK] خودداری کنند تا از آلودگی احتمالی نمونه‌ها و محیط آزمایشگاه جلوگیری شود.,C,0.7852762341499329,C,0.4061643481254577,True,True,True,False,[0.11948885 0.05644254 0.78527623 0.03879235],[0.244434   0.3163211  0.40616435 0.03308054],0.7631925940513611,0.78527623,0.40616435,-0.37911188,0.8257554173469543,0.5412338972091675,0.6538848876953125,0.8188295364379883,0.5277074575424194,0.6417980790138245
738,سوال: دانشمندان حیوانات را بر اساس ویژگی‌های فیزیکی دسته‌بندی می‌کنند. ماهی قزل‌آلا به عنوان ماهی طبقه‌بندی می‌شود به دلیل کدام ویژگی فیزیکی؟,"['الف) ماهی\u200cها آبشش دارند.', 'ب) ماهی\u200cها همان غذا را می\u200cخورند.', 'ج) ماهی\u200cها در همان منطقه زندگی می\u200cکنند.', 'د) ماهی\u200cها شکارچیان یکسانی دارند.']",A,ماهی قزل‌آلا به دلیل داشتن آبشش، به عنوان ماهی طبقه‌بندی می‌شود.,A,0.8565006852149963,A,0.9969436526298524,True,True,True,True,[0.8565007  0.00659075 0.00452975 0.13237882],[9.9694365e-01 1.1764563e-03 4.6070688e-04 1.4190772e-03],0.9109562039375304,0.8565007,0.99694365,0.1404429499999999,0.8127456903457642,0.5803124904632568,0.6771382689476013,0.8127456903457642,0.5803124904632568,0.6771382689476013
739,اگرچه تغییر در گونه‌های چندسلولی معمولاً هزاران سال طول می‌کشد، برخی از گونه‌های باکتری تنها در چند سال دچار تغییرات عمده‌ای می‌شوند. یکی از دلایل این تفاوت این است که این باکتری‌ها,"['میکروسکوپی هستند', 'دی\u200cان\u200cای را شامل نمی\u200cشوند', 'بسیار سریع تولید مثل می\u200cکنند', 'بیماری\u200cهای عفونی ایجاد می\u200cکنند']",C,تولید مثل سریع باکتری‌ها منجر به افزایش تنوع ژنتیکی و امکان تغییرات عمده در آن‌ها می‌شود، برخلاف گونه‌های چندسلولی با دوره‌های تولید مثلی طولانی‌تر.,C,0.9727718830108644,C,0.979322910308838,True,True,True,True,[2.0110525e-02 6.5289317e-03 9.7277188e-01 5.8860105e-04],[1.6850181e-02 3.3179976e-03 9.7932291e-01 5.0883141e-04],0.904437243938446,0.97277188,0.97932291,0.00655103,0.8759124875068665,0.7140215635299683,0.7867249250411987,0.8759124875068665,0.7140215635299683,0.7867249250411987
740,آب تبخیر می‌شود و به عنوان باران یا برف به زمین باز می‌گردد. منبع اصلی انرژی که این چرخه را به حرکت می‌آورد چیست؟,"['باد', 'خورشید', 'فشار هوا', 'جریان\u200cهای اقیانوسی']",B,انرژی [MASK] باعث تبخیر آب و تشکیل ابرها و بارش می‌شود.,B,0.9865328073501588,B,0.9858866930007936,True,True,True,False,[7.5396304e-03 9.8653281e-01 5.5794673e-05 5.8718701e-03],[1.2507819e-02 9.8588669e-01 2.0217006e-04 1.4033383e-03],0.8322804570198059,0.98653281,0.98588669,-0.00064612,0.8528132438659668,0.5875941514968872,0.6957865357398987,0.8422616720199585,0.5814869403839111,0.6879924535751343
741,در انسان‌ها، ژن لاله گوش آزاد [E] بر روی ژن لاله گوش متصل [e] غالب است. اگر یکی از والدین لاله گوش آزاد [Ee] و والد دیگر لاله گوش متصل (ee) داشته باشد، احتمال اینکه فرزندان آن‌ها لاله گوش متصل داشته باشند چقدر است؟,"['0%', '25%', '50%', '100%']",C,با توجه به ژن‌های والدین، فرزندان ۵۰٪ شانس دارند که ژن ee را دریافت کنند و لاله گوش متصل داشته باشند.,A,0.3868399560451507,C,0.9467561841011048,False,True,True,True,[0.38683996 0.20706052 0.38683996 0.01925963],[0.0226162  0.02903978 0.9467562  0.00158791],0.8212084770202637,0.38683996,0.9467562,0.5599162400000001,0.7002913355827332,0.5828266143798828,0.6361822485923767,0.7002913951873779,0.5828266143798828,0.6361822485923767
742,یک قورباغه درختی که کدام ویژگی را دارد، احتمال بیشتری برای بقا نسبت به قورباغه‌های درختی دیگر دارد؟,"['علاقه به حشرات نادر', 'صدای غیر عادی با فرکانس بالا', 'پوستی که شبیه به برگ\u200cهای درخت است', 'بدنی بزرگ\u200cتر از سایر قورباغه\u200cهای درختی']",C,قورباغه‌ای که بتواند خود را به محیط اطرافش شباهت دهد، بهتر می‌تواند از شکارگران فرار کند و زنده بماند.,D,0.5057617425918579,C,0.9871054887771606,False,True,True,True,[0.09959039 0.04704317 0.34760463 0.50576174],[8.5401358e-03 7.9435640e-04 9.8710549e-01 3.5600583e-03],0.7323938608169556,0.34760463,0.98710549,0.6395008600000001,0.6856583952903748,0.5549979209899902,0.6134477853775024,0.6856583952903748,0.5549979209899902,0.6134477853775024
743,چگونه ماهیگیری بیش از حد در یک منطقه بر اکوسیستم آن تأثیر می‌گذارد؟,"['ماهی\u200cها تخم\u200cهای بیشتری خواهند گذاشت تا جایگزین ماهی\u200cهای صید شده شوند.', 'ارگانیسم\u200cهایی که ماهی\u200cها را می\u200cخورند ممکن است به دلیل گرسنگی در معرض خطر قرار بگیرند.', 'ارگانیسم\u200cهایی که ماهی\u200cها آنها را می\u200cخورند در معرض خطر خواهند بود.', 'مردم ممکن است بیش از حد ماهی بخورند و بیمار شوند.']",B,کاهش جمعیت ماهی‌ها می‌تواند باعث مشکل گرسنگی در شکارگران آنها شود و در نتیجه جمعیت این گونه‌ها را در معرض خطر قرار دهد.,C,0.4305182993412018,C,0.1807938665151596,False,False,False,False,[0.23043986 0.335288   0.4305183  0.00375393],[0.09677198 0.18079387 0.7206618  0.00177244],0.7556142210960388,0.335288,0.18079387,-0.1544941299999999,0.7942009568214417,0.6454949975013733,0.7121680974960327,0.7942009568214417,0.6454949975013733,0.7121680974960327
744,گامت‌های مردان و زنان انسان دارای همان تعداد کروموزوم هستند. کدامیک بهترین توصیف را از آنچه که در زمان ترکیب گامت‌های معمولی مرد و زن برای تولید نسل اتفاق می‌افتد، ارائه می‌دهد؟,"['کروموزوم\u200cها تغییر شکل می\u200cدهند.', 'تعداد کروموزوم\u200cها دو برابر می\u200cشود.', 'کروموزوم\u200cها در اندازه بزرگ\u200cتر می\u200cشوند.', 'تعداد کروموزوم\u200cها به نصف کاهش می\u200cیابد.']",B,هنگامی که گامت‌ها ترکیب می‌شوند، سلول تخم دارای تعداد کروموزوم‌های کامل می‌شود؛ بنابراین تعداد کروموزوم‌ها در گامت‌ها نصف تعداد کروموزوم‌های سلول‌های معمولی است.,B,0.9680325388908386,D,0.0006662378436885,True,False,False,False,[2.5671536e-02 9.6803254e-01 4.7759505e-04 5.8182990e-03],[1.6141465e-02 6.6623784e-04 3.7586567e-05 9.8315465e-01],0.8392075896263123,0.96803254,0.00066623784,-0.96736630216,0.8677011728286743,0.6940725445747375,0.7712352871894836,0.8677011728286743,0.6940725445747375,0.7712352871894836
745,دانشجویی نرخ رشد گیاهان را در حضور دو نوع مختلف موسیقی ثبت کرده است. گیاهانی که در حضور یک نوع موسیقی رشد کرده‌اند، سریعتر از سایر گیاهان رشد کرده‌اند. قبل از اعلام نتیجه، دانشجو باید چه کاری انجام دهد؟,"['استفاده از گیاهان مختلف', 'تکرار آزمایش', 'اضافه کردن یک نوع موسیقی سوم', 'استفاده از گیاهان کمتری']",B,برای اطمینان از صحت نتایج، آزمایش باید تکرار شود تا نتایج تایید و خطاها کاهش یابد.,C,0.3786297142505646,B,0.9973052740097046,False,True,True,True,[0.33413956 0.26022816 0.3786297  0.02700261],[2.3405112e-03 9.9730527e-01 1.4962388e-04 2.0451160e-04],0.85703444480896,0.26022816,0.99730527,0.73707711,0.8172179460525513,0.5930839776992798,0.6873405575752258,0.816375732421875,0.5943900346755981,0.6879180073738098
746,یک دانشمند گرده‌افشانی متقابل یک گیاه گوجه‌فرنگی که در برابر ویروس‌ها مقاوم است را با یک گیاه گوجه‌فرنگی که میوه‌های بزرگی تولید می‌کند انجام می‌دهد. این یک مثال از چیست؟,"['انتخاب طبیعی.', 'تولید مثل غیرجنسی.', 'پرورش انتخابی.', 'مهندسی ژنتیک.']",C,ترکیب صفات مطلوب از دو گیاه برای تولید گیاهانی با ویژگی‌های برتر، به منظور اصلاح و بهبود کیفیت، نمونه‌ای از پرورش انتخابی است.,A,0.642936646938324,C,0.995063841342926,False,True,True,True,[0.64293665 0.036272   0.26801586 0.05277545],[4.0349518e-03 5.9974205e-04 9.9506384e-01 3.0156926e-04],0.7990060448646545,0.26801586,0.99506384,0.72704798,0.6803540587425232,0.58487868309021,0.6290140151977539,0.6803540587425232,0.58487868309021,0.6290140151977539
747,در چه دمایی آب بیشتر احتمال دارد که به حالت بخار باشد؟,"['-10 درجه سانتی\u200cگراد', '20 درجه سانتی\u200cگراد', '90 درجه سانتی\u200cگراد', '120 درجه سانتی\u200cگراد']",D,هر چه دما به نقطه جوش آب نزدیک‌تر باشد، احتمال تبدیل آب به بخار بیشتر است.,B,0.3534716367721557,C,0.3010239899158478,False,False,False,False,[0.18919975 0.35347164 0.24293727 0.21439138],[0.0275655  0.10902366 0.5623868  0.301024  ],0.8346589803695679,0.21439138,0.301024,0.08663262,0.8556792140007019,0.6463761925697327,0.7364451289176941,0.8598729372024536,0.6429810523986816,0.7357760667800903
748,یک جو دانشمندی برای یک شهر در یک تاریخ خاص داده‌ها را ثبت می‌کند. این داده‌ها شامل دما، پوشش ابری، سرعت باد، فشار بارومتری و جهت باد است. کدام روش باید جو دانشمند برای ثبت این داده‌ها برای یک مرجع سریع استفاده کند؟,"['یک توضیح مکتوب', 'یک جدول', 'یک مدل ایستگاه', 'یک نقشه آب و هوا']",B,ثبت داده‌های متنوع در یک تاریخ خاص نیاز به روشی منظم و قابل دسترسی سریع دارد که با استفاده از جدول، داده‌ها به صورت منظم و دسته‌بندی شده نمایش داده می‌شوند.,B,0.581526517868042,B,0.9955701231956482,True,True,True,True,[0.02850363 0.5815265  0.31126872 0.07870106],[0.0020619  0.9955701  0.00133126 0.00103679],0.7304596304893494,0.5815265,0.9955701,0.4140436,0.813654899597168,0.6766616702079773,0.7388618588447571,0.812781810760498,0.6777481436729431,0.7391483187675476
749,یک اتوبوس ۲۸۰ کیلومتر بین دو شهر سفر کرد. این اتوبوس شهر اول را در ساعت ۱۵:۰۰ ترک کرد و در ساعت ۱۹:۰۰ به شهر دوم رسید. سرعت میانگین اتوبوس در طول سفر چه مقدار بود؟,"['۴ کیلومتر در ساعت', '۴۰ کیلومتر در ساعت', '۷۰ کیلومتر در ساعت', '۲۸۰ کیلومتر در ساعت']",C,اتوبوس ۲۸۰ کیلومتر را در ۴ ساعت طی کرد؛ بنابراین سرعت میانگین آن [MASK] است.,B,0.9738086462020874,B,0.2651591002941131,False,False,False,False,[0.01216305 0.97380865 0.01216305 0.00186526],[0.01299682 0.72077715 0.2651591  0.00106684],0.9240500926971436,0.01216305,0.2651591,0.25299605,0.8199303150177002,0.6742586493492126,0.7399935722351074,0.8170036673545837,0.6627296209335327,0.731824517250061
750,یک تیم تحقیقاتی پزشکی در تلاش است تا تعیین کند آیا کرمی که بر روی سینه مالیده می‌شود، به کاهش سرفه‌های مربوط به یک بیماری خاص کمک می‌کند یا خیر. این تیم تحقیق را با استفاده از چندین گروه از افراد انجام می‌دهد. کدام مرحله به احتمال زیاد منجر به تولید یک متغیر وابسته (پاسخی) خواهد شد که به تأیید تحقیقات آنها کمک خواهد کرد؟,"['استفاده از تعداد متفاوتی از افراد در هر آزمایش', 'نوشتن نام\u200cهای افرادی که در مطالعه شرکت دارند', 'نظارت بر واکنش هر فرد در مطالعه', 'استفاده از مقدار یکسان کرم برای هر فرد']",D,[MASK]، تغییرات را اندازه‌گیری می‌کند و به تأیید تحقیقات کمک می‌کند.,C,0.9364298582077026,C,0.0021820301190018,False,False,False,False,[0.04698776 0.00626051 0.93642986 0.01032184],[1.1081263e-02 8.5449527e-04 9.8588228e-01 2.1820301e-03],0.5687519311904907,0.01032184,0.0021820301,-0.0081398099,0.7294710874557495,0.5036863684654236,0.5959087610244751,0.7268548607826233,0.49028417468070984,0.5855788588523865
751,دو ماده خالص با هم ترکیب می‌شوند تا ماده‌ای جدید تشکیل دهند. این ماده جدید به‌طور فیزیکی قابل تفکیک نیست و نقطه جوش آن با هر یک از مواد اصلی متفاوت است. این ماده جدید بهتر است در دسته زیر طبقه‌بندی شود:,"['یک اتم.', 'یک مخلوط.', 'یک عنصر.', 'یک ترکیب.']",D,ماده جدیدی که خواص فیزیکی متفاوتی با مواد اولیه دارد و به صورت فیزیکی قابل تفکیک نیست، یک ترکیب شیمیایی است.,D,0.9742995500564576,D,0.9835045337677002,True,True,True,True,[2.2991780e-02 2.1054132e-03 6.0321105e-04 9.7429955e-01],[1.0925748e-02 5.4938118e-03 7.5953969e-05 9.8350453e-01],0.8093338012695312,0.97429955,0.98350453,0.00920498,0.8415253162384033,0.6886841654777527,0.7574716210365295,0.8415253758430481,0.6886841654777527,0.7574716806411743
752,زنبورها برای تهیه عسل از گرده گل‌ها استفاده می‌کنند. زنبورها به گل‌ها کمک می‌کنند با,"['فراهم کردن کود برای آنها.', 'کمک کردن به رشد taller آنها.', 'کمک کردن به آنها در تولید مثل.', 'افزایش فتوسنتز.']",C,زنبورها با انتقال گرده از یک گل به گل دیگر، به فرآیند تولید مثل گیاهان کمک می‌کنند.,C,0.9213588237762452,C,0.9562361240386964,True,True,True,True,[7.5408489e-02 2.5803365e-03 9.2135882e-01 6.5241125e-04],[4.2178523e-02 1.4208937e-03 9.5623612e-01 1.6448039e-04],0.8733214139938354,0.92135882,0.95623612,0.0348773,0.8895517587661743,0.7314813733100891,0.8028096556663513,0.8895517587661743,0.7314814329147339,0.8028097152709961
753,سؤال: کدام ذره همیشه دارای جرم یک واحد جرم اتمی (amu) و بدون بار است؟,"['الف) نوترون', 'ب) پروتون', 'ج) الکترون', 'د) اتم']",A,ذره‌ای با جرم یک واحد جرم اتمی و بدون بار الکتریکی، مشخصات نوترون است که آن را از سایر ذرات متمایز می‌کند.,A,0.6310580968856812,A,0.997108280658722,True,True,True,True,[0.6310581  0.23124821 0.01294461 0.12474906],[9.9710828e-01 1.9154960e-03 4.2740491e-04 5.4879877e-04],0.8034264445304871,0.6310581,0.99710828,0.36605018,0.6466946005821228,0.6193678975105286,0.632736325263977,0.6466946005821228,0.6193678975105286,0.632736325263977
754,کشاورزی آبی به پرورش گیاهان و حیوانات آب شیرین و دریایی برای غذا اطلاق می‌شود. یک شرکت پرورش ماهی چگونه می‌تواند بهتر از همه، مدیریت خوبی از منابع طبیعی را نشان دهد؟,"['آن\u200cها ماهی را با حداقل آلودگی ممکن پرورش می\u200cدهند.', 'آن\u200cها ماهی را به صرفه\u200cترین شیوه ممکن پرورش می\u200cدهند.', 'آن\u200cها ماهی را از بیشترین گونه ممکن پرورش می\u200cدهند.', 'آن\u200cها ماهی را به گونه\u200cای پرورش می\u200cدهند که از نظر طعم بهترین باشد.']",A,با کاهش اثرات زیست‌محیطی منفی از طریق کم کردن آلودگی، می‌توان مدیریت خوبی از منابع طبیعی داشت و به حفظ اکوسیستم کمک کرد.,A,0.8917195200920105,A,0.9878178238868712,True,True,True,True,[0.8917195  0.08245827 0.02362469 0.00219744],[9.8781782e-01 1.0888266e-02 1.0127666e-03 2.8123514e-04],0.6666720509529114,0.8917195,0.98781782,0.0960983199999999,0.7559142112731934,0.6322033405303955,0.6885461211204529,0.7559142112731934,0.6322033405303955,0.6885461211204529
755,یک جامعه کوچک در حال ساخت اولین تصفیه‌خانه آب خود است، اما محدودیت‌هایی در زمین و بودجه دارد. یکی از اعضای شورا پیشنهاد می‌دهد که هزینه‌ها و نیاز به زمین را با حذف استخر هوادهی کاهش دهند. سرپرست تصفیه‌خانه توضیح می‌دهد که هوادهی یک مرحله ضروری در تصفیه آب آشامیدنی است. مهم‌ترین دلیلی که شهر باید استخر هوادهی را در تصفیه‌خانه آب خود در نظر بگیرد چیست؟,"['الف) هوادهی باکتری\u200cهای بی\u200cهوازی را از بین می\u200cبرد.', 'ب) هوادهی گازهای حل\u200cشده را حذف می\u200cکند.', 'ج) هوادهی یون\u200cهای فلز حل\u200cشده را اکسید می\u200cکند.', 'د) هوادهی برخی از حلال\u200cها و مواد شیمیایی را حذف می\u200cکند.']",A,هوادهی برای حذف گازهای محلول در آب، به ویژه گازهایی که طعم و بوی نامطلوب دارند، ضروری است و کیفیت آب را بهبود می‌دهد.,A,0.9161416292190552,B,0.0139446584507822,True,False,False,False,[0.9161416  0.02184218 0.02184218 0.04017391],[0.01394466 0.9814222  0.0018872  0.00274587],0.7911996245384216,0.9161416,0.01394466,-0.90219694,0.8817580342292786,0.7333176732063293,0.8007163405418396,0.8817580342292786,0.7333176732063293,0.8007163405418396
756,مفهوم جابجایی قاره‌ها، که قاره‌ها در بالای بستر اقیانوس‌ها جابجا می‌شوند، توسط آلفرد وگنر در سال ۱۹۱۵ مطرح شد. این مفهوم در دهه ۱۹۶۰ با نظریه تکتونیک صفحه‌ها جایگزین شد. تغییرات از مفهوم جابجایی قاره‌ها به نظریه تکتونیک صفحه‌ها به کدام یک از موارد زیر نیاز داشت؟,"['زلزله\u200cهای قوی که در امتداد مناطق گسلی رخ می\u200cدهند', 'اطلاعات و ایده\u200cها که میان دانشمندان به اشتراک گذاشته شود', 'یک قانون علمی که توسط کنگره تصویب شود', 'معلمانی که شروع به تدریس نظریه جدید می\u200cکنند']",B,تغییرات در نظریه‌ها نیازمند اشتراک‌گذاری ایده‌ها و اطلاعات میان دانشمندان است تا داده‌های جدید جمع‌آوری و تحلیل شوند و پذیرش جدیدی صورت گیرد.,B,0.6957416534423828,B,0.9899360537528992,True,True,True,True,[0.2911634  0.69574165 0.00988553 0.00320936],[9.7811092e-03 9.8993605e-01 2.2295237e-04 6.0006812e-05],0.7768374681472778,0.69574165,0.98993605,0.2941943999999999,0.7699677348136902,0.6621644496917725,0.7120086550712585,0.7699677348136902,0.6621644496917725,0.7120086550712585
757,به دلیل افزایش دمای متوسط جو، یخچال‌های قطبی با سرعت بیشتری ذوب می‌شوند تا اینکه تشکیل شوند. کدام یک از این گزینه‌ها نتیجه ادامه ذوب یخ‌های قطبی خواهد بود؟,"['منبع عمده\u200cای از آب شیرین کاهش خواهد یافت.', 'حیات گیاهی به دلیل افزایش سطح دریا افزایش خواهد یافت.', 'جریان آب منجر به افزایش شوری اقیانوس خواهد شد.', 'دمای اقیانوس با افزودن آب سرد کاهش خواهد یافت.']",A,ذوب یخچال‌های قطبی موجب کاهش منبع عمده آب شیرین می‌شود زیرا این یخچال‌ها منبع بزرگی از آب شیرین هستند که وارد اقیانوس‌ها می‌شود.,C,0.5095495581626892,C,0.0597115457057952,False,False,False,False,[0.39529046 0.05349675 0.50954956 0.04166331],[0.05971155 0.00808108 0.9304043  0.00180313],0.8621461391448975,0.39529046,0.05971155,-0.33557891,0.8150182962417603,0.6415768265724182,0.7179713845252991,0.8137161731719971,0.6455426812171936,0.7199388146400452
758,کدام مقایسه از اکوسیستم‌ها صحیح است؟,"['توندراها از مراتع گرم\u200cتر هستند.', 'مراتع بیشتر از بیابان\u200cها باران می\u200cبارند.', 'بیابان\u200cها بیشتر از جنگل\u200cهای بارانی گیاه دارند.', 'جنگل\u200cهای بارانی سنگی\u200cتر از توندراها هستند.']",B,مراتع به دلیل بارش بیشتر، پوشش گیاهی متنوع‌تری نسبت به بیابان‌ها دارند.,A,0.5339961051940918,B,0.6251916885375977,False,True,True,True,[0.5339961  0.11961698 0.0931578  0.25322914],[0.29531965 0.6251917  0.06641153 0.01307721],0.8116379380226135,0.11961698,0.6251917,0.50557472,0.8342817425727844,0.6753571629524231,0.7464542388916016,0.8342818021774292,0.6753572225570679,0.7464542388916016
759,کدامیک از این بیانات در مورد خورشید دقیق‌تر است؟,"['دارای منبع انرژی نامحدود است.', 'نزدیک به پایان چرخه حیات خود است.', 'در زمینه مصرف انرژی در دوران نوزادی به سر می برد.', 'تقریباً نیمی از انرژی قابل مصرف خود را مصرف کرده است.']",D,خورشید حدود ۴.۶ میلیارد سال پیش تشکیل شده و تاکنون نیمی از هیدروژن هسته‌اش به هلیوم تبدیل شده است.,D,0.8440439105033875,B,0.0416272208094596,True,False,False,False,[0.08948436 0.06150164 0.00497009 0.8440439 ],[1.1926399e-02 9.4558257e-01 8.6394540e-04 4.1627221e-02],0.7553734183311462,0.8440439,0.041627221,-0.8024166789999999,0.864729642868042,0.7534939646720886,0.8052886724472046,0.8659369945526123,0.7621110081672668,0.8107133507728577
760,اگر یک کودک پای خود را به یک تکه فلز زنگ‌زده آسیب بزند، مهم است که درمان پزشکی انجام شود زیرا,"['فلز به پوست خورنده است.', 'پا مقادیر زیادی باکتری حمل می\u200cکند.', 'پا حساس\u200cترین قسمت بدن است.', 'فلز ممکن است آلوده باشد و باعث عفونت شود.']",D,فلز زنگ‌زده ممکن است حاوی باکتری‌هایی باشد که از طریق زخم وارد بدن شده و باعث عفونت می‌شود.,D,0.5527326464653015,D,0.9554181694984436,True,True,True,True,[1.6496623e-02 4.3046862e-01 3.0214616e-04 5.5273265e-01],[2.8626608e-02 1.5322720e-02 6.3244416e-04 9.5541817e-01],0.8183332085609436,0.55273265,0.95541817,0.4026855199999999,0.7806791663169861,0.5888317823410034,0.6713180541992188,0.7806791663169861,0.5888317823410034,0.6713180541992188
761,کدام گروه فقط از موجودات زنده تشکیل شده است؟,"['خرگوش، دانه، پرنده', 'دانه، پرنده، باد', 'آتشفشان، شمع، خرگوش', 'باد، شمع، آتشفشان']",A,این گروه شامل موجودات زنده مانند خرگوش، پرنده و دانه است.,D,0.7715117335319519,A,0.7025684118270874,False,True,True,True,[0.11831516 0.07176177 0.03841131 0.77151173],[0.7025684  0.20050447 0.05744549 0.03948167],0.8338035941123962,0.11831516,0.7025684,0.58425324,0.8790784478187561,0.6640390157699585,0.7565754055976868,0.8807342052459717,0.6642645597457886,0.7573345899581909
762,دو گل هر دو رز هستند. یک گل رز بزرگتر و عطر بیشتری نسبت به گل رز دیگر دارد. این تفاوت چه مزیتی ممکن است یکی از گل‌های رز را به دست آورد؟,"['گل رز بزرگتر، گلبرگ\u200cهای کمتری نسبت به گل رز کوچکتر خواهد داشت.', 'گل رز بزرگتر به راحتی بیشتر از گل رز کوچکتر زنبورها را جذب خواهد کرد.', 'گل رز کوچکتر، گرده بیشتری نسبت به گل رز بزرگتر خواهد داشت.', 'گل رز کوچکتر سریعتر از گل رز بزرگتر رشد خواهد کرد.']",B,گل رز بزرگتر با عطر بیشتر، توجه حشرات گرده افشان را به خود جلب می‌کند و شانس گرده افشانی و تولید بذر را افزایش می‌دهد و مزیت رقابتی ایجاد می‌کند.,B,0.9757438898086548,B,0.989638090133667,True,True,True,True,[2.2992160e-02 9.7574389e-01 7.8674848e-04 4.7718704e-04],[9.8164352e-03 9.8963809e-01 4.1803424e-04 1.2749324e-04],0.849793016910553,0.97574389,0.98963809,0.0138942,0.7940321564674377,0.6782870888710022,0.7316100597381592,0.7940321564674377,0.6782870888710022,0.7316100597381592
763,صدف‌ها، صدف‌های دریایی و صدف‌ماهی‌ها از پلانکتون‌های فیلتر شده از آب تغذیه می‌کنند. اگر مقدار پلانکتون در یک توده بزرگ آب به طور قابل توجهی کاهش یابد، بنابراین تأثیر این موضوع بر صدف‌ها، صدف‌های دریایی و صدف‌ماهی‌ها چه خواهد بود؟,"['آنها در تعداد افزایش خواهند یافت.', 'آنها منبع غذایی جدیدی پیدا خواهند کرد.', 'آنها شکار دیگر حیوانات خواهند شد.', 'آنها برای یک منبع غذایی محدود رقابت خواهند کرد.']",D,کاهش پلانکتون در آب، منبع غذایی اصلی صدف‌ها و ماهی‌ها را محدود می‌کند و رقابت را برای دسترسی به این منبع غذایی کاهش‌یافته، افزایش می‌دهد.,D,0.7501068115234375,D,0.8503835201263428,True,True,True,True,[0.24352403 0.00449528 0.00187391 0.7501068 ],[1.4719838e-01 1.8529540e-03 5.6511909e-04 8.5038352e-01],0.9085620045661926,0.7501068,0.85038352,0.1002767199999999,0.7550243139266968,0.6432799696922302,0.6946871876716614,0.7550243139266968,0.6432799696922302,0.6946871876716614
764,اندی در نیم‌کره جنوبی زندگی می‌کند. او به احتمال زیاد در ماه اوت چه فصلی را تجربه می‌کند؟,"['بهار', 'تابستان', 'زمستان', 'پاییز']",C,در نیم‌کره جنوبی، ماه اوت فصل سرد سال است.,C,0.7246053814888,C,0.9918776750564576,True,True,True,True,[0.09768236 0.12542664 0.7246054  0.0522856 ],[0.0024205  0.00452209 0.9918777  0.00117966],0.7476482391357422,0.7246054,0.9918777,0.2672723,0.8013935089111328,0.6667920351028442,0.7279226779937744,0.7813249826431274,0.6711523532867432,0.7220602631568909
765,چگونه کج شدن محور زمین و چرخش آن بر آب و هوا تأثیر می‌گذارد؟,"['کج شدن زمین به زمین این امکان را می\u200cدهد که تمام اشعه\u200cهای خورشید را در حین چرخش جذب کند.', 'کج شدن زمین به برخی عرض\u200cهای جغرافیایی این امکان را می\u200cدهد که در حین چرخش زمین با سرعت بیشتری گرم شوند.', 'کج شدن زمین به زمین این امکان را می\u200cدهد که به اندازه کافی سریع بچرخد تا خنک\u200cشدن سطح در شب رخ دهد.', 'کج شدن زمین به انرژی اجازه می\u200cدهد تا در جو به طور یکنواخت توزیع شود در حالی که زمین در حال چرخش است.']",B,کج شدن محور زمین سبب می‌شود برخی مناطق در طول سال، انرژی خورشیدی بیشتری دریافت کنند و در نتیجه الگوهای آب و هوایی متفاوتی تجربه کنند.,B,0.9373969435691832,B,0.9916900396347046,True,True,True,True,[0.04644292 0.93739694 0.00563417 0.01052601],[0.00594886 0.99169004 0.00103376 0.00132737],0.8922613263130188,0.93739694,0.99169004,0.0542931,0.829544723033905,0.7157994508743286,0.7684860229492188,0.8295446634292603,0.7157994508743286,0.768485963344574
766,وزن ماشین‌آلات سنگین خاک را متراکم می‌کند، به‌ویژه زمانی که مرطوب است. چرا کشاورزان از رانندگی با ماشین‌آلات خود بر روی زمین مرطوب اجتناب می‌کنند؟,"['خاک متراکم آب بیشتری جذب می\u200cکند.', 'گیاهان نمی\u200cتوانند زمانی که خاک متراکم باشد رشد کنند.', 'مواد معدنی زمانی که خاک متراکم شود از بین می\u200cروند.', 'خاک متراکم اسیدیته خاک را افزایش می\u200cدهد.']",B,زمین مرطوب و متراکم شده، رشد ریشه گیاهان را با مشکل مواجه می‌کند و شرایط را برای رشد آنها دشوار می‌سازد.,A,0.8504782319068909,A,0.1870214343070984,False,False,False,False,[0.85047823 0.06981151 0.03736741 0.04234282],[0.7396841  0.18702143 0.01971191 0.05358254],0.6670728325843811,0.06981151,0.18702143,0.11720992,0.7046678066253662,0.5432655811309814,0.6135291457176208,0.7046678066253662,0.5432656407356262,0.6135292053222656
767,فرسایش شکل‌زمین‌ها به عوامل مختلفی بستگی دارد. کدام منطقه احتمالاً سریع‌ترین نرخ فرسایش شیمیایی را دارد؟,"['مناطق سرد و خشک', 'مناطق گرم و مرطوب', 'مناطق خنک و مرطوب', 'مناطق گرم و خشک']",B,در مناطق با رطوبت و دمای بالا، واکنش‌های شیمیایی سریع‌تر اتفاق می‌افتد و فرسایش شیمیایی سریع‌تر رخ می‌دهد.,B,0.8927072882652283,B,0.9924551248550416,True,True,True,True,[0.0737085  0.8927073  0.00285799 0.03072627],[0.00276591 0.9924551  0.00122736 0.0035515 ],0.8874840140342712,0.8927073,0.9924551,0.0997478,0.869013786315918,0.7133217453956604,0.7835082411766052,0.8495095372200012,0.7074450850486755,0.7719959616661072
768,سوالی: یک مجسمه و یک میز هردو از نوعی مرمر ساخته شده‌اند. کدام یک از ویژگی‌های زیر بیشتر احتمال دارد که برای هر دو شیء یکسان باشد؟,"['الف) اندازه', 'ب) شکل', 'ج) وزن', 'د) سختی']",D,ویژگی ذاتی مرمر که به نوع ماده بستگی دارد یکسان است.,B,0.7800875306129456,B,0.1502732634544372,False,False,False,False,[0.08222062 0.78008753 0.01806147 0.1196303 ],[0.06264322 0.769136   0.01794758 0.15027326],0.6721258759498596,0.1196303,0.15027326,0.0306429599999999,0.8198555111885071,0.6029087901115417,0.6948418617248535,0.8198553323745728,0.602908730506897,0.694841742515564
769,زمین یک چرخش کامل به دور خورشید تقریباً هر چند وقت یک‌بار انجام می‌دهد؟,"['روز', 'سال', 'فصل', 'دقیقه']",B,زمین در حدود ۳۶۵.۲۵ [MASK] یک دور کامل به دور خورشید می‌چرخد.,B,0.8501702547073364,B,0.9884604215621948,True,True,True,True,[1.4860563e-01 8.5017025e-01 5.3595559e-04 6.8818062e-04],[1.1066927e-02 9.8846042e-01 8.1897328e-05 3.9071031e-04],0.866612434387207,0.85017025,0.98846042,0.13829017,0.8195425271987915,0.6323732137680054,0.7138936519622803,0.8128243684768677,0.6196736693382263,0.7032272815704346
770,ماره شش گلدان بذر کاهو کاشت. او سه گلدان را در منطقه‌ای آفتابی و سه گلدان را در منطقه‌ای سایه‌دار قرار داد. او به هر گلدان به یک شکل آب داد و رشد کاهو را اندازه‌گیری کرد. پس از تحلیل داده‌هایش، این داده‌ها به ماره در چه نتیجه‌گیری کمک خواهد کرد؟,"['زمان کاشت کاهو', 'جای کاشت کاهو', 'مقدار آبی که باید به کاهو بدهد', 'تعداد گیاهان کاهو که باید رشد دهد']",B,ماره می‌تواند نتیجه‌گیری کند که آیا شرایط نوری مختلف بر رشد کاهو تأثیر دارد و بهترین مکان برای کاشت را مشخص کند.,B,0.9931301474571228,B,0.9951173067092896,True,True,True,True,[6.7721903e-03 9.9313015e-01 4.4226756e-05 5.3347649e-05],[4.0351688e-03 9.9511731e-01 7.4643112e-04 1.0101847e-04],0.7798491716384888,0.99313015,0.99511731,0.0019871599999999,0.7253116965293884,0.5748932957649231,0.6414017081260681,0.7227398157119751,0.5772277116775513,0.6418398022651672
771,چه کار باید انجام شود زمانی که نتایج یک آزمایش از فرضیه حمایت نمی‌کنند؟,"['آزمایش را تکرار کرده و بررسی خطاها', 'مشاهدات را تغییر دهید تا با فرضیه همخوانی داشته باشند', 'آزمایش را دوباره انجام دهید تا نتایج مورد انتظار به دست آید', 'پس از تغییر فرضیه، داده\u200cها را ثبت و تحلیل کنید']",A,در صورت عدم حمایت نتایج از فرضیه، تکرار آزمایش و بررسی خطاها ضروری است تا از دقت و اعتبار نتایج اطمینان حاصل شود و خطاهای احتمالی شناسایی شوند.,A,0.7774913907051086,A,0.996240258216858,True,True,True,True,[0.7774914  0.13431841 0.01629467 0.07189547],[9.9624026e-01 2.1792667e-03 5.5100489e-04 1.0294127e-03],0.8714165687561035,0.7774914,0.99624026,0.2187488599999999,0.7108266353607178,0.6169192790985107,0.6605520844459534,0.7059721946716309,0.6149153709411621,0.6573052406311035
772,سوالی: یک دانش‌آموز می‌خواهد مدلی ایجاد کند که مهم‌ترین دلیلی را نشان دهد که چرا بنزین قدیمی هرگز نباید به خاک ریخته شود. کدامیک از موارد زیر باید در مدل گنجانده شود؟,"['تبخیر بنزین از خاک', 'آتش گرفتن بنزین در خاک', 'آلوده شدن بنزین یک سیستم سپتیک قدیمی', 'چکیدن بنزین به آب\u200cهای زیرزمینی']",D,"<answer>[MASK]</answer>
<concise_explanation>
مدل باید نشان دهد که بنزین چگونه به آب‌های زیرزمینی نفوذ کرده و موجب آلودگی",A,0.4720434546470642,C,0.2681084871292114,False,False,False,False,[0.47204345 0.04994774 0.47204345 0.00596541],[0.16135055 0.00295524 0.5675857  0.2681085 ],0.792822003364563,0.00596541,0.2681085,0.26214309,0.5297203660011292,0.5856798887252808,0.5562963485717773,0.5311360955238342,0.5854281783103943,0.5569621324539185
773,منبع سوخت‌هایی مانند زغال‌سنگ و گاز طبیعی چیست؟,"['ارگانیسم\u200cهای زنده قبلی', 'اقیانوس\u200cهای آب سرد', 'آتشفشان\u200cهای در حال فوران', 'آتش\u200cسوزی\u200cهای جنگلی']",A,این سوخت‌ها از تجمع و تبدیل مواد آلی حاصل از موجودات زنده قبلی به وجود آمده‌اند.,A,0.8680458664894104,A,0.9960507750511168,True,True,True,True,[0.86804587 0.01238201 0.10367329 0.01589881],[9.9605078e-01 1.5151539e-03 9.1898727e-04 1.5151539e-03],0.7175157070159912,0.86804587,0.99605078,0.12800491,0.7599115371704102,0.587890625,0.6629235148429871,0.7607333064079285,0.5982087254524231,0.669752299785614
774,کدام ساختار پرنده به درستی با عملکرد خود جفت شده است؟,"['چنگال\u200cها برای به\u200cدست آوردن غذا', 'بال\u200cها برای از بین بردن زباله', 'پرها برای تنفس', 'چشم\u200cها برای رشد']",A,چنگال‌ها برای شکار و نگه داشتن طعمه استفاده می‌شود.,A,0.6257215738296509,A,0.9222110509872437,True,True,True,True,[0.6257216  0.07502428 0.29672676 0.00252739],[0.92221105 0.02476884 0.05162271 0.00139736],0.732660174369812,0.6257216,0.92221105,0.29648945,0.8547540903091431,0.5944242477416992,0.701206386089325,0.8547539710998535,0.5944241881370544,0.7012062668800354
775,کدام منبع برق کمترین آسیب را به محیط زیست وارد می‌کند؟,"['انرژی خورشیدی', 'ژنراتور دیزل', 'سدهای برق آبی', 'خطوط برق']",A,[MASK] هیچگونه آلودگی هوا یا گازهای گلخانه‌ای ندارد.,A,0.9950419664382936,A,0.9941607117652892,True,True,True,False,[0.99504197 0.00170264 0.00192934 0.00132602],[0.9941607  0.00101927 0.00313957 0.00168049],0.5945103764533997,0.99504197,0.9941607,-0.00088127,0.8433215618133545,0.4419761300086975,0.5799870491027832,0.8534180521965027,0.43775105476379395,0.5786765217781067
776,یک دانش‌آموز مقداری آب‌لیمو را منجمد می‌کند. کدام یک از بیانیه‌های زیر بهترین توصیف کننده تفاوت آب‌لیمو پس از منجمد شدن است؟,"['این یک مایع است.', 'این وزن بیشتری دارد.', 'این در یک شکل باقی می\u200cماند.', 'این فضای کمتری اشغال می\u200cکند.']",C,پس از انجماد، حجم آب‌لیمو افزایش می‌یابد.,C,0.886568009853363,D,0.0620796680450439,True,False,False,False,[0.07249022 0.01427417 0.886568   0.02666766],[0.14892139 0.03271369 0.06207967 0.7562852 ],0.7985944151878357,0.886568,0.06207967,-0.82448833,0.835283100605011,0.5330454707145691,0.6507850289344788,0.835283100605011,0.5330454707145691,0.6507850289344788
777,یک دانشمند اثر استرس محیط کار بر بیماری قلبی در انسان‌ها را بررسی کرد. مردان در سنین مختلف به دو گروه تقسیم شدند بر اساس اینکه آیا کار خود را بسیار استرس‌زا توصیف می‌کنند یا نه. در طول یک سال بررسی، دانشمند سلامت قلب هر مرد را تحت نظر قرار داد.偏见 در این تحقیق چه بود؟,"['این تحقیق تنها یک سال طول کشید.', 'تنها اندامی که مورد مطالعه قرار گرفت قلب بود.', 'این تحقیق تنها بر روی مردان انجام شد.', 'سن شرکت\u200cکنندگان متفاوت بود.']",C,تحقیق فقط روی مردان انجام شد و نتایج ممکن است برای زنان متفاوت باشد.,D,0.9233191013336182,C,0.9948102235794068,False,True,True,True,[0.01935093 0.00554413 0.05178578 0.9233191 ],[3.5878459e-03 8.2596904e-04 9.9481022e-01 7.7592611e-04],0.6982051134109497,0.05178578,0.99481022,0.94302444,0.7514171600341797,0.5552648901939392,0.6386182904243469,0.7514171600341797,0.5552648901939392,0.6386182904243469
778,کدام عبارت بهترین توضیح را در مورد این که چرا خورشید و ماه در آسمان تقریباً به یک اندازه به نظر می‌رسند، ارائه می‌دهد؟,"['خورشید و ماه دارای قطر یکسانی هستند.', 'ماه از نظر قطر بزرگتر است و از خورشید دورتر از زمین قرار دارد.', 'ماه از نظر قطر کوچک\u200cتر است و نزدیکتر به زمین از خورشید قرار دارد.', 'خورشید و ماه در یک فاصله یکسان از زمین هستند.']",C,ماه کوچک‌تر است و فاصله کمتری تا زمین دارد، بنابراین اندازه زاویه‌ای آن با خورشید تقریباً برابر است.,C,0.9606812596321106,C,0.9942282438278198,True,True,True,True,[0.01549767 0.02254897 0.96068126 0.00127213],[4.6403012e-03 9.7265997e-04 9.9422824e-01 1.5878238e-04],0.8547540307044983,0.96068126,0.99422824,0.03354698,0.8398041725158691,0.6646621823310852,0.7420386075973511,0.8398041725158691,0.6646621823310852,0.7420386075973511
779,یک ماشین حرکتی دائمی یک دستگاه نظری است که پس از راه‌اندازی، بدون نیاز به ورودی اضافی انرژی به کار خود ادامه می‌دهد. کدام عبارت توصیف می‌کند که چرا طراحی یک ماشین حرکتی دائمی غیرممکن است؟,"['الف) انرژی می\u200cتواند به جرم تبدیل شود.', 'ب) اصطکاک کارایی در یک سیستم را کاهش می\u200cدهد.', 'ج) مقدار انرژی در یک سیستم ثابت باقی می\u200cماند.', 'د) انرژی پتانسیل می\u200cتواند به انرژی جنبشی تبدیل شود.']",B,وجود نیروهای dissipative مانند اصطکاک، باعث کاهش کارایی سیستم و اتلاف انرژی می‌شود و امکان تداوم کار بدون ورودی انرژی اضافی را غیرممکن می‌سازد.,C,0.9557950496673584,B,0.9899072647094728,False,True,True,True,[0.03677179 0.00104314 0.95579505 0.00638998],[0.00407725 0.98990726 0.00491811 0.00109738],0.742667555809021,0.00104314,0.98990726,0.98886412,0.7773686647415161,0.6184741258621216,0.6888775825500488,0.7773686647415161,0.6184741258621216,0.6888775825500488
780,کدام یک از تغییرات زیر هنگامی که یک جامد گرم می‌شود، رخ می‌دهد؟,"['الف) انرژی جنبشی جامد کاهش می\u200cیابد.', 'ب) چگالی متوسط جامد افزایش می\u200cیابد.', 'ج) ظرفیت گرمای ویژه جامد کاهش می\u200cیابد.', 'د) سرعت متوسط مولکولی در جامد افزایش می\u200cیابد.']",D,افزایش انرژی گرمایی باعث افزایش سرعت متوسط مولکول‌ها می‌شود.,D,0.8019643425941467,D,0.8586622476577759,True,True,True,True,[0.08518936 0.02765694 0.08518936 0.80196434],[0.11530297 0.00835252 0.01768228 0.85866225],0.8414199352264404,0.80196434,0.85866225,0.0566979099999999,0.8189305067062378,0.5733553171157837,0.6744852662086487,0.8189305067062378,0.5733553171157837,0.6744852662086487
781,در کدام موجودات می‌تواند تکامل به سریع‌ترین شکل انجام شود؟,"['انسان\u200cها', 'ماهی\u200cها', 'پرندگان', 'باکتری\u200cها']",D,موجوداتی با دوره تولید مثل کوتاه و تولید مثل غیرجنسی، تکامل سریع‌تری دارند.,D,0.947195529937744,D,0.9614655375480652,True,True,True,True,[1.5415007e-02 3.6978677e-02 4.1079603e-04 9.4719553e-01],[9.3525238e-03 2.8807800e-02 3.7414805e-04 9.6146554e-01],0.8456828594207764,0.94719553,0.96146554,0.0142700099999999,0.8162127137184143,0.6471452713012695,0.7219125032424927,0.8064347505569458,0.6460816264152527,0.7174069881439209
782,پستانداران کوچک دارای بسیاری از سازگاری‌ها هستند که آن‌ها را در زمستان گرم نگه می‌دارند. کدامیک به حفظ گرما کمک نخواهد کرد؟,"['دویدن', 'خواب زمستانی', 'جمع شدن در یک گروه', 'رشد پشم ضخیم\u200cتر']",A,فعالیت فیزیکی گرما تولید می‌کند نه اینکه آن را حفظ کند.,A,0.511946439743042,B,0.1153468489646911,True,False,False,False,[0.51194644 0.3971499  0.01208695 0.0788168 ],[0.11534685 0.8489815  0.00650742 0.02916425],0.7607861757278442,0.51194644,0.11534685,-0.39659959,0.7380715608596802,0.49720120429992676,0.5941522717475891,0.7478740811347961,0.500892162322998,0.5999590158462524
783,در کدام یک از سناریوهای زیر، انتخاب طبیعی به احتمال زیاد رخ خواهد داد؟,"['قرن\u200cها تغییر آب و هوای تدریجی', 'تخریب فاجعه\u200cبار زیستگاه', 'تغییر آب و هوا به طور سریع و عمیق', 'از دست دادن فوری منبع اصلی غذا']",A,تغییرات تدریجی آب و هوا در طول زمان، فرصت مناسبی برای سازگاری و تکامل تدریجی جمعیت‌ها فراهم می‌کند و احتمال وقوع انتخاب طبیعی را افزایش می‌دهد.,A,0.4676081240177154,A,0.7157694697380066,True,True,True,True,[0.46760812 0.05628585 0.46760812 0.00849789],[0.71576947 0.04575761 0.23237632 0.00609661],0.9015793204307556,0.46760812,0.71576947,0.24816135,0.8319104909896851,0.70112144947052,0.7609369158744812,0.8317326307296753,0.7044341564178467,0.7628089785575867
784,کدام یک از ویژگی‌های یک سگ بیشتر به نتیجه محیط آن بستگی دارد؟,"['رنگ آن', 'طول گوش\u200cهای آن', 'ترجیح غذایی آن', 'توانایی آن در دیدن در تاریکی']",C,رنگ پوشش حیوانات تحت تأثیر شرایط محیطی مانند نور، دما و رطوبت تغییر می‌کند و به محیط اطراف استتار می‌شوند.,D,0.5783061981201172,A,0.007101634517312,False,False,False,False,[0.07857156 0.21357961 0.12954259 0.5783062 ],[0.92109144 0.0132676  0.00710163 0.05853939],0.7604074478149414,0.12954259,0.00710163,-0.12244096,0.8211350440979004,0.6045868396759033,0.6964155435562134,0.8211349844932556,0.6045868396759033,0.6964154839515686
785,دانش‌آموزان تأثیر آب بر رشد گیاهان را برای یک آزمایش آزمایشگاهی اندازه‌گیری می‌کنند. دانش‌آموزان مقادیر متفاوتی از آب را به سه گروه مختلف از گیاهان می‌دهند. تمامی گیاهان مقدار یکسانی از نور را دریافت می‌کنند و در مقدار یکسانی از خاک کاشته می‌شوند. سپس دانش‌آموزان در مدت چهار هفته، ارتفاع گیاهان را اندازه‌گیری می‌کنند. کدام متغیرها باید بر روی محورهای رسم داده‌های جمع‌آوری شده در این آزمایش برچسب‌گذاری شوند؟,"['مقدار آب در مقابل ارتفاع گیاهان', 'دما در مقابل مقدار نور خورشید', 'مقدار آب در مقابل مقدار خاک', 'مقدار نور خورشید در مقابل ارتفاع گیاهان']",A,متغیر مستقل (مقدار آب) در محور افقی و متغیر وابسته (ارتفاع گیاهان) در محور عمودی قرار می‌گیرند.,A,0.9176704287528992,A,0.9807681441307068,True,True,True,True,[9.1767043e-01 3.5721205e-02 7.4137002e-04 4.5866940e-02],[0.98076814 0.00953098 0.00128988 0.00841106],0.6750835180282593,0.91767043,0.98076814,0.0630977099999999,0.8532482385635376,0.6144839525222778,0.7144455313682556,0.8532482385635376,0.6144839525222778,0.7144455313682556
786,کدام ویژگی بهترین نشان‌دهندهٔ این است که خاک حاوی مواد مغذی است؟,"['رنگدانه', 'رنگ', 'مقدار شن', 'مقدار رس']",B,[MASK] تیره خاک نشان‌دهنده وجود مواد آلی و هوموس بیشتر است که به معنی وجود مواد مغذی بیشتر است.,D,0.5868667960166931,D,0.0139109343290328,False,False,False,False,[0.40334725 0.00738756 0.00239839 0.5868668 ],[0.40023434 0.01391093 0.00351724 0.5823375 ],0.7903438806533813,0.00738756,0.01391093,0.00652337,0.7691887617111206,0.5939494371414185,0.670305073261261,0.7576814293861389,0.5842245221138,0.6597422957420349
787,کدام یک از سوالات زیر قابل آزمایش در یک تحقیق علمی است؟,"['آیا سگ\u200cها بهتر از گربه\u200cها حیوان خانگی هستند؟', 'آیا سگ\u200cها هنگامی که پیاده روی می\u200cکنند خوشحال هستند؟', 'آیا گربه\u200cها شب\u200cها فعال\u200cتر از روزها هستند؟', 'آیا مراقبت از گربه\u200cها راحت\u200cتر از سگ\u200cهاست؟']",C,این سوال قابل آزمایش است زیرا می‌توان رفتار گربه‌ها را در شبانه‌روز مشاهده و داده‌ها را جمع‌آوری کرد.,B,0.7106183767318726,C,0.5120688080787659,False,True,True,True,[0.26244506 0.7106184  0.00792515 0.01901146],[0.16754827 0.31302136 0.5120688  0.00736156],0.7631843686103821,0.00792515,0.5120688,0.5041436499999999,0.8581494092941284,0.7504239678382874,0.8006795048713684,0.8585882186889648,0.7547149658203125,0.8033076524734497
788,آقای پرات یک نمایش علمی انجام می‌دهد. او یک بادکنک را باد می‌کند، آن را در فریزر قرار می‌دهد و سپس بعد از ۱۰ دقیقه آن را بیرون می‌آورد. کدام گزینه بهترین توصیف را از حجم بادکنک در فریزر و سپس بعد از بیرون آوردن و اجازه دادن به آن برای گرم شدن ارائه می‌دهد؟,"['در فریزر منبسط می\u200cشود و سپس به هنگام گرم شدن منقبض می\u200cشود', 'درب فریزر منقبض می\u200cشود و سپس به هنگام گرم شدن منبسط می\u200cشود', 'در فریزر منبسط می\u200cشود و سپس این حجم را وقتی گرم می\u200cشود حفظ می\u200cکند', 'در فریزر منقبض می\u200cشود و سپس این حجم را وقتی گرم می\u200cشود حفظ می\u200cکند']",B,حجم بادکنک در فریزر کاهش می‌یابد و پس از گرم شدن، دوباره افزایش می‌یابد.,A,0.5171734094619751,B,0.5502387285232544,False,True,True,True,[0.5171734  0.45640394 0.00077451 0.02564816],[4.3020356e-01 5.5023873e-01 5.0766725e-04 1.9050073e-02],0.8712541460990906,0.45640394,0.55023873,0.09383479,0.8659841418266296,0.6740189790725708,0.7580371499061584,0.8659841418266296,0.6740189790725708,0.7580371499061584
789,کدام فعالیت نمونه‌ای از یک عادت سالم است؟,"['تماشای تلویزیون', 'سیگار کشیدن', 'خوردن آبنبات', 'ورزش کردن هر روز']",D,ورزش روزانه به سلامتی جسم و روان کمک می‌کند و باعث تقویت عضلات و بهبود وضعیت قلب و عروق می‌شود.,D,0.9785507917404176,D,0.9896832704544068,True,True,True,True,[2.0151127e-02 6.8953360e-04 6.0851133e-04 9.7855079e-01],[9.8553058e-03 3.0705144e-04 1.5439515e-04 9.8968327e-01],0.744963526725769,0.97855079,0.98968327,0.01113248,0.9153881072998047,0.7448996901512146,0.8213904500007629,0.9166523218154907,0.7525140047073364,0.82651287317276
790,کدام ماده را باید یک دانش‌آموز بر روی پوست خود بمالد اگر با اسید پاشیده شود؟,"['آب', 'سرکه', 'نمک', 'فرمالدهید']",A,بعد از شستشو با [MASK] سرد، ماده‌ای با خاصیت اسیدی ضعیف برای خنثی کردن اسید استفاده می‌شود.,A,0.6468892693519592,B,0.1168243139982223,True,False,False,False,[0.64688927 0.16292155 0.00557487 0.18461432],[1.16824314e-01 8.66599977e-01 5.16229542e-04 1.60594303e-02],0.7829383015632629,0.64688927,0.116824314,-0.5300649559999999,0.7119348645210266,0.5653890371322632,0.630255401134491,0.6908667087554932,0.5484247207641602,0.6114596724510193
791,کدام فعالیت انسانی معمولاً تأثیر مضری بر محیط زیست دارد؟,"['بازیافت کاغذ و پلاستیک', 'دوچرخه\u200cسواری به مدرسه', 'کمک به جوانه زدن بذرها', 'ریختن زباله در یک جریان آب']",D,ریختن زباله در جریان آب باعث آلودگی، آسیب به حیات آبزیان و تخریب اکوسیستم‌های آبی می‌شود.,D,0.9285032153129578,D,0.9925685524940492,True,True,True,True,[6.7129306e-02 3.8468158e-03 5.2060990e-04 9.2850322e-01],[6.7140502e-03 6.2450394e-04 9.2824223e-05 9.9256855e-01],0.6704809069633484,0.92850322,0.99256855,0.06406533,0.7653902769088745,0.6099674701690674,0.6788970828056335,0.7672187089920044,0.6098848581314087,0.6795641183853149
792,چرخه زندگی یک پروانه چهار مرحله دارد: بزرگسال، پیله، تخم، و کرم پروانه. کدام یک از این مراحل ابتدا اتفاق می‌افتد؟,"['تخم', 'بزرگسال', 'پیله', 'کرم پروانه']",A,چرخه زندگی پروانه از [MASK]‌گذاری شروع می‌شود.,A,0.9898315072059632,A,0.9932100176811218,True,True,True,True,[9.8983151e-01 3.5733776e-03 5.8915042e-03 7.0363982e-04],[9.9321002e-01 3.5541987e-03 2.4427625e-03 7.9304894e-04],0.8255690932273865,0.98983151,0.99321002,0.00337851,0.7654426097869873,0.5170125365257263,0.6171653270721436,0.7888548374176025,0.5157297849655151,0.6237018704414368
793,نمونه‌ای در یک محفظه استوانه‌ای شکل است و حجم ثابتی دارد. وضعیت مادهٔ نمونه کدام است؟,"['باید جامد باشد.', 'می\u200cتواند هم جامد باشد و هم مایع.', 'باید مایع باشد.', 'می\u200cتواند هم مایع باشد و هم گاز.']",B,نمونه می‌تواند هم جامد باشد و هم مایع، زیرا حالت ماده به دما و فشار بستگی دارد.,B,0.8462250828742981,B,0.994848132133484,True,True,True,True,[0.05452165 0.8462251  0.06178113 0.03747214],[3.1787765e-03 9.9484813e-01 8.0372056e-04 1.1694065e-03],0.7959226369857788,0.8462251,0.99484813,0.1486230300000001,0.8221200704574585,0.6435850858688354,0.7219790816307068,0.8221200704574585,0.6435850262641907,0.721979022026062
794,کدام یک از بهترین شواهدی است که سنگ‌های یافت‌شده در عمق زمین روزگاری در سطح زمین قرار داشتند؟,"['سنگ\u200cها توسط ماگما ذوب شده\u200cاند.', 'سنگ\u200cها توسط گسل\u200cها شکسته شده\u200cاند.', 'سنگ\u200cها توسط آب فرسایش یافته\u200cاند.', 'سنگ\u200cها تحت فشار تا خورده\u200cاند.']",C,سنگ‌هایی که در عمق زمین یافت می‌شوند، اگر روزگاری در سطح زمین قرار داشتند، اغلب نشانه‌هایی از فرسایش آبی دارند که می‌تواند آن‌ها را تحت تأثیر قرار داده باشد.,A,0.9828633666038512,C,0.9611950516700744,False,True,True,True,[0.98286337 0.0067202  0.0028014  0.00761499],[3.7269577e-02 9.3302561e-04 9.6119505e-01 6.0240662e-04],0.8603127002716064,0.0028014,0.96119505,0.95839365,0.864843487739563,0.7119981646537781,0.7810131311416626,0.864843487739563,0.7119981646537781,0.7810131311416626
795,کدام یک از این موارد به دلیل چرخش زمین رخ می‌دهد؟,"['فصل\u200cها', 'روز و شب', 'مدار ماه', 'کسوف\u200cها و خسوف\u200cها']",B,زمین با چرخش حول محور خود، [MASK] را ایجاد می‌کند؛ بخشی از زمین به سمت خورشید و بخشی دیگر دور از آن است.,A,0.4864100217819214,A,0.4930676221847534,False,False,False,False,[0.48641002 0.3343044  0.1579142  0.02137136],[0.49306762 0.49306762 0.00903085 0.00483386],0.8396168947219849,0.3343044,0.49306762,0.1587632199999999,0.7919292449951172,0.641639232635498,0.7089062929153442,0.8015676736831665,0.6444542407989502,0.7144755721092224
796,در سال 1783، اروپا به طور غیر معمولی سرد و مه آلود بود. باران اسیدی بود. کدام رویداد غیر معمولاً احتمالاً باعث تغییر آب و هوا در اروپا در آن سال شد؟,"['شرکت چوب\u200cبری میلیون\u200cها جریب از اراضی در آمریکای جنوبی را قطع کرد.', 'یک زلزله و سونامی بزرگ مسیر جریان خلیج را تغییر داد.', 'یک فوران بزرگ آتشفشانی خاکستر و گاز گوگرد را به جو آزاد کرد.', 'افزایش استفاده از اتومبیل\u200cها دی\u200cاکسید کربن بیشتری را وارد جو کرد.']",C,فوران آتشفشانی بزرگ در ایسلند در سال 1783، موجب آزاد شدن حجم زیادی از خاکستر و گازهای گوگردی به جو شد و تغییرات قابل توجهی در آب و هوای اروپا ایجاد کرد.,C,0.4618231952190399,C,0.9531441330909728,True,True,True,True,[0.28010994 0.21986079 0.4618232  0.03820608],[0.04139033 0.00436251 0.95314413 0.00110302],0.8959384560585022,0.4618232,0.95314413,0.49132093,0.8828641176223755,0.69575035572052,0.7782179117202759,0.8828641176223755,0.69575035572052,0.7782179117202759
797,یک گروه از دانش‌آموزان در حال مطالعه بر روی گیاهان لوبیا هستند. تمام ویژگی‌های زیر تحت تأثیر تغییرات محیطی قرار می‌گیرند به جز,"['رنگ برگ.', 'نوع دانه.', 'تولید لوبیا.', 'ارتفاع گیاه.']",B,ویژگی نوع دانه به صورت ژنتیکی تعیین می‌شود و تحت تأثیر محیط تغییر نمی‌کند.,B,0.9928321838378906,B,0.9979612827301024,True,True,True,True,[5.2073621e-03 9.9283218e-01 1.1619196e-03 7.9857482e-04],[1.8168800e-03 9.9796128e-01 7.7372082e-05 1.4455007e-04],0.7845855355262756,0.99283218,0.99796128,0.0051290999999999,0.6972057819366455,0.5849195718765259,0.6361457705497742,0.6972057819366455,0.5849195718765259,0.6361457705497742
798,هنگامی که انسان‌ها در فضا سفر می‌کنند، کدام گاز در جو فضاپیما تأمین می‌شود و کدام گاز از جو فضاپیما حذف می‌شود؟,"['اکسیژن تأمین می\u200cشود. دی\u200cاکسید کربن حذف می\u200cشود.', 'دی\u200cاکسید کربن تأمین می\u200cشود. اکسیژن حذف می\u200cشود.', 'دی\u200cاکسید کربن تأمین می\u200cشود. نیتروژن حذف می\u200cشود.', 'اکسیژن تأمین می\u200cشود. نیتروژن حذف می\u200cشود.']",A,برای تنفس فضانوردان، اکسیژن وارد جو فضاپیما می‌شود و دی‌اکسید کربن تولیدی حذف می‌شود.,A,0.6198519468307495,A,0.998903512954712,True,True,True,True,[0.61985195 0.06507721 0.02112748 0.2939433 ],[9.9890351e-01 3.7455608e-04 1.7692777e-04 5.4497592e-04],0.8418175578117371,0.61985195,0.99890351,0.3790515599999999,0.7534053921699524,0.5508801341056824,0.6364189982414246,0.7534053921699524,0.5508801341056824,0.6364189982414246
799,بیشتر حجم جهان در فضاهای بین کهکشان‌ها یافت می‌شود. اشیایی که در مناطق بین کهکشان‌ها یافت می‌شوند بیشتر شباهت به کدام یک از این گزینه‌ها از نظر اندازه دارند؟,"['یک ذره گرد و غبار', 'یک سیارک', 'یک سیاره', 'یک ستاره']",A,با توجه به مقیاس جهان، اشیای موجود در فضاهای بین کهکشان‌ها بیشتر شبیه ذرات بسیار کوچک هستند.,A,0.9574511647224426,A,0.991820216178894,True,True,True,True,[9.5745116e-01 3.2634448e-02 4.1727637e-04 9.4971657e-03],[9.9182022e-01 6.5920870e-03 2.8963608e-04 1.2980589e-03],0.8297558426856995,0.95745116,0.99182022,0.03436906,0.8841308355331421,0.6687861084938049,0.7615273594856262,0.8854951858520508,0.6685651540756226,0.761889636516571
800,کدامیک از جملات زیر بهترین توضیح را می‌دهد که چرا وضعیت کج شدن زمین بر روی محور خود باعث می‌شود تابستان در نیمه‌شمالی زمین گرم‌تر از زمستان باشد؟,"['جریان\u200cهای اقیانوسی گرم از مناطق استوایی در تابستان به نیمه\u200cشمالی می\u200cرسند.', 'پرتوهای خورشید در تابستان به\u200cطور مستقیم\u200cتر به نیمه\u200cشمالی می\u200cتابند.', 'اثر گلخانه\u200cای در نیمه\u200cشمالی در تابستان افزایش می\u200cیابد.', 'نیمه\u200cشمالی در تابستان به خورشید نزدیک\u200cتر است.']",B,زمین با محور کج خود، پرتوهای خورشید را در تابستان به‌طور مستقیم‌تری دریافت می‌کند و انرژی بیشتری در واحد سطح نصیب نیمه‌شمالی می‌شود.,B,0.4771319329738617,B,0.9831257462501526,True,True,True,True,[0.2905278  0.47713193 0.006077   0.22626327],[1.39688635e-02 9.83125746e-01 4.77988215e-04 2.42742430e-03],0.8743237853050232,0.47713193,0.983125746,0.505993816,0.7815025448799133,0.6826474666595459,0.7287378311157227,0.7815025448799133,0.6826474666595459,0.7287378311157227
801,جنیفر و مارک یک کیک چند لایه با استفاده از روغن و آب تهیه کردند. پس از اینکه کیک در فر پخته شد، آنها کرم روی کیک را اضافه کردند. کدام ویژگی می‌تواند با ترازویی اندازه‌گیری شود؟,"['دماي فر', 'جرم کرم روی کیک', 'ارتفاع لایه\u200cها', 'حجم روغن']",B,جرم کرم کیک با استفاده از ترازو قابل اندازه‌گیری است.,B,0.978829860687256,B,0.9935224652290344,True,True,True,True,[0.01801565 0.97882986 0.00147881 0.00167572],[4.6370071e-03 9.9352247e-01 1.0346562e-03 8.0579100e-04],0.7102541327476501,0.97882986,0.99352247,0.0146926099999999,0.6582978963851929,0.5718821287155151,0.6120548248291016,0.6638717651367188,0.5797786116600037,0.6189820766448975
802,کدام یک از مواد زیر می‌تواند به چندین عنصر تفکیک شود؟,"['ازت', 'روی', 'هوا', 'آلومینیوم']",C,[MASK]ی ترکیب شده از چندین گاز است که به عناصر مختلفی تجزیه می‌شود.,C,0.7549667954444885,C,0.9634916186332704,True,True,True,True,[0.19014129 0.02915911 0.7549668  0.02573283],[3.3488054e-02 2.4258664e-03 9.6349162e-01 5.9448415e-04],0.7999056577682495,0.7549668,0.96349162,0.2085248199999999,0.7402114868164062,0.5867891311645508,0.6546312570571899,0.7464553117752075,0.5925490856170654,0.6606571078300476
803,یک مریخ‌نورد برای کاوش و انتقال داده‌ها از سیاره مریخ ارسال شده است. سیاره مریخ جرم کمتری نسبت به زمین دارد. در مقایسه با زمین، بهترین مقایسه بین جرم و وزن مریخ‌نورد در مریخ کدام است؟,"['جرم در مریخ بیشتر است و وزن کمتر است.', 'وزن در مریخ بیشتر است و جرم کمتر است.', 'وزن در مریخ کمتر است و جرم همان است.', 'جرم در مریخ کمتر است و وزن همان است.']",C,جرم مریخ‌نورد در هر دو سیاره یکسان است، اما وزن آن در مریخ به دلیل نیروی گرانش کمتر، کمتر از وزن آن در زمین است.,A,0.4840925931930542,C,0.9467859864234924,False,True,True,True,[0.4840926  0.01855163 0.2947662  0.20258963],[4.6953924e-02 5.6399597e-04 9.4678599e-01 5.6961575e-03],0.8929980993270874,0.2947662,0.94678599,0.65201979,0.8819608688354492,0.7425851821899414,0.8062942624092102,0.8819608688354492,0.7425851821899414,0.8062942624092102
804,تکه های یخ در فریزر در حال ذوب شدن هستند. کدام تغییر احتمالاً باعث ذوب شدن تکه های یخ می شود؟,"['کاهش در جرم تکه های یخ', 'افزایش در جرم تکه های یخ', 'کاهش در دما درون فریزر', 'افزایش در دما درون فریزر']",D,افزایش انرژی گرمایی باعث ذوب شدن یخ می‌شود که با افزایش دما درون فریزر اتفاق می‌افتد.,D,0.5232807397842407,D,0.9942943453788756,True,True,True,True,[0.06249698 0.00669086 0.40753144 0.52328074],[4.5865448e-03 3.2202600e-04 7.9702202e-04 9.9429435e-01],0.8754333853721619,0.52328074,0.99429435,0.4710136099999999,0.8028063774108887,0.6908953189849854,0.7426585555076599,0.8046731948852539,0.6952627897262573,0.7459775805473328
805,کدام رویداد در یک دوره روزانه اتفاق می‌افتد؟,"['خورشید طلوع و غروب می\u200cکند.', 'زمین به دور محور خود کج می\u200cشود.', 'زمین به دور خورشید می\u200cچرخد.', 'ماه به دور زمین می\u200cچرخد.']",A,چرخش زمین به دور محور خود باعث طلوع و غروب خورشید در یک دوره روزانه می‌شود.,A,0.8050214648246765,A,0.9923703670501708,True,True,True,True,[0.80502146 0.0079696  0.17997573 0.00703315],[0.99237037 0.00248884 0.0041034  0.0010375 ],0.8724725842475891,0.80502146,0.99237037,0.1873489099999999,0.9026280641555786,0.7034088373184204,0.7906624674797058,0.9026280641555786,0.7034088373184204,0.7906624674797058
806,باران‌زارها و صخره‌های مرجانی چگونه با اکوسیستم‌هایی که گونه‌های کمتری دارند، متفاوت هستند؟,"['در آنها شکارچیان بیشتر از طعمه\u200cها هستند.', 'شبکه غذایی پایدارتر و ماندگارتری است.', 'موجودات معمولاً باید برای غذا رقابت کنند.', 'جمعیت\u200cهای گیاهی تولیدکنندگان اصلی هستند.']",B,این اکوسیستم‌ها به دلیل تعاملات متنوع، شبکه غذایی پایدارتر و ماندگارتری دارند.,B,0.8595961332321167,B,0.983474850654602,True,True,True,True,[0.13195214 0.85959613 0.0018822  0.00656951],[1.5788093e-02 9.8347485e-01 4.4787375e-04 2.8916902e-04],0.8164894580841064,0.85959613,0.98347485,0.12387872,0.7655179500579834,0.5808403491973877,0.660513162612915,0.765518069267273,0.5808403491973877,0.6605132818222046
807,کدام بیانیه بهترین توضیح را می‌دهد که چرا خودرویی که بر روی سطح هموار در حال حرکت است در نهایت توقف می‌کند؟,"['نیروهای اصطکاک در برابر حرکت خودرو مقاومت می\u200cکنند.', 'حرکت به جلو به آرامی به پایان می\u200cرسد زیرا انرژی مصرف می\u200cشود.', 'وضعیت طبیعی یک جسم، آرامش است.', 'اینرسی که بر روی یک جسم عمل می\u200cکند، کاهش می\u200cیابد.']",A,نیروهای اصطکاکی در خلاف جهت حرکت خودرو عمل می‌کنند و باعث کاهش سرعت و توقف آن می‌شوند.,A,0.403071254491806,A,0.9207927584648132,True,True,True,True,[0.40307125 0.19039738 0.00346011 0.40307125],[9.2079276e-01 7.5879097e-02 3.8592634e-04 2.9421519e-03],0.9025862812995912,0.40307125,0.92079276,0.51772151,0.9285310506820679,0.7099133729934692,0.80463707447052,0.9285310506820679,0.7099133729934692,0.80463707447052
808,کدام ترکیب شامل مولکول‌های مستقل نیست؟,"['نمک', 'آب', 'گاز هیدروژن', 'منوکسید کربن']",A,[MASK]‌ها از یون‌های مثبت و منفی تشکیل شده و به صورت شبکه‌های بلوری پایدار هستند.,C,0.5486567616462708,C,0.0757244825363159,False,False,False,False,[0.2591671  0.08413924 0.54865676 0.10803692],[0.07572448 0.3845606  0.49378562 0.04592922],0.9153571724891664,0.2591671,0.07572448,-0.18344262,0.8590783476829529,0.7157642841339111,0.7809003591537476,0.8549609184265137,0.7177838683128357,0.7803899645805359
809,بزرگترین عامل آلودگی هوا در ایالات متحده چیست؟,"['کارخانه\u200cها', 'خودروها', 'نیروگاه\u200cها', 'سوزاندن زباله']",B,حجم زیاد [MASK] در جاده‌ها و انتشار گازهای آلاینده، موجب آلودگی هوا می‌شود.,A,0.5212024450302124,B,0.9729890823364258,False,True,True,True,[0.52120245 0.45995954 0.00309918 0.01573895],[2.5828192e-02 9.7298908e-01 6.4659613e-04 5.3604704e-04],0.6922785043716431,0.45995954,0.97298908,0.51302954,0.9005796909332275,0.6440492868423462,0.7510123252868652,0.8905749320983887,0.6161487102508545,0.7283706068992615
810,سنگ آهک یک سنگ رسوبی است و مرمر یک سنگ دگرگونی است. اگرچه سنگ آهک و مرمر از نظر ترکیب شیمیایی یکسان هستند، اما به عنوان سنگ‌های مختلف طبقه‌بندی می‌شوند زیرا آنها,"['از فسیل\u200cهای مختلف تشکیل شده\u200cاند', 'زمان\u200cهای متفاوتی برای تشکیل نیاز داشتند', 'در زمان\u200cهای مختلفی شکل گرفته\u200cاند', 'به روش\u200cهای مختلفی تشکیل شده\u200cاند']",D,سنگ آهک و مرمر علیرغم ترکیب شیمیایی یکسان، به دلیل فرآیندهای تشکیل متفاوت، طبقه‌بندی متفاوتی دارند. یکی از سنگ‌های رسوبی و دیگری از دگرگونی سنگ‌ها تحت فشار و حرارت زیاد حاصل می‌شود.,D,0.4984336793422699,D,0.971699833869934,True,True,True,True,[0.08695379 0.38969982 0.02491268 0.49843368],[0.00847279 0.01793689 0.00189053 0.97169983],0.884158730506897,0.49843368,0.97169983,0.47326615,0.7976433038711548,0.6443803906440735,0.7128671407699585,0.7976433038711548,0.6443803906440735,0.7128671407699585
811,کدام یک از تجهیزات آزمایشگاهی برای تعیین جرم ۲ قاشق چای‌خوری شن ضروری است؟,"['لیوان شیشه\u200cای', 'ترازو', 'چشم\u200cقطره\u200cای', 'سیلندر مدرج']",B,برای تعیین جرم، ابزاری که استفاده می‌شود [MASK] است.,B,0.990717589855194,B,0.991261065006256,True,True,True,True,[7.6235491e-03 9.9071759e-01 8.0351613e-04 8.5533853e-04],[6.7842444e-03 9.9126107e-01 9.7736309e-04 9.7736309e-04],0.6390553712844849,0.99071759,0.99126107,0.0005434799999999,0.7951453924179077,0.6387996673583984,0.7084491848945618,0.8098942637443542,0.6424160003662109,0.7164983749389648
812,نتیجه تنفس سلولی چیست؟,"['انرژی برای فرآیندهای سلولی آزاد می\u200cشود.', 'اکسیژن برای فتوسنتز آزاد می\u200cشود.', 'سلول\u200cها دچار تجزیه می\u200cشوند.', 'مغذی\u200cها برای جلوگیری از انباشت چربی بدن دفع می\u200cشوند.']",A,در تنفس سلولی، انرژی نهفته در مواد غذایی آزاد و به شکل ATP برای فرآیندهای سلولی ذخیره می‌شود.,A,0.9665549993515016,A,0.9871979355812072,True,True,True,True,[0.966555   0.02941635 0.00273615 0.00129246],[0.98719794 0.00516014 0.00662575 0.00101609],0.862795352935791,0.966555,0.98719794,0.02064294,0.9156047105789185,0.7597050070762634,0.8304010629653931,0.9156047105789185,0.7597050666809082,0.8304011225700378
813,یک واحد نجومی میانگین فاصله بین زمین و خورشید است. این واحد بیشتر برای توصیف فاصله بین کدام دو جسم استفاده می‌شود؟,"['از کهکشان به کهکشان', 'از زحل تا عطارد', 'از خورشید تا پروکسیما قنطورس', 'از دب اکبر تا دب اصغر']",B,واحد نجومی برای اندازه‌گیری فاصله‌های درون منظومه شمسی مناسب است. از آنجا که فاصله بین ستارگان بسیار بیشتر از فاصله‌های درون منظومه شمسی است، این واحد برای توصیف فاصله بین خورشید و نزدیک‌ترین ستاره به آن، یعنی پروکسیما قنطورس، استفاده می‌شود.,C,0.7671881914138794,C,0.0003190204442944,False,False,False,False,[0.16985068 0.03344558 0.7671882  0.02951562],[2.7559160e-03 3.1902044e-04 9.9662530e-01 2.9969195e-04],0.8596925735473633,0.03344558,0.00031902044,-0.03312655956,0.875682532787323,0.7441794276237488,0.8045931458473206,0.875682532787323,0.7441794276237488,0.8045931458473206
814,ترکیبی از فرآیندها زمانی که ستاره‌ها در حال شکل‌گیری هستند اتفاق می‌افتد. کدام یک از فرآیندها بیشتر به شکل‌گیری ستاره‌های جدید مرتبط است؟,"['هیدروژن در هسته\u200cهای ستاره\u200cها تمام می\u200cشود.', 'مواد از ستاره\u200cهایی که مرده\u200cاند جمع\u200cآوری می\u200cشود.', 'عناصر در ستاره\u200cها مانند آهن تحت فرایند ادغام قرار می\u200cگیرند.', 'هسته\u200cهای ستاره\u200cها دو برابر جرم خورشید می\u200cشوند.']",B,مواد جمع‌آوری شده از ستاره‌های مرده می‌توانند به عنوان پیش ماده‌ای برای تشکیل ستاره‌های جدید عمل کنند.,B,0.9259220957756042,B,0.9814022183418274,True,True,True,True,[0.04100125 0.9259221  0.02817972 0.0048969 ],[0.01077538 0.9814022  0.0065356  0.00128694],0.8100602626800537,0.9259221,0.9814022,0.0554801,0.9205282926559448,0.678229808807373,0.7810183763504028,0.9205282926559448,0.678229808807373,0.7810183763504028
815,چرخه آب توصیف کننده حرکات مداوم آب زمین است. کدام قسمت از چرخه آب به طور مستقیم مسئول بازگرداندن آب به خاک است؟,"['انجماد', 'تبخیر', 'بارش', 'ترانسپiration']",C,[MASK]، آب را به طور مستقیم به سطح زمین و خاک بازمی گرداند و موجب تغذیه خاک و منابع آب زیرزمینی می شود.,D,0.4410270452499389,C,0.8622576594352722,False,True,True,True,[0.23606478 0.08684338 0.23606478 0.44102705],[0.10378969 0.01803594 0.86225766 0.01591666],0.6337917447090149,0.23606478,0.86225766,0.6261928800000001,0.8012620806694031,0.6523216962814331,0.7191613912582397,0.7983659505844116,0.6405982375144958,0.7108333110809326
816,محققان اخیراً ژنی را در انسان‌ها کشف کردند که قبلاً برای علم ناشناخته بود. کدام عبارت بهترین توضیح را می‌دهد که چرا این ژن احتمالاً خیلی زودتر کشف نشد؟,"['این ژن تنها اخیراً در انسان\u200cها تکامل یافته است.', 'فناوری مورد استفاده برای مطالعه ژن\u200cها هنوز در حال توسعه است.', 'دانشمندان تا چند سال پیش به ژن\u200cها علاقه\u200cای نداشتند.', 'دانشمندان مطمئن بودند که همه ژن\u200cهای ممکن را قبلاً کشف کرده\u200cاند.']",B,فناوری مطالعه ژن‌ها و تحلیل ژنوم انسان به تدریج در حال پیشرفت است و این پیشرفت امکان کشف ژن‌های ناشناخته را فراهم کرده است.,A,0.9223132729530334,B,0.8926637172698975,False,True,True,True,[9.2231327e-01 7.6227397e-02 2.4643572e-04 1.2129990e-03],[1.0619783e-01 8.9266372e-01 3.2760511e-04 8.1083045e-04],0.8740801215171814,0.076227397,0.89266372,0.816436323,0.8003767132759094,0.6598019003868103,0.7233225703239441,0.8003767132759094,0.6598019003868103,0.7233225703239441
817,یک ارگانیسم جدید کشف شده است. این ارگانیسم چندسلولی، خودتغذیه‌ای است و به طور مستقل حرکت نمی‌کند. این ارگانیسم ممکن است متعلق به کدام پادشاهی‌ها باشد؟,"['قارچ\u200cها و گیاهان', 'پروتیست\u200cها و گیاهان', 'حیوانات و قارچ\u200cها', 'پروتیست\u200cها و حیوانات']",B,این ارگانیسم به دلیل چندسلولی بودن، خودتغذیه‌ای بودن و نداشتن حرکت مستقل، می‌تواند متعلق به گیاهان یا برخی پروتیست‌ها باشد.,A,0.6919539570808411,B,0.5747506022453308,False,True,True,True,[0.69195396 0.04440827 0.06461365 0.19902405],[0.39501995 0.5747506  0.00161436 0.02861515],0.88817298412323,0.04440827,0.5747506,0.53034233,0.7406431436538696,0.6517837047576904,0.6933780908584595,0.7406431436538696,0.6517837047576904,0.6933780908584595
818,گیاه علف هرز دِریایی گیاهی بومی شمال شرقی ایالات متحده است. این گیاه در زیستگاه‌های مرطوب بهترین رشد را دارد. کدام‌یک از تغییرات زیست‌محیطی زیر بیشتر احتمال دارد باعث کاهش جمعیت علف هرز دِریایی در یک منطقه شود؟,"['طوفانی که چندین هفته طول بکشد', 'خشکسالی که دوازده ماه به طول بیانجامد', 'دماهای غیرعادی پایین در ماه ژوئیه', 'دماهای غیرعادی بالا در ماه ژانویه']",B,کاهش قابل توجه در میزان رطوبت محیطی می‌تواند رشد و بقای علف هرز دِریایی را تهدید کند و خشکسالی طولانی‌مدت این شرایط را فراهم می‌کند.,B,0.5327497720718384,B,0.9970436692237854,True,True,True,True,[0.32439375 0.5327498  0.00762901 0.13522744],[2.4331082e-03 9.9704367e-01 1.0042637e-04 4.2281082e-04],0.8437193036079407,0.5327498,0.99704367,0.46429387,0.8309833407402039,0.6969919800758362,0.7581126689910889,0.8306794166564941,0.6974787712097168,0.7582739591598511
819,یک روباه صاحب فرزندی شد که حس شنوایی بهتری نسبت به بیشتر روباه‌ها داشت. چگونه این تغییر کوچک می‌تواند به احتمال زیاد منجر به نوه‌هایی شود که با روباه اصلی متفاوت باشند؟,"['روباه\u200cهایی که حس شنوایی بهتری دارند ممکن است بیشتر از سایر روباه\u200cها جهش یابند.', 'روباه\u200cهایی که حس شنوایی بهتری دارند ممکن است بیشتر شکار شوند.', 'با گذشت زمان، نوه\u200cهای این روباه ممکن است بهتر از سایر روباه\u200cها شکار کنند و طعمه را بشنوند.', 'با گذشت زمان، نوه\u200cهای این روباه ممکن است منقرض شوند.']",C,فرزند روباه با حس شنوایی بهتر می‌تواند طعمه‌ها را راحت‌تر پیدا کند و تغذیه بهتری داشته باشد، که این امر شانس زنده ماندن و تولید مثل او را افزایش می‌دهد.,A,0.9135318994522096,A,0.0452783405780792,False,False,False,False,[0.9135319  0.04557099 0.01650472 0.02439239],[0.9094398  0.039958   0.04527834 0.00532389],0.7019925117492676,0.01650472,0.04527834,0.02877362,0.7021995782852173,0.6455438137054443,0.6726808547973633,0.7021995782852173,0.6455438137054443,0.6726808547973633
820,کدام لایه‌های زمین عمدتاً از مادهٔ جامد تشکیل شده‌اند؟,"['هستهٔ داخلی و هستهٔ خارجی', 'پوسته و هستهٔ داخلی', 'پوسته و گوشته', 'گوشته و هستهٔ خارجی']",B,[MASK] زمین، لایه‌هایی با مواد جامد هستند؛ پوسته بیرونی‌ترین لایه و گوشته، لایه‌ای ضخیم و جامد در زیر آن است.,A,0.8330290913581848,A,0.0740133598446846,False,False,False,False,[0.8330291  0.14461745 0.00262815 0.01972535],[0.89465046 0.07401336 0.00768001 0.02365609],0.8778616786003113,0.14461745,0.07401336,-0.07060409,0.7541666030883789,0.6280486583709717,0.6853539347648621,0.755329966545105,0.6274698972702026,0.6854886412620544
821,چهار دانش‌آموز جرم کلی محصولات را با جرم کلی واکنش‌دهنده‌ها پس از انجام سه بار آزمایش یک واکنش شیمیایی مقایسه کردند. هر دانش‌آموز نتیجه‌گیری کرد که جرم کلی محصولات کمی کمتر از جرم کلی واکنش‌دهنده‌ها بود. هر دانش‌آموز توضیح متفاوتی به شرح زیر ارائه داد. دانش‌آموز ۱: این واکنش بخشی از جرم واکنش‌دهنده را به انرژی تبدیل کرد. دانش‌آموز ۲: واکنش شیمیایی گازی تولید کرد که فرار کرد. دانش‌آموز ۳: برخی از اندازه‌گیری‌های جرم با دقت کافی انجام نشده بود. دانش‌آموز ۴: گرمای آزاد شده در حین واکنش باعث افزایش حجم محصولات شد. کدامیک از دانش‌آموزان توضیحات منطقی‌تری ارائه دادند؟,"['دانش\u200cآموزان ۱ و ۳', 'دانش\u200cآموزان ۱ و ۴', 'دانش\u200cآموزان ۲ و ۳', 'دانش\u200cآموزان ۲ و ۴']",C,دانش‌آموز ۱ تبدیل جرم به انرژی را توضیح می‌دهد و دانش‌آموز ۳ خطای اندازه‌گیری را علت اختلاف می‌داند که هر دو توضیح منطقی هستند.,B,0.4474391043186188,A,0.0012043247697874,False,False,False,False,[0.3087237  0.4474391  0.00340292 0.24043426],[0.90770465 0.03988176 0.00120432 0.05120919],0.8079627156257629,0.00340292,0.00120432,-0.0021985999999999,0.6501256227493286,0.5182427763938904,0.5767409205436707,0.6504231691360474,0.5151809453964233,0.5749561786651611
822,کدام مکان در زمین در تاریخ ۲۲ دسامبر کمترین شدت نور خورشید را دارد؟,"['خط استوا', 'فلوریدا', 'مین', 'قطب شمال']",D,در تاریخ ۲۲ دسامبر، نیمکره شمالی در فصل زمستان است و کمترین شدت نور خورشید در منطقه‌ای با بالاترین عرض جغرافیایی رخ می‌دهد. ایالت [MASK] در مقایسه با مناطق دیگر، مناسب‌ترین گزینه است.,D,0.5629698634147644,D,0.640627384185791,True,True,True,True,[0.38541466 0.04603122 0.00558422 0.56296986],[0.30261093 0.04640689 0.01035478 0.6406274 ],0.9385789036750792,0.56296986,0.6406274,0.0776575399999999,0.8401401042938232,0.6899077892303467,0.7576484680175781,0.8323761224746704,0.6881254315376282,0.7534081935882568
823,هنگامی که اولین فضانوردان آمریکایی در حال برنامه‌ریزی برای راه رفتن بر سطح ماه بودند، می‌دانستند که جاذبه بر روی ماه کمتر از جاذبه بر روی زمین است. با این اطلاعات، فضانوردان چه چیزی را متفاوت‌ترین در ماه تصور می‌کردند؟,"['جرم آنها', 'قد آنها', 'وزن آنها', 'حجم آنها']",C,فضانوردان انتظار داشتند وزن‌شان در ماه کمتر باشد زیرا وزن تحت تأثیر نیروی جاذبه است و تغییر در جاذبه باعث تغییر در وزن می‌شود.,C,0.9889033436775208,C,0.9853991270065308,True,True,True,False,[9.5912805e-03 6.1315007e-04 9.8890334e-01 8.9212804e-04],[1.4055964e-02 4.1139429e-04 9.8539913e-01 1.3356017e-04],0.8603971600532532,0.98890334,0.98539913,-0.00350421,0.9111416339874268,0.7110936641693115,0.7987830638885498,0.9068884253501892,0.7091675996780396,0.7959327101707458
824,تغییری در چگالی هوا می‌تواند منجر به بروز نسیم شود. کدامیک از نمودارها بهترین نشان‌دهنده یک سری از انتقال‌های انرژی است که با خورشید آغاز شده و به بروز نسیم می‌انجامد؟,"['تابش → هدایتی → نسیم', 'تابش → هدایتی → جابه\u200cجایی → نسیم', 'جابه\u200cجایی → تابش → نسیم', 'جابه\u200cجایی → هدایتی → تابش → نسیم']",B,انرژی خورشید به زمین می‌رسد، سپس به صورت هدایت گرمایی موجب گرم شدن زمین می‌شود و در نهایت، هوای گرم با حرکت جابه‌جایی منجر به بروز نسیم می‌شود.,A,0.9221887588500975,B,0.5924413204193115,False,True,True,True,[9.2218876e-01 7.5550161e-02 4.5631215e-04 1.8047496e-03],[4.0717858e-01 5.9244132e-01 9.7618751e-05 2.8246923e-04],0.7997370362281799,0.075550161,0.59244132,0.516891159,0.8752553462982178,0.7445515394210815,0.8046301603317261,0.8752553462982178,0.7445515394210815,0.8046301603317261
825,کیسی چندین حیوان دریایی مشابه را به یک صخره مصنوعی در خلیج مکزیک متصل یافته است. کدام ویژگی این حیوانات را به عنوان نرم‌تنان شناسایی می‌کند؟,"['مغز', 'پوزه\u200cها', 'پای عضلانی', 'پوسته سخت خارجی']",C,حیوانات دارای [MASK] هستند که از بدنشان محافظت می‌کند.,B,0.6396018862724304,B,0.0456375107169151,False,False,False,False,[0.18253459 0.6396019  0.11071283 0.06715073],[0.04563751 0.81211036 0.04563751 0.09661461],0.6291504502296448,0.11071283,0.04563751,-0.0650753199999999,0.8738146424293518,0.5761409997940063,0.6944218277931213,0.8600485324859619,0.5494874715805054,0.6705552339553833
826,کدام منبع در هنگام استفاده بیشترین آلودگی را ایجاد می‌کند؟,"['خورشیدی', 'زغال\u200cسنگ', 'بادی', 'آب']",B,[MASK] به عنوان منبع انرژی فسیلی، گازهای گلخانه‌ای و آلاینده‌های زیادی تولید می‌کند و باعث مشکلات زیست‌محیطی و بهداشتی می‌شود.,B,0.7854831218719482,B,0.9958012700080872,True,True,True,True,[0.19782695 0.7854831  0.00247089 0.01421902],[3.6479768e-03 9.9580127e-01 1.4144740e-04 4.0929165e-04],0.8628474473953247,0.7854831,0.99580127,0.2103181699999999,0.8792464733123779,0.6650257110595703,0.75727778673172,0.8742147088050842,0.6611214876174927,0.7528801560401917
827,چه چیزی هم دره‌ها و هم دره‌های عمیق را شکل می‌دهد؟,"['یخچال\u200cهای طبیعی', 'رودخانه\u200cها', 'باد', 'جزر و مد']",B,[MASK] با فرسایش تدریجی، دره‌ها و دره‌های عمیق را شکل می‌دهند.,A,0.6690558791160583,A,0.2852812707424164,False,False,False,False,[0.6690559  0.10180458 0.03745181 0.19168772],[0.6039405  0.28528127 0.00582903 0.10494912],0.7392861247062683,0.10180458,0.28528127,0.1834766899999999,0.8496628999710083,0.671139121055603,0.7499226927757263,0.8376471400260925,0.6701129674911499,0.7445723414421082
828,پزشکان تعیین کرده‌اند که هر یک از این عوامل می‌تواند باعث بیماری قلبی در انسان‌ها شود به جز,"['ژن\u200cهایی که نقص\u200cهای قلبی را کد می\u200cکنند.', 'عفونت\u200cهایی که به عضله قلب آسیب می\u200cزنند.', 'بیماری\u200cهای دیگر که باعث فرسودگی قلب می\u200cشوند.', 'ورزش شدید که ضربان قلب را افزایش می\u200cدهد.']",D,ورزش شدید به طور کلی باعث تقویت عضلات قلب می‌شود و به عنوان یک عامل محافظتی برای قلب شناخته می‌شود، نه بیماری‌زایی.,A,0.4783872365951538,C,0.1778956055641174,False,False,False,False,[0.47838724 0.25606224 0.0395764  0.22597413],[0.376605   0.01875006 0.42674938 0.1778956 ],0.868378221988678,0.22597413,0.1778956,-0.04807853,0.8035509586334229,0.6320606470108032,0.7075632214546204,0.8035509586334229,0.6320606470108032,0.7075632214546204
829,برای یک پروژه کلاسی، دانش‌آموزان درجه حرارت‌های روزانه ماه گذشته را از فارنهایت به سلسیوس تبدیل کردند. بهترین و واضح‌ترین روش برای ارائه اطلاعات برای دانش‌آموزان چیست؟,"['جدول', 'فرمول', 'نمودار دایره\u200cای', 'نمودار خطی']",A,روشی که روند تغییرات دما را در طول زمان نشان دهد.,A,0.9116074442863464,D,0.3194951713085174,True,False,False,False,[9.1160744e-01 3.2781519e-03 5.6965736e-04 8.4544644e-02],[3.1949517e-01 3.5216501e-03 6.1197102e-04 6.7637128e-01],0.6839597821235657,0.91160744,0.31949517,-0.5921122700000001,0.7797769904136658,0.625901460647583,0.6944169998168945,0.7795118093490601,0.6246851682662964,0.693562924861908
830,شهری می‌خواهد در نزدیکی خود سد جدیدی بسازد تا منابع آبی خود را افزایش دهد. مهم‌ترین سوالی که باید درباره تأثیرات محیط‌زیستی ساخت سد پرسیده شود چیست؟,"['چقدر زمان خواهد برد تا ساخته شود؟', 'چقدر بتن نیاز است؟', 'چگونه از دریاچه برای تفریح استفاده خواهد شد؟', 'سد چگونه بر جمعیت ماهیان تأثیر خواهد گذاشت؟']",D,ساخت سد می‌تواند بر زیستگاه و مسیر مهاجرت ماهیان تأثیر گذارد، بنابراین تأثیر آن بر جمعیت ماهیان باید بررسی شود.,D,0.9354776740074158,D,0.9818492531776428,True,True,True,True,[6.0213294e-02 3.8493071e-03 4.5973420e-04 9.3547767e-01],[1.7878134e-02 2.3219643e-04 4.0349689e-05 9.8184925e-01],0.9012898802757264,0.93547767,0.98184925,0.0463715799999999,0.8221603631973267,0.6405735015869141,0.7200956344604492,0.8221604228019714,0.6405735015869141,0.7200956344604492
831,کدام عوامل می‌توانند بیشترین تأثیر را بر سلامت یک سیستم رودخانه‌ای داشته باشند؟,"['نوع خاک و شوری', 'سطح نیترات و کدورت', 'مصرف انسانی و pH', 'بلایای طبیعی و تغییرات جزر و مد']",B,[MASK] می‌توانند با تأثیر بر زنجیره غذایی و کیفیت آب، سلامت سیستم رودخانه‌ای را تحت تأثیر قرار دهند؛ افزایش نیترات موجب eutrophication و کدورت موجب کاهش رشد گیاهان آبزی می‌شود.,D,0.6670002937316895,B,0.970740020275116,False,True,True,True,[0.19184673 0.07057647 0.07057647 0.6670003 ],[0.02256364 0.97074    0.00099138 0.00570498],0.8704090714454651,0.07057647,0.97074,0.90016353,0.824280321598053,0.6796022057533264,0.7449820637702942,0.8219962120056152,0.6674603223800659,0.7367114424705505
832,یک تفاوت مهم بین موجودات زنده و غیرزنده این است که تنها موجودات زنده دارای هستند,"['ترکیبات', 'عناصر', 'مولکول\u200cها', 'سلول\u200cها']",D,موجودات زنده از واحدهای ساختاری و عملکردی خاص به نام سلول تشکیل شده‌اند که در موجودات غیرزنده وجود ندارد.,D,0.9220080375671388,D,0.996243953704834,True,True,True,True,[0.02437947 0.05161134 0.00200119 0.92200804],[2.1665429e-03 1.3140747e-03 2.7544503e-04 9.9624395e-01],0.9047887921333312,0.92200804,0.99624395,0.0742359099999999,0.8998712301254272,0.7087129354476929,0.7929338216781616,0.8946688175201416,0.7045326232910156,0.7882976531982422
833,کدام ویژگی از یک گربه‌ بچه یک صفت اکتسابی است که به دلیل تأثیرات محیطی به‌دست آمده‌است؟,"['تمیز کردن گوش\u200cهایش', 'خوابیدن روی صندلی', 'تیز کردن چنگال\u200cهایش', 'میاو کردن وقتی که گرسنه است']",C,یک صفت اکتسابی که تحت تأثیر محیط است.,A,0.7424097061157227,B,0.0706475898623466,False,False,False,False,[0.7424097  0.07886312 0.08936363 0.08936363],[0.3587781  0.522019   0.07064759 0.04855534],0.6723944544792175,0.08936363,0.07064759,-0.01871604,0.7480171918869019,0.5155583620071411,0.6104051470756531,0.7542058229446411,0.515899121761322,0.6126960515975952
834,دانشجویی در حیاط جلو خانه‌اش درختچه‌های گل سرخ می‌کارد. این دانشجو غالباً در حال کشیدن علف‌های هرز از پای درختچه‌های گل سرخ دیده می‌شود. محتمل‌ترین دلیل برای کشیدن علف‌های هرز چیست؟,"['علف\u200cهای هرز کودهایی به خاک اضافه می\u200cکنند.', 'علف\u200cهای هرز از مواد مغذی\u200cای که گل\u200cها به آنها نیاز دارند، استفاده می\u200cکنند.', 'علف\u200cهای هرز باکتری\u200cهای خاک را افزایش می\u200cدهند.', 'علف\u200cهای هرز اکسیژن بیشتری مصرف می\u200cکنند.']",B,دانشجو با کشیدن علف‌های هرز، از رقابت بر سر مواد مغذی بین علف‌های هرز و درختچه‌های گل جلوگیری می‌کند.,A,0.6241004467010498,A,0.4059357643127441,False,False,False,False,[0.62410045 0.33536434 0.03507207 0.00546318],[5.9063303e-01 4.0593576e-01 3.0752383e-03 3.5598467e-04],0.8425980806350708,0.33536434,0.40593576,0.07057142,0.9275715351104736,0.685616135597229,0.7884488701820374,0.9275715351104736,0.685616135597229,0.7884488701820374
835,یک اوپوسوم ماده می‌تواند ۵-۱۵ فرزند به دنیا بیاورد. چه چیزی با زاد و ولد بیشتر افزایش می‌یابد؟,"['نرخ بلوغ آنها', 'تعداد منابع غذایی قابل اعتماد', 'مقدار مراقبت مادری برای هر فرزند', 'احتمال زنده ماندن و تولید مثل برخی از آنها']",D,با افزایش زاد و ولد، احتمال زنده ماندن و تولید مثل برخی از فرزندان بیشتر می‌شود.,C,0.8427204489707947,C,0.3624871969223022,False,False,False,False,[0.13024898 0.01351531 0.84272045 0.01351531],[0.03761354 0.00225887 0.59764034 0.3624872 ],0.8689035177230835,0.01351531,0.3624872,0.34897189,0.8957124948501587,0.6204614639282227,0.733102023601532,0.8957123756408691,0.6204614043235779,0.7331019043922424
836,کدام عمل بیشتر به دانشمندان در یافتن درمان‌هایی برای برخی بیماری‌ها کمک کرده است؟,"['خرید تجهیزات جدید', 'یادگیری درباره باکتری\u200cها', 'یافتن مواد شیمیایی در گیاهان', 'اجتناب از حیوانات سمی']",B,دانش در مورد باکتری‌ها به توسعه داروهای جدید برای درمان بیماری‌های عفونی کمک می‌کند.,C,0.9542707800865172,B,0.9913280606269836,False,True,True,True,[0.02266253 0.01999962 0.9542708  0.00306704],[1.5079699e-03 9.9132806e-01 6.7582517e-03 4.0586456e-04],0.852661669254303,0.01999962,0.99132806,0.97132844,0.8253421187400818,0.6711302995681763,0.7402904629707336,0.828682541847229,0.6757479310035706,0.74444180727005
837,کدام سیستم دارای لایه‌هایی از بافت ماهیچه‌ای صاف است که برای حرکت مواد مغذی و زائدات جامد و مایع در بدن منقبض می‌شود؟,"['تنفسی', 'اسکلیتی', 'درون\u200cریز', 'گوارشی']",D,سیستم [MASK] لایه‌هایی از بافت ماهیچه‌ای صاف برای حرکت مواد مغذی و زائدات دارد.,B,0.7997236847877502,B,0.0927440971136093,False,False,False,False,[0.05092531 0.7997237  0.08396164 0.06538939],[0.04887271 0.7765368  0.08184638 0.0927441 ],0.8737188577651978,0.06538939,0.0927441,0.0273547099999999,0.8562114834785461,0.5960348844528198,0.7028172612190247,0.7943972945213318,0.5634143948554993,0.6592591404914856
838,دانشمندان ادعا می‌کنند که قاره‌های آمریکای جنوبی و آفریقا روزگاری یک تودهٔ زمینی واحد بوده‌اند. تمامی مشاهدات زیر از این ادعا حمایت می‌کنند به جز,"['کوه\u200cهای موجود در این قاره\u200cها دارای سنگ\u200cهای مشابه با سن یکسان هستند.', 'این قاره\u200cها به\u200cگونه\u200cای به هم متصل می\u200cشوند که مانند قطعات یک پازل به نظر می\u200cرسند.', 'ماهی\u200cهای مشابهی در اقیانوس\u200cهای اطراف سواحل این قاره\u200cها زندگی می\u200cکنند.', 'از این قاره\u200cها فسیل\u200cهای مشابهی پیدا شده است.']",C,مشاهدات مربوط به شباهت‌های زمین‌شناسی و فسیلی از ادعای وحدت قاره‌ها حمایت می‌کنند، اما شباهت‌های موجود در گونه‌های دریایی لزوماً ارتباط زمینی قبلی را نشان نمی‌دهد.,B,0.75677889585495,B,0.2202993929386139,False,False,False,False,[0.19209257 0.7567789  0.01800753 0.03312092],[0.28287002 0.3632123  0.2202994  0.13361834],0.7900199294090271,0.01800753,0.2202994,0.20229187,0.7282130122184753,0.619012713432312,0.6691872477531433,0.7282130122184753,0.619012713432312,0.6691872477531433
839,کدام یک بهترین توصیف‌گر سرعت یک توپ است که به طور مستقیم به سمت بالا پرتاب شده و مجدداً به زمین می‌افتد؟,"['توپ با سرعتی ثابت به سمت بالا می\u200cرود، متوقف می\u200cشود، سپس با سرعتی ثابت به سمت پایین می\u200cآید.', 'توپ با سرعتی ثابت به سمت بالا می\u200cرود، متوقف می\u200cشود و در حین سقوط سرعتش افزایش می\u200cیابد.', 'توپ در حین صعود به آرامی و آرامتر می\u200cشود، متوقف می\u200cشود و سپس در حین سقوط سرعتش سریعتر و سریعتر می\u200cشود.', 'توپ در حین صعود به آرامی و آرامتر می\u200cشود، متوقف می\u200cشود و سپس با سرعتی ثابت به سمت پایین می\u200cآید.']",C,نیروی گرانش در هنگام صعود، سرعت توپ را کاهش می‌دهد تا در نقطه اوج متوقف شود، سپس در هنگام سقوط، سرعت آن افزایش می‌یابد.,B,0.6671336889266968,B,0.0120376097038388,False,False,False,False,[0.10190941 0.6671337  0.11547848 0.11547848],[0.03221432 0.945125   0.01203761 0.01062315],0.8887689113616943,0.11547848,0.01203761,-0.1034408699999999,0.9079338908195496,0.732628583908081,0.8109148740768433,0.906615138053894,0.7348281145095825,0.8117323517799377
840,کدام رویداد جوی معمولاً شامل بارش های سنگین، وزش بادهای شدید و دماهای سطحی زیر ۰ درجه سانتیگراد است؟,"['برف سنگین', 'طوفان', 'طوفان رعد و برق', 'تورنادو']",A,بارش های سنگین، وزش بادهای شدید و دماهای زیر ۰ درجه، شرایطی را ایجاد می‌کند که به عنوان [MASK] شناخته می‌شود.,B,0.8032545447349548,B,0.0557924732565879,False,False,False,False,[0.03529254 0.80325454 0.1581702  0.00328272],[0.05579247 0.7701913  0.17185292 0.00216331],0.8103432655334473,0.03529254,0.05579247,0.02049993,0.7618359923362732,0.6429488658905029,0.6973616480827332,0.7402980923652649,0.62727952003479,0.679118812084198
841,پرندگانی که در حین رشد تغذیه مناسب دریافت نمی‌کنند، به عنوان پرندگان بالغ کمتر آواز می‌خوانند و مدت زمان کمتری آواز می‌زنند. کدامیک از موارد زیر بهترین توصیف‌کننده‌ی پیامد استرس تغذیه‌ای در این پرندگان آوازخوان است؟,"['احتمال کمتری دارند که از شکارچیان جلوگیری کنند.', 'احتمال کمتری دارند که مکان\u200cهای لانه\u200cگذاری خوبی بیابند.', 'احتمال کمتری دارند که منابع غذایی مناسب پیدا کنند.', 'احتمال کمتری دارند که آزادانه جفتی پیدا کنند و ژن\u200cهای خود را منتقل کنند.']",D,کاهش آوازخوانی در پرندگان تغذیه‌نشده منجر به کاهش توانایی جذب جفت و در نتیجه کاهش شانس انتقال ژن‌هایشان می‌شود.,B,0.4329064190387726,D,0.7034552693367004,False,True,True,True,[0.33583343 0.43290642 0.02756689 0.20369329],[0.06594472 0.22837849 0.00222152 0.70345527],0.7270543575286865,0.20369329,0.70345527,0.4997619799999999,0.8381165266036987,0.6089683175086975,0.7053993940353394,0.8381165862083435,0.6089683175086975,0.7053994536399841
842,فلیشیا مشاهده کرد که دماهای هوا در برخی از فصل‌ها خنک‌تر و ساعات روشنایی کمتر است. کدام یک از موارد زیر به این تغییرات فصلی کمک می‌کند؟,"['زمین در محور خود می\u200cچرخد.', 'زمین به دور خورشید می\u200cچرخد.', 'خورشید در زمستان انرژی کمتری دارد.', 'خورشید در زمستان از زمین دورتر می\u200cشود.']",B,چرخش زمین به دور خورشید باعث تغییرات فصلی در دما و ساعات روشنایی می‌شود.,A,0.9697347283363342,A,0.0046382704749703,False,False,False,False,[9.6973473e-01 2.5716677e-02 6.0479832e-04 3.9437800e-03],[9.9476409e-01 4.6382705e-03 2.1693480e-04 3.8073241e-04],0.8757228851318359,0.025716677,0.0046382705,-0.0210784065,0.8324489593505859,0.6483734846115112,0.7289703488349915,0.8324489593505859,0.6483734846115112,0.7289703488349915
843,دانشمندان در حال جمع آوری نمونه هایی از رسوبات بستر در خلیج بیسکین هستند. نتایج آزمایش نشان می دهد که شوری در خلیج در حال افزایش است. کدام تأثیر انسانی ممکن است به این تغییرات محیطی منجر شده باشد؟,"['تأسیس خلیج به عنوان یک پارک ملی در سال ۱۹۸۰', 'پیدا کردن کشتی های غرق شده در کف خلیج', 'جمع آوری موجودات دریایی از قعر خلیج', 'توسعه نیروگاه ها در沿 ساحل خلیج']",D,افزایش شوری خلیج بیسکین ممکن است به دلیل ورود مواد شیمیایی و حرارت از فعالیت‌های انسانی مانند توسعه نیروگاه‌ها باشد.,D,0.6340998411178589,D,0.9654500484466552,True,True,True,True,[6.7095213e-02 2.9835981e-01 4.4507504e-04 6.3409984e-01],[2.2440685e-02 1.2011633e-02 9.7624732e-05 9.6545005e-01],0.8838027119636536,0.63409984,0.96545005,0.33135021,0.7993813753128052,0.6268901824951172,0.7027053236961365,0.7993813753128052,0.6268901824951172,0.7027053236961365
844,کریس یک لیوان آب را بر روی لبه ی پنجره گذاشت. وقتی چند روز بعد به لیوان نگاه کرد، مقداری از آب تبخیر شده بود. کدام یک از موارد زیر بهترین توصیف را از آنچه که برای ذرات آب تبخیر شده اتفاق افتاد ارائه می‌دهد؟,"['آنها بزرگتر شدند.', 'آنها در هوا پخش شدند.', 'آنها توسط لیوان جذب شدند.', 'آنها از لیوان به هوا منتقل شدند.']",B,ذرات آب تبخیر شده به هوا منتقل و در آن پخش شدند.,D,0.5484820008277893,B,0.9858946800231934,False,True,True,True,[0.20177525 0.22864132 0.02110146 0.548482  ],[9.7411778e-03 9.8589468e-01 3.0349565e-04 4.0607271e-03],0.7765922546386719,0.22864132,0.98589468,0.75725336,0.8920208215713501,0.6563097834587097,0.7562235593795776,0.8920208811759949,0.6563097834587097,0.7562234997749329
845,برخی از غذاهایی که انسان‌ها می‌خورند، مانند ذرت و نخود فرنگی، در واقع دانه‌هایی از گیاهان هستند. بهترین توصیف از نقش انسان‌ها در یک شبکه غذایی شامل این گیاهان چیست؟,"['مصرف\u200cکننده', 'پسماندساز', 'تولیدکننده', 'لاشخور']",A,انسان‌ها با خوردن دانه‌های گیاهان، انرژی و مواد مغذی را به خود منتقل می‌کنند.,A,0.9857051372528076,A,0.9991832375526428,True,True,True,True,[0.98570514 0.00756648 0.00357415 0.00315418],[9.9918324e-01 5.7971990e-04 7.6042699e-05 1.6098240e-04],0.799171507358551,0.98570514,0.99918324,0.0134781,0.9018114805221558,0.6486377716064453,0.7545542120933533,0.9056420922279358,0.6579366326332092,0.7621683478355408
846,مارهای موش، Elaphe obsoleta، گونه‌ای هستند که از جمعیت‌های متعدد و متمایز در مناطق مختلف تشکیل شده‌اند. هر یک از این جمعیت‌ها نشانه‌ها و رنگ‌های متفاوتی دارند. مارهای موش احتمالاً در کجا خاکستری خواهند بود؟,"['در یک جنگل', 'در یک باتلاق', 'در یک گودال شن', 'در یک مزرعه ذرت']",C,مارهای موش برای استتار در مناطق با خاک روشن، رنگ روشن به خود می‌گیرند.,A,0.3858504891395569,C,0.9177672266960144,False,True,True,True,[0.3858505 0.2065309 0.3858505 0.0217682],[0.05776129 0.01875235 0.9177672  0.00571914],0.7671562433242798,0.3858505,0.9177672,0.5319167,0.6142781972885132,0.49615126848220825,0.5489315390586853,0.6114793419837952,0.49376553297042847,0.5463538765907288
847,دانش‌آموزان هنگام مشاهده خورشید باید چه احتیاطی را رعایت کنند؟,"['فقط از تجهیزات جدید استفاده کنید.', 'از تلسکوپ بسیار قوی استفاده کنید.', 'تصویر را بر روی یک قطعه مقوا پروژکت کنید.', 'فقط در صبح به خورشید نگاه کنید.']",C,برای جلوگیری از آسیب به چشم‌ها، تصویر خورشید را بر روی صفحه‌ای پخش کنید.,C,0.6001424193382263,C,0.984802782535553,True,True,True,True,[0.22251166 0.07223896 0.6001424  0.10510706],[1.2494067e-02 2.1711432e-03 9.8480278e-01 5.3206150e-04],0.6834417581558228,0.6001424,0.98480278,0.38466038,0.6472529172897339,0.5431963801383972,0.5906769037246704,0.6472529172897339,0.5431963801383972,0.5906769037246704
848,یک قطره رنگ خوراکی قرمز به یک کاسه آب اضافه می‌شود. چند دقیقه بعد، تمام آب قرمز می‌شود. کدام یک از این موارد تغییراتی که اتفاق افتاده را توصیف می‌کند؟,"['فرسایش', 'اسمز', 'انتشار', 'انتقال خون']",C,حرکت مولکول‌های رنگ در آب از ناحیه غلظت بیشتر به کمتر، تا رسیدن به تعادل، منجر به قرمز شدن تمام آب می‌شود.,A,0.5526165962219238,C,0.8472055792808533,False,True,True,True,[0.5526166  0.14027022 0.01016114 0.29695204],[0.12941666 0.01385522 0.8472056  0.00952255],0.8183223009109497,0.01016114,0.8472056,0.83704446,0.7493547797203064,0.6366448402404785,0.6884170174598694,0.7496775984764099,0.6336998343467712,0.6868271231651306
849,در مقایسه با وسایل نقلیه با اندازه مشابه که از سوخت بنزینی استفاده می‌کنند، وسایل نقلیه هیبریدی برقی-بنزینی به طور اصلی طراحی شده‌اند تا,"['اسب بخار بیشتری تولید کنند.', 'انتشار گازهای گلخانه\u200cای را حذف کنند.', 'به طور مستقل از سوخت\u200cهای فسیلی عمل کنند.', 'مصرف سوخت بهتری ارائه دهند.']",D,وسایل نقلیه هیبریدی برقی-بنزینی به گونه‌ای طراحی شده‌اند که با ترکیب دو منبع انرژی، مصرف سوخت بهتری داشته باشند و آلایندگی کمتری تولید کنند.,B,0.9820703268051147,B,0.1042807921767234,False,False,False,False,[0.00351777 0.9820703  0.00213363 0.01227822],[0.02326819 0.8714287  0.00102233 0.10428079],0.9091070294380188,0.01227822,0.10428079,0.09200257,0.9243909120559692,0.6834462881088257,0.785865068435669,0.9262009263038635,0.6866261959075928,0.7886199951171875
850,سؤالی: یک دانش‌آموز از توصیف‌ها برای طبقه‌بندی موجودات استفاده می‌کند. یک موجود به عنوان موجودی توصیف شده است که اندام‌های حسی برای تشخیص گرما دارد، تخم‌گذاری برای تولید مثل می‌کند، از زهر برای محافظت استفاده می‌کند و توانایی تغییر دمای بدن با محیط اطرافش را دارد. این دانش‌آموز چگونه این موجود را طبقه‌بندی خواهد کرد؟,"['الف) باکتری', 'ب) پستاندار', 'ج) خزنده', 'د) پرنده']",C,این موجود ویژگی‌هایی مانند تخم‌گذاری و تغییر دمای بدن با محیط را دارد که در خزندگان دیده می‌شود.,B,0.8943643569946289,B,0.1405863165855407,False,False,False,False,[0.01663882 0.89436436 0.02420933 0.06478754],[0.01902629 0.8090184  0.14058632 0.03136905],0.8155298233032227,0.02420933,0.14058632,0.1163769899999999,0.8549777865409851,0.7001546621322632,0.7698594331741333,0.8549777865409851,0.7001546621322632,0.7698594331741333
851,گوگرد (S)، اکسیژن (O2)، آب (H2O) و کلرید سدیم (NaCl) همگی نمونه‌هایی از مواد خالص هستند. کدامیک از موارد زیر تمام مواد خالص را توصیف می‌کند؟,"['الف) یک ماده خالص تنها از یک نوع عنصر تشکیل شده است.', 'ب) یک ماده خالص دارای ترکیب شیمیایی مشخصی است.', 'ج) یک ماده خالص نمی\u200cتواند به مواد ساده\u200cتر تقسیم شود.', 'د) یک ماده خالص معمولاً در دمای اتاق به صورت جامد وجود دارد.']",B,ترکیب شیمیایی مشخصی دارند.,B,0.3867689669132232,B,0.980659544467926,True,True,True,True,[0.26582217 0.38676897 0.30121598 0.04619297],[0.01585088 0.98065954 0.00201521 0.00147436],0.5595387816429138,0.38676897,0.98065954,0.59389057,0.7771303653717041,0.4462052285671234,0.5669084191322327,0.7771303653717041,0.4462052285671234,0.5669084191322327
852,در ابتدای سال 2003، پروژه ژنوم انسانی توالی جفت‌های پایه در ژن‌ها در DNA انسانی را شناسایی کرد. با تمام این اطلاعات، بسیاری از عملکردهای ژن‌ها هنوز ناشناخته هستند. در حال حاضر، دانشمندان در حال مطالعه بسیاری از این ژن‌ها هستند تا بیشتر در مورد آن‌ها بیاموزند. اهمیت این کشف ژنتیکی جدید چیست؟,"['می\u200cتواند روش\u200cهای جدیدی برای ایجاد بیماری\u200cها فراهم کند.', 'می\u200cتواند منجر به نسخه\u200cبرداری سریع\u200cتر کروموزوم\u200cها شود.', 'می\u200cتواند به ساختار ساده\u200cتری برای DNA منجر شود.', 'می\u200cتواند راه\u200cهای جدیدی برای درمان بیماری\u200cها فراهم کند.']",D,این کشف می‌تواند اطلاعات ارزشمندی در مورد مکانیسم‌های مولکولی بیماری‌ها فراهم کند و راه‌های جدیدی برای درمان آن‌ها باز کند.,D,0.5140543580055237,D,0.9648337364196776,True,True,True,True,[0.35330406 0.1309927  0.00164895 0.51405436],[2.9594271e-02 4.8311320e-03 7.4087811e-04 9.6483374e-01],0.7538774609565735,0.51405436,0.96483374,0.4507793799999999,0.8770902752876282,0.7035422325134277,0.7807888388633728,0.8770902752876282,0.7035422325134277,0.7807888388633728
853,مارنی ۱۵۰۰ متر دور پیست مدرسه می‌دود. برای اینکه بتواند سرعت خود را محاسبه کند، به چه چیزی نیاز دارد؟,"['زمان او از شروع تا پایان', 'تعداد گام\u200cهایی که برداشته است', 'نرخ ضربان قلب او در خط پایان', 'جهتی که در آن شروع به دویدن کرده است']",A,مارنی برای محاسبه سرعت نیاز به زمان صرف شده برای دویدن ۱۵۰۰ متر دارد.,A,0.9995062351226808,A,0.9994255304336548,True,True,True,False,[9.9950624e-01 2.9845603e-04 8.5509084e-05 1.0979584e-04],[9.9942553e-01 4.9068156e-04 4.7089277e-05 3.6673166e-05],0.8404142260551453,0.99950624,0.99942553,-8.070999999998385e-05,0.833047091960907,0.6151353716850281,0.7076963782310486,0.8270468711853027,0.6150203943252563,0.7054466009140015
854,کبد گلوکز را به گلیکوژن برای ذخیره‌سازی تبدیل می‌کند. چرا این عمل تغییر شیمیایی محسوب می‌شود؟,"['چون تبدیل، جامدات را به مایعات تبدیل می\u200cکند', 'چون تبدیل، مقدار کمتری گلوکز در کبد را امکان\u200cپذیر می\u200cکند', 'چون تبدیل، یک ماده را به ماده\u200cای جدید تبدیل می\u200cکند', 'چون تبدیل، شکل سلول\u200cهای کبدی را تغییر می\u200cدهد']",C,تبدیل گلوکز به گلیکوژن تغییر شیمیایی است زیرا ماده‌ای به ماده‌ای جدید با خواص متفاوت تبدیل می‌شود.,C,0.9173678755760192,C,0.9514251351356506,True,True,True,True,[0.06677918 0.01490045 0.9173679  0.00095255],[4.2461000e-02 5.7464717e-03 9.5142514e-01 3.6735961e-04],0.8767532706260681,0.9173679,0.95142514,0.0340572399999999,0.8143045902252197,0.6378684043884277,0.7153682112693787,0.8143045902252197,0.6378684043884277,0.7153682112693787
855,نشانه‌ای که نشان می‌دهد درخت سیب قرار است شروع به تولید سیب کند، زمانی است که درخت ___ دارد.,"['ریشه', 'دانه\u200cها', 'برگ\u200cها', 'گل\u200cها']",D,[MASK]ی درخت سیب نشانه شروع تولید میوه هستند.,D,0.8231915235519409,D,0.8145802617073059,True,True,True,False,[0.00703903 0.00703903 0.16273044 0.8231915 ],[0.04055556 0.08585612 0.059008   0.81458026],0.8434001803398132,0.8231915,0.81458026,-0.00861124,0.9109505414962769,0.6545917391777039,0.7617816925048828,0.8915850520133972,0.6368175745010376,0.7429679036140442
856,کدام یک از گزینه‌های زیر، اثر محتمل‌تری از قطع تعداد زیادی درخت است؟,"['از دست رفتن زیستگاه برای حیوانات', 'افزایش اکسیژن در هوا', 'کاهش سطح آلودگی', 'کاهش فرسایش خاک']",A,قطع درختان، زیستگاه طبیعی حیوانات وابسته به درختان را از بین می‌برد و تعادل زیست‌محیطی و تنوع زیستی را به خطر می‌اندازد.,A,0.9259908199310304,A,0.9965978264808656,True,True,True,True,[0.9259908  0.0358345  0.01026676 0.02790794],[9.9659783e-01 2.7585325e-03 1.0047954e-04 5.4318726e-04],0.8314409255981445,0.9259908,0.99659783,0.07060703,0.818917453289032,0.6038796901702881,0.6951484084129333,0.8176658749580383,0.6037874221801758,0.6946361064910889
857,کربن در زمین در مواد زنده و غیرزنده یافت می‌شود. برای اینکه کربن به طور مداوم در دسترس باشد، باید بازیافت شود. کربن از طریق کدام فرآیند در جو در دسترس قرار می‌گیرد؟,"['تشکیل سوخت\u200cهای فسیلی', 'لایه\u200cبندی خاک', 'فتوسنتز گیاهان', 'آتش\u200cسوزی\u200cهای جنگلی']",D,گیاهان از طریق فرآیند فتوسنتز، دی‌اکسید کربن جو را جذب و به گلوکز و اکسیژن تبدیل می‌کنند و کربن را در دسترس قرار می‌دهند.,C,0.9793114066123962,C,5.900414544157684e-05,False,False,False,False,[2.0384593e-02 1.3312447e-04 9.7931141e-01 1.7093522e-04],[1.0898252e-02 3.1897341e-04 9.8872375e-01 5.9004145e-05],0.8488355278968811,0.00017093522,5.9004145e-05,-0.000111931075,0.8472663164138794,0.7651662826538086,0.8041262030601501,0.8435048460960388,0.7633013725280762,0.8014014363288879
858,بهترین دلیل برای اینکه تقسیم سلولی در بدن ما مداوم اتفاق می‌افتد چیست؟,"['بدن باید به طور مداوم تنفس کند.', 'افراد فعال معمولاً به غذای بیشتری نسبت به افراد غیر فعال نیاز دارند.', 'انواع مختلفی از بافت\u200cها در بدن انسان وجود دارد.', 'انسان\u200cها میلیون\u200cها... را از دست می\u200cدهند.']",D,بدن ما دائماً در حال ترمیم و جایگزینی سلول‌های آسیب دیده یا مرده است تا سلامت و عملکرد مناسب را حفظ کند.,C,0.6279222369194031,C,0.1312465518712997,False,False,False,False,[0.33610258 0.01911033 0.62792224 0.0168648 ],[0.10382456 0.00965719 0.75527173 0.13124655],0.734828531742096,0.0168648,0.13124655,0.1143817499999999,0.8988109827041626,0.7415134906768799,0.8126202821731567,0.8988109827041626,0.7415134906768799,0.8126202821731567
859,نتیجه احتمالی حرکت ماه به دور از زمین چیست؟,"['روز ماه کوتاه\u200cتر است.', 'کسوف ماه طولانی\u200cتر می\u200cشود.', 'زمین به خورشید نزدیک\u200cتر می\u200cشود.', 'مدهای زمین کوچکتر می\u200cشوند.']",D,کاهش نیروی گرانش بین ماه و زمین باعث کاهش ارتفاع مدهای دریا می‌شود.,B,0.7128561735153198,A,0.1134648919105529,False,False,False,False,[0.23143052 0.7128562  0.0243926  0.03132071],[0.44876236 0.39603138 0.0417414  0.11346489],0.883340060710907,0.03132071,0.11346489,0.08214418,0.8227468729019165,0.6526280045509338,0.7278795838356018,0.8227468132972717,0.6526280641555786,0.7278795838356018
860,پالئوتنتیک‌ها مدلی از یک دایناسور را از روی استخوان‌ها و دندان‌های فسیل شده آن ساخته و تشکیل می‌دهند. استخوان‌ها و دندان‌های فسیل شده می‌توانند به پالئوتنتیک‌ها کمک کنند تا همه موارد زیر را درباره دایناسور استنباط کنند به جز,"['قد دایناسور.', 'نوع غذایی که دایناسور می\u200cخورد.', 'طول دایناسور.', 'رنگ پوست دایناسور.']",D,پالئوتنتیک‌ها نمی‌توانند رنگ پوست دایناسورها را از فسیل‌ها استنباط کنند زیرا بافت‌های نرم در فرآیند فسیل شدن حفظ نمی‌شوند.,C,0.7650691866874695,D,0.9421759247779846,False,True,True,True,[0.19419688 0.03794205 0.7650692  0.0027918 ],[4.6999883e-02 1.0487092e-02 3.3710702e-04 9.4217592e-01],0.8867754340171814,0.0027918,0.94217592,0.93938412,0.8372274041175842,0.6798628568649292,0.7503835558891296,0.8372274041175842,0.6798628568649292,0.7503835558891296
861,یک توپ بولینگ 7.0 کیلویی به ارتفاع 1.0 متری از سطح زمین بلند می‌شود. یک توپ 7.0 کیلویی دیگر به ارتفاع 2.0 متری از سطح زمین بلند می‌شود. کدام یک از موارد زیر بهترین توضیح را برای این مسئله می‌دهد که چرا نیروی جاذبه اندازه‌گیری شده بر روی هر توپ تقریباً یکسان است؟,"['پتانسیل نهایی انرژی هر توپ افزایش یافته است.', 'مقدار کار لازم برای بلند کردن هر توپ یکسان است.', 'فاصله هر توپ از مرکز جرم زمین تقریباً یکسان است.', 'نیروی جاذبه هر توپ بر دیگری نیروی جاذبه زمین را خنثی می\u200cکند.']",C,نیروی جاذبه به جرم و فاصله از مرکز جرم زمین بستگی دارد. با جرم یکسان، اختلاف کم در ارتفاع، فاصله از مرکز زمین را تقریباً یکسان می‌کند و نیروی جاذبه یکسان است.,A,0.9378952383995056,C,0.9223716855049132,False,True,True,True,[0.93789524 0.03622437 0.01054189 0.01533836],[0.06681638 0.00704239 0.9223717  0.00376952],0.8247094750404358,0.01054189,0.9223717,0.91182981,0.7577745914459229,0.6118013858795166,0.677008867263794,0.7583742141723633,0.6111174821853638,0.6768288612365723
862,کدام تغییر ناشی از گرمایش سیارات در حین شکل‌گیری آنها بود؟,"['جرم آنها افزایش یافت.', 'آنها بیشتر ایزوتوپ\u200cهای رادیواکتیو خود را از دست دادند.', 'ساختار آنها به لایه\u200cهای متمایز تقسیم شد.', 'آنها شروع به چرخش به دور خورشید کردند.']",C,ذوب شدن مواد و تفکیک بر اساس چگالی، منجر به تشکیل لایه‌های متمایز در سیارات شد.,C,0.8828221559524536,C,0.9953235983848572,True,True,True,True,[0.08251718 0.0162486  0.88282216 0.01841207],[4.0995632e-03 3.0639823e-04 9.9532360e-01 2.7039551e-04],0.674532949924469,0.88282216,0.9953236,0.1125014399999999,0.8810286521911621,0.6544705629348755,0.7510356903076172,0.8810286521911621,0.6544705629348755,0.7510356903076172
863,مایکل یک کیف مداد از چوب کاج دارد. سطح کیف مداد به راحتی خراشیده و فرورفته می‌شود. او می‌خواهد یک کیف مداد جدید بسازد که به راحتی خراشیده یا فرورفته نشود. مایکل برای ساخت کیف مداد جدیدش که به راحتی خراشیده یا فرورفته نشود، باید کدام یک از گزینه‌های زیر را انتخاب کند؟,"['اندازه کیف مداد را متفاوت بسازد', 'از ماده دیگری برای ساخت کیف مداد استفاده کند', 'کیف مداد را از یک تکه دیگر چوب کاج بسازد', 'از یک تکه ضخیم\u200cتر چوب کاج برای ساخت کیف مداد استفاده کند']",B,مایکل باید ماده‌ای با مقاومت بیشتر در برابر خراش و فرورفتگی انتخاب کند تا کیف مداد جدیدش مستحکم‌تر باشد.,B,0.945621907711029,B,0.945214867591858,True,True,True,False,[1.7051153e-02 9.4562191e-01 6.6114491e-04 3.6665741e-02],[0.00386288 0.94521487 0.00386288 0.04705948],0.8648574352264404,0.94562191,0.94521487,-0.0004070399999999,0.837922215461731,0.6377227306365967,0.7242419719696045,0.837922215461731,0.6377226114273071,0.7242419719696045
864,پاول چهار نمونه مختلف آب را مشاهده می کند. او دمای هر نمونه و حجم آن را ثبت می کند. کدام یک از نمونه های او بیشترین مقدار انرژی گرمایی را دارد؟,"['100 میلی لیتر آب با دمای 10 درجه سانتی گراد', '100 میلی لیتر آب با دمای 25 درجه سانتی گراد', '5 لیتر آب با دمای 10 درجه سانتی گراد', '5 لیتر آب با دمای 25 درجه سانتی گراد']",D,انرژی گرمایی به جرم و دما بستگی دارد. نمونه با جرم بیشتر و دمای بالاتر، انرژی گرمایی بیشتری دارد. نمونه 5 لیتری با دمای 25 درجه، هر دو عامل را به حداکثر رسانده است.,A,0.3687101304531097,D,0.8339265584945679,False,True,True,True,[0.36871013 0.223634   0.08227035 0.32538554],[7.7567257e-02 8.7895207e-02 6.1103277e-04 8.3392656e-01],0.893714964389801,0.32538554,0.83392656,0.50854102,0.7322745323181152,0.6226598024368286,0.6730332374572754,0.7339839935302734,0.6247925758361816,0.6750009655952454
865,زیرا آب می‌تواند مقدار زیادی گرما را حفظ کند، اقیانوس‌ها چه تأثیری بر نواحی خشکی نزدیک خود دارند؟,"['از تغییرات دمایی شدید و سریع جلوگیری می\u200cکنند.', 'منطقه\u200cهای فشار بالا ایجاد می\u200cکنند که باعث جریان\u200cهای ماگما می\u200cشود.', 'انرژی لازم برای بروز رویدادهای آتشفشانی را تأمین می\u200cکنند.', 'نقطه انجماد آب شیرین را کاهش می\u200cدهند.']",A,آب ظرفیت گرمایی ویژه بالایی دارد و می‌تواند گرما را جذب و ذخیره کند، بنابراین از تغییرات دمایی شدید و سریع در نواحی خشکی اطراف جلوگیری می‌کند.,A,0.9451676607131958,A,0.9992411136627196,True,True,True,True,[0.94516766 0.04689656 0.005601   0.00233484],[9.9924111e-01 6.3487195e-04 3.8127022e-05 8.5920576e-05],0.7840860486030579,0.94516766,0.99924111,0.05407345,0.887444019317627,0.69622802734375,0.7802921533584595,0.8874441385269165,0.69622802734375,0.7802921533584595
866,کدام ویژگی باعث تمایز سلول گیاهی از سلول حیوانی می‌شود؟,"['توانایی استفاده از انرژی', 'توانایی جذب مواد مغذی', 'توانایی تقسیم به دو سلول', 'توانایی تبدیل نور خورشید به انرژی']",D,وجود کلروپلاست و امکان فتوسنتز، سلول گیاهی را از حیوانی متمایز می‌کند.,C,0.9779111742973328,D,0.9379853010177612,False,True,True,True,[0.00832942 0.01069519 0.9779112  0.00306422],[0.03209609 0.0049221  0.02499646 0.9379853 ],0.8733645677566528,0.00306422,0.9379853,0.93492108,0.8095656037330627,0.6368446350097656,0.7128925919532776,0.8093998432159424,0.6407433748245239,0.7152639031410217
867,کدام یک از موارد زیر محصول جانبی تنفس سلولی در حیوانات است؟,"['اکسیژن', 'گرما', 'قند', 'پروتئین']",B,فرآیند تنفس سلولی گلوکز را به انرژی تبدیل می‌کند و [MASK] یکی از محصولات جانبی آن است.,B,0.992913544178009,B,0.994933307170868,True,True,True,True,[0.00314791 0.99291354 0.00245159 0.00148697],[3.6305874e-03 9.9493331e-01 6.5092841e-04 7.8516960e-04],0.8652899265289307,0.99291354,0.99493331,0.0020197699999999,0.8237572312355042,0.6565706729888916,0.7307230234146118,0.8222252726554871,0.6542452573776245,0.7286796569824219
868,کدام یک یک تغییر شیمیایی است؟,"['عنصر ۱ به ورقه\u200cای نازک کوبیده می\u200cشود.', 'عنصر ۲ گرم می\u200cشود و به مایع تبدیل می\u200cشود.', 'عنصر ۳ در هوا رنگ مایل به سبز به خود می\u200cگیرد.', 'عنصر ۴ به پودری نرم و لیز تبدیل می\u200cشود.']",C,تغییر رنگ به سبز نشان‌دهنده تغییر شیمیایی است زیرا تغییر رنگ نشانه‌ای از واکنش شیمیایی می‌باشد.,A,0.6023479104042053,A,0.058124266564846,False,False,False,False,[0.6023479  0.15111221 0.21986698 0.02667289],[0.8086739  0.10859043 0.05812427 0.02461136],0.8097941279411316,0.21986698,0.05812427,-0.1617427099999999,0.8180764317512512,0.6011810302734375,0.6930554509162903,0.820777416229248,0.6023301482200623,0.6947879195213318
869,کدامیک از این عوامل بر سرعت حرکت موج صوتی تأثیر می‌گذارد؟,"['نوع ماده\u200cای که موج صوتی از آن عبور می\u200cکند', 'دامنه لرزش\u200cهای موج صوتی', 'طول موج اختلال در محیط', 'نوع حرکتی که سبب شکل\u200cگیری موج صوتی شده است']",A,ویژگی‌های محیطی مانند چگالی و کشسانی بر سرعت موج صوتی تأثیر می‌گذارد.,A,0.4923033118247986,A,0.5763521790504456,True,True,True,True,[0.4923033  0.00912314 0.4923033  0.00627023],[0.5763522 0.0103926 0.3961207 0.0171345],0.8852994441986084,0.4923033,0.5763522,0.0840488999999999,0.8700278997421265,0.6635487079620361,0.7528882622718811,0.8607562780380249,0.6631290316581726,0.7491279244422913
870,مواد به طور شیمیایی یا فیزیکی ترکیب می‌شوند. کدام مواد زمانی که به طور شیمیایی ترکیب می‌شوند، ماده جدیدی را تشکیل می‌دهند؟,"['نمک و فلفل', 'آب و شکر', 'میخ\u200cهای آهنی و سکه\u200cها', 'جوش شیرین و سرکه']",D,ترکیب شیمیایی [MASK] منجر به تشکیل ماده جدیدی می‌شود که نمونه‌ای از تغییر شیمیایی است.,A,0.5097595453262329,A,0.0537119172513484,False,False,False,False,[0.50975955 0.06925847 0.35172352 0.06925847],[0.44972438 0.18747301 0.30909076 0.05371192],0.7912759184837341,0.06925847,0.05371192,-0.01554655,0.8127850294113159,0.6287959814071655,0.7090492844581604,0.8254390954971313,0.6278724670410156,0.7132269740104675
871,تامmy انگشتش را برید. بدن او به انرژی نیاز داشت تا زخم را بهبود بخشد. انرژی مورد نیاز برای بهبود زخم از کجا تأمین شد؟,"['از باندی که بر روی زخم گذاشت', 'از کرم آنتی سپتیکی که بر روی زخم گذاشت', 'از غذایی که خورد', 'از آبی که نوشید']",C,انرژی مورد نیاز برای بهبود زخم از طریق مواد غذایی که تامmy مصرف می‌کند، تأمین می‌شود.,C,0.8390703201293945,C,0.9907100796699524,True,True,True,True,[0.1128924  0.04706055 0.8390703  0.00097671],[7.4760397e-03 1.6681299e-03 9.9071008e-01 1.4575956e-04],0.8801141381263733,0.8390703,0.99071008,0.15163978,0.8353941440582275,0.6523690819740295,0.7326236963272095,0.8353941440582275,0.6523690819740295,0.7326236963272095
872,ماه در طی یک دور چرخش زمین به دور خورشید، تقریباً چند بار به دور زمین می‌چرخد؟,"['1', '12', '28', '365']",B,با توجه به دوره چرخش ماه به دور زمین (حدود ۲۷.۳ روز)، در یک سال (حدود ۳۶۵ روز)، ماه تقریباً ۱۲ بار به دور زمین می‌چرخد.,D,0.7472395896911621,B,0.9982524514198304,False,True,True,True,[0.21408774 0.02292002 0.01575269 0.7472396 ],[1.2059363e-03 9.9825245e-01 1.7373159e-04 3.6778976e-04],0.9128211736679076,0.02292002,0.99825245,0.97533243,0.7621526122093201,0.7202220559120178,0.7405943274497986,0.7631425857543945,0.7320331335067749,0.7472642064094543
873,بسیاری از اسب‌ها در پاییز پشم سنگینی می‌رویند و آن پشم را در بهار می‌ریزد. دانشمندان مطمئن نبودند که آیا دما یا مقدار نور روزانه (که به آن دوره نوری می‌گویند) باعث این تغییر می‌شود. بنابراین، آنها آزمایشی انجام دادند و نتیجه‌گیری کردند که تغییر در دوره نوری مسئول تغییرات بیولوژیکی است. ریزش مویی که ناشی از کدام مجموعه شرایط بود می‌توانست به آنها در رسیدن به این نتیجه کمک کند؟,"['یک دوره نوری ثابت، اما دماهای متغیر', 'یک دوره نوری متغیر و دماهای متغیر', 'یک دوره نوری ثابت و دمای ثابت', 'یک دوره نوری متغیر، اما دمای ثابت']",D,تغییر در دوره نوری در حالی که دما ثابت است، کمک می‌کند تا مشخص شود آیا تغییر در دوره نوری باعث ریزش مو است یا خیر.,D,0.5170319080352783,B,0.3673369884490967,True,False,False,False,[0.07928941 0.40266487 0.00101382 0.5170319 ],[2.6609803e-02 6.0563630e-01 4.1687439e-04 3.6733699e-01],0.8170574903488159,0.5170319,0.36733699,-0.14969491,0.8207167387008667,0.6747238039970398,0.7405940294265747,0.8206669092178345,0.6756151914596558,0.7411103248596191
874,دانشمندان نگران وجود فلزات سنگین مانند سرب و جیوه در محیط زیست هستند زیرا,"['فلزات سنگین برخی از اشکال حیات را تهدید می\u200cکنند.', 'فلزات سنگین منابع قابل دسترس را افزایش می\u200cدهند.', 'مواجهه با فلزات سنگین باعث جهش\u200cهای سالم می\u200cشود.', 'استخراج فلزات سنگین باعث ثبات محیطی می\u200cشود.']",A,فلزات سنگین اثرات مضر بر سلامتی انسان و محیط زیست دارند و می‌توانند در زنجیره غذایی تجمع یافته و به موجودات زنده آسیب برسانند.,A,0.9955494403839112,A,0.9988800883293152,True,True,True,True,[9.9554944e-01 3.5357093e-03 3.7266102e-04 5.4221862e-04],[9.9888009e-01 7.9640886e-04 2.0136370e-04 1.2213325e-04],0.8672947287559509,0.99554944,0.99888009,0.0033306499999999,0.9212151765823364,0.737866997718811,0.8194100260734558,0.9212151765823364,0.737866997718811,0.8194100260734558
875,کدام یک از موارد زیر وضعیت آب را به صورت جامد توصیف می‌کند؟,"['بخار در حال بالا رفتن در آسمان', 'بَرخورد در حین طوفان', 'موج\u200cهایی که به کناره دریا برخورد می\u200cکنند', 'باران در حال سقوط از ابرها']",B,برخورد در طوفان به صورت بارش برف یا تگرگ است.,D,0.5107070803642273,B,0.9930983185768129,False,True,True,True,[0.21289438 0.2733618  0.00303678 0.5107071 ],[5.8592237e-03 9.9309832e-01 2.4951587e-04 7.9295970e-04],0.9042539000511168,0.2733618,0.99309832,0.71973652,0.9359248876571655,0.7318710684776306,0.8214150667190552,0.9359249472618103,0.7318711280822754,0.8214150667190552
876,دلا در یک شیشه مخلوطی از خاک و آب دارد. کدام یک از ابزارهای زیر بهترین کمک را به دلا برای جدا کردن خاک از آب خواهد کرد؟,"['یک فیلتر', 'یک پیمانه اندازه\u200cگیری', 'یک ترازوی وزن', 'یک ذره\u200cبین']",A,استفاده از فیلتر به عنوان مانع، ذرات خاک را نگه می‌دارد و آب را عبور می‌دهد و خاک و آب را از هم جدا می‌کند.,A,0.9715999960899352,A,0.9905796647071838,True,True,True,True,[9.7160000e-01 2.4438938e-03 8.9018824e-05 2.5866989e-02],[9.9057966e-01 2.7552955e-03 5.5424953e-05 6.6096103e-03],0.882174551486969,0.9716,0.99057966,0.0189796599999999,0.8560980558395386,0.7337014675140381,0.790188193321228,0.8511945605278015,0.7321984767913818,0.7872250080108643
877,جدول تناوبی عناصر به گونه‌ای تنظیم شده است که عناصر با ویژگی‌های مشابه در یک ستون قرار دارند. کدام عنصر فلزی بسیار واکنش‌پذیر است؟,"['کلر (Cl)', 'هلیوم (He)', 'منیزیم (Mg)', 'نقره (Ag)']",C,منیزیم به دلیل قرار گرفتن در گروه دوم جدول تناوبی و تمایل به از دست دادن الکترون‌ها، بسیار واکنش‌پذیر است.,A,0.7336729168891907,D,0.3302585780620575,False,False,False,False,[0.7336729  0.00827872 0.01985962 0.23818871],[0.05064679 0.00209044 0.33025858 0.6170042 ],0.8259609937667847,0.01985962,0.33025858,0.31039896,0.8426293730735779,0.6987294554710388,0.7639622688293457,0.8411213755607605,0.69194495677948,0.7592753171920776
878,کدام نوع انرژی در سوخت‌های فسیلی یافت می‌شود؟,"['شیمیایی', 'مکانیکی', 'هسته\u200cای', 'تابشی']",A,سوخت‌های فسیلی حاوی انرژی ذخیره شده [MASK] هستند که با سوزاندن آزاد می‌شود.,C,0.8890702128410339,C,0.1450097858905792,False,False,False,False,[1.0577032e-01 4.3906621e-04 8.8907021e-01 4.7204066e-03],[0.14500979 0.00206845 0.8410186  0.01190313],0.9180181622505188,0.10577032,0.14500979,0.03923947,0.8177905082702637,0.6161198616027832,0.7027732729911804,0.822890043258667,0.6118087768554688,0.7018216252326965
879,کدام رفتار یک سگ بهترین مثال برای یک رفتار آموخته شده است؟,"['پارس کردن', 'میش ودن دُم', 'کندن یک سوراخ', 'زمانی که نامش برده شود، می\u200cآید']",D,زمانی که نامش برده شود و به سمت شخص بیاید، نشان می‌دهد که این رفتار را از طریق یادگیری و تجربه آموخته است.,D,0.8409940600395203,D,0.9775153994560242,True,True,True,True,[0.07776763 0.07776763 0.00347068 0.84099406],[1.7626246e-02 4.4566127e-03 4.0177582e-04 9.7751540e-01],0.7745043635368347,0.84099406,0.9775154,0.13652134,0.8164359331130981,0.6672431826591492,0.7343384623527527,0.8164359927177429,0.6672431826591492,0.7343384623527527
880,یک دانشمند آزمایشی در مورد نرخ رشد یک گونه خاص از گیاه انجام می‌دهد. کدام یک از موارد زیر برای قابل اعتماد بودن داده‌ها توسط دیگر دانشمندان ضروری است؟,"['تحقیقات باید از متغیرهای زیادی استفاده کند.', 'تجهیزات استفاده شده در تحقیق باید جدید باشند.', 'نتایج تحقیق باید به دقت ثبت شوند.', 'تحقیق باید توسط دانشمندان معروف انجام شود.']",C,نتایج تحقیق باید دقیقاً ثبت شوند تا قابلیت تکرار و بررسی داشته باشند.,C,0.9717466831207277,C,0.9962181448936462,True,True,True,True,[1.9971967e-02 9.3410123e-04 9.7174668e-01 7.3472755e-03],[3.5789162e-03 7.6635872e-05 9.9621814e-01 1.2635119e-04],0.8175933361053467,0.97174668,0.99621814,0.02447146,0.9051937460899353,0.6406286954879761,0.7502713203430176,0.9051936864852905,0.6406286954879761,0.7502712607383728
881,چهار شمع یکسان روی یک سطح ایمن قرار داده شده و روشن می‌شوند. یکی با یک شیشه کوچک پوشانده شده، یکی با یک شیشه بزرگ پوشانده شده و یکی از شمع‌ها در معرض هوا قرار دارد. یک شمع روشن چهارم در خلاء قرار داده شده است. کدام شمع احتمالاً برای طولانی‌ترین مدت روشن خواهد ماند؟,"['شمعی که در خلاء قرار دارد', 'شمعی که با شیشه کوچک پوشانده شده', 'شمعی که با شیشه بزرگ پوشانده شده', 'شمعی که در معرض هوا قرار دارد']",D,شمع در خلاء، بدون اکسیژن، کندتر می‌سوزد و طولانی‌تر روشن می‌ماند.,A,0.8293576836585999,A,0.008376957848668,False,False,False,False,[0.8293577  0.04678916 0.08741365 0.03643943],[0.9806152  0.00448386 0.00652398 0.00837696],0.795382559299469,0.03643943,0.00837696,-0.02806247,0.7496630549430847,0.6120344400405884,0.6738936305046082,0.7416391372680664,0.6081819534301758,0.6683130860328674
882,کدام یک از این فرآیندها می‌تواند سبب شود که لایه‌های سنگ به گونه‌ای مرتب شوند که لایه‌های جوان‌تر زیر لایه‌های قدیمی‌تر قرار گیرند؟,"['ذوب شدن و سخت شدن', 'سرد شدن و گرم شدن', 'تجمع و سیمان\u200cکاری', 'بالا آمدن و گسل\u200cگیری']",D,فرآیندهای تکتونیکی و حرکات زمین‌ساختی می‌توانند سبب وارونگی لایه‌های سنگی شوند؛ به طوری که لایه‌های جوان‌تر زیر لایه‌های قدیمی‌تر قرار گیرند.,C,0.490719199180603,D,0.8446999788284302,False,True,True,True,[0.23179933 0.01481844 0.4907192  0.26266307],[0.11342809 0.00446734 0.03740461 0.8447    ],0.8954964876174927,0.26266307,0.8447,0.58203693,0.8376632928848267,0.6728684902191162,0.7462766170501709,0.8376633524894714,0.6728684902191162,0.7462765574455261
883,زیستگاه های تالابی می توانند به حمایت از پرندگان و ماهیانی که در آنجا زندگی می کنند ادامه دهند اگر مردم ___.,"['آب را تخلیه کنند', 'بیشترین قسمت های زمین را زیر آب ببرند', 'زمین را همان طور رها کنند', 'از زمین برای کشت محصولات استفاده کنند']",C,اگر مردم دخالتی نکنند، زیستگاه‌های تالابی می‌توانند به حمایت از پرندگان و ماهیان ادامه دهند. تغییرات شدید در تالاب‌ها منجر به تخریب زیستگاه و از بین رفتن تنوع زیستی می‌شود.,B,0.6537007093429565,A,0.0138573376461863,False,False,False,False,[0.10024825 0.6537007  0.00556794 0.24048306],[0.76251894 0.05480683 0.01385734 0.16881692],0.7870109677314758,0.00556794,0.01385734,0.0082893999999999,0.7908320426940918,0.6335886716842651,0.7035312056541443,0.7757039070129395,0.6293899416923523,0.6949290037155151
884,یک کلاس در حال مطالعه چگالی نمونه‌های سنگ است. برای تعیین چگالی این نمونه‌ها به چه تجهیزات علمی نیاز دارند؟,"['میکروسکوپ و ترازو', 'پیکنومتر و سیلندر مدرج', 'سیلندر مدرج و ترازو', 'میکروسکوپ و سیلندر مدرج']",C,برای تعیین چگالی، اندازه‌گیری جرم و حجم نمونه‌ها ضروری است که با ترازو و سیلندر مدرج انجام می‌شود.,C,0.979644775390625,C,0.9915934801101683,True,True,True,True,[0.0096041  0.0096041  0.9796448  0.00114705],[2.1861144e-03 5.9424751e-03 9.9159348e-01 2.7793326e-04],0.8984973430633545,0.9796448,0.99159348,0.01194868,0.782147228717804,0.7082793712615967,0.7433828115463257,0.77667236328125,0.7154413461685181,0.7448005080223083
885,یک بشر حاوی ۵۰ میلی‌لیتر یخ بر روی لبه‌ پنجره قرار داده شده است. پس از چند ساعت، یخ ذوب می‌شود. کدام ویژگی یخ در زمان ذوب شدن تغییر نکرد؟,"['جرم', 'حجم', 'دما', 'حالت ماده']",A,در فرآیند ذوب، [MASK] یخ ثابت می‌ماند زیرا تنها شکل و [MASK] تغییر می‌کند.,A,0.4332740306854248,B,0.279337078332901,True,False,False,False,[0.43327403 0.2977846  0.15939261 0.10954883],[0.27933708 0.460549   0.16942652 0.09068748],0.8853141665458679,0.43327403,0.27933708,-0.1539369499999999,0.8153973817825317,0.7009258270263672,0.7538406848907471,0.8048721551895142,0.6851125955581665,0.7401794791221619
886,هنگامی که حباب‌ صابون درست می‌کنید، داخل حباب‌ها چه چیزی است؟,"['هوا', 'صابون', 'آب', 'هیچ چیز']",A,داخل حباب‌های [MASK]، [MASK] محبوس شده است.,A,0.7275182008743286,A,0.8101910352706909,True,True,True,True,[0.7275182  0.05971833 0.20843746 0.00432598],[0.81019104 0.04570785 0.14079009 0.00331107],0.7361244559288025,0.7275182,0.81019104,0.0826728399999999,0.7741913795471191,0.563511312007904,0.6522608995437622,0.6885586977005005,0.4745233654975891,0.5618471503257751
887,بسیاری از ستاره‌ها در آسمان شب دیده می‌شوند. کدامین بیانیه بهترین توضیح را برای اینکه چرا خورشید در مقایسه با ستاره‌های دیده شده در آسمان شب درخشان‌تر به نظر می‌رسد، ارائه می‌دهد؟,"['خورشید از ستاره\u200cهای دیده شده در آسمان شب بزرگ\u200cتر است.', 'خورشید از ستاره\u200cهای دیده شده در آسمان شب کوچک\u200cتر است.', 'خورشید از ستاره\u200cهای دیده شده در آسمان شب به زمین نزدیک\u200cتر است.', 'خورشید از ستاره\u200cهای دیده شده در آسمان شب به زمین دورتر است.']",C,خورشید به زمین نزدیک‌تر است و نور آن بیشتر دیده می‌شود.,C,0.7156893014907837,C,0.986663818359375,True,True,True,True,[0.04593156 0.00693463 0.7156893  0.23144445],[1.2420265e-02 3.8696514e-04 9.8666382e-01 5.2891864e-04],0.8131312131881714,0.7156893,0.98666382,0.27097452,0.8281843662261963,0.6447523236274719,0.7250465750694275,0.8281843662261963,0.6447523236274719,0.7250465750694275
888,هنگامی که یک آتش‌فشان فوران می‌کند، گدازه از بالای آن جاری می‌شود. چه نوع سنگی هنگام خنک شدن گدازه تشکیل می‌شود؟,"['ماگما', 'آتش\u200cفشانی', 'رسوبی', 'دگرگونی']",B,سنگ [MASK] از سرد شدن و انجماد مواد مذاب آتش‌فشان تشکیل می‌شود.,C,0.5863211750984192,B,0.501357913017273,False,True,True,True,[0.35562178 0.04850565 0.5863212  0.00955133],[0.4424468  0.5013579  0.03660309 0.01959222],0.8042577505111694,0.04850565,0.5013579,0.45285225,0.8823219537734985,0.6233707666397095,0.7305789589881897,0.8683682680130005,0.6032251119613647,0.7119106650352478
889,سؤالی: یک ماشین اسباب‌بازی با سرعت ثابت در مسیر شیب‌دار مستقیم حرکت می‌کند. زمانی که ماشین به سطح صاف در پایه مسیر شیب‌دار می‌رسد، سرعت ماشین کاهش می‌یابد. کدام بیانیه بهترین توضیح را می‌دهد که چرا سرعت ماشین هنگامی که به سطح صاف می‌رسد کاهش می‌یابد؟,"['الف) نیروی جاذبه\u200cای که بر روی ماشین عمل می\u200cکند افزایش می\u200cیابد.', 'ب) نیروی جاذبه\u200cای که بر روی ماشین عمل می\u200cکند کاهش می\u200cیابد.', 'ج) نیروهای تاثیرگذار بر روی ماشین متعادل نیستند.', 'د) نیروهای تاثیرگذار بر روی ماشین متعادل هستند.']",C,نیروی گرانش و اصطکاک در مسیر شیب‌دار بر ماشین وارد می‌شوند. در سطح صاف، نیروی اصطکاک مانع حرکت می‌شود و نیروهای وارد بر ماشین متعادل می‌شوند.,C,0.4668385684490204,D,0.0592819340527057,True,False,False,False,[0.19460726 0.11803527 0.46683857 0.22051892],[0.21017271 0.16368267 0.05928193 0.5668627 ],0.8678097128868103,0.46683857,0.05928193,-0.40755664,0.8681443929672241,0.7201921939849854,0.7872774600982666,0.8681443929672241,0.7201921939849854,0.7872774600982666
890,مشکل استفاده از توربین‌های بادی برای تولید انرژی چیست؟,"['توربین\u200cهای بادی تنها در مناطق خاصی کارآمد هستند.', 'توربین\u200cهای بادی فضای کمی از زمین را اشغال می\u200cکنند.', 'توربین\u200cهای بادی مقدار زیادی انرژی تولید می\u200cکنند.', 'توربین\u200cهای بادی مقدار زیادی آلودگی ایجاد می\u200cکنند.']",A,توربین‌های بادی فقط در مناطق خاص با شرایط جوی مناسب کارآمد هستند.,B,0.8718539476394653,A,0.9920509457588196,False,True,True,True,[0.08141244 0.87185395 0.0031567  0.04357694],[9.9205095e-01 6.7499834e-03 3.9289615e-04 8.0617057e-04],0.8710756301879883,0.08141244,0.99205095,0.91063851,0.9280599355697632,0.6481857895851135,0.7632759809494019,0.9280599355697632,0.6481857299804688,0.7632759809494019
891,کدامیک از عوامل زیر به احتمال زیاد موجب کاهش قدرت یک طوفان می‌شود؟,"['مدت طولانی در یک آب\u200cتنی گرم ماندن.', 'افزایش تعداد ابرهای بزرگ.', 'حرکت بر روی یک قاره.', 'حرکت به سمت آب\u200cهای گرمسیری.']",C,زمانی که طوفان بر روی خشکی حرکت می‌کند، منبع گرما و رطوبت خود را از دست می‌دهد و در نتیجه قدرت آن کاهش می‌یابد.,B,0.6181131601333618,D,0.2733352780342102,False,False,False,False,[0.29311875 0.61811316 0.02387341 0.06489466],[0.21454331 0.06146769 0.27333528 0.45065367],0.845322847366333,0.02387341,0.27333528,0.24946187,0.7560244202613831,0.6292254328727722,0.6868216395378113,0.7560244202613831,0.6292254328727722,0.6868216395378113
892,طبقه‌بندی برخی از موجودات تغییر کرده است. کدام فرآیند جدید برای بازطبقه‌بندی موجودات استفاده می‌شود؟,"['موجودات اکنون نام\u200cهای علمی مبتنی بر لاتین دریافت می\u200cکنند.', 'ساختارها اکنون در سطح مولکولی مورد بررسی قرار می\u200cگیرند.', 'موجودات اکنون به سه پادشاهی تقسیم می\u200cشوند.', 'ساختارها اکنون برای طبقه\u200cبندی موجودات استفاده می\u200cشوند.']",B,با پیشرفت تکنولوژی، طبقه‌بندی موجودات اکنون بر اساس ساختار مولکولی و ژنتیکی انجام می‌شود.,B,0.3499681651592254,B,0.8850324153900146,True,True,True,True,[0.21226643 0.34996817 0.08779721 0.34996817],[0.03052167 0.8850324  0.01122829 0.07321768],0.8452422022819519,0.34996817,0.8850324,0.53506423,0.8733729124069214,0.5991761088371277,0.7107460498809814,0.8733729124069214,0.5991760492324829,0.7107459306716919
893,کدام یک از اینها یک چیز غیرزنده است؟,"['یک قارچ', 'یک درخت', 'یک کرم', 'یک رودخانه']",D,رودخانه پدیده‌ای طبیعی است که فاقد ویژگی‌های جانداران است.,A,0.6905003190040588,D,0.9610382914543152,False,True,True,True,[0.6905003  0.04414221 0.01133666 0.25402087],[0.02885129 0.00826603 0.0018444  0.9610383 ],0.6894579529762268,0.25402087,0.9610383,0.7070174300000001,0.8104996681213379,0.5706219673156738,0.669729471206665,0.8225564956665039,0.5756994485855103,0.677337110042572
894,آب اقیانوس نزدیک استوا در طول سال گرمای بیشتری نسبت به آب اقیانوس نزدیک قطب شمال جذب می‌کند. کدام یک از گزینه‌های زیر بهترین توضیح‌دهنده این تفاوت است؟,"['استوا به خورشید نزدیک\u200cتر است.', 'استوا دارای سطح دریاهای بالاتری است.', 'استوا نور خورشید مستقیم\u200cتری دریافت می\u200cکند.', 'استوا با سرعت بیشتری حول محور زمین می\u200cچرخد.']",C,زمین به دلیل کروی بودن، نور خورشید را در استوا به صورت مستقیم و در قطب‌ها به صورت مایل دریافت می‌کند که موجب جذب گرمای بیشتر در استوا می‌شود.,C,0.5921602845191956,C,0.9813922047615052,True,True,True,True,[0.3605691  0.01767336 0.5921603  0.02959731],[1.8257888e-02 2.8603166e-04 9.8139220e-01 6.3822285e-05],0.8237345218658447,0.5921603,0.9813922,0.3892319000000001,0.7793036103248596,0.6898332238197327,0.7318440675735474,0.7793036103248596,0.6898332238197327,0.7318440675735474
895,در نتیجه قطع درختان جنگل‌های بارانی، برخی موجودات زیستگاه‌های خود را از دست می‌دهند. کدام یک از این موارد نیز اثر قطع درختان جنگل‌های بارانی است؟,"['کاهش میزان فرسایش خاک', 'کاهش باروری لایه\u200cٔ سطحی خاک', 'افزایش تولید گیاهان مورد استفاده برای داروها', 'افزایش مقدار اکسیژن تولید شده در جو']",B,کاهش پوشش گیاهی و مواد آلی ورودی به خاک، منجر به [MASK] می‌گردد و ریشه‌های درختان از فرسایش خاک جلوگیری می‌کنند.,A,0.6908061504364014,B,0.9572723507881165,False,True,True,True,[0.69080615 0.28909793 0.00879847 0.01129746],[4.2059612e-02 9.5727235e-01 4.0594520e-04 2.6209792e-04],0.7060658931732178,0.28909793,0.95727235,0.6681744199999999,0.8479485511779785,0.6651492118835449,0.745506763458252,0.818851113319397,0.6357986330986023,0.7158072590827942
896,فلزات قلیایی خاکی در جدول تناوبی در یک خانواده قرار دارند زیرا همه آن‌ها دارای,"['یک الکترون والانس هستند.', 'دو الکترون والانس هستند.', 'هفت الکترون والانس هستند.', 'هشت الکترون والانس هستند.']",B,همه فلزات قلیایی خاکی دارای دو الکترون والانس هستند، بنابراین در یک خانواده قرار می‌گیرند.,B,0.5955567955970764,B,0.9787166714668274,True,True,True,True,[0.14999327 0.5955568  0.00521331 0.24923669],[2.03921162e-02 9.78716671e-01 1.00524725e-04 7.90688209e-04],0.8389672636985779,0.5955568,0.978716671,0.383159871,0.8760569095611572,0.6817251443862915,0.7667696475982666,0.8724879622459412,0.682408332824707,0.7658299207687378
897,یک قابلمه سوپ بر روی یک اجاق الکتریکی گرم می‌شود. از یک قاشق فلزی برای هم زدن گاهی سوپ استفاده می‌شود. کدام یک از موارد زیر مثالی از انتقال حرارت به‌وسیلهٔ همرفت است؟,"['گرم کردن قابلمه', 'گرم کردن سوپ', 'گرم کردن قاشق', 'گرم کردن شعلهٔ اجاق']",B,گرمای سوپ سبب حرکت قسمت‌های مختلف آن می‌شود و انرژی گرمایی از قسمت‌های گرم به قسمت‌های سرد منتقل می‌شود.,B,0.3913909196853637,B,0.3687626123428345,True,True,True,False,[0.21113956 0.39139092 0.18633    0.21113956],[0.06509047 0.3687626  0.3687626  0.19738442],0.7024994492530823,0.39139092,0.3687626,-0.0226283199999999,0.7011156678199768,0.5182301998138428,0.5959577560424805,0.7018035650253296,0.5210432410240173,0.5980634689331055
898,در چرخه آب، حرکت آب از اقیانوس‌ها به ابرها شامل چه تغییری در آب است؟,"['آب از حالت جامد به گاز تغییر می\u200cکند.', 'آب از آب شور به آب شیرین تبدیل می\u200cشود.', 'اندازه کریستال آن کوچکتر می\u200cشود.', 'انرژی شیمیایی آن افزایش می\u200cیابد.']",B,آب در این فرآیند از حالت مایع به گاز تغییر می‌کند و انرژی جذب می‌کند.,A,0.9863891005516052,A,0.0242913924157619,False,False,False,False,[0.9863891  0.00855062 0.00403903 0.00102123],[0.90443426 0.02429139 0.05827202 0.01300225],0.758952260017395,0.00855062,0.02429139,0.01574077,0.8507041931152344,0.7131199836730957,0.7758598327636719,0.8507042527198792,0.7131199836730957,0.7758598923683167
899,کدام یک از موارد زیر نمونه‌ای از فرسایش نیست؟,"['باد در بیابان شن را به سمت یک سنگ می\u200cوزد.', 'یک یخچال طبیعی در حین حرکتش سنگ\u200cهای بزرگ را برمی\u200cدارد.', 'سیلابی، حاشیهٔ رودخانه را می\u200cشوید و آب ذرات کوچک خاک را به پایین دست حمل می\u200cکند.', 'زمستان سرد باعث ترک خوردن پیاده\u200cرو در جاده می\u200cشود.']",D,فرسایش شامل فرآیندهای طبیعی جابجایی مواد سطح زمین است. گزینه‌های A، B و C شامل جابجایی مواد هستند، اما گزینه [MASK] مربوط به تغییرات فیزیکی مواد در اثر دما است.,D,0.612610399723053,D,0.5605674982070923,True,True,True,False,[0.15489216 0.17551583 0.05698165 0.6126104 ],[0.08731958 0.08731958 0.26479334 0.5605675 ],0.8588902950286865,0.6126104,0.5605675,-0.0520429,0.8251051902770996,0.6696304678916931,0.739281952381134,0.8187129497528076,0.6643111705780029,0.7334744930267334
900,میانگین بارش در نوادا حدود ۷ اینچ در سال است. محتمل‌ترین دلیل برای مقدار کم بارش چیست؟,"['ارتفاعات بالا در بیابان\u200cها.', 'موقعیت شمال خط استوا.', 'کمبود رطوبت در هوا.', 'فاصله زیاد از اقیانوس.']",C,فاصله زیاد نوادا از اقیانوس موجب کمبود رطوبت در هوا و در نتیجه کاهش بارش می‌شود.,A,0.7275670766830444,D,0.0385935008525848,False,False,False,False,[0.7275671  0.20845146 0.0042592  0.05972234],[0.06362993 0.00555992 0.0385935  0.8922166 ],0.707057774066925,0.0042592,0.0385935,0.0343343,0.7678597569465637,0.598662257194519,0.672786295413971,0.7678597569465637,0.598662257194519,0.672786295413971
901,اولین مرحله فرآیند تشکیل سنگ‌های رسوبی چیست؟,"['فرسایش', 'رسوب\u200cگذاری', 'فشرده\u200cسازی', 'سیمان\u200cکاری']",A,فرآیند تشکیل سنگ‌های رسوبی با [MASK] آغاز می‌شود که در آن سنگ‌ها خرد و جابه‌جا می‌شوند.,B,0.7281566858291626,B,0.464422732591629,False,False,False,False,[0.2673512  0.7281567  0.00182977 0.00266229],[0.46442273 0.5283196  0.00274007 0.00451761],0.7977156639099121,0.2673512,0.46442273,0.19707153,0.8129318356513977,0.6485008001327515,0.7214658856391907,0.8070783019065857,0.6438344717025757,0.7162730097770691
902,کدام یک از موارد زیر توصیف کننده ترکیبات نیست؟,"['آنها می\u200cتوانند به صورت اتم\u200cها یا مولکول\u200cها وجود داشته باشند.', 'آنها از اتم\u200cهای دو یا چند عنصر که به هم متصل شده\u200cاند تشکیل می\u200cشوند.', 'آنها دارای خواصی هستند که با عناصر تشکیل دهنده خود متفاوت است.', 'آنها می\u200cتوانند از طریق روش\u200cهای شیمیایی به عناصر تجزیه شوند اما نه از طریق روش\u200cهای فیزیکی.']",A,ترکیبات شیمیایی موادی هستند که از دو یا چند عنصر شیمیایی مختلف تشکیل شده‌اند و نمیتوانند به صورت اتم‌ها یا مولکول‌ها توصیف شوند.,D,0.7085288763046265,D,0.1084872111678123,False,False,False,False,[0.20220551 0.07438725 0.01487839 0.7085289 ],[0.10848721 0.0745621  0.00904541 0.80790526],0.8875035047531128,0.20220551,0.10848721,-0.0937183,0.9095500111579895,0.7102947235107422,0.7976672649383545,0.90970778465271,0.714274525642395,0.8002317547798157
903,کدام رویداد بیشترین زمان را برای تولید تغییرات قابل اندازه‌گیری نیاز دارد؟,"['سیل', 'زلزله', 'فرسایش خاک', 'فوران آتشفشان']",C,[MASK] یک فرآیند تدریجی و طولانی‌مدت است که نیاز به زمان زیادی برای ایجاد تغییرات قابل‌توجه دارد.,A,0.8623100519180298,A,0.1028599441051483,False,False,False,False,[0.86231005 0.04883861 0.06271001 0.02614142],[0.86799055 0.02057328 0.10285994 0.00857622],0.8144127130508423,0.06271001,0.10285994,0.04014993,0.884495198726654,0.6063154339790344,0.7194516658782959,0.8768962025642395,0.5927358865737915,0.707344114780426
904,یک دانش‌آموز یک ترکیب مایع در یک بشر دریافت می‌کند. بهترین روش برای توصیف این ترکیب مایع کدام است؟,"['شکل معین، حجم نامعین', 'شکل نامعین، حجم نامعین', 'شکل معین، حجم معین', 'شکل نامعین، حجم معین']",D,مایعات حجم معین دارند ولی شکلشان معین نیست.,B,0.6667072772979736,A,0.0210456252098083,False,False,False,False,[0.3149302  0.6667073  0.00087086 0.01749169],[9.0366465e-01 7.4613221e-02 6.7651051e-04 2.1045625e-02],0.786932110786438,0.01749169,0.021045625,0.0035539349999999,0.7311856746673584,0.6142551898956299,0.6676392555236816,0.7311857342720032,0.6142551898956299,0.6676393151283264
905,سام در حال برشمردن تفاوت‌های بین یوگلنا و پارامسیوم بود. کدام ویژگی نباید در لیست سام باشد؟,"['فقط یوگلنا می\u200cتواند به نور پاسخ دهد', 'فقط یوگلنا شکل مشخصی دارد', 'فقط یوگلنا از تاژک برای حرکت استفاده می\u200cکند', 'فقط یوگلنا می\u200cتواند غذای خود را تولید کند']",B,هر دو یوگلنا و پارامسیوم از تاژک برای حرکت استفاده می‌کنند، بنابراین ویژگی‌ای که فقط یوگلنا را شامل می‌شود نباید مربوط به استفاده از تاژک باشد.,A,0.5582800507545471,C,0.0809166207909584,False,False,False,False,[0.55828005 0.12554613 0.20537975 0.11079407],[0.32003143 0.08091662 0.465643   0.13340895],0.9155125021934508,0.12554613,0.08091662,-0.04462951,0.7677315473556519,0.7009353637695312,0.7328144311904907,0.7674733400344849,0.7006843090057373,0.7325596213340759
906,کشوری که منابع محدودی دارد احتمالاً بر روی توسعه فناوری که شامل می‌شود تمرکز خواهد کرد,"['تصفیه آب.', 'کاوش فضایی.', 'خودکارسازی رباتیک.', 'ارتباطات ماهواره\u200cای.']",A,کشوری با منابع محدود، بر توسعه فناوری تصفیه آب تمرکز می‌کند تا نیاز اساسی مردم به آب پاک را برآورده سازد.,A,0.4934439957141876,A,0.9991950392723083,True,True,True,True,[0.493444   0.29928893 0.11010224 0.09716488],[9.9919504e-01 6.2104565e-04 2.1925591e-05 1.6200943e-04],0.858287513256073,0.493444,0.99919504,0.50575104,0.8191253542900085,0.6436992287635803,0.7208935022354126,0.8191254138946533,0.6436992287635803,0.7208935022354126
907,قلب اصلی‌ترین ارگان سیستم گردش خون است. کدام قسمت از بدن مسئول رساندن خون بدون اکسیژن به قلب است؟,"['سرخرگ\u200cها', 'مویرگ\u200cها', 'سوپاپ\u200cها', 'سیاهرگ\u200cها']",D,[MASK] مسئول بازگرداندن خون بدون اکسیژن از بافت‌ها به قلب هستند.,B,0.5361402630805969,B,0.1299913227558136,False,False,False,False,[0.32645825 0.53614026 0.00131348 0.13608804],[0.21265161 0.6550131  0.00234396 0.12999132],0.8159677386283875,0.13608804,0.12999132,-0.00609672,0.8522379398345947,0.641686201095581,0.7321246266365051,0.8416895270347595,0.6254392862319946,0.7176271677017212
908,امیلی نموداری تهیه کرد که شامل تغییرات فیزیکی و تغییرات شیمیایی بود. کدام تغییر باید به عنوان یک تغییر شیمیایی دسته بندی شود؟,"['آهن زنگ می\u200cزند', 'یک میله طلا ذوب می\u200cشود', 'آب دریاچه تبخیر می\u200cشود', 'یک سنگ گرانیتی صیقل داده می\u200cشود']",A,آهن با اکسیژن واکنش داده و ترکیب جدیدی تشکیل می‌دهد که منجر به تغییر در ترکیب شیمیایی می‌شود.,B,0.7021658420562744,A,0.8266346454620361,False,True,True,True,[0.05718875 0.70216584 0.22618587 0.01445958],[0.82663465 0.00918308 0.16277401 0.00140827],0.8307169079780579,0.05718875,0.82663465,0.7694459,0.9150261878967285,0.7696029543876648,0.8360378742218018,0.9201298356056213,0.7773098349571228,0.8427115082740784
909,داون برای ناهار یک شکلات آورد، اما شکلات در کوله‌پشتی‌اش ذوب شد. داون می‌خواهد یک تحقیق علمی انجام دهد تا دلیل ذوب شدن شکلات در کوله‌پشتی‌اش را مشخص کند. کدام فرضیه را باید داون برای تحقیقش استفاده کند؟,"['شکلات وقتی ذوب شود طعم بهتری خواهد داشت.', 'شکلات حتی وقتی ذوب شود همان طعم را خواهد داشت.', 'اگر شکلات شکسته شود، پس شکلات ذوب خواهد شد.', 'اگر به شکلات حرارت اضافه شود، پس شکلات ذوب خواهد شد.']",D,افزودن حرارت می‌تواند دلیل ذوب شدن شکلات باشد.,D,0.91179221868515,D,0.9695720076560974,True,True,True,True,[0.07506406 0.00616163 0.00698204 0.9117922 ],[2.9164393e-02 7.7720470e-04 4.8636229e-04 9.6957201e-01],0.7040246725082397,0.9117922,0.96957201,0.0577798099999999,0.7102944850921631,0.49369773268699646,0.5825133323669434,0.7069746851921082,0.49707919359207153,0.583732008934021
910,بدن انسان با تغییر انرژی شیمیایی به انرژی مکانیکی حرکت تولید می‌کند. کدامیک از موارد زیر بهترین توصیف کننده آنچه برای انرژی اتفاق می‌افتد، است؟,"['مقدار کل انرژی افزایش می\u200cیابد.', 'مقدار کل انرژی ثابت است.', 'انرژی از طریق حرکت نابود می\u200cشود.', 'مقدار انرژی شیمیایی افزایش می\u200cیابد.']",B,بر اساس قانون پایستگی انرژی، انرژی نه ایجاد می‌شود و نه نابود می‌شود، بلکه به شکل دیگری تبدیل می‌شود.,B,0.9112072587013244,B,0.9955847859382628,True,True,True,True,[0.06613668 0.91120726 0.01475709 0.0078989 ],[3.2186285e-03 9.9558479e-01 7.1817305e-04 4.7840638e-04],0.8499242067337036,0.91120726,0.99558479,0.08437753,0.9225437045097351,0.7155661582946777,0.8059789538383484,0.9225437045097351,0.7155661582946777,0.8059789538383484
911,لایه‌های خارجی لباس‌های فضانوردان بازتاب‌دهنده هستند تا از آنها در برابر,"['فوران خلاء فضا.', 'نور خورشید شدید.', 'میکرو شهاب\u200cسنگ\u200cها.', 'از دست رفتن آب.']",B,لباس‌های فضانوردان دارای لایه‌های بازتابنده برای محافظت در برابر نور شدید خورشید هستند که می‌تواند خطرات جدی برای فضانوردان ایجاد کند.,A,0.9771450757980348,B,0.9957941770553588,False,True,True,True,[0.9771451  0.01388389 0.00655828 0.00241266],[4.0656109e-03 9.9579418e-01 7.4464268e-05 6.5714485e-05],0.8969367146492004,0.01388389,0.99579418,0.98191029,0.8537579774856567,0.7068635821342468,0.7733975648880005,0.8537579774856567,0.7068636417388916,0.7733975648880005
912,کدام سوال را می‌توان با استفاده از تحقیقی که توسط یک کلاس علوم انجام شده است پاسخ داد؟,"['جویپتر چه اقلیمی دارد؟', 'آیا گیاهان با نور و بدون نور به طور متفاوتی رشد می\u200cکنند؟', 'گرم\u200cترین جای زمین که زندگی دارد کجاست؟', 'پروانه\u200cهای ملکه چقدر مهاجرت می\u200cکنند؟']",B,تحقیق کلاس علوم می‌تواند تاثیر نور بر رشد گیاهان را بررسی کند.,B,0.858704149723053,B,0.990932822227478,True,True,True,True,[0.13117315 0.85870415 0.00272241 0.00740028],[8.640490e-03 9.909328e-01 2.528925e-04 1.738103e-04],0.703484058380127,0.85870415,0.9909328,0.1322286499999999,0.5828183889389038,0.47463494539260864,0.5231927037239075,0.5759450197219849,0.47011256217956543,0.5176751017570496
913,کدام یک از این موارد یک قاعده ایمنی مهم است که هنگام استفاده از دستگاه الکتریکی باید رعایت شود؟,"['آشپزخانه بپوشید.', 'محل کار را خشک نگه دارید.', 'همه شعله\u200cها را خاموش کنید.', 'دستکش ایمنی بپوشید.']",B,محل کار باید خشک باشد تا از برق‌گرفتگی جلوگیری شود.,D,0.6119944453239441,B,0.9945375323295592,False,True,True,True,[0.17671454 0.07366558 0.13762543 0.61199445],[2.1840569e-03 9.9453753e-01 8.0346962e-04 2.4748608e-03],0.6975626945495605,0.07366558,0.99453753,0.92087195,0.6406452655792236,0.48425915837287903,0.5515816807746887,0.6406452655792236,0.48425915837287903,0.5515816807746887
914,یک گونه خاص از طوطی‌های در معرض خطر در جزیره‌ای زندگی می‌کند که می‌تواند به طور جدی تحت تأثیر سیلاب‌های بزرگ قرار گیرد. کدام یک از موارد زیر به عنوان یک تأثیر منفی بر جمعیت طوطی‌ها ناشی از سیلاب در نظر گرفته می‌شود؟,"['کاهش در دسترسی به غذا', 'کاهش در جمعیت شکارچیان', 'افزایش در مکان\u200cهای مناسب برای لانه\u200cسازی', 'افزایش در مکان\u200cها برای مخفی شدن از خطر']",A,سیلاب‌های بزرگ می‌توانند منابع غذایی طوطی‌ها را نابود یا کاهش دهند و موجب مشکل در تأمین غذا شوند.,A,0.919152557849884,A,0.9997755885124208,True,True,True,True,[0.91915256 0.04038475 0.00482327 0.03563941],[9.9977559e-01 1.6441529e-04 2.0903060e-05 3.9052054e-05],0.924863338470459,0.91915256,0.99977559,0.08062303,0.7909790277481079,0.6444990634918213,0.7102654576301575,0.7909790277481079,0.6444990634918213,0.7102654576301575
915,بسیاری از مردم تقریباً پنج پوند زباله در هر روز دور می‌ریزند. چگونه می‌توانند همه افراد مقدار زباله‌ای که روزانه دور می‌ریزند را کاهش دهند؟,"['بازسازی مواد', 'استفاده از محصولات بیشتر', 'قرار دادن زباله\u200cها در محل دفن', 'برداشتن زباله\u200cها از زمین']",A,با [MASK]، می‌توان از تولید زباله‌های اضافی جلوگیری کرد و منابع طبیعی را حفظ نمود.,A,0.99004727602005,A,0.9946252703666688,True,True,True,True,[0.9900473  0.00596225 0.00117404 0.00281637],[0.9946253  0.002142   0.00122048 0.00201222],0.7456583976745605,0.9900473,0.9946253,0.004578,0.8310064077377319,0.6041069626808167,0.6996196508407593,0.8263267278671265,0.593352735042572,0.6907238364219666
916,یک دانش‌آموز نتیجه‌گیری می‌کند که یک واکنش شیمیایی که در یک تحقیق در کلاس انجام شده، فرایند گرمازا بوده است. برای ارتباط برقرار کردن با اعتبار این نتیجه‌گیری، کدامیک از موارد زیر بهترین شواهد بصری در یک ارائه خواهد بود؟,"['عکس\u200cهایی از مواد واکنشی و محصولات', 'لیست массы مواد واکنشی و محصولات', 'لیست زمان از آغاز تا پایان واکنش', 'عکس شعله\u200cای که هنگام واکنش مواد شیمیایی تولید شده است']",D,نشان دادن شعله تولید شده در واکنش، بهترین نشانه برای تایید گرمازا بودن آن است.,A,0.9288643002510072,D,0.9319257736206056,False,True,True,True,[9.2886430e-01 3.3142138e-03 2.0535203e-04 6.7616060e-02],[6.7508481e-02 5.4867618e-04 1.7094528e-05 9.3192577e-01],0.7955624461174011,0.06761606,0.93192577,0.86430971,0.7962653636932373,0.6658624410629272,0.7252488136291504,0.7962653040885925,0.6658624410629272,0.7252488136291504
917,ستاره‌شناسان و زیست‌شناسان به مطالعه زمینه‌های مختلف علوم می‌پردازند. بسیاری از ستاره‌شناسان اشیاء دوردست در آسمان را مشاهده می‌کنند. بسیاری از زیست‌شناسان اشیاء بسیار کوچکی را مطالعه می‌کنند. این ستاره‌شناسان و زیست‌شناسان از نظر چه چیزی بیشتر با هم مشترک هستند؟,"['هر دو تاریخ زندگی در زمین را بررسی می\u200cکنند.', 'هر دو با استفاده از دستگاه\u200cهای نوری کشفیات انجام می\u200cدهند.', 'هر دو مطالعه می\u200cکنند که چگونه موجودات در طول زمان تغییر می\u200cکنند.', 'هر دو به دنبال شواهدی درباره ریشه\u200cهای جهان هستند.']",B,هر دو گروه از ابزارهای نوری برای مطالعه و کشف استفاده می‌کنند.,B,0.8887146711349487,B,0.99459308385849,True,True,True,True,[0.04403098 0.8887147  0.00318959 0.06406469],[4.669283e-03 9.945931e-01 2.162307e-05 7.160578e-04],0.6150657534599304,0.8887147,0.9945931,0.1058784,0.7952976226806641,0.6197178363800049,0.6966144442558289,0.7952976226806641,0.6197177767753601,0.6966143846511841
918,کدام یک نمونه‌ای از غریزه حیوانی نیست؟,"['مهاجرت کردن', 'خواب زمستانی', 'مهارت\u200cهای شکار', 'ساختن لانه']",C,[MASK] می‌تواند از طریق یادگیری و تجربه حاصل شود و فقط مختص غریزه حیوانی نیست.,B,0.6231334805488586,A,0.0184178203344345,False,False,False,False,[0.33484474 0.6231335  0.00700399 0.03501773],[0.5299029  0.41268876 0.01841782 0.03899053],0.7768736481666565,0.00700399,0.01841782,0.01141383,0.7200035452842712,0.5540797114372253,0.6262375116348267,0.7121647596359253,0.5508719682693481,0.6212196350097656
919,کدام واقعیت از مزایای هواپیماهاست؟,"['الف) هواپیماها پرواز کردن دشواری دارند.', 'ب) هواپیماها هزینه زیادی دارند.', 'ج) هواپیماها می\u200cتوانند با سرعت بسیار بالا سفر کنند.', 'د) هواپیماها از فرودگاه بلند می\u200cشوند.']",C,سرعت بسیار بالای هواپیماها، زمان سفر را کاهش می‌دهد و کارایی حمل و نقل را افزایش می‌دهد.,C,0.9914219975471495,C,0.9913261532783508,True,True,True,False,[4.609164e-03 8.009526e-04 9.914220e-01 3.167829e-03],[6.6795032e-03 1.0903989e-03 9.9132615e-01 9.0397242e-04],0.8296024203300476,0.991422,0.99132615,-9.585000000000844e-05,0.7159293293952942,0.5778639316558838,0.6395299434661865,0.7159609198570251,0.5814859867095947,0.6417545676231384
920,استفاده از اینترنت برای یک مقاله تحقیقاتی می‌تواند به یک دانشجو کمک کند تا منابع زیادی پیدا کند. یکی از مشکلات استفاده از اطلاعات در اینترنت این است که ممکن است,"['رایگان باشد.', 'به\u200cروز باشد.', 'جزئیات داشته باشد.', 'نادرست باشد.']",D,اطلاعات اینترنت ممکن است نادرست یا غیرقابل اعتماد باشند زیرا توسط هر کسی منتشر شده‌اند و صحت آنها تضمین نمی‌شود.,D,0.9363383054733276,D,0.9777826070785522,True,True,True,True,[1.7049441e-02 4.6345189e-02 2.6709988e-04 9.3633831e-01],[1.24050025e-02 9.66102630e-03 1.51351531e-04 9.77782607e-01],0.7996606230735779,0.93633831,0.977782607,0.0414442969999999,0.8061149716377258,0.5911480188369751,0.6820952892303467,0.8061150312423706,0.5911479592323303,0.6820952892303467
921,کدام یک از بیان‌های زیر بهترین توصیف را از یک تفاوت بین ماه و زمین ارائه می‌دهد؟,"['ماه جامد نیست.', 'ماه هیچ جاذبه\u200cای ندارد.', 'ماه تقریباً هیچ جوی ندارد.', 'ماه تقریباً هیچ نوری از خورشید دریافت نمی\u200cکند.']",C,ماه فاقد جو است، برخلاف زمین که دارای جو غنی از گازهای مختلف می‌باشد.,A,0.7453926205635071,C,0.994720220565796,False,True,True,True,[0.7453926  0.00821612 0.24199355 0.00439777],[4.5885094e-03 4.4034590e-04 9.9472022e-01 2.5090153e-04],0.7095429301261902,0.24199355,0.99472022,0.75272667,0.7799584269523621,0.5730108618736267,0.660657525062561,0.7799583673477173,0.5730108022689819,0.6606574058532715
922,کدام یک از این روش‌های به دست آوردن منابع انرژی کمترین تأثیر را بر لیتوسفر دارد؟,"['معدن کاری سطحی برای اورانیوم', 'پمپاژ نفت از زیر آب', 'برداشتن چوب با برش انتخابی', 'جمع\u200cآوری گاز طبیعی از چاه\u200cهای قدیمی نفت']",C,[MASK] کمترین تأثیر را بر لیتوسفر دارد زیرا از چاه‌های موجود استفاده می‌شود و نیازی به حفاری جدید نیست.,A,0.4980398118495941,D,0.0031619432847946,False,False,False,False,[0.4980398  0.20761387 0.1111277  0.18321861],[0.1866643  0.2396817  0.00316194 0.5704921 ],0.8506298065185547,0.1111277,0.00316194,-0.10796576,0.8597661256790161,0.6468641757965088,0.7382726073265076,0.8397883772850037,0.6240808963775635,0.7160419225692749
923,پژوهشگران در تیم‌ها کار می‌کنند تا خودروها را با صرفه‌تر از نظر سوخت بسازند. کدام یک از این بیانیه‌ها مزیت اصلی کار کردن در تیم‌ها نسبت به کار کردن به صورت فردی را توصیف می‌کند؟,"['تحقیقات بیشتر احتمال دارد منتشر شود.', 'هزینه\u200cهای انجام تحقیق کمتر است.', 'پژوهشگران می\u200cتوانند ایده\u200cهای خود را با یکدیگر به اشتراک بگذارند.', 'پژوهشگران زمان بیشتری برای اتمام کار دارند.']",C,همکاری در تیم‌ها امکان اشتراک‌گذاری ایده‌ها و بهره‌مندی از تجربیات و دانش یکدیگر را فراهم می‌کند و منجر به خلاقیت بیشتر می‌شود.,C,0.9606218338012696,C,0.9623637199401855,True,True,True,True,[0.03710214 0.00113803 0.96062183 0.00113803],[3.7024505e-02 5.5347144e-04 9.6236372e-01 5.8335463e-05],0.8750475645065308,0.96062183,0.96236372,0.00174189,0.8269025683403015,0.6758539080619812,0.7437869310379028,0.8269025683403015,0.675853967666626,0.7437869310379028
924,سخت‌بال‌داران از زهر در نیش خود برای,"['تولید تخم استفاده می\u200cکنند.', 'دفاع از خود استفاده می\u200cکنند.', 'ساختن لانه استفاده می\u200cکنند.', 'جذب جفت استفاده می\u200cکنند.']",B,سخت‌بال‌داران از زهر نیش برای حفاظت از خود در برابر تهدیدات و شکارگران استفاده می‌کنند.,A,0.5448341369628906,B,0.9907240271568298,False,True,True,True,[0.54483414 0.3304586  0.0165816  0.10812565],[7.4761449e-03 9.9072403e-01 7.8797986e-04 1.0117862e-03],0.8985452651977539,0.3304586,0.99072403,0.6602654299999999,0.9087430238723755,0.7736161947250366,0.8357529044151306,0.9087430238723755,0.7736161947250366,0.8357529044151306
925,با گذشت زمان، توانایی ارسال غذاها در سطح جهانی بهبود یافته است. اثرات این بهبود در ارسال غذا بر روی مردم چیست؟,"['آنها زمان لازم برای خرید غذا را افزایش داده\u200cاند.', 'آنها تعداد فروشگاه\u200cهای مواد غذایی را کاهش داده\u200cاند.', 'آنها نیاز به یخچال را کاهش داده\u200cاند.', 'آنها انواع غذاهای موجود برای فروش را افزایش داده\u200cاند.']",D,بهبود ارسال غذاها در سطح جهانی، تنوع غذایی در دسترس مردم را افزایش داده است.,C,0.875602126121521,C,0.1948698312044143,False,False,False,False,[0.10437171 0.00756066 0.8756021  0.01246542],[0.11819453 0.00677309 0.68016255 0.19486983],0.8890844583511353,0.01246542,0.19486983,0.18240441,0.8913820385932922,0.7156568765640259,0.793911874294281,0.8913820385932922,0.7156568765640259,0.793911874294281
926,هُموس یک مادهٔ آلی است که خاک را تشکیل می‌دهد. کدام ویژگی بهترین نشان‌دهندهٔ این است که خاک دارای محتوای بالای هُموس است؟,"['رنگ نمونه', 'جرم نمونه', 'مقدار خاک رس در نمونه', 'مقدار سنگ در نمونه']",A,رنگ تیره‌تر خاک نشان‌دهنده محتوای بالای هموس است.,C,0.9619081020355223,A,0.970616340637207,False,True,True,True,[0.03304351 0.00161963 0.9619081  0.00342877],[9.7061634e-01 1.4141547e-04 2.9138837e-02 1.0346177e-04],0.8763525485992432,0.03304351,0.97061634,0.93757283,0.8780618906021118,0.6493266224861145,0.7465670108795166,0.8879942893981934,0.6577492356300354,0.755723774433136
927,یکی از اثرات منفی اختراع و استفاده از کاغذ چیست؟,"['افزایش استفاده از بطری های شیشه ای.', 'افزایش تعداد درختانی که قطع می شوند.', 'کاهش آلودگی در محل های دفن زباله.', 'کاهش تعداد کتاب های برای خواندن.']",B,افزایش تقاضا برای خمیر کاغذ منجر به قطع بیشتر درختان می‌شود.,B,0.9941072463989258,B,0.9942296743392944,True,True,True,True,[4.0448746e-03 9.9410725e-01 1.6181535e-04 1.6861546e-03],[5.2478979e-03 9.9422967e-01 1.9722257e-04 3.2516505e-04],0.791521430015564,0.99410725,0.99422967,0.0001224199999999,0.8836869597434998,0.5651177167892456,0.6893782019615173,0.8836869597434998,0.5651177167892456,0.6893782019615173
928,فاصله زمین از خورشید به سیاره کمک می‌کند تا زندگی را حفظ کند. اگر خورشید بزرگ‌تر بود، چه چیزی بیشتر احتمال دارد که برای وجود زندگی در زمین نیز صادق باشد؟,"['زمین باید از خورشید دورتر باشد.', 'زمین باید به خورشید نزدیک\u200cتر باشد.', 'زمین باید کوچکتر باشد.', 'زمین باید بزرگ\u200cتر باشد.']",A,زمین باید از خورشید دورتر باشد تا انرژی دریافتی آن کمتر و شرایط برای زندگی مناسب باشد.,A,0.5595656633377075,A,0.7746655344963074,True,True,True,True,[0.55956566 0.43579018 0.00289081 0.00175336],[0.77466553 0.2219454  0.00215894 0.00123013],0.6959280371665955,0.55956566,0.77466553,0.21509987,0.7671318054199219,0.5712991952896118,0.6548888683319092,0.7671318650245667,0.5712991952896118,0.6548888683319092
929,کدام عبارت به درستی نوترون‌ها در هر عنصر را توصیف می‌کند؟,"['تعداد نوترون\u200cها برابر با تعداد الکترون\u200cهاست.', 'نوترون\u200cها در ابر اطراف هسته یافت می\u200cشوند.', 'بار یک نوترون همیشه منفی است.', 'نوترون\u200cها از الکترون\u200cها سنگین\u200cتر هستند.']",D,نوترون‌ها ذرات بدون بار با جرمی بیشتر از الکترون‌ها هستند.,B,0.6512762904167175,B,0.2135774791240692,False,False,False,False,[0.07717855 0.6512763  0.06010671 0.21143845],[0.10088687 0.66302466 0.0225109  0.21357748],0.8107270002365112,0.21143845,0.21357748,0.0021390299999999,0.7697260975837708,0.5644323825836182,0.6512845158576965,0.7730801105499268,0.570226788520813,0.6563369631767273
930,کدام اقلام غذایی عمدتاً به اسیدهای آمینه تجزیه می‌شوند؟,"['ماکارونی اسپاگتی', 'همبرگر', 'برش\u200cهای سیب', 'برش\u200cهای خیار']",B,غذاهای غنی از پروتئین مانند منابع گوشتی در هضم به اسیدهای آمینه تجزیه می‌شوند.,B,0.3949776589870453,B,0.9744592308998108,True,True,True,True,[0.34856656 0.39497766 0.11228236 0.1441734 ],[0.02006687 0.97445923 0.00239665 0.00307735],0.8379201889038086,0.39497766,0.97445923,0.57948157,0.8048968315124512,0.6484447717666626,0.7182497978210449,0.8131599426269531,0.651159405708313,0.723198413848877
931,کدام یک بهترین توضیح را برای این که کودکان شبیه والدین خود هستند، ارائه می‌دهد؟,"['آنها همان غذاها را می\u200cخورند.', 'آنها DNA مشابهی دارند.', 'آنها به یک زبان صحبت می\u200cکنند.', 'آنها علایق مشابهی دارند.']",B,کودکان ژن‌ها و دی ان ای مشابهی با والدین خود دارند که باعث تعیین ویژگی‌های فیزیکی و برخی خصوصیات رفتاری مشابه می‌شود.,B,0.9245707988739014,B,0.9959033131599426,True,True,True,True,[1.5061504e-02 9.2457080e-01 7.9823053e-04 5.9569407e-02],[2.8302609e-03 9.9590331e-01 2.2517418e-04 1.0411948e-03],0.8937987685203552,0.9245708,0.99590331,0.0713325099999999,0.6698839068412781,0.5603503584861755,0.6102409958839417,0.6698839068412781,0.5603503584861755,0.6102409958839417
932,کدام ویژگی فیزیکی زمین مشابه یک ویژگی فیزیکی ماه است؟,"['آب و هوا آن', 'دریاهای بزرگ آن', 'جو آن', 'رشته\u200cکوه\u200cهای آن']",D,هر دو زمین و ماه دارای رشته‌کوه‌هایی هستند، گرچه ترکیب سطحی آنها متفاوت است.,C,0.7938909530639648,D,0.9607533812522888,False,True,True,True,[0.13849752 0.05773435 0.79389095 0.00987718],[0.03300384 0.00125986 0.00498283 0.9607534 ],0.7672960162162781,0.00987718,0.9607534,0.95087622,0.7429865002632141,0.5836091637611389,0.6537240147590637,0.7429865002632141,0.5836091637611389,0.6537240147590637
933,هنگامی که روغن و آب با هم مخلوط شوند، آنها تشکیل می دهند,"['گاز.', 'جامد.', 'ترکیب.', 'تعلیق.']",D,روغن و آب به دلیل تفاوت چگالی، مخلوط ناهمگن یا تعلیق تشکیل می‌دهند.,D,0.7692006826400757,D,0.9655674695968628,True,True,True,True,[0.19410491 0.006694   0.03000042 0.7692007 ],[3.2975435e-02 7.2852219e-04 7.2852219e-04 9.6556747e-01],0.85074383020401,0.7692007,0.96556747,0.19636677,0.7472630143165588,0.5804947018623352,0.6534056663513184,0.7472630143165588,0.5804946422576904,0.6534057259559631
934,هنگامی که یک گیاه پژمرده می‌شود، روزنه‌ها بسته می‌شوند. این چگونه به گیاه کمک می‌کند؟,"['این فرایند فتوسنتز را افزایش می\u200cدهد.', 'این باعث کاهش بیشتر از دست رفتن آب می\u200cشود.', 'این تنفس سلولی را افزایش می\u200cدهد.', 'این میزان جذب آب توسط ریشه\u200cها را کاهش می\u200cدهد.']",B,این امر باعث کاهش از دست رفتن آب گیاه می‌شود و به حفظ آب در شرایط خشکی کمک می‌کند.,B,0.9359521865844728,B,0.9888272285461426,True,True,True,True,[0.05259695 0.9359522  0.00913998 0.00231095],[1.0963445e-02 9.8882723e-01 1.1441381e-04 9.4852374e-05],0.6936783790588379,0.9359522,0.98882723,0.0528750299999999,0.837922215461731,0.6395636200904846,0.7254276871681213,0.837922215461731,0.6395636200904846,0.7254276871681213
935,مدرک‌ها نشان می‌دهند که میدان مغناطیسی زمین در طول تاریخ چندین بار تغییر جهت داده است. پس از یک تغییر مغناطیسی، کدام یک بیشتر احتمال دارد تحت تأثیر قرار گیرد؟,"['طول و شدت فصول', 'تشکیل صفحات تکتونیکی جدید', 'جهت چرخش زمین بر روی محور', 'هم\u200cراستایی مواد معدنی در پوسته تازه تشکیل شده']",D,جهت میدان مغناطیسی در مواد معدنی تازه تشکیل شده ثبت می‌شود، لذا تغییر جهت میدان مغناطیسی بر هم‌راستایی این مواد تأثیر می‌گذارد.,C,0.536944568157196,D,0.8201155066490173,False,True,True,True,[0.32567334 0.09330697 0.53694457 0.04407509],[0.11099056 0.02806281 0.04083114 0.8201155 ],0.8149595856666565,0.04407509,0.8201155,0.77604041,0.8128998279571533,0.6981804370880127,0.7511854767799377,0.7955091595649719,0.6898674368858337,0.7389316558837891
936,کدام یک از گزینه‌های زیر نمایانگر سرعت یک جسم در حال حرکت است؟,"['40', '40 متر به سمت شمال', '40 متر بر ثانیه', '40 متر بر ثانیه به سمت شمال']",D,نشان دهنده اندازه و جهت حرکت جسم است.,D,0.8121451139450073,D,0.5465220212936401,True,True,True,False,[0.02181268 0.00486707 0.16117513 0.8121451 ],[0.01650354 0.0113427  0.4256318  0.546522  ],0.6404627561569214,0.8121451,0.546522,-0.2656231,0.7277334928512573,0.5079295635223389,0.5982818007469177,0.7297643423080444,0.5130186080932617,0.6024908423423767
937,حدود ۳۶۵ روز طول می‌کشد تا,"['خورشید به دور زمین بچرخد.', 'ماه به دور زمین بچرخد.', 'زمین به دور خورشید بچرخد.', 'زمین به دور ماه بچرخد.']",C,زمین با چرخش به دور خورشید، سال شمسی را طی می‌کند.,A,0.6079960465431213,C,0.9525915384292604,False,True,True,True,[0.60799605 0.06408231 0.32543686 0.00248474],[0.04185395 0.00365716 0.95259154 0.00189731],0.4843370914459228,0.32543686,0.95259154,0.6271546800000001,0.5132618546485901,0.4695838689804077,0.4904523193836212,0.5211053490638733,0.4770641624927521,0.49811315536499023
938,سوال: کدام ابزار برای محاسبه حجم یک منشور شیشه‌ای مفیدتر است؟,"['الف) خط\u200cکش', 'ب) ترازو', 'پ) ولت\u200cمتر', 'ت) دماسنج']",A,برای محاسبه حجم منشور شیشه‌ای، اندازه‌گیری دقیق ابعاد با خط‌کش ضروری است.,A,0.4084835648536682,A,0.985137939453125,True,True,True,True,[0.40848356 0.31812733 0.08043519 0.19295397],[9.8513794e-01 1.2352709e-02 1.8943493e-03 6.1500521e-04],0.9043537378311156,0.40848356,0.98513794,0.5766543799999999,0.7680793404579163,0.5736578702926636,0.6567824482917786,0.7680792808532715,0.5736578702926636,0.6567825078964233
939,کدام یک نقش تولید مثل جنسی در گیاهان و جانوران را توصیف می‌کند؟,"['همه موجودات را شبیه به هم نگه می\u200cدارد', 'ادامه گونه را تضمین می\u200cکند', 'نسل\u200cهایی تولید می\u200cکند که مشابه والدین هستند', 'اندازه هر جمعیت را در طول مدت طولانی افزایش می\u200cدهد']",B,تولید مثل جنسی با ایجاد تنوع ژنتیکی، [MASK].,B,0.9882304668426514,B,0.9852296710014344,True,True,True,False,[0.00595712 0.98823047 0.00463941 0.00117303],[5.7901377e-03 9.8522967e-01 8.4246006e-03 5.5566261e-04],0.8153961896896362,0.98823047,0.98522967,-0.0030008,0.7526617050170898,0.4777508080005646,0.5844946503639221,0.7543727159500122,0.48381704092025757,0.5895354747772217
940,کدام ماده ترکیبی است؟,"['سدیم', 'کلر', 'نمک سفره', 'آب نمک']",C,[MASK] از دو عنصر شیمیایی تشکیل شده است.,C,0.9196192622184752,C,0.8688160181045532,True,True,True,False,[0.04542884 0.00372903 0.91961926 0.03122276],[0.04939968 0.01102256 0.868816   0.07076177],0.5581038594245911,0.91961926,0.868816,-0.05080326,0.645889163017273,0.5180140137672424,0.5749269127845764,0.6088293790817261,0.4914563298225403,0.543882429599762
941,برای پروژه علمی خود، آلن مطالعه‌ای درباره درختان افرا قندی آغاز کرد. او تفاوت‌های بسیاری را در بین درختان افرا قندی نزدیک به مدرسه‌اش مشاهده کرد. کدام یک از ویژگی‌های زیر کمترین تغییر را خواهد داشت؟,"['ارتفاع', 'تعداد برگ\u200cها', 'نوع دانه\u200cها', 'عرض تنه']",C,ویژگی‌های ذاتی مانند [MASK] کمتر تحت تأثیر عوامل محیطی تغییر می‌کنند و در گونه‌های مختلف افرا قندی ثابت است.,C,0.4693515598773956,A,0.2811467051506042,True,False,False,False,[0.3225803  0.07254192 0.46935156 0.13552614],[0.52525115 0.15048698 0.2811467  0.04311524],0.7674083709716797,0.46935156,0.2811467,-0.1882048599999999,0.8372447490692139,0.6970149278640747,0.7607213854789734,0.8299752473831177,0.6817479729652405,0.7485945820808411
942,یک آهنربای قوی مخلوطی از کدام موارد را جداسازی می‌کند؟,"['شیشه شفاف و شیشه سبز.', 'فنجان\u200cهای کاغذی و فنجان\u200cهای پلاستیکی.', 'میخ\u200cهای آهنی و میخ\u200cهای آلومینیومی.', 'شن و نمک.']",C,آهنربا فقط اجسام فلزی خاص را جذب می‌کند و آهن از آن‌ها است.,C,0.7270758748054504,C,0.9448967576026917,True,True,True,True,[0.07603687 0.03591727 0.7270759  0.16097005],[0.01730639 0.02853341 0.94489676 0.00926344],0.8087269067764282,0.7270759,0.94489676,0.21782086,0.7999917268753052,0.644067645072937,0.7136116027832031,0.7999916076660156,0.6440675854682922,0.7136116027832031
943,رباتها می‌توانند کارهایی را انجام دهند که برای انسان‌ها خطرناک است. محدودیت عمده استفاده از ربات‌ها چیست؟,"['اجزا باید بسیار کوچک باشند.', 'فرآیند مونتاژ باید دقیقاً همانند قبل باشد.', 'رباتها نیاز به نگهداری منظم دارند.', 'رباتها باید با برق تأمین شوند.']",B,ربات‌ها برای عملکرد صحیح نیاز به نگهداری منظم دارند که می‌تواند هزینه‌ها و زمان توقف کار را افزایش دهد.,B,0.6964559555053711,C,0.0015649057459086,True,False,False,False,[0.03060014 0.69645596 0.19953798 0.07340591],[5.1311282e-03 1.5649057e-03 9.9321836e-01 8.5569663e-05],0.7712116837501526,0.69645596,0.0015649057,-0.6948910543,0.8462375402450562,0.6596614122390747,0.7413913607597351,0.8462375402450562,0.6596614122390747,0.7413913607597351
944,ماهی‌های ریش‌دار قوی در اعماق اقیانوس زندگی می‌کنند. آنها آنقدر عمیق زندگی می‌کنند که هیچ نوری وجود ندارد. کدام ویژگی بهترین کمک را به ماهی‌های ریش‌دار قوی برای بقا در تاریکی می‌کند؟,"['دهانی پر از موی نرم', 'بدنی با رنگ روشن', 'توانایی شنا کردن سریع', 'دو سیبیل که غذا را پیدا می\u200cکنند']",D,دو سیبیل ماهی‌های ریش‌دار قوی به عنوان اندام‌های حسی عمل می‌کنند و به آنها کمک می‌کند تا در تاریکی غذا را تشخیص دهند.,A,0.9467518925666808,D,0.847588062286377,False,True,True,True,[0.9467519  0.01545299 0.00937271 0.0284224 ],[0.14728872 0.00374537 0.00137784 0.84758806],0.7870316505432129,0.0284224,0.84758806,0.81916566,0.9009923934936523,0.750934898853302,0.8191482424736023,0.9009923934936523,0.750934898853302,0.8191482424736023
945,"کدام عامل به‌طور دقیق‌تری بیانگر عبارت ""بقاى اصلح"" در ارتباط با انتخاب طبیعی است؟","['نرخ جهش', 'توانایی فرزندان برای تولید مثل', 'مقدار غذایی که یک موجود زنده به\u200cدست می\u200cآورد', 'توانایی تحمل شرایط محیطی افراطی']",B,[MASK]، تعیین‌کننده میزان موفقیت یک جاندار در انتقال ژن‌های خود به نسل بعدی و ارتباط مستقیم با مفهوم انتخاب طبیعی دارد.,A,0.5467224717140198,A,0.3781945705413818,False,False,False,False,[0.5467225  0.15725167 0.15725167 0.13877411],[0.55026984 0.37819457 0.05709884 0.01443685],0.6493819355964661,0.15725167,0.37819457,0.2209429,0.9154078960418701,0.6681100130081177,0.772448718547821,0.9087446331977844,0.6558282375335693,0.761844277381897
946,به عنوان یک نمونه از جیوه که از حالت مایع به حالت جامد تغییر می‌کند، اتم‌های نمونه,"['نزدیک\u200cتر به هم حرکت می\u200cکنند و انرژی جنبشی کمتری دارند.', 'نزدیک\u200cتر به هم حرکت می\u200cکنند و انرژی جنبشی بیشتری دارند.', 'از هم دورتر می\u200cشوند و انرژی جنبشی کمتری دارند.', 'از هم دورتر می\u200cشوند و انرژی جنبشی بیشتری دارند.']",A,در تغییر حالت از مایع به جامد، اتم‌ها نزدیک‌تر شده و انرژی جنبشی کمتری پیدا می‌کنند.,D,0.4789680540561676,A,0.8862289190292358,False,True,True,True,[0.2905088  0.19966358 0.03085955 0.47896805],[0.8862289  0.01443691 0.03463234 0.06470172],0.9125683903694152,0.2905088,0.8862289,0.5957201,0.7564585208892822,0.664513349533081,0.7075112462043762,0.7527522444725037,0.6671129465103149,0.7073498964309692
947,یک اکوسیستم علفزار رونق‌یافته چه تأثیری از خشکسالی خواهد داشت؟,"['نفس\u200cکشیدن گیاهان افزایش خواهد یافت.', 'حیوانات مجبور به مهاجرت خواهند شد.', 'مواد مغذی خاک غنی\u200cتر خواهند شد.', 'جانشینی طبیعی متوقف خواهد شد.']",B,کاهش منابع غذایی و آب، حیوانات را به مهاجرت به مناطق دیگر وادار می‌کند.,B,0.6430097222328186,B,0.992093861103058,True,True,True,True,[0.34417832 0.6430097  0.00233724 0.0104748 ],[7.64906453e-03 9.92093861e-01 1.12571506e-04 1.44544669e-04],0.7198682427406311,0.6430097,0.992093861,0.3490841609999999,0.7676825523376465,0.6015305519104004,0.6745253801345825,0.7676825523376465,0.6015305519104004,0.6745253801345825
948,"در زیر یک تبلیغ که در یک روزنامه محلی یافته شده است، آورده شده است. به اندازه الماس درخشنده به قیمتی بسیار پایین‌تر! ""گوهرهای سیمو"" را از جواهرسازان کست-رایت خریداری کنید. این تبلیغ پیشنهاد می‌کند که تأمین‌کننده جواهرسازان کست-رایت:","['طریقه\u200cای کم\u200cهزینه\u200cتر برای استخراج و پردازش الماس\u200cها پیدا کرده است.', 'سنگ\u200cهای مصنوعی را که شبیه الماس هستند، تولید کرده است.', 'قیمت الماس\u200cها را کاهش داده تا بتواند بیشتر بفروشد.', 'دوستان کوچک به جای الماس\u200cهای بزرگ ارائه می\u200cدهد.']",B,تبلیغ نشان می‌دهد که گوهرهای سیمو ممکن است جایگزین‌های ارزان‌تری برای الماس باشند که از نظر ظاهری مشابه هستند.,A,0.6945062279701233,A,0.2670689821243286,False,False,False,False,[0.6945062  0.0939912  0.19897938 0.01252311],[0.3855591  0.26706898 0.34025472 0.00711715],0.8770342469215393,0.0939912,0.26706898,0.17307778,0.8232794404029846,0.6133121252059937,0.7029517292976379,0.8232793807983398,0.6133122444152832,0.7029517889022827
949,جنگل‌ها قطع و سوزانده شده‌اند تا زمین برای کشت محصولات استفاده شود. این فعالیت چه عواقبی بر جو زمین دارد؟,"['این باعث کاهش مقدار تولید دی\u200cاکسید کربن می\u200cشود.', 'این باعث کاهش تولید اکسیژن می\u200cشود.', 'این باعث کاهش اثر گلخانه\u200cای می\u200cشود.', 'این باعث کاهش آلاینده\u200cها در هوا می\u200cشود.']",B,با قطع و سوزاندن جنگل‌ها، تولید اکسیژن از طریق فتوسنتز کاهش می‌یابد و در نتیجه مقدار اکسیژن تولیدی کم می‌شود.,B,0.762974739074707,B,0.978135347366333,True,True,True,True,[0.15141697 0.76297474 0.07152431 0.01408397],[2.0380005e-02 9.7813535e-01 1.3028502e-03 1.8191864e-04],0.8914361000061035,0.76297474,0.97813535,0.2151606099999999,0.905391275882721,0.7298829555511475,0.808218777179718,0.905391275882721,0.7298829555511475,0.808218777179718
950,کدام جرم تحت بیشترین مقدار شتاب قرار دارد؟,"['۱ کیلوگرم تحت نیروی ۱ نیوتن', '۱ کیلوگرم تحت نیروی ۱۰۰ نیوتن', '۱۰۰ کیلوگرم تحت نیروی ۱ نیوتن', '۱۰۰ کیلوگرم تحت نیروی ۱۰۰ نیوتن']",B,با قانون دوم نیوتن، نیروی بیشتر و جرم کمتر، شتاب بیشتری می‌دهد. گزینه‌ای با نسبت نیرو به جرم بیشتر، شتاب بیشتری دارد.,A,0.3079279065132141,D,0.2122444957494735,False,False,False,False,[0.3079279  0.11239879 0.2717454  0.3079279 ],[0.27252734 0.2122445  0.16529618 0.34993201],0.9334061145782472,0.11239879,0.2122445,0.09984571,0.7543249726295471,0.6123406887054443,0.6759573817253113,0.7562046051025391,0.6109059453010559,0.6758340001106262
951,دو توپ از دو سطح شیبدار یکسان پایین رفتند. توپ‌ها از نظر جرم و اندازه کاملاً یکسان بودند، اما یکی از توپ‌ها سریع‌تر از دیگری پایین رفت. یک دلیل ممکن برای اینکه یکی از توپ‌ها سریع‌تر از توپ دیگر پایین رفت چیست؟,"['یکی از توپ\u200cها قرمز بود و دیگری آبی بود.', 'یکی از توپ\u200cها نو بود و دیگری کهنه بود.', 'یکی از توپ\u200cها براق بود و دیگری کدر بود.', 'یکی از توپ\u200cها چسبناک بود و دیگری صاف بود.']",D,توپ چسبناک مقاومت هوا بیشتر و در نتیجه سرعت کمتری دارد.,D,0.8809130191802979,D,0.9854419231414796,True,True,True,True,[0.09284755 0.02311158 0.00312781 0.880913  ],[1.3892810e-02 5.5578235e-04 1.0944003e-04 9.8544192e-01],0.7509665489196777,0.880913,0.98544192,0.10452892,0.6871612071990967,0.5113958120346069,0.5863907337188721,0.6871610879898071,0.5113958120346069,0.5863907337188721
952,شکر از چندین مولکول تشکیل شده است. هنگامی که شکر در آب حل می‌شود، چه اتفاقی برای این مولکول‌ها می‌افتد؟,"['دیگر وجود ندارند.', 'در محلول وجود دارند.', 'تبخیر می\u200cشوند.', 'با آب ترکیب می\u200cشوند تا عناصر جدید تشکیل دهند.']",B,مولکول‌های شکر در آب پخش شده و به صورت جداگانه در محلول توزیع می‌شوند.,B,0.9504179954528807,B,0.9765773415565492,True,True,True,True,[4.7226198e-02 9.5041800e-01 5.2463566e-04 1.8311584e-03],[2.2877360e-02 9.7657734e-01 1.9792793e-04 3.4737433e-04],0.779387891292572,0.950418,0.97657734,0.0261593399999999,0.8574792146682739,0.6707561016082764,0.7527105808258057,0.8567198514938354,0.6761325001716614,0.7557885050773621
953,صحراى بزرگ افریقا دارای دماهای بالای روز و دماهای پایین شب است. کدام عامل عمدتاً مسئول دماهای پایین شب در صحرای بزرگ است؟,"['خاک خشن', 'عرض جغرافیایی پایین', 'کمبود ابر', 'ارتفاع بالا']",C,[MASK] عامل اصلی کاهش دما در شب است؛ زیرا با افزایش ارتفاع، فشار هوا کاهش یافته و منجر به کاهش دما می‌شود.,C,0.8329879641532898,D,0.1609916090965271,True,False,False,False,[0.1282428  0.01351669 0.83298796 0.02525251],[0.26543027 0.01166219 0.16099161 0.56191593],0.6593539714813232,0.83298796,0.16099161,-0.6719963499999999,0.9021297693252563,0.6677454710006714,0.7674407362937927,0.9067418575286865,0.6573895215988159,0.7621899247169495
954,کدام غذا یک میوه است؟,"['سیب\u200cزمینی', 'پیاز', 'هویج', 'کدو']",D,[MASK] از نظر گیاه‌شناسی نوعی میوه است که زیرزمینی رشد می‌کند.,A,0.962428629398346,A,0.00652118306607,False,False,False,False,[0.9624286  0.00351198 0.02894952 0.00510989],[0.96029764 0.00738947 0.02579178 0.00652118],0.8488270044326782,0.00510989,0.00652118,0.00141129,0.8716932535171509,0.6533405184745789,0.7468851804733276,0.8461902141571045,0.6343848705291748,0.7251375317573547
955,یک خودرو با سرعت ثابت در بزرگراه در حال حرکت است. کدام جمله بهترین توصیف از نیروهای وارد بر خودرو است؟,"['نیروهای وارد بر خودرو متعادل هستند.', 'نیروهای وارد بر خودرو در یک جهت هستند.', 'نیروهای وارد بر خودرو در حال افزایش هستند.', 'نیروهای وارد بر خودرو برابر با نیروی گرانش هستند.']",A,نیروهای وارد بر خودرو متعادل هستند زیرا خودرو با سرعت ثابت در حال حرکت است و شتاب آن صفر است.,B,0.7188703417778015,A,0.9999402761459352,False,True,True,True,[2.6394162e-01 7.1887034e-01 4.4615689e-04 1.6741915e-02],[9.9994028e-01 2.5942447e-05 2.4130236e-06 3.1292562e-05],0.8974279165267944,0.26394162,0.99994028,0.73599866,0.8656198978424072,0.7322419881820679,0.7933642268180847,0.8656198978424072,0.7322418689727783,0.7933641672134399
956,یک مکعب یخ کوچک در دمای 0 درجه سانتی‌گراد به داخل یک لیوان آب در دمای 28 درجه سانتی‌گراد ریخته می‌شود و ذوب می‌شود. دمای آب در لیوان بلافاصله پس از ذوب شدن مکعب یخ چه مقدار است؟,"['0 درجه سانتی\u200cگراد', 'بین 0 درجه سانتی\u200cگراد و 28 درجه سانتی\u200cگراد', '28 درجه سانتی\u200cگراد', 'بیشتر از 28 درجه سانتی\u200cگراد']",B,دمای نهایی آب در لیوان پس از ذوب یخ، همان دمای اولیه آب است زیرا گرمای ذوب یخ از آب تامین می‌شود.,B,0.8314458727836609,B,0.7222279906272888,True,True,True,False,[0.14448363 0.8314459  0.00708189 0.01698858],[0.2344731  0.722228   0.03540014 0.00789884],0.8764600157737732,0.8314459,0.722228,-0.1092178999999999,0.8663983345031738,0.7120709419250488,0.7816903591156006,0.8544284105300903,0.7123857140541077,0.7769684195518494
957,در کدام دو بخش از چرخه آب، آب انرژی را جذب می‌کند؟,"['تقطیر و تبخیر', 'بارش و تقطیر', 'ذوب و تبخیر', 'تبخیر و بارش']",C,آب در دو مرحله تبخیر و تقطیر، به ترتیب از مایع به گاز و از گاز به مایع تبدیل می‌شود و در این فرآیندها انرژی جذب می‌کند.,D,0.7898350954055786,A,0.0005438015214167,False,False,False,False,[0.15552776 0.05049247 0.00414467 0.7898351 ],[9.846576e-01 5.159445e-03 5.438015e-04 9.639113e-03],0.8886482119560242,0.00414467,0.0005438015,-0.0036008685,0.8159151077270508,0.7664422988891602,0.7904053330421448,0.8159151077270508,0.7664423584938049,0.7904053926467896
958,دانشمندان وقتی از یک جمعیت صحبت می‌کنند، به چه چیزی اشاره می‌کنند؟,"['همه موجودات یک اکوسیستم', 'همه گونه\u200cهایی که ویژگی\u200cهای آناتومیکی مشابهی دارند', 'همه حیواناتی که از طریق روش\u200cهای مشابه منابع کسب می\u200cکنند', 'همه اعضای در حال جفت\u200cگیری یک گونه خاص در یک اکوسیستم']",D,گروهی از افراد یک گونه خاص که در یک منطقه جغرافیایی خاص زندگی و جفت‌گیری می‌کنند.,A,0.8562082052230835,D,0.6757628917694092,False,True,True,True,[0.8562082  0.09024367 0.01592896 0.03761916],[0.17085962 0.15078309 0.00259437 0.6757629 ],0.7731037139892578,0.03761916,0.6757629,0.6381437400000001,0.8965706825256348,0.6678868532180786,0.7655148506164551,0.8900008797645569,0.669737696647644,0.7643166780471802
959,برخی از کسب و کارها به مشتریان این امکان را می‌دهند که کالاها را با استفاده از اثر انگشت خود به عنوان شناسایی پرداخت کنند. کدام یک از موارد زیر بیشتر به نفع مشتریانی است که از این فناوری جدید استفاده می‌کنند؟,"['هزینه محصول کاهش می\u200cیابد', 'حفاظت از اطلاعات خصوصی', 'توانایی پیگیری ترجیحات مشتری', 'وجوه به طور فوری واریز می\u200cشود']",B,افزایش امنیت و [MASK] مشتریان,C,0.5666407346725464,B,0.9715428352355956,False,True,True,True,[0.3894461  0.03196768 0.56664073 0.01194545],[0.01992881 0.97154284 0.0073314  0.00119682],0.6121127605438232,0.03196768,0.97154284,0.93957516,0.8220213651657104,0.4542846083641052,0.5851757526397705,0.7672045230865479,0.43071937561035156,0.5517042279243469
960,در سال ۲۰۰۵، یک تیم از دانشمندان باکتری‌های فتوسنتزکننده‌ای را در نزدیکی گدازه مذاب یک اکوسیستم چشمه گرمایی عمق اقیانوس آرام کشف کردند. این باکتری‌ها ۲۴۰۰ متر زیر سطح اقیانوس زندگی می‌کردند و با این حال انرژی خود را از فتوسنتر استفاده می‌کردند. کدام نتیجه بهترین توضیح را برای این نتایج ارائه می‌دهد؟,"['فتوسنتز می\u200cتواند بدون نور انجام شود.', 'چشمه گرمایی نوری قابل استفاده منتشر می\u200cکند.', 'فشار بالای آب می\u200cتواند فتوسنتز را تأمین کند.', 'این باکتری\u200cها قبلاً در سطح اقیانوس زندگی می\u200cکردند.']",B,وجود باکتری‌های فتوسنتزکننده در عمق ۲۴۰۰ متری نشان می‌دهد که چشمه گرمایی باید منبع نوری قابل استفاده برای این باکتری‌ها فراهم کند.,B,0.9880046248435974,B,0.988389253616333,True,True,True,True,[8.5270712e-03 9.8800462e-01 2.7683347e-03 6.9994462e-04],[1.1022988e-02 9.8838925e-01 2.8471483e-04 3.0307737e-04],0.8646164536476135,0.98800462,0.98838925,0.0003846299999999,0.752730131149292,0.6352871060371399,0.6890401244163513,0.7518607378005981,0.6391016840934753,0.690910816192627
961,شبکه‌های غذایی روابط تغذیه‌ای بین انواع مختلفی از ارگانیسم‌ها را نشان می‌دهند. هر یک از این ارگانیسم‌ها یک نقش خاص دارند. کدام یک از موارد زیر به بهترین شکل عملکرد تجزیه‌کننده‌ها را در شبکه‌های غذایی توصیف می‌کند؟,"['برای بازیافت مواد مغذی به خاک', 'برای تبدیل انرژی خورشیدی به غذا', 'برای تأمین غذا برای مصرف\u200cکنندگان ثانویه', 'برای رقابت با مصرف\u200cکنندگان ثانویه برای اکسیژن']",A,تجزیه‌کننده‌ها مواد آلی را تجزیه و مواد مغذی را به خاک بازمی‌گردانند تا در دسترس تولیدکنندگان اولیه قرار گیرد.,A,0.9860992431640624,A,0.999303698539734,True,True,True,True,[0.98609924 0.00405562 0.00668659 0.00315852],[9.9930370e-01 5.5812317e-04 6.2619678e-05 7.5533753e-05],0.7743803262710571,0.98609924,0.9993037,0.0132044599999999,0.8945286870002747,0.6851978302001953,0.7759940028190613,0.8946067094802856,0.6909888386726379,0.7797237038612366
962,کدام یک از موارد زیر منبع نور است؟,"['زمین', 'سیاره', 'ستاره', 'ماه']",C,[MASK]‌ها منابع نور و انرژی هستند که نور و گرمای خود را از واکنش‌های هسته‌ای تولید می‌کنند.,C,0.9750235080718994,C,0.9953019618988036,True,True,True,True,[0.02003931 0.00186395 0.9750235  0.00307313],[4.0994738e-03 3.8131047e-04 9.9530196e-01 2.1726417e-04],0.8781423568725586,0.9750235,0.99530196,0.0202784599999999,0.901573896408081,0.7357136011123657,0.810242772102356,0.8838810920715332,0.7056139707565308,0.7847509384155273
963,بسیاری از جوامع در ایالات متحده از زغال‌سنگ برای تولید برق استفاده می‌کنند. یکی از مشکلات استفاده از زغال‌سنگ این است که,"['انرژی بسیار کمی تولید می\u200cشود.', 'اکوسیستم\u200cها می\u200cتوانند آسیب ببینند.', 'دارای باکتری\u200cهای مضر است.', 'این ماده\u200cای بسیار نادر است.']",B,آلودگی هوا و آب ناشی از زغال‌سنگ می‌تواند به اکوسیستم‌ها آسیب برساند و سبب تخریب زیستگاه‌ها شود.,B,0.9915905594825744,B,0.9969899654388428,True,True,True,True,[7.4936529e-03 9.9159056e-01 5.4283836e-04 3.7308701e-04],[2.8416621e-03 9.9698997e-01 1.4596901e-04 2.2385075e-05],0.7993858456611633,0.99159056,0.99698997,0.0053994099999999,0.8239937424659729,0.670387864112854,0.7392962574958801,0.8239937424659729,0.670387864112854,0.7392962574958801
964,کدام یک از بیانیه‌ها در مورد ذرات یک مایع نسبت به ذرات یک گاز صحیح است؟,"['ذرات یک مایع کندتر و دورتر از هم هستند.', 'ذرات یک مایع سریع\u200cتر و دورتر از هم هستند.', 'ذرات یک مایع کندتر و نزدیک\u200cتر به هم هستند.', 'ذرات یک مایع سریع\u200cتر و نزدیک\u200cتر به هم هستند.']",C,ذرات مایع انرژی جنبشی کمتری دارند و به دلیل نیروهای بین مولکولی قوی‌تر، نزدیک‌تر به هم قرار دارند.,C,0.3444414436817169,C,0.9699406027793884,True,True,True,True,[0.3039685  0.00714865 0.34444144 0.34444144],[3.4845141e-03 8.2764466e-04 9.6994060e-01 2.5747269e-02],0.8536860346794128,0.34444144,0.9699406,0.62549916,0.9451569318771362,0.7149509191513062,0.8140926957130432,0.9471494555473328,0.7229713201522827,0.8200148344039917
965,سوال: بسیاری از مناطق مدرسه در حال قرار دادن دستگاه‌های ضدعفونی کننده دست در کلاس‌های درس و آزمایشگاه‌های کامپیوتر هستند. هدف احتمالی این عمل چیست؟,"['الف) صرفه\u200cجویی در منابع آب', 'ب) کنترل بیماری\u200cهای غیرواگیردار', 'ج) ترویج استفاده ایمن از فناوری', 'د) محدود کردن انتشار بیماری\u200cها از طریق تماس']",D,کاهش انتشار میکروارگانیسم‌ها و جلوگیری از انتقال بیماری‌های واگیردار از طریق تماس دست‌ها با سطوح مختلف هدف اصلی این اقدام است.,D,0.6061816215515137,D,0.5236750841140747,True,True,True,False,[0.02082358 0.36623433 0.00676043 0.6061816 ],[0.01086853 0.46214163 0.00331471 0.5236751 ],0.7203399538993835,0.6061816,0.5236751,-0.0825065,0.8116421103477478,0.6058558225631714,0.6938114166259766,0.8116421103477478,0.6058558225631714,0.6938114166259766
966,سلولی که آب آن کم است احتمالاً به‌زودی قادر به انجام کدام یک از موارد زیر نخواهد بود؟,"['سخت و محکم باقی ماندن.', 'نور خورشید را جذب کردن.', 'اکسیژن آزاد کردن.', 'دوباره تولید مثل کردن.']",A,سلولی با کمبود آب نمی‌تواند فرآیندهای متابولیک را به خوبی انجام دهد و تولید مثل که نیاز به شرایط مناسب دارد، به‌زودی اتفاق نخواهد افتاد.,B,0.7316093444824219,D,0.1370180547237396,False,False,False,False,[0.14378132 0.73160934 0.04704507 0.07756421],[0.13701805 0.13701805 0.02740533 0.6985585 ],0.874821126461029,0.14378132,0.13701805,-0.0067632699999999,0.7196160554885864,0.6128501892089844,0.661955714225769,0.7196160554885864,0.6128501892089844,0.661955714225769
967,کدام لایه از زمین منبع لاوایی است که از آتشفشان‌ها فوران می‌کند؟,"['آستنوسفر', 'هسته داخلی', 'هسته خارجی', 'سنگ\u200cکره']",A,[MASK] بخشی از گوشته زمین است که مواد معدنی در آن به حالت مذاب درمی‌آیند و از آتشفشان‌ها فوران می‌کنند.,A,0.5989531874656677,A,0.9457537531852722,True,True,True,True,[0.5989532  0.19369353 0.10367668 0.10367668],[0.94575375 0.01354325 0.0082144  0.03248858],0.7448669672012329,0.5989532,0.94575375,0.34680055,0.8399255275726318,0.6604363322257996,0.7394447326660156,0.8351830840110779,0.6482067108154297,0.7299110293388367
968,سوال: چه اتم‌هایی برای تشکیل یک مولکول آب ترکیب می‌شوند؟,"['هیدروژن،', 'اکسیژن', '۲ هیدروژن، ۱ اکسیژن', '۲ هیدروژن، ۲ اکسیژن']",C,دو اتم هیدروژن با یک اتم [MASK] ترکیب می‌شوند.,C,0.9655625820159912,B,0.008289648219943,True,False,False,False,[3.252750e-02 1.619449e-03 9.655626e-01 2.903512e-04],[3.2786194e-02 9.5815307e-01 8.2896482e-03 7.7105738e-04],0.6736220121383667,0.9655626,0.0082896482,-0.9572729518,0.8103541135787964,0.580721378326416,0.6765843629837036,0.7948839664459229,0.565517008304596,0.6608645915985107
969,کدام ویژگی در پارامیشیوم با ولواکس مشترک است؟,"['قادر به تولید گامت است', 'می\u200cتواند فتوسنتز انجام دهد', 'دارای ارگانی برای حرکت است', 'به\u200cعنوان یکی از اعضای کلونی سلول\u200cها زندگی می\u200cکند']",C,هر دو قادر به تولید گامت برای تکثیر جنسی هستند.,C,0.6006227135658264,A,0.0010454540606588,True,False,False,False,[0.15126914 0.02628664 0.6006227  0.22182153],[9.9607879e-01 1.9531653e-03 1.0454541e-03 9.2261005e-04],0.5584651231765747,0.6006227,0.0010454541,-0.5995772458999999,0.8013333678245544,0.5180587768554688,0.6292864084243774,0.801333487033844,0.5180588364601135,0.6292864680290222
970,سام یک رمپ می‌سازد و یک ماشین اسباب بازی را اجازه می‌دهد که پایین بیفتد. کدام یک از موارد زیر انرژی ماشین را هنگام پایین آمدن از رمپ توصیف می‌کند؟,"['انرژی جنبشی و انرژی پتانسیل هر دو افزایش می\u200cیابند.', 'انرژی جنبشی و انرژی پتانسیل هر دو کاهش می\u200cیابند.', 'انرژی جنبشی افزایش می\u200cیابد و انرژی پتانسیل کاهش می\u200cیابد.', 'انرژی جنبشی کاهش می\u200cیابد و انرژی پتانسیل افزایش می\u200cیابد.']",C,هنگامی که ماشین از رمپ پایین می‌آید، انرژی پتانسیل آن به انرژی جنبشی تبدیل می‌شود، بنابراین انرژی جنبشی افزایش و انرژی پتانسیل کاهش می‌یابد.,C,0.5124594569206238,C,0.9904184937477112,True,True,True,True,[0.3096106  0.04785271 0.51245946 0.13007717],[0.00582063 0.00101147 0.9904185  0.00274947],0.8968328237533569,0.51245946,0.9904185,0.47795904,0.8160243034362793,0.6933078765869141,0.7496773600578308,0.8160243034362793,0.6933078765869141,0.7496773600578308
971,یک هیدرولوژیست در حال مطالعه سطح اسیدیته یک دریاچه شهری است. او دو بار در هفته نمونه‌هایی جمع‌آوری کرده و آن‌ها را به آزمایشگاه خود می‌برد تا آزمایش کند. پس از آزمایش نمونه‌ها، او داده‌ها را بر روی یک نمودار قرار می‌دهد. او به مهندسان شهری می‌گوید که آزمایش‌های او نشان می‌دهد که سطح pH در ماه‌های اخیر به طور مداوم در حال کاهش است. بهترین راه برای بررسی دقت داده‌های او کدام یک از مراحل زیر است؟,"['آزمایش مجدد نمونه\u200cهای جدید', 'آزمایش مجدد نمونه\u200cهای اصلی', 'نمودارها را به مهندسان نشان دهد', 'نمونه\u200cها را به مهندسان نشان دهد']",B,[MASK] برای تایید نتایج اولیه و اطمینان از صحت داده‌ها ضروری است.,B,0.729559063911438,B,0.7646978497505188,True,True,True,True,[0.23592974 0.72955906 0.00233111 0.03218004],[0.19486232 0.76469785 0.02021992 0.02021992],0.5911561846733093,0.72955906,0.76469785,0.0351387899999999,0.7258639931678772,0.5316194295883179,0.6137390732765198,0.7306191921234131,0.5285928249359131,0.6133995652198792
972,یک کلاس در حال مدل‌سازی تفاوت‌های بین یک موجود زنده تک‌سلولی و یک موجود زنده چندسلولی است. کدام مثال مدل یک موجود زنده تک‌سلولی است؟,"['یک دانش\u200cآموز که آب به گروهی می\u200cدهد', 'یک دانش\u200cآموز که غلات از کمد می\u200cگیرد', 'دو دانش\u200cآموز که زباله\u200cها را از یک گروه جمع\u200cآوری می\u200cکنند', 'چهار دانش\u200cآموز که به\u200cطور مشترک برای جابجایی یک میز کار می\u200cکنند']",B,یک دانش‌آموز که کاری را به تنهایی انجام می‌دهد، مانند یک موجود تک‌سلولی که تمام فعالیت‌هایش را با یک سلول انجام می‌دهد.,A,0.8421745896339417,A,0.0548753514885902,False,False,False,False,[0.8421746  0.07864103 0.05404913 0.02513518],[0.86512744 0.05487535 0.07046135 0.00953591],0.7757670283317566,0.07864103,0.05487535,-0.0237656799999999,0.6689354181289673,0.6130421161651611,0.6397703289985657,0.6735135316848755,0.6201507449150085,0.6457315683364868
973,کدامیک از این عوامل احتمالاً باعث افزایش جمعیت گیاهان در یک زیستگاه می‌شود؟,"['بادهای شدید', 'دمای یخ\u200cزده', 'روزهای کمتر آفتابی', 'روزهای بیشتر بارانی']",D,افزایش بارش باران موجب رطوبت خاک و شرایط مناسب رشد گیاهان می‌شود.,D,0.79464191198349,D,0.985806167125702,True,True,True,True,[0.09435198 0.09435198 0.01665411 0.7946419 ],[1.1037209e-02 2.7906436e-03 3.6605279e-04 9.8580617e-01],0.8707379698753357,0.7946419,0.98580617,0.19116427,0.8277987837791443,0.6194548606872559,0.7086304426193237,0.8335632681846619,0.6216226816177368,0.7121589779853821
974,وقتی یک نوزاد جغجغه را تکان می‌دهد، صدایی تولید می‌شود. کدام نوع انرژی به انرژی صوتی تبدیل شده است؟,"['برق', 'نور', 'مکانیکی', 'حرارت']",C,انرژی حرکت دست نوزاد به انرژی صوتی تبدیل می‌شود.,C,0.9732262492179872,C,0.9921109676361084,True,True,True,True,[2.2621432e-02 6.8310805e-04 9.7322625e-01 3.4691091e-03],[7.54532916e-03 1.01107464e-04 9.92110968e-01 2.42544222e-04],0.8234187960624695,0.97322625,0.992110968,0.018884718,0.8761739134788513,0.6194659471511841,0.7257896065711975,0.8997517824172974,0.6305135488510132,0.7414474487304688
975,اکثر آب‌های شیرین روی کره زمین در یخچال‌ها و کلاهک‌های یخی یخ زده‌اند. اگر آب و هوا در سرتاسر جهان تغییر کند و باعث ذوب شدن یخچال‌ها و کلاهک‌های یخی شود، چه وضعیتی احتمالاً پیش خواهد آمد؟,"['زمین بارورتر خواهد شد.', 'دمای هوا کاهش می\u200cیابد.', 'آب دریاها شورتر خواهد شد.', 'توده\u200cهای زمینی کوچک\u200cتر خواهند شد.']",D,کاهش حجم یخ‌ها، فشار روی زمین را کم می‌کند و در نتیجه توده‌های زمینی کوچک‌تر می‌شوند.,C,0.5866721868515015,D,0.9456420540809632,False,True,True,True,[0.31402302 0.00933566 0.5866722  0.0899691 ],[0.04154861 0.00109007 0.01171932 0.94564205],0.8315189480781555,0.0899691,0.94564205,0.85567295,0.8234565258026123,0.6986922025680542,0.7559611797332764,0.8234565258026123,0.6986922025680542,0.7559611797332764
976,یکی از آثار آلودگی اقیانوس این است که می‌تواند جمعیت فیتوپلانکتون‌ها و جلبک‌ها را کاهش دهد. کاهش این جمعیت‌ها ممکن است چه تاثیری بر یک اکوسیستم بگذارد؟,"['کاهش سطح دی\u200cاکسید کربن در جو', 'کاهش مقدار اکسیژن تولید شده', 'افزایش مقدار رسوبات دریایی', 'افزایش جمعیت ماهی\u200cهای آب شور']",B,کاهش جمعیت فیتوپلانکتون‌ها و جلبک‌ها می‌تواند منجر به کاهش تولید اکسیژن در اکوسیستم‌های آبی شود.,C,0.7869943380355835,B,0.9957633018493652,False,True,True,True,[0.10630029 0.09380967 0.78699434 0.01289569],[3.5877777e-03 9.9576330e-01 5.5020355e-04 9.8646058e-05],0.8983078598976135,0.09380967,0.9957633,0.90195363,0.9318284392356873,0.7124888896942139,0.8075295090675354,0.9318284392356873,0.7124887704849243,0.8075295090675354
977,یک دانشمند که بر روی طراحی یک بسته جدید کار می‌کند، می‌خواهد از ماده‌ای استفاده کند که قابل بازیافت بسیار بالا، قابل تجزیه زیستی و ارزان باشد. بهترین ماده برای طراحی بسته چیست؟,"['آلومینیوم.', 'کارتن.', 'پلاستیک.', 'شیشه.']",B,ماده‌ای که بسیار قابل بازیافت، تجزیه‌پذیر و ارزان است، کارتن گزینه مناسبی است.,A,0.8255634307861328,B,0.9563972353935242,False,True,True,True,[0.82556343 0.14318149 0.00929743 0.02195759],[4.2350739e-02 9.5639724e-01 5.6750019e-04 6.8453589e-04],0.769364058971405,0.14318149,0.95639724,0.81321575,0.7468900680541992,0.5416707992553711,0.6279386281967163,0.7468900680541992,0.5416707992553711,0.6279386281967163
978,کشیده شدن باد منجر به کدام ویژگی از جریانات سطح اقیانوس می‌شود؟,"['حرکت آب به دور از استوا', 'تغییرات دوره\u200cای در ارتفاع جزر و مدهای بالا', 'کاهش سرعت با فاصله از قطب\u200cهای زمین', 'انحراف آب به سمت جهت جریان هوا']",D,اثر کوریولیس باعث انحراف آب به سمت راست در نیمکره شمالی و چپ در نیمکره جنوبی می‌شود که منجر به تفاوت جهت حرکت آب با جهت وزش باد می‌گردد.,B,0.6987219452857971,A,0.2813877761363983,False,False,False,False,[0.15651613 0.69872195 0.02381574 0.1209463 ],[0.67238253 0.04315221 0.00307747 0.28138778],0.8060514330863953,0.1209463,0.28138778,0.1604414799999999,0.8779779076576233,0.7714107632637024,0.8212516903877258,0.8773408532142639,0.7675195932388306,0.8187640309333801
979,سوال: هنگامی که یک یخچال طبیعی ذوب و عقب‌نشینی می‌کند، لایه‌ای از سنگ‌پایه نمایان می‌شود. کدام اصطلاح بهترین توصیف را از فرآیندی که یک جامعه را بر روی سنگ‌پایه ایجاد می‌کند ارائه می‌دهد؟,"['الف) اختلال', 'ب) جانشینی', 'ج) هواخوری', 'د) تثبیت']",B,فرآیند ایجاد جامعه جدید بر روی سنگ‌پایه پس از ذوب یخچال، جانشینی نام دارد.,D,0.3874901235103607,B,0.9752378463745116,False,True,True,True,[0.07570755 0.23502465 0.3017776  0.38749012],[0.00662264 0.97523785 0.00850364 0.00963588],0.7541168332099915,0.23502465,0.97523785,0.7402131999999999,0.6631598472595215,0.5400072932243347,0.5952807664871216,0.6631598472595215,0.5400073528289795,0.5952808856964111
980,زمین در یک روز چند بار به دور محور خود می چرخد؟,"['یک بار', 'دو بار', '24 بار', '365 بار']",A,زمین در ۲۴ ساعت [MASK] به دور محور خود می‌چرخد و این حرکت باعث ایجاد روز و شب می‌شود.,B,0.6237889528274536,B,0.2583935558795929,False,False,False,False,[0.15771854 0.62378895 0.12283133 0.09566114],[0.25839356 0.7023865  0.02441283 0.01480713],0.8897446990013123,0.15771854,0.25839356,0.10067502,0.941913366317749,0.7570346593856812,0.8394147753715515,0.9362792372703552,0.7458316683769226,0.830274224281311
981,از اطلاعات استفاده کنید تا به سؤال پاسخ دهید. طی 150 سال گذشته، استفاده از سوخت‌های فسیلی افزایش یافته و منجر به افزایش دی‌اکسید کربن و سایر گازهای گلخانه‌ای در جو شده است. برخی از دانشمندان فکر می‌کنند که این گازهای جوی منجر به گرمایش جهانی خواهند شد. دانشمندان داده‌هایی را در مورد تغییرات دمای جهانی ثبت کرده‌اند و تغییرات ممکن در سطح دریا را پیش‌بینی کرده‌اند که ممکن است بر ساکنان مریلند تأثیر بگذارد. کدام‌یک از نتایج گرمایش جهانی بیشتر به ساکنان ساحلی مریلند آسیب خواهد زد؟,"['از دست دادن زمین\u200cهای ساحلی', 'فرسایش کوه\u200cها', 'کاهش در دمای متوسط', 'افزایش در اندازه یخچال\u200cهای قطبی']",A,افزایش سطح آب دریا منجر به [MASK] و تخریب زیرساخت‌ها می‌شود که می‌تواند زندگی و معیشت ساکنان ساحلی مریلند را تحت تأثیر قرار دهد.,A,0.9949068427085876,A,0.9981511235237122,True,True,True,True,[9.9490684e-01 1.7032393e-03 9.1167830e-04 2.4781986e-03],[9.9815112e-01 1.3399381e-03 3.7208738e-04 1.3688329e-04],0.906008243560791,0.99490684,0.99815112,0.0032442799999999,0.7968159914016724,0.6211375594139099,0.6980938911437988,0.7800017595291138,0.6097466945648193,0.6844454407691956
982,علماء یک فسیل از یک فیل را در ساوانای آفریقا پیدا کردند. این فسیل دارای دندان‌های نازک‌تری است و از گونه‌های فیل فعلی در این ناحیه بسیار بزرگتر است. این فسیل فیل احتمالاً نشان‌دهندهٔ چه چیزی است؟,"['رژیم غذایی فیل\u200cهای اولیه.', 'اینکه فیل\u200cها به صورت گروهی سفر می\u200cکنند.', 'عملکرد خرطوم فیل.', 'اینکه تغییرات فیزیکی در فیل\u200cها در طول زمان رخ داده است.']",D,نشان‌دهنده تغییرات فیزیکی فیل‌ها در طول زمان است.,D,0.7874565124511719,D,0.9739885926246644,True,True,True,True,[0.19948943 0.00319935 0.0098547  0.7874565 ],[2.5753926e-02 2.0287547e-04 5.4603192e-05 9.7398859e-01],0.6105872988700867,0.7874565,0.97398859,0.18653209,0.8076807260513306,0.6025118827819824,0.6901713013648987,0.8076807260513306,0.6025118827819824,0.6901713013648987
983,هنگامی که یک هواپیما در آسمان اوج می‌گیرد، خلبان متوجه تشکیل بلورهای یخ بر روی شیشه جلو می‌شود. این پدیده به دلیل چیست؟,"['طوفان\u200cهای برفی در ارتفاعات بالاتر بیشتر رخ می\u200cدهند.', 'اصطکاک با جو باعث ایجاد یخ می\u200cشود.', 'آب در ارتفاعات بالاتر سریع\u200cتر تبخیر می\u200cشود و به بلورهای یخ تبدیل می\u200cشود.', 'رطوبت در سطح خارجی هواپیما به دلیل هوای سردتر در ارتفاعات بالاتر یخ می\u200cزند.']",D,کاهش دمای هوا در ارتفاعات بالا باعث یخ زدن رطوبت موجود در سطح خارجی هواپیما می‌شود و بلورهای یخ تشکیل می‌دهد.,B,0.358048677444458,D,0.5362787842750549,False,True,True,True,[0.07989146 0.35804868 0.31597686 0.24608302],[0.1072625  0.20039274 0.15606602 0.5362788 ],0.91812264919281,0.24608302,0.5362788,0.29019578,0.8040794134140015,0.6601783037185669,0.7250578999519348,0.8040794134140015,0.6601783037185669,0.7250578999519348
984,بارش‌های سنگین باعث سیلاب در یک دره می‌شود. کدام حیوانات احتمالاً بیشتر از همه رشد خواهند کرد؟,"['شنگول\u200cها', 'لاله\u200cهای آبی', 'گوزن\u200cها', 'موش\u200cها']",B,سیلاب شرایط رشد گیاهانی را که در مناطق مرطوب و نزدیک به آب رشد می‌کنند بهبود می‌بخشد، بنابراین گیاهانی با نیاز آبی بالا رشد بیشتری خواهند داشت.,A,0.690374493598938,B,0.914984166622162,False,True,True,True,[0.6903745  0.19779561 0.01839786 0.09343202],[0.07481366 0.91498417 0.00541948 0.00478268],0.8059204816818237,0.19779561,0.91498417,0.71718856,0.7776926755905151,0.6564449071884155,0.7119434475898743,0.776179850101471,0.6504390239715576,0.7077681422233582
985,زیست‌شناسان در حال مطالعه جمعیت گوزن‌های دم‌سفید در اوهایو هستند. کدام سوال را زیست‌شناسان احتمالاً می‌توانند پاسخ دهند؟,"['این جمعیت گوزن چقدر سریع رشد می\u200cکند؟', 'چه نسبتی از مردم از تماشای گوزن\u200cها لذت می\u200cبرند؟', 'آیا این جمعیت گوزن به ایالت\u200cهای گرم\u200cتر علاقه دارد؟', 'آیا مردم باید گوزن\u200cها را به عنوان حیوان خانگی پرورش دهند؟']",A,زیست‌شناسان احتمالاً می‌توانند به رشد جمعیت گوزن‌ها پی ببرند زیرا موضوع مطالعه آنهاست و با داده‌ها و تحلیل‌های آماری قابل پاسخ است.,A,0.8646994829177856,A,0.9961318969726562,True,True,True,True,[0.8646995  0.01414132 0.11656812 0.00459101],[9.9613190e-01 1.3017936e-03 1.6715360e-03 8.9470873e-04],0.7973486185073853,0.8646995,0.9961319,0.1314324,0.6632673144340515,0.5673058032989502,0.6115449070930481,0.6636167168617249,0.5678393840789795,0.61200350522995
986,کدام‌یک از این‌ها ظرفیت بیشتری برای ذخیره‌سازی انرژی حرارتی از خورشید دارد؟,"['هوا', 'زمین', 'اقیانوس\u200cها', 'گیاهان']",C,[MASK] به دلیل وسعت و عمق زیاد، انرژی حرارتی خورشید را بیشتر ذخیره می‌کنند.,B,0.4400754272937774,B,0.0065815667621791,False,False,False,False,[0.23555541 0.44007543 0.30245912 0.02191006],[0.02949654 0.9616474  0.00658157 0.00227453],0.8409962058067322,0.30245912,0.00658157,-0.29587755,0.8092101812362671,0.6629562377929688,0.7288183569908142,0.8008409142494202,0.656805694103241,0.7217069864273071
987,کدام مکانیزم نمونه‌ای از مکانیزم بازخورد منفی در بدن انسان نیست؟,"['انقباض عضلات', 'تنظیم فشار خون', 'تنظیم دمای بدن', 'نگهداری سطح قند خون']",A,مکانیزم بازخورد منفی به مکانیزم‌هایی اطلاق می‌شود که تغییر در یک متغیر فیزیولوژیک را به حالت طبیعی برمی‌گردانند. [MASK] یک پاسخ فیزیولوژیک است، نه مکانیزم بازخورد.,A,0.6569967269897461,A,0.8708756566047668,True,True,True,True,[0.6569967  0.31034327 0.00718542 0.02547453],[0.87087566 0.10401127 0.00190503 0.02320805],0.8924056887626648,0.6569967,0.87087566,0.21387896,0.8473090529441833,0.6941102743148804,0.7630966305732727,0.8367017507553101,0.6877601742744446,0.7549550533294678
988,آیا مردم ممکن است درختان افتاده را از جنگل‌ها برای کاهش خطر آتش‌سوزی بردارند؟ اکنون برداشتن درختان تأثیری بر سلامت جنگل دارد. کدامین تأثیر احتمالاً برداشتن درختان افتاده از جنگل‌ها بر سلامت جنگل خواهد داشت؟,"['افزایش خطر آتش\u200cسوزی در جنگل', 'افزایش منابع غذایی برای قارچ\u200cهای جنگلی', 'کاهش باروری خاک به دلیل جلوگیری از بازیافت مواد مغذی', 'کاهش پوشش گیاهی جنگل به دلیل افزایش نفوذ نور خورشید']",C,برداشتن درختان افتاده موجب کاهش باروری خاک می‌شود زیرا این درختان در چرخه بازیافت مواد مغذی نقش دارند.,A,0.979106068611145,C,0.9062439203262328,False,True,True,True,[0.97910607 0.01604363 0.00169099 0.00315918],[8.462373e-02 8.780995e-03 9.062439e-01 3.512840e-04],0.7138660550117493,0.00169099,0.9062439,0.90455291,0.8726348280906677,0.6433907151222229,0.7406802773475647,0.8726348280906677,0.6433907151222229,0.7406802773475647
989,کدام ویژگی بیشتر احتمال دارد که کودکان از والدین خود به ارث ببرند؟,"['شکل گوشواره\u200cها', 'توانایی موسیقی', 'شخصیت', 'زبان']",A,ویژگی‌های [MASK]ی تا حد زیادی تحت تأثیر ژنتیک هستند و از والدین به ارث می‌رسند.,A,0.470990389585495,C,0.1048190891742706,True,False,False,False,[0.4709904  0.03438602 0.4709904  0.02363314],[0.10481909 0.01582532 0.8742179  0.00513773],0.8111832737922668,0.4709904,0.10481909,-0.3661713099999999,0.8111924529075623,0.5974316596984863,0.6880927681922913,0.7985134720802307,0.5864078998565674,0.6762183308601379
990,کدام زوج از سیستم‌های بدن انسان نزدیک‌ترین همکاری را دارند؟,"['سیستم عصبی و ادراری', 'سیستم گوارش و ماهیچه\u200cای', 'سیستم استخوانی و گردش خون', 'سیستم تنفسی و قلبی-عروقی']",D,سیستم‌های تنفسی و قلبی-عروقی به طور مستقیم با هم همکاری می‌کنند تا اکسیژن را به سراسر بدن برسانند و دی‌اکسید کربن را دفع کنند.,D,0.6655611991882324,D,0.9967871904373168,True,True,True,True,[0.21607608 0.04821309 0.07014963 0.6655612 ],[2.7671517e-03 1.8830704e-04 2.5738520e-04 9.9678719e-01],0.9127121567726136,0.6655612,0.99678719,0.3312259900000001,0.8598805665969849,0.7233477234840393,0.7857270240783691,0.8591950535774231,0.7235831022262573,0.7855794429779053
991,کدام فعالیت مثالی از یک تغییر شیمیایی است؟,"['حل شدن شکر در آب', 'تبخیر آب در هوا', 'روشن کردن یک کبریت', 'یخ زدن آب']",C,روشن کردن کبریت منجر به واکنش شیمیایی با اکسیژن و تغییر در ترکیب مواد می‌شود و گرما و نور تولید می‌کند.,A,0.8644523024559021,C,0.995765209197998,False,True,True,True,[0.8644523  0.00852459 0.10385083 0.02317225],[4.0220539e-03 1.2928872e-04 9.9576521e-01 8.3475075e-05],0.7329617738723755,0.10385083,0.99576521,0.89191438,0.8050051927566528,0.6643264293670654,0.7279312610626221,0.8050668239593506,0.6637269258499146,0.7275964617729187
992,کدام یک از موارد زیر نمونه‌ای از تشکیل یک مخلوط است؟,"['زنگ زدن بر روی میخ آهنی', 'حل شدن بلورهای شکر در آب', 'تشکیل نمک طعام توسط سدیم و کلر', 'واکنش هیدروژن و اکسیژن برای تولید آب']",B,بلورهای شکر در آب حل می‌شوند بدون تغییر شیمیایی.,B,0.9486901760101318,B,0.994728982448578,True,True,True,True,[0.04704836 0.9486902  0.0012538  0.0030077 ],[4.6608094e-03 9.9472898e-01 2.3941403e-04 3.7081167e-04],0.6008321642875671,0.9486902,0.99472898,0.0460387799999999,0.7737075090408325,0.5683469772338867,0.6553151607513428,0.7740175724029541,0.565234363079071,0.6533517837524414
993,پرندگانی مانند مرغابی دارای پرهایی هستند که با روغن طبیعی پوشانده شده است و این روغن آنها را خشک نگه می‌دارد. این ویژگی خاصی است که مرغابی‌ها دارند و به آنها کمک می‌کند تا,"['جوجه\u200cهای خود را تغذیه کنند', 'به محیط خود سازگار شوند', 'مادیانی را جلب کنند', 'به دنبال غذا بگردند']",B,این ویژگی به مرغابی‌ها کمک می‌کند تا در محیط آبی خود به خوبی سازگار شوند و راحت زندگی کنند.,B,0.4511587619781494,B,0.9961930513381958,True,True,True,True,[0.21311231 0.45115876 0.02565226 0.3100766 ],[2.7709091e-03 9.9619305e-01 2.4211933e-04 7.9387875e-04],0.7205110788345337,0.45115876,0.99619305,0.54503429,0.9211298823356628,0.7141968607902527,0.8045707941055298,0.9211298823356628,0.7141968607902527,0.8045707941055298
994,کدام یک از ویژگی‌های زیر خاصیت شیمیایی ماده است؟,"['چگالی', 'نقطه جوش', 'شتاب احتراق', 'شکل']",C,ویژگی شیمیایی ماده مربوط به تغییر ترکیب آن است، مانند واکنشی که با اکسیژن انجام می‌دهد.,B,0.9957029223442078,C,0.9335960745811462,False,True,True,True,[3.6263063e-03 9.9570292e-01 2.8850714e-04 3.8220987e-04],[0.03662616 0.02852448 0.9335961  0.00125328],0.7074916958808899,0.00028850714,0.9335961,0.93330759286,0.6407343745231628,0.5194072723388672,0.5737265944480896,0.6450647115707397,0.5152305364608765,0.5728836059570312
995,عمل اصلی دستگاه گوارش انسان چیست؟,"['شکستن غذاها برای جذب در خون', 'تعویض اکسیژن و دی\u200cاکسید کربن در ریه\u200cها', 'آزاد کردن انرژی از قندها درون سلول\u200cها', 'انتقال مواد مغذی به تمام بخش\u200cهای بدن']",A,شکستن مولکول‌های غذایی به مولکول‌های کوچکتر برای جذب در خون.,C,0.8797985315322876,C,0.0370545499026775,False,False,False,False,[0.07264266 0.00867593 0.87979853 0.03888281],[3.7054550e-02 2.6842223e-03 9.5938969e-01 8.7143946e-04],0.5421632528305054,0.07264266,0.03705455,-0.03558811,0.7532733082771301,0.5051071643829346,0.6047197580337524,0.7532733082771301,0.5051071643829346,0.6047197580337524
996,دانش‌آموزان درباره‌ی انواع مختلف امواج در حال یادگیری هستند. کمترین احتمال برای تولید یک موج توسط دانش‌آموزان کدام است؟,"['با پرتاب یک توپ به هوا', 'با لرزاندن انتهای یک طناب', 'با پرتاب یک سنگ ریزه به داخل استخر آب', 'با کشیدن یک اسباب بازی فنری']",A,پرتاب توپ به هوا بیشتر به صورت حرکت سهمی دیده می‌شود تا تولید موج.,A,0.6934670209884644,A,0.8687824606895447,True,True,True,True,[0.693467   0.25511226 0.01260245 0.03881828],[0.86878246 0.10457508 0.0141527  0.01248971],0.7023748159408569,0.693467,0.86878246,0.1753154600000001,0.6946859359741211,0.5363898277282715,0.605360746383667,0.6983246207237244,0.5220261812210083,0.5974408984184265
997,کدام یک از این حیوانات بیشتر احتمال دارد که در کف جنگل‌های ویرجینیا زندگی کند و از آن غذا بخورد؟,"['خفاش', 'ماهی قزل آلا', 'موش گوزنی', 'عقاب طلایی']",C,حیوانی که در کف جنگل‌های ویرجینیا زندگی و تغذیه می‌کند، احتمالاً یک جونده کوچک است که از گیاهان و مواد آلی تغذیه می‌کند.,A,0.6260790228843689,A,0.2665236890316009,False,False,False,False,[0.626079   0.09638811 0.20246567 0.07506713],[0.5642307  0.110239   0.2665237  0.05900668],0.8101202249526978,0.20246567,0.2665237,0.0640580299999999,0.8572236895561218,0.6956645846366882,0.7680400609970093,0.8564950227737427,0.70375657081604,0.7726497650146484
998,از بین این پروژه‌های تحقیقاتی، کدام یک بهترین انتخاب برای دانشجویی است که به مسائل زیست‌محیطی علاقه‌مند است؟,"['متحمل کردن خودروها به سوخت کمتر', 'پیدا کردن مکان\u200cهای بیشتر برای معادن مس', 'بزرگتر و سریع\u200cتر کردن کشتی\u200cهای اقیانوس\u200cپیما', 'جایگزینی کارگران انسانی با ربات\u200cها']",A,کاهش مصرف سوخت خودروها به کاهش گازهای گلخانه‌ای و آلودگی هوا کمک می‌کند.,A,0.9711995720863342,A,0.9961789846420288,True,True,True,True,[0.9711996  0.01066336 0.01369202 0.00444515],[9.9617898e-01 1.9457465e-03 1.5153489e-03 3.5992690e-04],0.7721784710884094,0.9711996,0.99617898,0.0249793799999999,0.8668588399887085,0.586982250213623,0.6999812126159668,0.8714278936386108,0.5958445072174072,0.7077561616897583
999,تغییرات باید در نظریه علمی هنگامی انجام شود که,"['حمایت عمومی از نظریه کاهش یابد.', 'نظریه بیش از ۱۰۰ سال قدمت داشته باشد.', 'تکنولوژی جدید اطلاعات به\u200cروز را ارائه دهد.', 'با افزودن داده\u200cها می\u200cتوان به سود مالی دست یافت.']",C,فناوری جدید اطلاعات دقیق و به روزتری را ارائه دهد.,C,0.7994611859321594,C,0.8994017839431763,True,True,True,True,[0.1783839  0.01851003 0.7994612  0.00364484],[9.4796248e-02 5.4322579e-03 8.9940178e-01 3.6966978e-04],0.5632394552230835,0.7994612,0.89940178,0.09994058,0.7128185033798218,0.5300465226173401,0.6079935431480408,0.7128186225891113,0.5300465822219849,0.6079936623573303
1000,"دانش‌آموزان دیدند که یک پرنده هر چند دقیقه به یک بوته بزرگ پرواز می‌کند و برمی‌گردد. دانش‌آموزان به معلم خود گفتند: ""پرنده در آن بوته لانه دارد."" این جمله مثالی است از","['الف) یک استنتاج که از مشاهدات به دست آمده است.', 'ب) یک مشاهده که از پیش\u200cبینی\u200cها به وجود آمده است.', 'ج) یک پیش\u200cبینی که از نمونه\u200cهای داده استخراج شده است.', 'د) یک نتیجه که از استنتاج به دست آمده است.']",A,نتیجه‌گیری درباره لانه پرنده در بوته، حاصل استنتاج از مشاهدات رفتاری پرنده است.,A,0.9181082248687744,A,0.9989489912986756,True,True,True,True,[0.9181082  0.00788138 0.04606842 0.02794191],[9.9894899e-01 3.5119231e-04 1.5584065e-04 5.4393732e-04],0.8015962839126587,0.9181082,0.99894899,0.08084079,0.7410035133361816,0.6065598130226135,0.6670750975608826,0.7410035133361816,0.6065598130226135,0.6670750975608826
1001,یک معلم مدلی از یک اتم هیدروژن می‌سازد. یک توپ گلف قرمز به عنوان پروتون و یک توپ گلف سبز به عنوان الکترون استفاده می‌شود. کدام یک در مورد این مدل نادرست است؟,"['تعداد ذرات', 'جرم نسبی ذرات', 'نوع ذرات موجود', 'بارهای ذرات موجود']",B,مدل ارائه شده، نوع ذرات را به درستی نشان می‌دهد، بنابراین گزینه مربوط به نوع ذرات نادرست است.,A,0.5229793190956116,B,0.4992914199829101,False,True,True,True,[0.5229793  0.3594381  0.05512161 0.06246097],[0.38884854 0.49929142 0.07597296 0.03588708],0.5382872223854065,0.3594381,0.49929142,0.13985332,0.6788554787635803,0.5037821531295776,0.5783601999282837,0.6784808039665222,0.5032989978790283,0.5779057741165161
1002,کدام‌یک از موارد زیر شباهتی بین امواج ایکس و امواج صداست؟,"['هر دو انرژی را منتقل می\u200cکنند.', 'هر دو به یک خلأ نیاز دارند.', 'هر دو سرعت یکسانی دارند.', 'هر دو فرکانس یکسانی دارند.']",A,هر دو نوع موج، انرژی را از یک نقطه به نقطه دیگر منتقل می‌کنند.,A,0.9546850919723512,A,0.999428927898407,True,True,True,True,[9.5468509e-01 4.1945938e-02 3.3042737e-04 3.0385535e-03],[9.9942893e-01 3.3955454e-04 7.1174494e-05 1.6039421e-04],0.736847460269928,0.95468509,0.99942893,0.0447438399999999,0.6307697892189026,0.552347719669342,0.5889596939086914,0.6307697296142578,0.552347719669342,0.5889596939086914
1003,منبع غذا و رشد برای یک قارچ چیست؟,"['موجودات در حال فساد', 'نور آفتاب', 'مواد معدنی در خاک', 'آب در خاک']",A,قارچ‌ها برای رشد و تغذیه به مواد آلی نیاز دارند که اغلب از [MASK] به دست می‌آید.,A,0.4032267034053802,C,0.317760020494461,True,False,False,False,[0.4032267  0.21583171 0.1904708  0.1904708 ],[0.31776002 0.06980261 0.4623381  0.1500992 ],0.819379985332489,0.4032267,0.31776002,-0.08546668,0.8908752202987671,0.675268292427063,0.7682307362556458,0.8669143319129944,0.6617813110351562,0.750584602355957
1004,زغال‌سنگ و خورشید از نظر منابع انرژی چگونه مقایسه می‌شوند؟,"['زغال\u200cسنگ تجدیدپذیر است و خورشید نیز تجدیدپذیر است.', 'زغال\u200cسنگ تجدیدپذیر است و خورشید غیرتجدیدپذیر است.', 'زغال\u200cسنگ غیرتجدیدپذیر است و خورشید تجدیدپذیر است.', 'زغال\u200cسنگ غیرتجدیدپذیر است و خورشید نیز غیرتجدیدپذیر است.']",C,زغال‌سنگ منبع انرژی غیرتجدیدپذیر و محدود است، در حالی که خورشید منبع انرژی تجدیدپذیر و همیشگی است.,C,0.9787417054176332,C,0.9916117191314696,True,True,True,True,[1.3778152e-02 7.3749134e-03 9.7874171e-01 1.0519749e-04],[7.4536707e-03 8.9021400e-04 9.9161172e-01 4.4321147e-05],0.9337664246559144,0.97874171,0.99161172,0.0128700099999999,0.8254873752593994,0.6504625082015991,0.7275972962379456,0.8254873752593994,0.6504625082015991,0.7275972962379456
1005,دور ریختن یک منبع، مانند کاغذ، مهم است زیرا,"['شرکت\u200cهای کاغذ نمی\u200cتوانند کاغذ کافی تولید کنند.', 'استفاده از کاغذ بازیافتی قطع درختان جدید را کاهش می\u200cدهد.', 'بیشتر کاغذها از گونه\u200cهای درختانی تهیه می\u200cشوند که در معرض خطر هستند.', 'کاغذ بازیافتی از کاغذی که بدون بازیافت تهیه می\u200cشود، ارزان\u200cتر است.']",B,بازیافت کاغذ به کاهش نیاز به قطع درختان کمک می‌کند و موجب حفظ منابع طبیعی و کاهش تخریب محیط زیست می‌شود.,D,0.8732072710990906,B,0.7948626279830933,False,True,True,True,[0.07209843 0.04955248 0.00514182 0.8732073 ],[0.07393374 0.7948626  0.10757296 0.02363064],0.9335506558418274,0.04955248,0.7948626,0.74531012,0.934024453163147,0.6963630318641663,0.7978718280792236,0.9340245723724365,0.696363091468811,0.7978718876838684
1006,قورباغهٔ آواز کوهستانی گونه‌ای در خطر انقراض در مریلند است. علاوه بر از دست دادن زیستگاه، چه عاملی بیشتر احتمال دارد که باعث کاهش جمعیت این قورباغه شده باشد؟,"['افزایش منبع غذایی', 'محل\u200cهای بیشتر برای تکثیر قورباغه\u200cها', 'حفظ تالاب\u200cهای بومی', 'سموم حل شده در آب']",D,کیفیت آب زیستگاه قورباغه‌ها به شدت تحت تأثیر عوامل خارجی است؛ ورود سموم به آب می‌تواند تأثیر زیادی بر کاهش جمعیت آن‌ها داشته باشد، به ویژه برای گونه‌های در خطر انقراض.,D,0.915206015110016,D,0.9682047367095948,True,True,True,True,[0.07490491 0.00894612 0.00094291 0.915206  ],[2.9581890e-02 1.4727956e-03 7.4056810e-04 9.6820474e-01],0.8562823534011841,0.915206,0.96820474,0.05299874,0.8352288603782654,0.7085387706756592,0.7666853666305542,0.836316704750061,0.707958459854126,0.7668030858039856
1007,در مطالعه لایه‌های رسوبی سنگ، یک زمین‌شناس منطقه‌ای را پیدا کرد که در آن سنگ‌های قدیمی‌تر بر روی سنگ‌های جوان‌تر قرار داشت. کدام‌یک بهتر توضیح می‌دهد که این چگونه اتفاق افتاد؟,"['فعالیت زلزله لایه\u200cهای سنگ را تا کرد.', 'بروز فوران\u200cهای آتشفشانی یک لایه سنگ را نابود کرد.', 'فرسایش چندین لایه سنگ را از بین برد.', 'هواشناسی لایه\u200cبندی سنگ\u200cها را تغییر داد.']",A,فعالیت‌های تکتونیکی مانند زلزله‌ها می‌توانند باعث تا خوردگی یا جابجایی لایه‌های سنگی شوند و سنگ‌های قدیمی‌تر را روی سنگ‌های جوان‌تر قرار دهند.,A,0.7133697867393494,A,0.9869458079338074,True,True,True,True,[0.7133698  0.18072075 0.03116017 0.07474936],[0.9869458  0.00849716 0.00101484 0.00354214],0.8268191814422607,0.7133698,0.9869458,0.2735759999999999,0.7957172989845276,0.6791561841964722,0.7328307032585144,0.7957172989845276,0.6791561841964722,0.7328307032585144
1008,جمعیت خرگوش‌ها در ده سال گذشته به طرز قابل توجهی افزایش یافته است. کدام یک از گزینه‌های زیر یک فرضیه منطقی برای این افزایش جمعیت است؟,"['رقابت برای غذا در میان خرگوش\u200cها افزایش یافته است.', 'مخاطره اصلی خرگوش\u200cها به دلیل توسعه انسانی از بین رفته است.', 'شرایط جوی غیرعادی سطح آب حوضچه\u200cهای محلی را کاهش داده است.', 'یک موجود که به منابع غذایی مشابهی وابسته است، به این منطقه مهاجرت کرده است.']",B,کاهش مخاطراتی که پیش از این جمعیت خرگوش‌ها را تهدید می‌کرد، مانند توسعه انسانی که شکارگران طبیعی را از بین برده است، می‌تواند فرضیه‌ای منطقی برای افزایش جمعیت باشد.,B,0.7293047904968262,B,0.994387149810791,True,True,True,True,[0.20894933 0.7293048  0.03659473 0.02515117],[5.2384874e-03 9.9438715e-01 2.1621821e-04 1.5818862e-04],0.9127585887908936,0.7293048,0.99438715,0.26508235,0.818423867225647,0.6819339990615845,0.7439705729484558,0.8177413940429688,0.6791859269142151,0.742051362991333
1009,کار نیوتن در فیزیک به ارائه توضیحات ریاضی برای نتایج اولیه کدام دانشمند کمک کرد؟,"['بطلمیوس', 'ارسطو', 'نیکلاس کپرنیک', 'دیمیتری مندل لیف']",C,قوانین حرکت و گرانش نیوتن، توضیحات ریاضی دقیقی برای مدل خورشید مرکزی کپرنیک فراهم کرد و حرکت سیارات را تفسیر نمود.,A,0.8947579264640808,C,0.556243896484375,False,True,True,True,[0.8947579  0.00784774 0.00327142 0.09412278],[0.4315143  0.00201398 0.5562439  0.01022784],0.8604164123535156,0.00327142,0.5562439,0.55297248,0.7730828523635864,0.6180130243301392,0.6869049072265625,0.7734321355819702,0.6177165508270264,0.6868594884872437
1010,کدامیک از این ابزارها بهترین گزینه برای استفاده در هنگام مشاهده حشرات در زمینه است؟,"['قطب\u200cنما', 'لنز دستی', 'میکروسکوپ', 'ترمومتر']",B,برای مشاهده جزئیات حشرات، ابزاری با قابلیت بزرگنمایی مناسب است. گزینه‌ای که تصاویر را به راحتی بزرگنمایی می‌کند.,C,0.732073962688446,C,0.0040096468292176,False,False,False,False,[0.16334778 0.09907544 0.73207396 0.0055028 ],[1.3995042e-02 4.0096468e-03 9.8112822e-01 8.6714688e-04],0.9311231970787048,0.09907544,0.0040096468,-0.0950657932,0.7344565391540527,0.6192160844802856,0.6719310283660889,0.7385088205337524,0.6245744824409485,0.6767799854278564
1011,کدام یک از موارد زیر عملکرد نورون‌های حرکتی در سیستم عصبی است؟,"['اعمال نیروی مستقیم به سیستم اسکلتی', 'جمع\u200cآوری اطلاعات درباره محرک\u200cها', 'انتقال پیام\u200cها از مغز به بدن', 'کنترل مستقیم عملکرد عضلات']",D,نورون‌های حرکتی مسئول کنترل و هدایت حرکت عضلات هستند و باعث حرکت و انقباض عضلات می‌شوند.,A,0.683992326259613,A,0.131891131401062,False,False,False,False,[0.6839923  0.04372616 0.02065478 0.25162673],[0.8566852  0.00744079 0.00398277 0.13189113],0.9003416895866394,0.25162673,0.13189113,-0.1197356,0.9546091556549072,0.6950236558914185,0.8043922781944275,0.9568049311637878,0.7066255807876587,0.8129017949104309
1012,حضور دماهای بالا در طول شکل‌گیری سوخت‌های فسیلی منجر به درصد بالاتری از کدام محصول می‌شود؟,"['قیر', 'زغال\u200cسنگ', 'نفت خام', 'گاز طبیعی']",D,دماهای بالا در شکل‌گیری سوخت‌های فسیلی منجر به تولید محصولاتی با وزن مولکولی بالاتر مانند [MASK] می‌شود.,C,0.8022146224975586,C,0.0098975328728556,False,False,False,False,[0.10856794 0.05811223 0.8022146  0.03110524],[0.09244931 0.36564413 0.53200907 0.00989753],0.8424431085586548,0.03110524,0.00989753,-0.0212077099999999,0.8470583558082581,0.6573300957679749,0.7402303218841553,0.854831337928772,0.6542257070541382,0.7411947846412659
1013,پیش‌بینی آسمانی می‌گوید که طوفان برفی شدیدی امروز دیرتر می‌آید. کدام مشاهده آب و هوایی احتمالاً درست قبل از بارش برف است؟,"['آسمان صاف', 'ابرهای ضخیم خاکستری', 'ابرهای کوچک سفید', 'دمای گرم']",B,آسمان با ابرهای ضخیم و خاکستری نشان‌دهنده نزدیک شدن طوفان‌های شدید است.,B,0.8405863642692566,B,0.9974789023399352,True,True,True,True,[0.14550252 0.84058636 0.00944815 0.00446299],[2.1819763e-03 9.9747890e-01 1.4848534e-04 1.9065896e-04],0.7383599281311035,0.84058636,0.9974789,0.1568925399999999,0.6390578746795654,0.5396503210067749,0.5851622819900513,0.6396400928497314,0.5373353958129883,0.5840415358543396
1014,چرا نگاه کردن به ماه ایمن‌تر از نگاه کردن به خورشید است؟,"['الف) ماه کم نورتر است.', 'ب) ماه به زمین نزدیک\u200cتر است.', 'ج) ماه عمدتاً در شب می\u200cدرخشد.', 'د) ماه تنها یک بار در ماه کامل می\u200cشود.']",A,ماه نور بسیار کمتری نسبت به خورشید دارد و به همین دلیل نگاه کردن به آن خطر کمتری برای چشم دارد.,A,0.49962317943573,A,0.970695734024048,True,True,True,True,[0.49962318 0.30303678 0.14426713 0.05307291],[0.97069573 0.00348723 0.0200676  0.00574947],0.8022671937942505,0.49962318,0.97069573,0.47107255,0.6764618158340454,0.6381903886795044,0.6567690372467041,0.6764618158340454,0.6381903886795044,0.6567690372467041
1015,هنگام جمع‌آوری گل‌های وحشی، یک دانش‌آموز شروع به عطسه کردن می‌کند و چشم‌هایش خارش و آب‌ریزش دارد. کدام سیستم بدنی این واکنش را ایجاد می‌کند؟,"['الف) ایمنی', 'ب) عصبی', 'پ) عضلانی', 'ت) گردش خون']",A,سیستم ایمنی بدن با شناسایی عوامل خارجی مانند گرده‌های گل، مواد شیمیایی مانند هیستامین را آزاد می‌کند و باعث ایجاد علائمی مانند عطسه و خارش می‌شود.,A,0.8285238146781921,A,0.9945584535598756,True,True,True,True,[0.8285238  0.14482193 0.00148792 0.02516628],[9.9455845e-01 4.0171798e-03 2.7337251e-04 1.1509414e-03],0.6861084699630737,0.8285238,0.99455845,0.1660346499999999,0.8674164414405823,0.7114241719245911,0.781714141368866,0.8674163818359375,0.7114241719245911,0.781714141368866
1016,یک دانش آموز آب را در یک سینی پلاستیکی ریخت. سپس دانش آموز سینی را در فریزر قرار داد. کدام ویژگی آب تغییر کرد وقتی آب یخ زد؟,"['آب به گاز تبدیل شد.', 'جرم آب افزایش یافت.', 'آب شکل مشخصی به خود گرفت.', 'طعم آب تغییر کرد.']",C,آب هنگام یخ زدن، شکل مشخصی متناسب با ظرفی که در آن قرار دارد، به خود می‌گیرد.,A,0.9539384245872498,C,0.8493102788925171,False,True,True,True,[0.9539384  0.00181653 0.03706052 0.00718451],[0.14816564 0.00126201 0.8493103  0.00126201],0.7920028567314148,0.03706052,0.8493103,0.8122497799999999,0.867922842502594,0.7032979726791382,0.7769860625267029,0.8679227828979492,0.7032978534698486,0.7769860625267029
1017,سوال: فرض کنید یک سوخت جدید برای خودروها از زغال‌سنگ گرفته شده است. خودروها با یک مخزن سوخت جدید به فاصله‌ی دو برابر آنچه با همان مقدار بنزین می‌توانند بروند، حرکت می‌کنند. چگونه این سوخت جدید را دسته‌بندی می‌کنید؟,"['الف) این یک سوخت فسیلی تجدیدپذیر است.', 'ب) این یک سوخت فسیلی غیراشکالی است.', 'ج) این یک سوخت زیست\u200cتوده تجدیدپذیر است.', 'د) این یک سوخت زیست\u200cتوده غیراشکالی است.']",B,"این سوخت از زغال‌سنگ فسیلی تهیه شده و تجدیدپذیر نیست. ویژگی ""غیراشکالی"" به معنای عدم تولید آلودگی است که در این مورد مرتبط با کیفیت سوخت است.",D,0.3033898174762726,B,0.5583770871162415,False,True,True,True,[0.26774058 0.26774058 0.16112912 0.30338982],[0.10909533 0.5583771  0.03597582 0.29655182],0.8570643067359924,0.26774058,0.5583771,0.2906365199999999,0.7823585867881775,0.6593869924545288,0.715628445148468,0.7823586463928223,0.6593871116638184,0.7156285047531128
1018,کدام یک از جملات بهترین توصیف را از نوترون ارائه می‌دهد؟,"['بار منفی دارد.', 'در اطراف هسته حرکت می\u200cکند.', 'به هسته جرم اضافه می\u200cکند.', 'بار مثبت دارد.']",C,نوترون‌ها بدون بار الکتریکی بوده و با داشتن جرم، به جرم هسته کمک می‌کنند.,B,0.8756131529808044,C,0.9851170778274536,False,True,True,True,[0.10437303 0.87561315 0.01412535 0.00588832],[8.5897790e-03 5.9036626e-03 9.8511708e-01 3.8938879e-04],0.5791701078414917,0.01412535,0.98511708,0.97099173,0.7876982092857361,0.6204493045806885,0.6941414475440979,0.7888861894607544,0.6266317367553711,0.6984597444534302
1019,دستگاه‌های باد برای تولید برق در بسیاری از نقاط ایالات متحده استفاده می‌شوند. یکی از مزایای دستگاه‌های باد این است که سوخت‌های فسیلی سوزانده نمی‌شوند. کدام یک از موارد زیر عیب دستگاه‌های باد است؟,"['الف) دستگاه\u200cهای باد می\u200cتوانند در صورت آسیب\u200cدیدگی تابش خطرناک منتشر کنند.', 'ب) مزارع توربین بادی باید در نزدیکی منابع آبی بزرگ قرار گیرند.', 'ج) دستگاه\u200cهای باد تا سال\u200cها پس از ساخت انرژی تولید نمی\u200cکنند.', 'د) مزارع توربین بادی به نسبت انرژی که تولید می\u200cکنند به مساحت زیادی نیاز دارند.']",D,دستگاه‌های باد برای تولید انرژی به فضای نسبتاً زیادی نیاز دارند زیرا توربین‌ها باید در فواصل مشخصی نصب شوند تا بازدهی کاهش نیابد.,A,0.9699904322624208,D,0.5448623895645142,False,True,True,True,[0.96999043 0.00398353 0.00310238 0.02292365],[0.42433926 0.00685881 0.02393958 0.5448624 ],0.8881893157958984,0.02292365,0.5448624,0.52193875,0.7942864298820496,0.6794356107711792,0.7323857545852661,0.7942864298820496,0.6794356107711792,0.7323857545852661
1020,کدام نوع نیرو نیاز به تماس بین دو جسم دارد تا یکی دیگری را بکشاند یا هل دهد؟,"['نیروهای اصطکاکی که توپ فوتبال در حال غلتیدن را کند می\u200cکنند', 'نیروهای مغناطیسی که گیره\u200cهای کاغذ را به یک الکترومغناطیس قوی می\u200cکشد', 'نیروهای مغناطیسی که دو آهنربا را از هم دور می\u200cکند', 'نیروی گرانش که بر قطرات باران که به زمین می\u200cافتند تأثیر می\u200cگذارد']",A,نیروهای اصطکاکی بین دو جسم در تماس ایجاد می‌شوند و باعث کند شدن حرکت می‌شوند.,A,0.994284212589264,A,0.9967915415763856,True,True,True,True,[9.9428421e-01 4.5552524e-03 5.4404727e-04 6.1648636e-04],[9.9679154e-01 1.9393526e-03 7.1344792e-04 5.5563380e-04],0.8143408298492432,0.99428421,0.99679154,0.00250733,0.883251428604126,0.6647857427597046,0.7586032152175903,0.8832514882087708,0.6647858023643494,0.7586032152175903
1021,کدام بخش از درخت کاج غذا تولید می کند؟,"['ریشه', 'سوزن', 'تنه', 'اجازه']",D,برگ‌های [MASK]ی شکل درخت کاج، غذای آن را از طریق فتوسنتز تولید می‌کنند.,A,0.6964039206504822,C,0.0046343537978827,False,False,False,False,[0.6964039  0.17676763 0.1214905  0.00533792],[0.10547742 0.41717124 0.47271696 0.00463435],0.8677797913551331,0.00533792,0.00463435,-0.00070357,0.7292736172676086,0.6428958773612976,0.6833660006523132,0.7431902289390564,0.6484355926513672,0.6925870180130005
1022,در گیاهان نخود، قد بلند بر قد کوتاه غالب است. وقتی دو گیاه کوتاه با هم پیوند می‌خورند، چه اندازه‌ای از گیاهان نخود به دست می‌آید؟,"['فقط گیاهان کوتاه', 'گیاهان کوتاه و بلند', 'فقط گیاهان بلند', 'گیاهان با اندازه متوسط']",A,گیاهان کوتاه تولیدمثل می کنند و تنها گیاهان کوتاه تولید می شود.,A,0.5435599088668823,A,0.5287604928016663,True,True,True,False,[0.5435599  0.3735829  0.00871746 0.0741398 ],[0.5287605  0.36341143 0.02674    0.08108805],0.5770309567451477,0.5435599,0.5287605,-0.0147994,0.6455510854721069,0.44913557171821594,0.5297223329544067,0.6455510854721069,0.44913557171821594,0.5297223329544067
1023,کدام نوع مخزن آب بیشترین حجم آب شیرین را شامل می‌شود؟,"['دریاچه\u200cها', 'رودها', 'صفحات یخی', 'آبخوان\u200cها']",C,بیشترین حجم آب شیرین زمین در قالب یخ در [MASK] ذخیره شده و به تدریج به منابع دیگر منتقل می‌شود.,A,0.9596874713897704,C,0.9781656861305236,False,True,True,True,[0.9596875  0.0174746  0.00303663 0.01980131],[2.0460406e-02 3.8664110e-04 9.7816569e-01 9.8732265e-04],0.8801147937774658,0.00303663,0.97816569,0.97512906,0.8491770625114441,0.7089847326278687,0.7727741599082947,0.8099302053451538,0.6922581791877747,0.7464852929115295
1024,کدام یک از این موارد بیشترین زمان را برای مشاهدۀ آن خواهد برد؟,"['یک چرخهٔ فاز ماه', 'یک چرخهٔ جزر و مد اقیانوس', 'تبدیل یک بلوط به درخت بالغ', 'تبدیل یک کرم به پروانه']",C,فرآیند [MASK] چندین سال طول می‌کشد که طولانی‌ترین زمان در بین گزینه‌ها است.,A,0.5587979555130005,B,0.0132315726950764,False,False,False,False,[0.55879796 0.4351923  0.00121285 0.00479693],[0.0592998  0.9203862  0.01323157 0.00708235],0.6707473993301392,0.00121285,0.01323157,0.01201872,0.6986665725708008,0.5605454444885254,0.6220308542251587,0.7015008926391602,0.5511277914047241,0.6172885298728943
1025,کدام قسمت گیاه مشابه تخم پرنده است؟,"['A) برگ', 'B) ریشه', 'C) دانه', 'D) ساقه']",C,ساختار حاوی جنین و مواد غذایی ذخیره‌ای در گیاهان، مشابه تخم پرنده است.,C,0.3527247905731201,C,0.8310559391975403,True,True,True,True,[0.27470234 0.06129438 0.3527248  0.31127852],[0.0529205  0.02877238 0.83105594 0.08725116],0.8298358917236328,0.3527248,0.83105594,0.47833114,0.8099852800369263,0.6897656917572021,0.7450571656227112,0.809985339641571,0.6897656917572021,0.7450571060180664
1026,کدام یک از جمله‌های زیر در مورد فتوسنتز و تنفس صحیح است؟,"['الف) فتوسنتز انرژی را ذخیره می\u200cکند و تنفس انرژی را آزاد می\u200cکند.', 'ب) تنفس انرژی را ذخیره می\u200cکند و فتوسنتز انرژی را آزاد می\u200cکند.', 'ج) فتوسنتز و تنفس یک فرآیند مشابه هستند.', 'د) فتوسنتز و تنفس هیچ ارتباطی با انرژی ندارند.']",A,فتوسنتز انرژی نور خورشید را به انرژی شیمیایی تبدیل و ذخیره می‌کند، در حالی که تنفس انرژی شیمیایی ذخیره شده را آزاد و به انرژی قابل استفاده تبدیل می‌کند.,A,0.8160051703453064,A,0.991131603717804,True,True,True,True,[0.8160052  0.07590031 0.08600631 0.02208825],[0.9911316  0.00527258 0.00110519 0.00249059],0.8250580430030823,0.8160052,0.9911316,0.1751264,0.8563549518585205,0.7067979574203491,0.7744218707084656,0.8563549518585205,0.7067979574203491,0.7744218707084656
1027,یک اتم به یک یون با بار -1 تبدیل می‌شود زیرا اتم,"['یک الکترون اضافه می\u200cکند.', 'یک الکترون از دست می\u200cدهد.', 'یک پروتون اضافه می\u200cکند.', 'یک پروتون از دست می\u200cدهد.']",A,الکترون اضافه کرده و تعداد الکترون‌ها نسبت به پروتون‌ها افزایش می‌یابد.,B,0.9868814945220948,A,0.9870314002037048,False,True,True,True,[1.2441216e-02 9.8688149e-01 1.9490653e-04 4.8239829e-04],[9.8703140e-01 1.2250193e-02 1.8028644e-04 5.3823594e-04],0.652667224407196,0.012441216,0.9870314,0.974590184,0.7910667657852173,0.5781446099281311,0.668050229549408,0.7910667657852173,0.5781446099281311,0.668050229549408
1028,هرگاه دانشمندان هر کمیتی را به دقت چندین بار اندازه‌گیری کنند، انتظار دارند که,"['تمامی اندازه\u200cگیری\u200cها دقیقا یکسان باشد', 'تنها دو تا از اندازه\u200cگیری\u200cها دقیقا یکسان باشد', 'تمام اندازه\u200cگیری\u200cها به جز یکی دقیقا یکسان باشد', 'بیشتر اندازه\u200cگیری\u200cها نزدیک به هم باشند اما دقیقا یکسان نباشند']",D,اندازه‌گیری‌های مکرر، نزدیک به هم هستند اما دقیقا یکسان نیستند.,D,0.9187690019607544,D,0.9603009223937988,True,True,True,True,[0.06629593 0.00188067 0.01305444 0.918769  ],[0.03752694 0.0011876  0.00098455 0.9603009 ],0.5708938241004944,0.918769,0.9603009,0.0415319,0.48022615909576416,0.4173847734928131,0.44660571217536926,0.4761044979095459,0.41468918323516846,0.4432797133922577
1029,کدام نوع انرژی را یک فرد برای رکاب زدن بر روی دوچرخه استفاده می‌کند؟,"['نور', 'صوت', 'مکانیکی', 'الکتریکی']",C,انرژی تبدیل شده از بدن فرد به حرکت دوچرخه تبدیل می‌شود.,C,0.997008979320526,C,0.9983351826667786,True,True,True,True,[2.4810107e-03 1.6364039e-04 9.9700898e-01 3.4642671e-04],[1.4834497e-03 5.5749897e-05 9.9833518e-01 1.2563434e-04],0.7197993397712708,0.99700898,0.99833518,0.0013261999999999,0.7463887929916382,0.530789852142334,0.620391845703125,0.7569581270217896,0.5423896908760071,0.6319574117660522
1030,در طول یک سخنرانی، یک استاد دربارهٔ پتانسیل هیدروژن برای انفجار در شرایط خاص صحبت می‌کرد. موضوع سخنرانی استاد احتمالاً چه بود؟,"['هدایت\u200cپذیری گازها', 'تغییرات فازی در ماده', 'خواص شیمیایی گازها', 'خواص فیزیکی عناصر']",C,بحث در مورد پتانسیل انفجار هیدروژن به واکنش‌های شیمیایی مربوط می‌شود.,B,0.7192786335945129,C,0.96545147895813,False,True,True,True,[0.26460782 0.71927863 0.01317405 0.00293953],[3.1034388e-02 3.3748329e-03 9.6545148e-01 1.3929600e-04],0.7707443237304688,0.01317405,0.96545148,0.95227743,0.7883836030960083,0.5981720685958862,0.680230975151062,0.7409471273422241,0.5782449841499329,0.6495625972747803
1031,یکی از علل اصلی باران اسیدی چیست؟,"['الف) اسیدهای زائد از کارخانه\u200cهای شیمیایی که به رودخانه\u200cها پمپ می\u200cشوند', 'ب) اسیدهای موجود در آزمایشگاه\u200cهای شیمیایی که به هوا تبخیر می\u200cشوند', 'ج) گازهای ناشی از سوختن زغال سنگ و نفت که در آب جو حل می\u200cشوند', 'د) گازهای ناشی از دستگاه\u200cهای تهویه مطبوع و یخچال\u200cهایی که به جو فرار می\u200cکنند']",C,ترکیبات گوگرد و نیتروژن در جو با آب و اکسیژن واکنش داده و اسیدهایی مانند سولفوریک و نیتریک را تشکیل می‌دهند که منجر به باران اسیدی می‌شود.,A,0.9915754199028016,A,0.1794056594371795,False,False,False,False,[0.9915754  0.0031192  0.00400513 0.00130028],[0.8040404  0.0087936  0.17940566 0.00776033],0.7738924622535706,0.00400513,0.17940566,0.17540053,0.8759281635284424,0.699410080909729,0.7777796387672424,0.8759281635284424,0.6994100213050842,0.7777795791625977
1032,گلبرگ‌های گل‌ها معمولاً رنگ‌های روشنی دارند. این گلبرگ‌ها برای گیاه مفید هستند زیرا آنها —,"['از انتخاب گرده توسط حشرات به گل\u200cهای دیگر جلوگیری می\u200cکنند', 'این گیاه را از شکارچیانی که ممکن است گل\u200cهای آن را بخورند پنهان می\u200cکنند', 'از آسیب به برگ\u200cها توسط پرندگان و حشرات محافظت می\u200cکنند', 'حشرات را جذب می\u200cکنند که می\u200cتوانند گرده مورد نیاز برای زاد و ولد گیاه را حمل کنند']",D,گلبرگ‌های رنگارنگ با جذب حشرات، به انتقال گرده و کمک به زاد و ولد گیاهان کمک می‌کنند.,A,0.456085741519928,D,0.8729143142700195,False,True,True,True,[0.45608574 0.18864526 0.07863905 0.27662998],[0.08056182 0.02036922 0.02615459 0.8729143 ],0.8914687037467957,0.27662998,0.8729143,0.5962843200000001,0.8348705172538757,0.6263918280601501,0.7157593369483948,0.8348705172538757,0.6263918280601501,0.7157593369483948
1033, traits وراثتی انسان ها به جز موارد زیر,"['موهای بلند', 'چشمان آبی', 'مژه\u200cهای بلند', 'چاله\u200cهای کوچک']",A,ویژگی‌های فیزیکی مانند [MASK]، [MASK] و [MASK] وراثتی هستند، اما [MASK] بیشتر تحت تأثیر عوامل محیطی و ژن‌های متعدد است.,A,0.4442338943481445,A,0.4516237676143646,True,True,True,True,[0.4442339  0.3459697  0.09835061 0.11144584],[0.45162377 0.27392367 0.21333195 0.06112063],0.7926590442657471,0.4442339,0.45162377,0.0073898699999999,0.8135550022125244,0.6409927606582642,0.7170378565788269,0.8016507029533386,0.621915876865387,0.7004369497299194
1034,مدیران شهری می‌توانند با چه اقداماتی از صرفه‌جویی در مصرف انرژی حمایت کنند؟,"['کاهش هزینه\u200cهای پارکینگ', 'ساخت پارکینگ\u200cهای بزرگ\u200cتر', 'کاهش هزینه بنزین', 'کاهش هزینه بلیت\u200cهای اتوبوس و مترو']",D,با کاهش هزینه‌های حمل و نقل عمومی، مردم به استفاده از آن ترغیب می‌شوند و در نتیجه مصرف انرژی کاهش می‌یابد.,A,0.77889084815979,A,0.0086037628352642,False,False,False,False,[0.77889085 0.03008313 0.05620269 0.13482325],[9.8961580e-01 1.4951096e-03 2.8534667e-04 8.6037628e-03],0.7597260475158691,0.13482325,0.0086037628,-0.1262194872,0.841206431388855,0.7134760618209839,0.7720941305160522,0.8399296402931213,0.7110680341720581,0.7701457142829895
1035,بهترین مثال از نیروهای متعادل چیست؟,"['خودروئی که سرعتش در حال افزایش است.', 'اتوبوسی که در گاراژ پارک شده است.', 'توپى که در یک سطح صاف شوت شده است.', 'سرسره\u200cای که در یک شیب در حال کاهش سرعت است.']",B,زمانی که نیروی خالص وارد بر جسمی صفر است، نیروهای متعادل وجود دارد؛ مانند جسمی که در حال سکون است و نیروهای وارد بر آن یکدیگر را خنثی می‌کنند.,B,0.9824963808059692,B,0.9910829067230223,True,True,True,True,[0.00742855 0.9824964  0.00841765 0.00165753],[3.5465870e-03 9.9108291e-01 4.5539076e-03 8.1647065e-04],0.8319122791290283,0.9824964,0.99108291,0.0085865099999999,0.8532039523124695,0.7256609201431274,0.7842808961868286,0.8532039523124695,0.7256609201431274,0.7842808961868286
1036,ویروس با چه ساختاری مشابهت دارد که در سلول پروکاریوتی نیز وجود دارد؟,"['دیوار سلولی', 'اسید نوکلئیک', 'ریبوزوم', 'کپسید']",B,[MASK]‌ها در سلول‌های پروکاریوتی و بسیاری از سلول‌ها وجود دارد و مسئول سنتز پروتئین هستند.,C,0.8124145865440369,C,0.0155026540160179,False,False,False,False,[0.09740885 0.085963   0.8124146  0.00421349],[1.7566808e-02 1.5502654e-02 9.6663761e-01 2.9295424e-04],0.7267982363700867,0.085963,0.015502654,-0.070460346,0.929489016532898,0.7343095541000366,0.8204510807991028,0.9251929521560669,0.7238311767578125,0.8122179508209229
1037,چه مقدار زمان برای یک دوچرخه لازم است تا فاصله 100 متری را با سرعت متوسط 2 متر بر ثانیه طی کند؟,"['0', '50 ثانیه', '100 ثانیه', '200 ثانیه']",B,با استفاده از فرمول زمان = فاصله / سرعت، زمان لازم برای طی کردن 1[MASK][MASK] متر با سرعت 2 متر بر ثانیه، 5[MASK] ثانیه است. با این حال، با توجه به گزینه‌ها، به نظر می‌رسد که زمان دو برابر شده است.,B,0.5444487929344177,B,0.6521403789520264,True,True,True,True,[0.0307157  0.5444488  0.05064163 0.37419382],[0.01969293 0.6521404  0.0882576  0.23990904],0.8703107833862305,0.5444488,0.6521404,0.1076916,0.8068732023239136,0.6400125622749329,0.7138213515281677,0.8119034767150879,0.6357275247573853,0.7130952477455139
1038,پرنده‌ای به تازگی از تخم خارج شده است. کدامیک از مراحل زیر به احتمال زیاد در زندگی پرنده بعدی خواهد بود؟,"['زایش', 'مرگ', 'رشد', 'تولید مثل']",C,پرنده پس از خروج از تخم به [MASK] نیاز دارد.,A,0.4771648645401001,A,0.0502399206161499,False,False,False,False,[0.47716486 0.2564076  0.01001998 0.2564076 ],[0.54013    0.28911078 0.05023992 0.1205193 ],0.6809711456298828,0.01001998,0.05023992,0.04021994,0.7191241383552551,0.5138237476348877,0.5993815064430237,0.6870113611221313,0.4929858446121216,0.5740469098091125
1039,کدام یک از موارد زیر دورترین نقطه از مرکز یک اتم را دارد؟,"['هسته', 'پروتون', 'نوترون', 'الکترون']",D,[MASK]‌ها در اطراف [MASK] چرخش می‌کنند و دورترین فاصله را از مرکز اتم دارند.,D,0.5771614909172058,D,0.5147150754928589,True,True,True,False,[0.34870136 0.0692019  0.00493525 0.5771615 ],[0.31219047 0.14746834 0.02562615 0.5147151 ],0.8962036967277527,0.5771615,0.5147151,-0.0624464,0.9101545214653015,0.7642464637756348,0.8308432102203369,0.888640284538269,0.7239498496055603,0.7978853583335876
1040,کدام یک از مزایای استفاده از منابع تجدیدپذیر است؟,"['آنها انرژی را مقرون به صرفه تر می کنند.', 'آنها برق را کمتر خطرناک می کنند.', 'آنها برای سال های زیادی در دسترس خواهند بود.', 'آنها تقاضا برای برق را کاهش خواهند داد.']",C,این منابع به دلیل پایداری و در دسترس بودن برای سال‌های طولانی، مزایای زیادی دارند و تمام نمی‌شوند.,A,0.9896690249443054,C,0.9667072296142578,False,True,True,True,[0.989669   0.0035973  0.00149958 0.00523404],[3.2566059e-02 3.9733350e-04 9.6670723e-01 3.2940102e-04],0.676193356513977,0.00149958,0.96670723,0.96520765,0.9428688287734985,0.6751725077629089,0.7868762612342834,0.9428688287734985,0.6751725077629089,0.7868762612342834
1041,کدامیک نمونه‌ای از هدایت گرما است؟,"['الف) بخاری فضایی روشن', 'ب) آب در حال جوشیدن روی اجاق', 'ج) تابش نور خورشید از طریق پنجره', 'د) قاشق فلزی که در ظرف سوپ داغ گرم می\u200cشود']",D,انتقال گرما از طریق تماس مستقیم بین ذرات یا مولکول‌ها، مانند گرم شدن قاشق فلزی در سوپ داغ.,C,0.3829619288444519,D,0.92721688747406,False,True,True,True,[0.26320565 0.123362   0.38296193 0.23047054],[0.04138061 0.01954682 0.01185574 0.9272169 ],0.8627905249595642,0.23047054,0.9272169,0.69674636,0.8172945976257324,0.7147013545036316,0.7625628113746643,0.8172945976257324,0.7147013545036316,0.7625628113746643
1042,کدامیک بیشتر شبیه به شیوه‌ای است که ساقه یک گل را پشتیبانی می‌کند؟,"['شیوه\u200cای که آب یک قایق را در حال عبور از یک رودخانه پشتیبانی می\u200cکند', 'شیوه\u200cای که تیرک پرچم یک پرچم را در حیاط مدرسه پشتیبانی می\u200cکند', 'شیوه\u200cای که پایه\u200cهای کتاب یک کتاب را روی قفسه پشتیبانی می\u200cکند', 'شیوه\u200cای که کمربند شلوار را بر روی کمر یک نفر پشتیبانی می\u200cکند']",B,تیرک پرچم همانند ساقه گل، به عنوان تکیه‌گاه عمودی برای نگه داشتن شيء متصل‌شده عمل می‌کند.,A,0.9258896112442015,A,0.025144362822175,False,False,False,False,[0.9258896  0.03604114 0.0318062  0.00626301],[0.95839375 0.02514436 0.01345881 0.00300307],0.839232325553894,0.03604114,0.02514436,-0.0108967799999999,0.7642261981964111,0.6674438118934631,0.7125637531280518,0.7642261981964111,0.6674438118934631,0.7125637531280518
1043,یک آزمایش برای تعیین کیفیت هوا در داخل یک ساختمان در حال انجام است. برای رسیدن به یک نتیجه، دانشمندان باید داده‌ها را جمع‌آوری کنند. کدام یک از گزینه‌های زیر می‌تواند منبع عالی برای جمع‌آوری داده‌ها باشد؟,"['مشاهده با چشم غیرمسلح', 'محاسبات جرم هوا', 'نمایش فشار هوا', 'اندازه\u200cگیری ذرات معلق در هوا']",D,[MASK] اطلاعات دقیقی در مورد کیفیت هوا ارائه می‌دهد.,A,0.8453840613365173,D,0.610874593257904,False,True,True,True,[8.4538406e-01 2.4075562e-02 3.8914519e-04 1.3015126e-01],[0.3269776  0.06048478 0.00166303 0.6108746 ],0.677410900592804,0.13015126,0.6108746,0.48072334,0.9186210036277771,0.6643142104148865,0.7710397243499756,0.9167126417160034,0.6498702764511108,0.7605652809143066
1044,مواد شوینده لباسشویی زمانی با غلظت‌های بالا از ترکیبات فسفر تولید می‌شدند. هنگامی که آب زائد حاوی این ترکیبات به دریاچه‌ها سرازیر می‌شد، فسفر به یک ماده مغذی برای جلبک‌ها تبدیل می‌شد. با افزایش جمعیت جلبک‌ها در دریاچه‌ها، جانشینی تسریع می‌شد. در طولانی‌مدت، در نتیجهٔ فسفر موجود در مواد شوینده، یک دریاچه به چه چیزی تبدیل خواهد شد؟,"['دره', 'بیابان', 'باتلاق', 'رودخانه']",C,افزایش فسفر در دریاچه‌ها منجر به رشد جلبک‌ها، کاهش اکسیژن و در نهایت تبدیل دریاچه به [MASK] می‌شود.,B,0.5850686430931091,B,0.2165925800800323,False,False,False,False,[0.35625094 0.58506864 0.04783813 0.01084222],[0.31514034 0.46212277 0.21659258 0.00614426],0.9257566332817078,0.04783813,0.21659258,0.16875445,0.893939733505249,0.7349435687065125,0.806681752204895,0.872853696346283,0.7204955816268921,0.7893903255462646
1045,کدامیک از موارد زیر نمونه‌ای از یک شکل انرژی است؟,"['هوای داخل یک شیشه در بسته', 'سیم در یک آویز فلزی', 'آب در یک برکه کوچک', 'صوت در یک کلاس پرصدا']",D,صوت در محیط منتشر می‌شود و در کلاس پرصدا به وضوح قابل شنیدن است.,A,0.5710018277168274,D,0.9590145945549012,False,True,True,True,[0.5710018  0.08790869 0.3044437  0.03664579],[0.0325603  0.00499328 0.00343183 0.9590146 ],0.7201833724975586,0.03664579,0.9590146,0.92236881,0.878329873085022,0.7030751705169678,0.7809914350509644,0.8793903589248657,0.7064113616943359,0.783466637134552
1046,باد به طور فزاینده‌ای به عنوان یک منبع انرژی رایج می‌شود. مزارع بادی به فضاهای باز بزرگ برای توربین‌های بادی نیاز دارند. یک پیامد منفی این فناوری این است که توربین‌های بادی,"['منبعی ارزان قیمت از انرژی هستند.', 'کمترین آلودگی را به محیط زیست وارد می\u200cکنند.', 'ممکن است به پرندگان در حال پرواز در این منطقه صدمه بزنند.', 'منبعی تجدیدپذیر از انرژی هستند.']",C,نصب توربین‌های بادی در مناطق باز می‌تواند به پرندگان در حال پرواز آسیب بزند و حتی منجر به مرگ آنها شود.,C,0.964716136455536,C,0.9658203125,True,True,True,True,[3.3139974e-02 6.8779814e-04 9.6471614e-01 1.4560687e-03],[3.3307757e-02 5.5545941e-04 9.6582031e-01 3.1649123e-04],0.9137415289878844,0.96471614,0.96582031,0.0011041699999999,0.9090739488601685,0.7239605188369751,0.8060253858566284,0.9090739488601685,0.7239605188369751,0.8060253858566284
1047,یک دانش‌آموز در حال مشاهده حشرات با استفاده از لنز بزرگ‌نمایی است. چه جنبه‌ای از حشرات را می‌توان به بهترین وجه با لنز بزرگ‌نمایی مشاهده کرد؟,"['رنگ\u200cهای مختلف بدن حشرات', 'چگونه حشرات از خود دفاع می\u200cکنند', 'نوع چشمان حشرات', 'اندازه حشرات']",C,جزئیات کوچک و پیچیده چشمان حشرات با لنز بزرگ‌نمایی قابل مشاهده است.,A,0.5899840593338013,C,0.9392008781433104,False,True,True,True,[0.58998406 0.10292512 0.02948854 0.27760223],[0.0538205  0.00567264 0.9392009  0.00130592],0.8951689004898071,0.02948854,0.9392009,0.90971236,0.8011883497238159,0.5585422515869141,0.6582149863243103,0.8011883497238159,0.5585422515869141,0.6582149863243103
1048,چه اتفاقی می‌افتد اگر سیستم کلیوی بدن به خوبی کار نکند؟,"['تبادل گاز مختل می\u200cشود.', 'اکسیداسیون خون دیگر اتفاق نمی\u200cافتد.', 'پسماندهای متابولیک در خون جمع می\u200cشوند.', 'مواد مغذی دیگر به اندام\u200cها منتقل نمی\u200cشوند.']",C,اگر سیستم کلیوی بدن به خوبی کار نکند، [MASK],C,0.5696195960044861,C,0.7545154690742493,True,True,True,True,[0.1849284  0.23745278 0.5696196  0.00799922],[0.21617231 0.02278439 0.75451547 0.00652784],0.680073618888855,0.5696196,0.75451547,0.1848958699999999,0.798914909362793,0.5241791009902954,0.6330230236053467,0.8328942656517029,0.5282379984855652,0.6464712023735046
1049,زمانی که در فواصل برابر قرار گیرند، بزرگترین جاذبه گرانشی بین دو مورد زیر خواهد بود,"['اسکیت\u200cبردها.', 'یخچال\u200cها.', 'توپ\u200cهای بولینگ.', 'اتوبوس\u200cهای مدرسه.']",D,جرم بیشتر، جاذبه گرانشی بیشتری ایجاد می‌کند؛ بنابراین، جسم با بالاترین جرم، بیشترین جاذبه را دارد.,A,0.3314793705940246,A,0.0286131408065557,False,False,False,False,[0.33147937 0.33147937 0.29252952 0.04451175],[0.73794264 0.08813468 0.14530952 0.02861314],0.7929862141609192,0.04451175,0.02861314,-0.01589861,0.6555688381195068,0.5256181955337524,0.583445131778717,0.6555688381195068,0.5256181955337524,0.583445131778717
1050,یک زنجیره غذایی ساده شامل بازها، سوسمارها و حشرات است. اگر مواد شیمیایی برای کشتن حشرات اسپری شود و جمعیت سوسماری و باز نتوانند غذای دیگری در این اکوسیستم پیدا کنند، چه اتفاقی احتمالا برای جمعیت سوسماری و باز خواهد افتاد؟,"['هم جمعیت سوسمار و هم جمعیت باز افزایش خواهند یافت.', 'هم جمعیت سوسمار و هم جمعیت باز کاهش خواهند یافت.', 'جمعیت سوسمار افزایش خواهد یافت، اما جمعیت باز کاهش خواهد یافت.', 'جمعیت سوسمار کاهش خواهد یافت، اما جمعیت باز افزایش خواهد یافت.']",B,کاهش جمعیت حشرات منجر به کاهش غذای سوسمارها و بازها می‌شود و در نتیجه جمعیت هر دو کاهش خواهد یافت.,B,0.5514385104179382,B,0.9688689708709716,True,True,True,True,[0.09507992 0.5514385  0.01901718 0.33446437],[0.01382017 0.968869   0.00165058 0.01566031],0.8420392274856567,0.5514385,0.968869,0.4174304999999999,0.7772912383079529,0.6647622585296631,0.7166361808776855,0.7772912383079529,0.6647621989250183,0.7166362404823303
1051,کدام یک از موارد زیر بهترین توصیف را از تعامل بین زمین و انرژی خورشیدی که به گرم شدن سیاره کمک می‌کند، ارائه می‌دهد؟,"['جذب انرژی خورشیدی توسط توده\u200cهای خاکی قاره\u200cای', 'استفاده از انرژی خورشیدی در فرآیند فتوسنتز', 'بازتاب انرژی خورشیدی از کلاهک\u200cهای برفی قطبی', 'تبدیل انرژی خورشیدی به شفق\u200cهای قطبی']",A,جذب انرژی خورشیدی توسط توده‌های خاکی و سطح زمین، سیاره را گرم می‌کند.,C,0.925860583782196,A,0.6133028268814087,False,True,True,True,[0.06733161 0.00423763 0.9258606  0.00257025],[0.6133028  0.00999087 0.371987   0.00471935],0.7914044260978699,0.06733161,0.6133028,0.54597119,0.8030419945716858,0.589255690574646,0.6797354817390442,0.8032212853431702,0.5935336351394653,0.6826377511024475
1052,کدام ویژگی پرنده بیشتر احتمال دارد در به دست آوردن غذاهایی که در مکان‌های کوچک یافت می‌شود، کمک کند؟,"['پای گردن دار', 'بدن بزرگ', 'پرهای نرم', 'منقار باریک']",D,[MASK] به پرنده کمک می‌کند تا به راحتی در مکان‌های کوچک و شکاف‌های باریک نفوذ کرده و به غذاهای پنهان دسترسی پیدا کند.,A,0.6062809228897095,D,0.8521888852119446,False,True,True,True,[0.6062809  0.02074579 0.00524536 0.36772797],[0.13171239 0.00954121 0.00655757 0.8521889 ],0.9126286506652832,0.36772797,0.8521889,0.48446093,0.894656240940094,0.7620995044708252,0.8230749368667603,0.885730504989624,0.7531100511550903,0.8140542507171631
1053,بهترین مدرک برای اینکه نشان دهد دو ماده از انواع مختلف ماده ساخته شده‌اند چیست؟,"['دو ماده واکنش\u200cهای متفاوتی به نور دارند.', 'دو ماده دماهای متفاوتی دارند.', 'دو ماده حجم\u200cهای متفاوتی دارند.', 'دو ماده اشکال متفاوتی دارند.']",A,واکنش‌های متفاوت به نور، نشان‌دهنده تفاوت در ساختار مولکولی یا ترکیب شیمیایی مواد است.,A,0.710070013999939,A,0.9812288880348206,True,True,True,True,[0.71007    0.02742506 0.03107667 0.23142824],[9.8122889e-01 2.4322234e-03 4.7893316e-04 1.5860088e-02],0.844611406326294,0.71007,0.98122889,0.27115889,0.8979768753051758,0.6989320516586304,0.7860496044158936,0.8979768753051758,0.6989320516586304,0.7860496044158936
1054,کلاه ایمنی برای حفاظت از یک دانش‌آموز در کدام نوع تحقیق استفاده می‌شود؟,"['یک سفر میدانی به موزه زمین\u200cشناسی', 'یک تحقیق میدانی درباره لایه\u200cهای سنگی در یک تپه', 'یک نمایشگاه آزمایشگاهی درباره سختی مواد معدنی', 'یک تحقیق آزمایشگاهی درباره شناسایی سنگواره\u200cها']",B,در تحقیق میدانی درباره لایه‌های سنگی، خطر سقوط اجسام یا آسیب‌های فیزیکی وجود دارد، بنابراین حفاظت از سر ضروری است.,D,0.7641966342926025,B,0.9649430513381958,False,True,True,True,[0.11673646 0.10301956 0.01604735 0.76419663],[0.0292528  0.96494305 0.00272093 0.00308322],0.7915999889373779,0.10301956,0.96494305,0.86192349,0.8528810739517212,0.6996530294418335,0.7687056064605713,0.8528811931610107,0.6996530294418335,0.7687056660652161
1055,کدامیک از ویژگی های سلول اسپرم است اما سلول تخمک نیست؟,"['شکل گرد', 'وجود دم', 'دارای اطلاعات ژنتیکی', 'در تولید مثل جنسی نقش دارد']",B,سلول اسپرم دارای دم است که حرکت آن را تسهیل می کند.,B,0.3358259499073028,B,0.99610835313797,True,True,True,True,[0.26154152 0.33582595 0.26154152 0.14109106],[2.8088139e-03 9.9610835e-01 2.7811024e-04 8.0473867e-04],0.7220064401626587,0.33582595,0.99610835,0.6602824,0.8463592529296875,0.6407104730606079,0.7293151617050171,0.8463592529296875,0.6407104730606079,0.7293151617050171
1056,واحدهای نجومی می‌توانند برای اندازه‌گیری فواصل بین اشیاء در فضا استفاده شوند. یک واحد نجومی (AU) فاصله بین زمین و خورشید است. با توجه به این اطلاعات، مریخ تقریباً چگونه از خورشید فاصله دارد؟,"['0.4', '0.7', '1.0', '1.5']",D,فاصله مریخ از خورشید تقریباً ۱٫۵ برابر فاصله زمین از خورشید است، بنابراین با واحد نجومی، فاصله مریخ از خورشید ۱٫۵ واحد نجومی است.,B,0.6124711632728577,D,0.995023250579834,False,True,True,True,[0.3278322  0.61247116 0.01463077 0.04506595],[4.6078716e-03 1.9018959e-04 1.7866658e-04 9.9502325e-01],0.8873797059059143,0.04506595,0.99502325,0.9499573,0.7340385913848877,0.668052077293396,0.6994925737380981,0.7273321151733398,0.6721969842910767,0.6986785531044006
1057,سنجابی که آجیل جمع می‌کند به درختان کمک می‌کند,"['رشد کنند.', 'تولید مثل کنند.', 'در برابر بیماری مقاومت کنند.', 'قوی\u200cتر شوند.']",B,با پنهان کردن آجیل‌ها، سنجاب‌ها شرایط را برای رشد درختان جدید و کمک به تکثیر آنها فراهم می‌کنند.,A,0.7474842071533203,A,0.0373430736362934,False,False,False,False,[0.7474842  0.21373995 0.00574065 0.03303516],[9.6121138e-01 3.7343074e-02 1.6761216e-04 1.2778097e-03],0.8142447471618652,0.21373995,0.037343074,-0.176396876,0.7801370024681091,0.6003201007843018,0.6785171627998352,0.7801369428634644,0.6003201007843018,0.6785171031951904
1058,سوال: فناوری جدید در برخی کشورها بر روی رویه‌های پزشکی و اکتشافات فضایی متمرکز است. در کشورهای دیگر، فناوری جدید بر پیشگیری از بیماری و تغذیه جمعیتی رو به افزایش تمرکز دارد. کدام اظهار نظر بهترین توضیح را برای اینکه چرا کشورها بر انواع مختلف فناوری جدید تمرکز می‌کنند، ارائه می‌دهد؟,"['الف) پیشرفت\u200cهای فناوری در برخی جمعیت\u200cها مؤثر نیستند.', 'ب) نیازها و نگرش\u200cها بر توسعه فناوری تأثیر می\u200cگذارند.', 'ج) پیشرفت\u200cهای پزشکی در برخی کشورها مهم نیست.', 'د) فناوری در کشورهای در حال توسعه ارزان است.']",B,نیازها و شرایط مختلف کشورها باعث تمرکز آنها بر انواع فناوری می‌شود؛ کشورها تحقیقات را بر اساس اولویت‌های خود نظیر چالش‌های پزشکی یا نیازهای اساسی مانند پیشگیری از بیماری و تغذیه جمعیت جهت می‌دهند.,B,0.969657063484192,B,0.9744563102722168,True,True,True,True,[0.02024285 0.96965706 0.00166163 0.00843848],[2.2738675e-02 9.7445631e-01 9.3853718e-04 1.8665041e-03],0.8099329471588135,0.96965706,0.97445631,0.00479925,0.7121609449386597,0.581488847732544,0.6402252912521362,0.7121609449386597,0.581488847732544,0.6402252912521362
1059,سبزیجات می‌توانند به صورت علمی بر اساس همه موارد زیر طبقه‌بندی شوند مگر اینکه,"['اندازه.', 'رنگ.', 'شکل اجزای گیاه.', 'اینکه طعم خوبی دارند.']",D,طبقه‌بندی علمی سبزیجات بر اساس ویژگی‌های قابل اندازه‌گیری است، نه بر اساس ویژگی‌های ذهنی.,A,0.5741904377937317,A,0.0049648629501461,False,False,False,False,[0.57419044 0.0529924  0.20958903 0.16322811],[9.9154133e-01 8.3621935e-04 2.6574994e-03 4.9648630e-03],0.8591915965080261,0.16322811,0.004964863,-0.158263247,0.772248387336731,0.5142667889595032,0.6173913478851318,0.772248387336731,0.514266848564148,0.6173914670944214
1060,امیلی در حال رکاب زدن بر روی دوچرخه‌اش است. کدام گزینه بهترین توضیح را برای این موضوع ارائه می‌دهد که چرا تنها بخشی از انرژی مصرف شده برای رکاب زدن به حرکت رو به جلو دوچرخه منتقل می‌شود؟,"['انرژی تایر دوچرخه در حرکتی دایره\u200cای اعمال می\u200cشود.', 'انرژی دوچرخه تنها به یک چرخ منتقل می\u200cشود.', 'دنده\u200cها و زنجیر دوچرخه با روغن پوشانده شده\u200cاند.', 'دنده\u200cها و زنجیر دوچرخه اصطکاک تولید می\u200cکنند.']",D,بخشی از انرژی رکاب زدن به دلیل اصطکاک در دنده‌ها و زنجیر به گرما تبدیل می‌شود و نه به حرکت دوچرخه.,D,0.645450234413147,D,0.9070934653282166,True,True,True,True,[0.3441377  0.00809334 0.00231878 0.64545023],[0.08437284 0.00426683 0.00426683 0.90709347],0.9004124999046326,0.64545023,0.90709347,0.2616432399999999,0.8742051720619202,0.6637360453605652,0.7545691728591919,0.8717049360275269,0.6662424802780151,0.7552493214607239
1061,کدام یک از عبارات زیر در مورد خورشید صحیح است؟,"['A) خورشید یک ستاره بسیار بزرگ است که در فاصله\u200cای دور از کهکشان راه شیری قرار دارد.', 'B) خورشید در مرکز کهکشان راه شیری قرار دارد.', 'C) خورشید یک ستاره با اندازهٔ متوسط است که در نزدیکی لبهٔ کهکشان راه شیری قرار دارد.', 'D) خورشید کهکشان راه شیری و چند کهکشان دیگر را در مدارهای اطراف خود دارد.']",C,خورشید ستاره‌ای با اندازه متوسط است که در نزدیکی لبه کهکشان راه شیری قرار دارد.,A,0.9615588784217834,C,0.9047363996505736,False,True,True,True,[0.9615589  0.020251   0.00241864 0.0157715 ],[0.03107955 0.05806423 0.9047364  0.00611993],0.8569781184196472,0.00241864,0.9047364,0.90231776,0.9128926396369934,0.7483916282653809,0.8224976658821106,0.9128925204277039,0.7483916282653809,0.8224976062774658
1062,هنگامی که آب شیرین و آب نمک در یک مصب به هم می‌رسند، آب نمک معمولاً زیر آب شیرین جریان می‌یابد زیرا آب نمک چگالی بیشتری دارد. این پدیده چه تأثیری بر روی مواد مغذی متمرکز در آب شیرین دارد؟,"['آنها به نزدیکی ساحل نگه\u200cداشته می\u200cشوند.', 'آنها از ساحل پراکنده می\u200cشوند.', 'آنها توسط آب دریا رقیق می\u200cشوند.', 'آنها توسط آب دریا غیرفعال می\u200cشوند.']",B,آب نمک با چگالی بیشتر، مواد مغذی آب شیرین را به نزدیکی ساحل هدایت می‌کند و از پراکندگی آنها جلوگیری می‌کند.,A,0.6435146331787109,A,0.0294114146381616,False,False,False,False,[0.64351463 0.3457967  0.00806907 0.00261964],[9.7017515e-01 2.9411415e-02 2.7513536e-04 1.3834675e-04],0.8663253784179688,0.3457967,0.029411415,-0.316385285,0.835397481918335,0.6613762974739075,0.7382706999778748,0.835397481918335,0.6613762974739075,0.7382706999778748
1063,کدام یک از موارد زیر نمونه‌ای از سازگاری برای دفاع در برابر شکارچیان است؟,"['گردن بلند زرافه', 'خال\u200cهای گوزن بچه', 'پوشش چرب سمور', 'آبشش\u200cهای ماهی']",B,[MASK] به کمک استتار، از دیده شدن توسط شکارچیان جلوگیری می‌کند.,A,0.906928777694702,A,0.1439816355705261,False,False,False,False,[0.9069288  0.06595483 0.00285293 0.02426343],[0.5694584  0.14398164 0.07706781 0.20949206],0.657240629196167,0.06595483,0.14398164,0.0780268099999999,0.6340413093566895,0.48864835500717163,0.55193030834198,0.6190621852874756,0.47953277826309204,0.540436863899231
1064,یک صفحه اقیانوسی زیر یک صفحه قاره‌ای فرو می‌رود. کدام یک از این اشکال زمین‌ساختی احتمالاً نتیجه تعامل این صفحات است؟,"['کوه\u200cهای آتشفشانی', 'مرزهای تبدیل', 'قفسه\u200cهای قاره\u200cای', 'گسل\u200cهای نرمال']",A,فرورانش صفحه اقیانوسی زیر صفحه قاره‌ای منجر به افزایش دما و فشار صفحه فرورونده و ذوب آن می‌شود و ماگما به سطح زمین می‌آید و [MASK] را تشکیل می‌دهد.,B,0.9306697845458984,A,0.5011196732521057,False,True,True,True,[0.04089078 0.9306698  0.01931543 0.00912397],[0.5011197  0.44223654 0.05281762 0.0038261 ],0.8560522794723511,0.04089078,0.5011197,0.4602289199999999,0.7843886613845825,0.6610047817230225,0.7174304723739624,0.7713830471038818,0.652435302734375,0.7069406509399414
1065,آب‌های روان از مزارع نزدیک می‌تواند مقادیر اضافی مواد مغذی را به بدنه‌های آبی مانند دریاچه‌ها وارد کند. این فرایند غیرزیستی به احتمال زیاد باعث کاهش کدام جنبه از یک دریاچه می‌شود؟,"['عمق آب', 'سطح اکسیژن برای ماهی\u200cها', 'مقدار مواد معدنی در آب', 'انباشتن مواد آلی']",B,افزایش مواد مغذی در آب دریاچه‌ها سبب رشد بیش از حد جلبک‌ها و سپس کاهش اکسیژن محلول برای ماهی‌ها می‌شود.,B,0.9846363067626952,B,0.9988476037979126,True,True,True,True,[5.2074213e-03 9.8463631e-01 4.2745119e-04 9.7287446e-03],[9.5454283e-04 9.9884760e-01 4.1939686e-05 1.5582483e-04],0.8712222576141357,0.98463631,0.9988476,0.0142112899999999,0.8183237314224243,0.6816060543060303,0.7437340617179871,0.8202435970306396,0.6792764663696289,0.7431340217590332
1066,زمین و ماه تمامی این ویژگی‌های مشترک را دارند به جز,"['هسته.', 'قشر.', 'آب.', 'مناطق میانی.']",C,زمین و ماه هسته، قشر و مناطق میانی دارند، ولی وجود آب به شکل مایع فقط در زمین است.,A,0.616635799407959,C,0.9755732417106628,False,True,True,True,[0.6166358  0.06499293 0.02709309 0.29127812],[0.01814963 0.00458895 0.97557324 0.00168818],0.8850376605987549,0.02709309,0.97557324,0.94848015,0.9152419567108154,0.7896884679794312,0.847842276096344,0.9152419567108154,0.7896884679794312,0.847842276096344
1067,کدام یک بیشتر احتمال دارد که به الگوی چرخشی یک طوفان سهمگین که در اقیانوس اطلس شکل می‌گیرد، کمک کند؟,"['جریان خلیج', 'اثر کوریولیس', 'رطوبت نسبی پایین', 'سیستم\u200cهای فشار بالا']",B,نیروی کوریولیس باعث انحراف مسیر حرکت اجسام متحرک در سطح زمین می‌شود و می‌تواند به ایجاد الگوی چرخشی در طوفان‌ها کمک کند.,B,0.5307928919792175,B,0.985116183757782,True,True,True,True,[0.363386   0.5307929  0.00170931 0.10411184],[1.4162138e-02 9.8511618e-01 2.9392581e-04 4.2765951e-04],0.8316283226013184,0.5307929,0.98511618,0.45432328,0.8309763073921204,0.6238923072814941,0.7126963138580322,0.8240132331848145,0.6227485537528992,0.7093815207481384
1068,یک دستگاه خیاطی دستی از یک باتری استفاده می‌کند تا سوزن حرکت کند. سوزن به سرعت بالا و پایین می‌رود. چه نوع تبدیلی از انرژی در حال وقوع است؟,"['حرکت به انرژی شیمیایی تغییر می\u200cکند.', 'انرژی ذخیره شده به حرکت تغییر می\u200cکند.', 'الکتریسیته به انرژی ذخیره شده تغییر می\u200cکند.', 'حرارت به الکتریسیته تغییر می\u200cکند.']",B,انرژی ذخیره شده در باتری به انرژی حرکتی تبدیل می‌شود.,B,0.9926969408988952,B,0.9972152709960938,True,True,True,True,[5.9840484e-03 9.9269694e-01 1.4073132e-04 1.1783289e-03],[2.7575474e-03 9.9721527e-01 7.9912479e-06 1.9170007e-05],0.811123788356781,0.99269694,0.99721527,0.00451833,0.9195247292518616,0.7093130350112915,0.8008542656898499,0.9195247888565063,0.7093130350112915,0.8008543252944946
1069,در حینی که آرچی به سمت پارک راه می‌رود، او فکر می‌کند کدام مسیر سریع‌تر خواهد بود. او تصمیم می‌گیرد با استفاده از مسیرهای مختلف به پارک برود و مدت زمانی که طول می‌کشد را اندازه‌گیری کند. او برای مقایسه‌اش باید چه کار کند تا مقایسه‌اش منصفانه باشد؟,"['هر روز به بخش\u200cهای مختلف پارک برود', 'هر روز با یک دوست متفاوت برود', 'هر روز با همان سرعت راه برود', 'در همان زمان از روز راه برود']",C,آرچی باید [MASK] تا شرایط یکسانی برای مقایسه وجود داشته باشد و تاثیر ترافیک و شلوغی مسیر خنثی شود.,C,0.4803752601146698,D,0.0802372395992279,True,False,False,False,[0.13870926 0.00679886 0.48037526 0.37411663],[0.14990291 0.00859012 0.08023724 0.76126975],0.7977889180183411,0.48037526,0.08023724,-0.40013802,0.6849320530891418,0.5179891586303711,0.5898763537406921,0.6873586177825928,0.5137792825698853,0.588026762008667
1070,یک نمونه فلزی در داخل یک بشر پر از آب در حال جوش قرار داده می‌شود. پس از دو دقیقه فلز خارج می‌شود. پس از 5 دقیقه فلز را می‌توان با دست برداشت اما آب هنوز خیلی داغ است که بتوان به آن دست زد. کدام یک از این تعاملات ماده و انرژی به تصویر کشیده شده است؟,"['آب دارای ظرفیت حرارتی ویژه پایینی است', 'فلزات دارای ظرفیت حرارتی ویژه پایینی هستند', 'شیشه بشر یک عایق خوب است', 'آب به سرعت انرژی حرارتی خود را به هوا از دست می\u200cدهد']",B,فلزات ظرفیت حرارتی ویژه پایینی دارند و به سرعت داغ می‌شوند. به همین دلیل، فلز داغ به سرعت سرد نمی‌شود و پس از خارج شدن، هنوز داغ است.,A,0.5925335884094238,B,0.8861637115478516,False,True,True,True,[0.5925336  0.27880186 0.0124426  0.1162219 ],[0.09303684 0.8861637  0.00463203 0.01616738],0.8490470051765442,0.27880186,0.8861637,0.60736184,0.8283734321594238,0.6640042066574097,0.7371370792388916,0.8283734321594238,0.6640042066574097,0.7371370792388916
1071,کدام بیانی به درستی رابطه‌ای میان فاصله از زمین و یک ویژگی از یک ستاره را توصیف می‌کند؟,"['با کاهش فاصله از زمین به ستاره، اندازه آن افزایش می\u200cیابد.', 'با افزایش فاصله از زمین به ستاره، اندازه آن کاهش می\u200cیابد.', 'با کاهش فاصله از زمین به ستاره، درخشندگی ظاهری آن افزایش می\u200cیابد.', 'با افزایش فاصله از زمین به ستاره، درخشندگی ظاهری آن افزایش می\u200cیابد.']",C,با نزدیک شدن به ستاره، نور بیشتری دریافت می‌کنیم و درخشندگی ظاهری آن افزایش می‌یابد.,C,0.8851485848426819,C,0.9062207341194152,True,True,True,True,[0.05023012 0.01439117 0.8851486  0.05023012],[0.01473377 0.0042213  0.90622073 0.07482427],0.7623016834259033,0.8851486,0.90622073,0.02107213,0.7776919007301331,0.5824936628341675,0.6660864353179932,0.7776920199394226,0.5824937224388123,0.6660865545272827
1072,دانشمندان به مطالعه فسیل‌ها می‌پردازند تا دربارهٔ,"['ترکیب زمین.', 'الگوهای تشکیل بلور.', 'خواص فیزیکی سنگ\u200cها.', 'موجودات قدیمی.']",D,دانشمندان با مطالعه فسیل‌ها، اطلاعاتی درباره موجودات قدیمی و شرایط زندگی آن‌ها به دست می‌آورند.,D,0.8251744508743286,D,0.980842351913452,True,True,True,True,[1.4255607e-01 3.1808559e-02 4.6086987e-04 8.2517445e-01],[1.7824952e-02 1.2912351e-03 4.1506686e-05 9.8084235e-01],0.9105122089385986,0.82517445,0.98084235,0.1556678999999999,0.838026762008667,0.6059274673461914,0.7033234238624573,0.838026762008667,0.6059274673461914,0.7033234238624573
1073,برخی از خودروهای جدید ساخته شده می‌توانند با سوخت تجدیدپذیری که عمدتاً از ذرت تهیه می‌شود، کار کنند. دانشمندان در حال توسعه سوخت‌های تجدیدپذیر بیشتری هستند تا جایگزین بنزین شوند. چرا احتمالاً سوخت‌های تجدیدپذیر اهمیت بیشتری پیدا می‌کنند؟,"['الف) سوخت\u200cهای تجدیدپذیر انرژی کمتری آزاد می\u200cکنند.', 'ب) مخزن\u200cهای سوخت خودروها کوچک\u200cتر می\u200cشوند.', 'ج) تقاضا برای بنزین در حال کاهش است.', 'د) منابع سوخت غیرقابل تجدید محدود هستند.']",D,منابع سوخت غیرقابل تجدید محدود هستند و روزی تمام خواهند شد، بنابراین یافتن جایگزین‌های تجدیدپذیر ضروری است.,C,0.4996305406093597,D,0.9639031291007996,False,True,True,True,[0.18380381 0.01352438 0.49963054 0.30304125],[3.3112045e-02 7.3154032e-04 2.2533028e-03 9.6390313e-01],0.8125417232513428,0.30304125,0.96390313,0.6608618800000001,0.8787504434585571,0.6378731727600098,0.7391831874847412,0.8787504434585571,0.6378731727600098,0.7391831874847412
1074,کدام یک از موارد زیر می‌تواند ناشی از فرسایش باشد؟,"['شکاف\u200cهایی که در یک سنگ بزرگ تشکیل می\u200cشوند', 'ذوب شدن سنگ\u200cها برای تشکیل ماگما', 'تشکیل یخچال\u200cهای طبیعی در دامنه\u200cی کوه', 'ترکیب سنگ\u200cریزه\u200cها برای تشکیل یک سنگ بزرگ']",A,فرسایش می‌تواند با تجزیه و جدا کردن سنگ‌ها، شکاف‌هایی را در سنگ‌های بزرگ ایجاد کند.,A,0.8371445536613464,A,0.901014804840088,True,True,True,True,[0.83714455 0.04713631 0.04713631 0.06858293],[0.9010148  0.03989832 0.05123046 0.00785644],0.8195734024047852,0.83714455,0.9010148,0.06387025,0.8460351228713989,0.668915867805481,0.7471216320991516,0.8460351824760437,0.668915867805481,0.7471216917037964
1075,کدام یک از فعالیت‌های انسانی به کاهش آلودگی هوا کمک خواهد کرد؟,"['سوزاندن محصولات کشاورزی', 'رانندگی با خودرو هیبریدی', 'سوزاندن زباله\u200cهای خانگی', 'استفاده از زغال\u200cسنگ برای تولید انرژی']",B,استفاده از خودروهای هیبریدی موجب کاهش مصرف سوخت فسیلی و کاهش انتشار گازهای آلوده‌کننده هوا می‌شود.,B,0.918595850467682,B,0.9956193566322328,True,True,True,True,[0.05826687 0.91859585 0.01891649 0.00422084],[3.5977841e-03 9.9561936e-01 3.7920364e-04 4.0366020e-04],0.9376413226127625,0.91859585,0.99561936,0.0770235099999999,0.9172895550727844,0.682191014289856,0.7824623584747314,0.9172895550727844,0.682191014289856,0.7824623584747314
1076,برای تعیین نقطه جوش یک مایع، یک دانش‌آموز باید از تمام این ابزارها استفاده کند به جز,"['یک کرنومتر.', 'یک منبع گرما.', 'عینک ایمنی.', 'یک دماسنج.']",A,برای تعیین نقطه جوش، ابزارهای ضروری شامل منبع گرما، دماسنج و عینک ایمنی هستند. کرنومتر در این فرآیند لازم نیست.,A,0.4777156710624695,A,0.9982324242591858,True,True,True,True,[0.47771567 0.4215826  0.05035086 0.05035086],[9.982324e-01 1.153502e-03 6.927318e-05 5.448758e-04],0.8351112604141235,0.47771567,0.9982324,0.52051673,0.8337215185165405,0.7045656442642212,0.7637215256690979,0.8337215185165405,0.7045656442642212,0.7637215256690979
1077,کدامیک از این گزینه‌ها نیاز به استفاده از منابع تجدید ناپذیر را کاهش می‌دهد؟,"['بازیافت محصولات کاغذی', 'آب دادن به چمن یک بار در هفته', 'طراحی خودروهایی که بهینه سوخت هستند', 'استفاده از زغال سنگ برای تولید برق']",C,طراحی بهینه خودروها منجر به کاهش مصرف سوخت‌های فسیلی می‌شود.,A,0.8456375598907471,A,0.088688313961029,False,False,False,False,[0.84563756 0.08895563 0.04761452 0.01779225],[0.6527681  0.24107982 0.08868831 0.01746377],0.660066545009613,0.04761452,0.08868831,0.04107379,0.7626804113388062,0.5947686433792114,0.6683394908905029,0.7647254467010498,0.5969750881195068,0.6705175638198853
1078,دو دانش آموز در حال تحقیق درباره عواملی هستند که موجب ذوب شدن یخ به سرعت می‌شوند. آنها می‌خواهند تحقیقی را انجام دهند. در کدامیک از این مراحل تحقیق آنها یخ را اندازه‌گیری خواهند کرد؟,"['نشان دادن برخی از نمودارها', 'گرفته شدن نتیجه\u200cگیری', 'توسعه یک فرضیه', 'جمع\u200cآوری برخی داده\u200cها']",D,در تحقیق علمی، اندازه‌گیری یخ در مرحله جمع‌آوری داده‌ها انجام می‌شود تا نتایج تحلیل شوند.,D,0.9645529389381408,D,0.9813061356544496,True,True,True,True,[3.2780334e-02 2.1285773e-03 5.3818861e-04 9.6455294e-01],[1.7763853e-02 8.3082647e-04 9.9228077e-05 9.8130614e-01],0.8694661855697632,0.96455294,0.98130614,0.0167532,0.8260544538497925,0.6621127128601074,0.7350534200668335,0.8260544538497925,0.6621127128601074,0.7350534200668335
1079,پیاده‌رو در یک روز گرم و صاف در کجا داغ‌ترین احساس خواهد شد؟,"['زیر یک میز پیک\u200cنیک', 'در نور مستقیم خورشید', 'زیر یک برکه', 'در سایه']",B,[MASK]، سطح پیاده‌رو به سرعت گرم می‌شود و بیشترین گرما را ایجاد می‌کند.,B,0.7240762114524841,B,0.558210551738739,True,True,True,False,[0.18307513 0.7240762  0.02497085 0.06787781],[0.26162803 0.55821055 0.14003938 0.04012196],0.7542522549629211,0.7240762,0.55821055,-0.1658656499999999,0.7542163133621216,0.6036494374275208,0.670585036277771,0.7538729906082153,0.5901145935058594,0.6620172262191772
1080,دو جمعیت از ماهی‌های صخره‌ای در همزیستی زیستی با یکدیگر زندگی می‌کنند. کدام جمله بهترین توصیف‌کننده رابطه آنهاست؟,"['این گونه\u200cها با یکدیگر رقابت می\u200cکنند.', 'یک گونه به گونه دیگر شکار می\u200cکند.', 'این گونه\u200cها یکدیگر را نادیده می\u200cگیرند.', 'یک گونه از گونه دیگر بهره\u200cمند می\u200cشود.']",C,همزیستی بین دو گونه می‌تواند به صورت‌های مختلفی رخ دهد؛ در این مورد، [MASK],A,0.7793977856636047,A,0.0036689559929072,False,False,False,False,[0.7793978  0.08246944 0.00216366 0.13596912],[0.74137074 0.08889066 0.00366896 0.16606961],0.7588644027709961,0.00216366,0.00366896,0.0015053,0.8779408931732178,0.660714864730835,0.7539939880371094,0.8830134868621826,0.6592976450920105,0.7549302577972412
1081,یک روبات اکتشافی به سیاره مریخ ارسال شد. جاذبه روی مریخ ضعیف‌تر از جاذبه روی زمین است. در مقایسه با جرم و وزن روبات روی زمین، روبات در مریخ دارای:,"['جرم و وزن کمتری است.', 'جرم کمتری اما وزن برابر دارد.', 'جرم برابری اما وزن کمتری دارد.', 'جرم و وزن برابری دارد.']",C,جرم روبات در هر دو مکان برابر است، اما وزن آن در مریخ به دلیل جاذبه ضعیف‌تر، کمتر است.,A,0.7735955715179443,C,0.9607129096984864,False,True,True,True,[0.7735956  0.17193955 0.04347313 0.01099173],[3.6960997e-02 1.7286886e-03 9.6071291e-01 5.9741887e-04],0.8477058410644531,0.04347313,0.96071291,0.91723978,0.7701612710952759,0.6956288814544678,0.7310001254081726,0.7701612710952759,0.6956288814544678,0.7310001254081726
1082,سندی فهمید که درختان در حین فتوسنتز گازهایی را به هوا آزاد می‌کنند. چه گازی یک درخت آزاد می‌کند؟,"['دی\u200cاکسید کربن', 'هیدروژن', 'نیترژن', 'اکسیژن']",D,در فرآیند فتوسنتز، درختان دی‌اکسیدکربن و آب را به گلوکز و [MASK] تبدیل می‌کنند و [MASK] را آزاد می‌کنند.,A,0.4992917776107788,D,0.9531470537185668,False,True,True,True,[4.9929178e-01 1.2522093e-03 1.6425410e-04 4.9929178e-01],[4.1552462e-02 4.9627335e-03 3.3771826e-04 9.5314705e-01],0.8840078711509705,0.49929178,0.95314705,0.45385527,0.9079136848449707,0.7978458404541016,0.8493285179138184,0.8723744750022888,0.7691705226898193,0.817528247833252
1083,در یک بازی کشتی tug-of-war، نیروهای متعادل بهترین نمایانگری را زمانی دارند که هر دو تیم باعث شوند پرچم به,"['وسط بماند.', 'به زمین بیفتد.', 'به آرامی در یک جهت حرکت کند.', 'سریعاً در یک جهت کشیده شود.']",A,زمانی که نیروهای دو تیم متعادل باشد، پرچم در وسط باقی می‌ماند.,A,0.9166346788406372,A,0.9983142614364624,True,True,True,True,[0.9166347  0.07502184 0.00290891 0.00543456],[9.9831426e-01 1.3232508e-03 1.0203815e-04 2.6056357e-04],0.8221024870872498,0.9166347,0.99831426,0.0816795599999999,0.9214041233062744,0.6245728731155396,0.7444923520088196,0.9214040637016296,0.6245728731155396,0.7444923520088196
1084,در چه وضعیتی ارسال یک محصول با هواپیما به جای کامیون مزیت دارد؟,"['محصول بسیار سنگین و نسبتاً بزرگ است.', 'محصول به تغییرات فشار حساس است.', 'محصول باید به فاصله طولانی به سرعت بعد از تولید تحویل داده شود.', 'محصول باید به چندین مکان که در شعاع ۵۰ مایلی قرار دارند تحویل داده شود.']",C,زمانی که محصول باید به سرعت و در مسافت طولانی تحویل داده شود، هواپیما مزیت دارد.,A,0.6842785477638245,C,0.8982722759246826,False,True,True,True,[0.68427855 0.2830299  0.01837843 0.01431314],[0.08290213 0.01463309 0.8982723  0.00419245],0.8302432894706726,0.01837843,0.8982723,0.8798938700000001,0.7987780570983887,0.6244127750396729,0.7009140253067017,0.7987780570983887,0.6244127750396729,0.7009140253067017
1085,در مقایسه با مقدار اطلاعات ارثی در یک سلول بدن انسان، چه مقدار اطلاعات ارثی در یک سلول جنسی انسان وجود دارد؟,"['یک\u200cچهارم مقدار', 'نیمه مقدار', 'همان مقدار', 'دو برابر مقدار']",B,سلول‌های جنسی و بدن انسان، هر دو حاوی [MASK] اطلاعات ارثی هستند، اما به صورت هاپلوئید در سلول‌های جنسی و دیپلوئید در سلول‌های بدن.,C,0.4507223963737488,B,0.824581503868103,False,True,True,True,[0.35102296 0.12913413 0.4507224  0.06912052],[0.14217567 0.8245815  0.00814732 0.0250955 ],0.9331732988357544,0.12913413,0.8245815,0.6954473699999999,0.8317247629165649,0.6809401512145996,0.7488172650337219,0.8275112509727478,0.6800994873046875,0.746598482131958
1086,چگونه جوانه‌های دانه‌های دفن شده در تاریکی مطلق در خاک به سطح خاک می‌رسند؟,"['آن\u200cها به سمت نور رشد می\u200cکنند.', 'آن\u200cها به سمت گرمای سطح رشد می\u200cکنند.', 'آن\u200cها در جهت مخالف بستر سنگی رشد می\u200cکنند.', 'آن\u200cها در جهت مخالف نیروی جاذبه رشد می\u200cکنند.']",D,جهت رشد جوانه‌ها در تاریکی، بر اساس نیروی درونی و جهت‌گیری ثقل به سمت بالا و به طرف سطح خاک است.,A,0.6048978567123413,D,0.5965384840965271,False,True,True,True,[0.60489786 0.13444474 0.06350721 0.1971502 ],[0.28178483 0.10366285 0.0180139  0.5965385 ],0.7788929343223572,0.1971502,0.5965385,0.3993883,0.7871391773223877,0.6388473510742188,0.7052826881408691,0.7871391773223877,0.638847291469574,0.7052825689315796
1087,در یک اکوسیستم مرتع، موجودات از همان گونه یک غذای مشابه می‌خورند. زمانی که باران کم می‌شود، کدام یک بیشتر احتمال دارد که افزایش یابد؟,"['ظرفیت حمایتی', 'چگالی جمعیت', 'رقابت برای فضا', 'رقابت برای منابع']",D,کمبود باران منجر به کاهش منابع می‌شود که موجب افزایش رقابت برای دستیابی به منابع محدود می‌گردد.,A,0.4619183540344238,D,0.4827038943767547,False,True,True,True,[0.46191835 0.21904877 0.03776874 0.2812642 ],[0.06481849 0.22623877 0.22623877 0.4827039 ],0.8183265328407288,0.2812642,0.4827039,0.2014397,0.6914904713630676,0.558611273765564,0.617988646030426,0.6936711668968201,0.5602497458457947,0.6198622584342957
1088,زمانی که مولکول‌های آب شروع به کند شدن می‌کنند، وارد مرحله‌ای می‌شوند که دیگر قادر به عبور آسان از یکدیگر نیستند. آب در حال عبور از یک تغییر فاز است و  ,"['به عنوان یک مخلوط باقی می\u200cماند.', 'به عنوان یک ترکیب باقی می\u200cماند.', 'به یک عنصر تبدیل می\u200cشود.', 'به یک ترکیب تبدیل می\u200cشود.']",B,آب در حال تبدیل به یخ است و مولکول‌ها کند می‌شوند. در این حالت، آب یک ترکیب باقی می‌ماند زیرا از دو عنصر تشکیل شده است.,A,0.5025479197502136,B,0.9260467290878296,False,True,True,True,[0.5025479  0.1260752  0.16188376 0.20949313],[0.02487186 0.9260467  0.00807471 0.04100677],0.850386917591095,0.1260752,0.9260467,0.7999715000000001,0.9286634922027588,0.7608730792999268,0.8364365696907043,0.928663432598114,0.7608730792999268,0.8364364504814148
1089,کدام فرآیند در طول میلیون سال گذشته نواحی کوهستانی نوادا را به سمت بالا مجبور کرد؟,"['فرسایش مواد اطراف', 'فعالیت لرزه\u200cای در امتداد خطوط گسل', 'چندین فوران آتشفشانی', 'رسوب\u200cگذاری رسوبات بادبرده']",B,حرکت‌های تکتونیکی و فعالیت‌های لرزه‌ای در امتداد خطوط گسل، باعث جابجایی و بالا آمدگی نواحی کوهستانی می‌شود.,B,0.8931683897972107,B,0.9916252493858336,True,True,True,True,[0.03924308 0.8931684  0.0647009  0.00288753],[5.8964193e-03 9.9162525e-01 2.0377480e-03 4.4069390e-04],0.8193333148956299,0.8931684,0.99162525,0.09845685,0.8977542519569397,0.7134890556335449,0.7950852513313293,0.8990347981452942,0.7178490161895752,0.7982902526855469
1090,مدارهای برق انرژی لازم برای لامپ‌ها را تأمین می‌کنند. کدام‌یک از این موارد مانع از جریان الکترون‌ها می‌شود؟,"['مداری که بسته است', 'مدار سری', 'مداری که باز است', 'مدار موازی']",C,مدار باز مانع جریان الکترون‌ها می‌شود زیرا مسیر جریان را قطع می‌کند.,A,0.7702807188034058,C,0.5314512252807617,False,True,True,True,[0.7702807  0.15256861 0.03857538 0.03857538],[0.41389462 0.04362417 0.5314512  0.01102992],0.7437713146209717,0.03857538,0.5314512,0.49287582,0.7538553476333618,0.5754109621047974,0.6526557207107544,0.7597267627716064,0.5747248530387878,0.6544018983840942
1091,به منظور اینکه دانش‌آموزان بتوانند آزمایش‌های آزمایشگاهی را به‌طور ایمن و دقیق انجام دهند، باید,"['از دیگر دانش\u200cآموزان تقلید کنند.', 'از معلم بخواهند ابتدا تمام آزمایش را نشان دهد.', 'پس از حفظ کردن دستورات، آزمایش را انجام دهند.', 'تمامی دستورالعمل\u200cها را قبل از شروع آزمایش بخوانند و درک کنند.']",D,دانش‌آموزان باید قبل از شروع آزمایش، دستورالعمل‌ها را بخوانند و درک کنند تا با خطرات و مراحل آزمایش آشنا شوند و اقدامات احتیاطی را انجام دهند.,B,0.389078676700592,D,0.7012059688568115,False,True,True,True,[0.01520454 0.38907868 0.20663813 0.38907868],[0.02418214 0.04517818 0.22943372 0.70120597],0.8138476014137268,0.38907868,0.70120597,0.3121272899999999,0.84555983543396,0.6639792919158936,0.7438485026359558,0.837915301322937,0.6635775566101074,0.7406253218650818
1092,یک دریاچه برای بیش از یک قرن برای آبیاری محصولات استفاده شده است. این عمل چگونه به احتمال زیاد بر این منبع تأثیر گذاشته است؟,"['محتوای نمک آب کاهش یافته است.', 'نرخ تبخیر آب افزایش یافته است.', 'تعداد ماهی ها در دریاچه افزایش یافته است.', 'حجم دریاچه کاهش یافته است.']",D,استفاده از آب دریاچه برای آبیاری باعث کاهش حجم آب آن می‌شود.,B,0.504971444606781,D,0.91061931848526,False,True,True,True,[0.18576862 0.50497144 0.0029793  0.30628067],[0.06622322 0.02149953 0.00165787 0.9106193 ],0.9266562461853028,0.30628067,0.9106193,0.60433863,0.8776533603668213,0.681973934173584,0.7675381302833557,0.8776533603668213,0.681973934173584,0.7675381302833557
1093,تعامل انسان با محیط زیست منجر به افزایش مقادیر باران اسیدی شده است. کدام جمعیت بیشتر تحت تأثیر منفی انسان‌ها قرار گرفته‌اند با مشارکت در تولید باران اسیدی؟,"['قورباغه\u200cها در یک اکوسیستم برکه', 'ماهی\u200cها در یک اکوسیستم اقیانوسی', 'خرس\u200cها در یک اکوسیستم توندرا', 'شیرها در یک اکوسیستم مرتع']",A,قورباغه‌ها به دلیل جذب راحت‌تر مواد شیمیایی از طریق پوست و تنفس در محیط‌های مرطوب، بیشترین آسیب‌پذیری را در برابر باران اسیدی دارند.,B,0.7845489978790283,A,0.7333613634109497,False,True,True,True,[0.17539878 0.784549   0.01631463 0.02373764],[0.73336136 0.23808758 0.01939133 0.00915982],0.6438295841217041,0.17539878,0.73336136,0.55796258,0.8911184072494507,0.6957840919494629,0.7814292311668396,0.9007399082183838,0.7021697163581848,0.7891553044319153
1094,سوال: در یک جنگل بارانی استوایی، تفاوت دما در روز و شب نسبتاً کم است. در بیابان، تفاوت دما در روز و شب بسیار زیاد است. کدام عامل به کاهش تغییرات دما در جنگل بارانی کمک می‌کند؟,"['الف) پوشش گیاهی در جنگل بارانی گرما را منعکس می\u200cکند.', 'ب) موجودات در جنگل بارانی رطوبت را جذب می\u200cکنند.', 'ج) تابش خورشیدی در جنگل بارانی کمتر شدید است.', 'د) پوشش ابر در جنگل بارانی به حفظ گرما کمک می\u200cکند.']",D,پوشش ابر به عنوان یک لایه عایق عمل می‌کند و از خروج گرما جلوگیری می‌کند و در نتیجه گرما را در طول شب حفظ می‌کند.,A,0.426111102104187,D,0.7518740296363831,False,True,True,True,[0.4261111  0.12304038 0.2928616  0.15798698],[0.04241783 0.01560465 0.19010353 0.751874  ],0.8711603283882141,0.15798698,0.751874,0.59388702,0.9313725233078003,0.8011810779571533,0.8613852262496948,0.9313725233078003,0.8011811971664429,0.8613853454589844
1095,چرا زغال‌سنگ، نفت و گاز طبیعی به عنوان سوخت‌های فسیلی شناخته می‌شوند؟,"['زیرا آنها زمانی فسیل بودند.', 'زیرا در زمان\u200cهای پیشاتاریخی شکل گرفته\u200cاند.', 'زیرا برای گرم کردن خانه\u200cها و کسب\u200cوکارهای ما استفاده می\u200cشوند.', 'زیرا از بقایای گیاهان و حیوانات پیشاتاریخی تشکیل شده\u200cاند.']",D,زغال‌سنگ، نفت و گاز طبیعی از بقایای گیاهان و حیوانات پیشاتاریخی تشکیل شده‌اند.,A,0.5735320448875427,D,0.7884620428085327,False,True,True,True,[0.57353204 0.02866624 0.00207658 0.39572522],[0.0733384  0.13701417 0.0011854  0.78846204],0.7374235987663269,0.39572522,0.78846204,0.39273682,0.6602573394775391,0.5114928483963013,0.5764315724372864,0.6623599529266357,0.5099666118621826,0.5762583017349243
1096,یک معلم در جلوی کلاس درس یک قوطی غذا را باز می‌کند. به زودی، همه دانش‌آموزان در کلاس می‌توانند بوی غذا را استشمام کنند. کدام یک از جملات زیر ویژگی‌ای از یک گاز را که باعث می‌شود همه دانش‌آموزان بتوانند بوی غذا را احساس کنند، شناسایی می‌کند؟,"['الف) گاز هیچ جرمی ندارد.', 'ب) گاز دارای جرم زیاد است.', 'ج) گاز شکل ظرف خود را می\u200cگیرد.', 'د) گاز شکل خود را در هنگام قرار گرفتن در ظرف حفظ می\u200cکند.']",C,گازها در فضا پخش می‌شوند و شکل ظرف را می‌گیرند، بنابراین بوی غذا در کلاس پخش می‌شود.,C,0.4174540936946869,C,0.9691658020019532,True,True,True,True,[0.17266652 0.04434443 0.4174541  0.36553502],[2.2615222e-02 8.7688729e-04 9.6916580e-01 7.3420871e-03],0.8519867062568665,0.4174541,0.9691658,0.5517117,0.8676575422286987,0.693915605545044,0.7711212635040283,0.8676575422286987,0.693915605545044,0.7711212635040283
1097,تمام جانداران طبقه‌بندی شده در قلمرو جانوری همچنین باید به کدام یک از موارد زیر طبقه‌بندی شوند؟,"['آرکئا', 'ایوباکتریا', 'یوکاریوتا', 'پروتیستا']",C,تمام جانداران قلمرو جانوری، سلول‌های یوکاریوتی دارند و باید در دسته [MASK] طبقه‌بندی شوند.,A,0.5362152457237244,C,0.9833412766456604,False,True,True,True,[0.53621525 0.10476536 0.28701535 0.07200411],[1.3809147e-02 7.3185802e-04 9.8334128e-01 2.1177013e-03],0.8811214566230774,0.28701535,0.98334128,0.69632593,0.8720974922180176,0.6983863711357117,0.7756348252296448,0.8474605083465576,0.6772149801254272,0.7528329491615295
1098,برخی از نیروگاه‌ها آب گرم را به رودخانه‌ها تخلیه می‌کنند. این عمل انرژی حرارتی را به رودخانه اضافه می‌کند که احتمالاً,"['مقدار مواد مغذی در رودخانه را افزایش می\u200cدهد.', 'محیط بهتری برای رشد ارگانیسم\u200cهای بومی فراهم می\u200cکند.', 'رودخانه را در تعادل با طبیعت نگه می\u200cدارد.', 'وجود ارگانیسم\u200cهای آبزی را تهدید می\u200cکند.']",D,افزودن انرژی حرارتی به رودخانه‌ها می‌تواند باعث کاهش سطح اکسیژن محلول و دشوارتر شدن شرایط زندگی برای ارگانیسم‌های آبزی شود.,B,0.4160513281822204,D,0.8987780213356018,False,True,True,True,[0.13507208 0.41605133 0.2523479  0.19652873],[0.08359938 0.00881131 0.00881131 0.898778  ],0.8779584169387817,0.19652873,0.898778,0.7022492699999999,0.857448399066925,0.6399738788604736,0.7329189777374268,0.857448399066925,0.6399738788604736,0.7329189777374268
1099,کدام یک نمونه‌ای از محصول ساخت بشر است؟,"['کیک', 'گوجه\u200cفرنگی', 'گندم', 'زغال سنگ']",A,[MASK] محصولی است که توسط انسان ساخته می‌شود.,C,0.7451468706130981,D,0.2189193964004516,False,False,False,False,[0.10045151 0.00824556 0.7451469  0.14615607],[0.2189194  0.00848843 0.00848843 0.7641038 ],0.5365109443664551,0.10045151,0.2189194,0.1184678899999999,0.765762209892273,0.51746666431427,0.6175927519798279,0.7432612776756287,0.49362072348594666,0.5932484865188599
1100,جهشی که در یک ارگانیسمی که جنسی تولید مثل می‌کند، رخ می‌دهد، احتمالاً بر ویژگی‌های نسل تأثیر خواهد گذاشت اگر آن جهش,"['در سلول\u200cهای سیستم عصبی واقع شده باشد.', 'DNA در یک گامت از والد را تغییر دهد.', 'رفتار ارگانیسم\u200cها را تغییر دهد.', 'نزدیک به لنگر یک کروموزوم واقع شده باشد.']",B,جهش در سلول‌های جنسی می‌تواند به طور مستقیم بر ویژگی‌های نسل تأثیر بگذارد زیرا این سلول‌ها در تولید مثل جنسی نقش دارند و جهش در آن‌ها به فرزندان منتقل می‌شود.,B,0.7561337351799011,B,0.9708563089370728,True,True,True,True,[0.0700572  0.75613374 0.00575064 0.16805847],[0.01581551 0.9708563  0.00101105 0.01231713],0.8542692065238953,0.75613374,0.9708563,0.21472256,0.907929003238678,0.7135224342346191,0.7990713715553284,0.907929003238678,0.7135224342346191,0.7990713715553284
1101,یک اتم شامل ۸ الکترون، ۸ پروتون و ۸ نوترون است. جرم این اتم چقدر است؟,"['8', '16', '24', '32']",B,جرم اتم برابر است با مجموع پروتون‌ها و نوترون‌ها که ۸ + ۸ = ۱۶ واحد جرم اتمی است، اما عدد جرمی تقریبی است.,C,0.5431241393089294,B,0.710989236831665,False,True,True,True,[0.0958671  0.15805812 0.54312414 0.20295066],[0.04545202 0.71098924 0.15864314 0.08491556],0.9301496744155884,0.15805812,0.71098924,0.55293112,0.8435699939727783,0.6811457872390747,0.7537065744400024,0.8435699939727783,0.6811457872390747,0.7537065744400024
1102,گیاهان باتلاقی می‌میرند، به زمین می‌افتند و توسط گیاهان در حال مرگ دیگر دفن می‌شوند. تقریباً چقدر طول می‌کشد تا گیاهان ممکن است به سوخت فسیلی تبدیل شوند؟,"['۱,۰۰۰,۰۰۰ سال', '۱۰۰,۰۰۰ سال', '۱۰,۰۰۰ سال', '۱,۰۰۰ سال']",A,فرآیند تبدیل گیاهان به سوخت فسیلی میلیون‌ها سال طول می‌انجامد. باتلاق‌ها محیطی مناسب برای تجمع و دفن مواد آلی هستند و شرایط را برای تبدیل آن‌ها به سوخت فسیلی فراهم می‌کنند. این فرآیند حدود ۱ میلیون سال طول می‌کشد.,A,0.946324586868286,A,0.891358494758606,True,True,True,False,[0.9463246  0.02835414 0.0081236  0.01719766],[8.9135849e-01 1.7207267e-03 4.6312730e-04 1.0645759e-01],0.9336163997650146,0.9463246,0.89135849,-0.0549661099999999,0.8593221306800842,0.6804010272026062,0.7594659328460693,0.8593221306800842,0.6804010272026062,0.7594659328460693
1103,اگر یک جسم جامد از زمین به فاصله دوری به فضا برده شود، کدام یک از اندازه‌گیری‌های زیر متعلق به آن جسم بیشترین تغییر را خواهد داشت؟,"['چگالی', 'جرم', 'حجم', 'وزن']",D,[MASK] جسم به نیروی گرانش بستگی دارد و با تغییر محل، تغییر می‌کند.,D,0.4034004807472229,D,0.7778801321983337,True,True,True,True,[0.21761823 0.31663266 0.06234867 0.40340048],[0.06335539 0.15198168 0.00678277 0.77788013],0.8422130942344666,0.40340048,0.77788013,0.37447965,0.8789585828781128,0.6471261978149414,0.7454331517219543,0.875666618347168,0.6432546973228455,0.7416797876358032
1104,یک گونه پرنده از دهه ۱۹۰۰ تاکنون مشاهده نشده است و به عنوان منقرض شده در نظر گرفته می‌شود. کدام شواهد بهترین دلیل را برای رد این ادعا که پرنده منقرض شده است ارائه می‌دهد؟,"['یک پرنده\u200cنگر تصویری از پرنده می\u200cکشد.', 'یک دانشمند بقایای فسیلی پرنده را کشف می\u200cکند.', 'یک محقق عکسی از پرنده می\u200cگیرد.', 'یک جنگل\u200cبان زیستگاه مناسبی برای پرنده پیدا می\u200cکند.']",C,عکس گرفتن مستقیم از پرنده، شواهد قاطعی برای اثبات وجود آن و رد ادعای انقراض است.,B,0.7063865065574646,B,0.2863313853740692,False,False,False,False,[0.25986508 0.7063865  0.01687423 0.01687423],[0.2229951  0.47208065 0.2863314  0.01859281],0.764570415019989,0.01687423,0.2863314,0.26945717,0.8186924457550049,0.6458849906921387,0.7220938205718994,0.8186924457550049,0.6458849906921387,0.7220938205718994
1105,کدام منبع داده درباره منابع نوادا احتمالاً جدیدترین و قابل اعتمادترین است؟,"['یک دانشنامه علمی', 'یک مقاله در یک روزنامه محلی', 'یک وب\u200cسایت متعلق به دولت', 'یک ارائه در کلاس توسط یک دانش\u200cآموز']",C,وب‌سایت‌های دولتی معمولاً اطلاعات به‌روز و قابل اعتمادی را ارائه می‌دهند.,C,0.727082371711731,C,0.997731387615204,True,True,True,True,[0.2685255  0.00140909 0.7270824  0.00298305],[2.1996463e-03 3.3399865e-05 9.9773139e-01 3.5553971e-05],0.8894510269165039,0.7270824,0.99773139,0.27064899,0.9175913333892822,0.6414773464202881,0.7550841569900513,0.9175913333892822,0.6414773464202881,0.7550841569900513
1106,چرا سنگ‌ها و شن‌ریزه‌هایی که در بستر رودخانه‌ها یافت می‌شوند معمولاً صاف هستند؟,"['الف) سنگ\u200cها و شن\u200cریزه\u200cهای بستر رودخانه خیلی قدیمی نیستند.', 'ب) سنگ\u200cها و شن\u200cریزه\u200cها هنگام جریان آب به یکدیگر ساییده می\u200cشوند.', 'ج) رودخانه\u200cها فقط می\u200cتوانند بر روی سنگ\u200cها و شن\u200cریزه\u200cهای صاف جریان داشته باشند.', 'د) موجودات در رودخانه\u200cها سنگ\u200cها و شن\u200cریزه\u200cها را تجزیه می\u200cکنند.']",B,سنگ‌ها و شن‌ریزه‌ها در اثر سایش مداوم هنگام جریان آب، صاف می‌شوند.,B,0.7462354898452759,B,0.9433236122131348,True,True,True,True,[0.10178409 0.7462355  0.00388541 0.14809497],[5.3218678e-02 9.4332361e-01 8.0808293e-04 2.6496018e-03],0.853437602519989,0.7462355,0.94332361,0.1970881099999999,0.8296685218811035,0.683596134185791,0.7495823502540588,0.8296685218811035,0.683596134185791,0.7495823502540588
1107,کدام سازگاری اغلب به یک جانور کمک می کند تا جفتی را جذب کند؟,"['خواب زمستانی', 'پنهان کاری', 'رنگ آمیزی', 'مهاجرت']",C,رنگ‌آمیزی ویژه جانوران می‌تواند در جذب جفت مؤثر باشد.,C,0.7705058455467224,C,0.998273491859436,True,True,True,True,[0.03372168 0.17259598 0.77050585 0.02317655],[1.1597619e-03 4.6858619e-04 9.9827349e-01 9.8221004e-05],0.8655761480331421,0.77050585,0.99827349,0.2277676399999999,0.8264888525009155,0.5489860773086548,0.6597443222999573,0.8264889121055603,0.5489860773086548,0.659744381904602
1108,کدام پروتیست یک خودتغذیه دوflagellate است؟,"['آمیب', 'اگلن', 'پرامیسیوم', 'ولوکسا']",D,پروتیستی که توانایی فتوسنتز دارد و دارای دو تاژک است.,D,0.3881207406520843,D,0.3400686383247375,True,True,True,False,[0.26675123 0.18333524 0.1617928  0.38812074],[0.26692295 0.26692295 0.12608548 0.34006864],0.6500816941261292,0.38812074,0.34006864,-0.0480521,0.8453170657157898,0.558338463306427,0.6724912524223328,0.8453171253204346,0.558338463306427,0.6724913120269775
1109,در یک تحقیق دربارهٔ چرخهٔ آب، چه چیزی بیشتر احتمال دارد که اندازه‌گیری شود؟,"['سرعت باد', 'لایهٔ اوزون', 'انتشار گازهای طبیعی', 'مقادیر بارش']",D,در تحقیق درباره چرخه آب، مقدار بارش به دلیل نقش کلیدی آن در چرخه، بیشتر اندازه‌گیری می‌شود.,A,0.7993223071098328,D,0.970870316028595,False,True,True,True,[0.7993223  0.01865197 0.00367279 0.17835292],[0.02607574 0.00104316 0.00201075 0.9708703 ],0.7821835279464722,0.17835292,0.9708703,0.7925173799999999,0.7845447063446045,0.6406564116477966,0.7053371071815491,0.7672295570373535,0.6286284923553467,0.6910478472709656
1110,در حال حاضر، قطب جنوب سردترین و خشک‌ترین نقطه زمین است. دیرینه‌شناسان فسیل‌های دایناسور را در لایه‌های سنگی زیر یخ پیدا کرده‌اند. بر اساس این شواهد، کدام یک از نتیجه‌گیری‌های زیر درباره آب و هوای قطب جنوب در گذشته منطقی است؟,"['الف) قطب جنوب همیشه دارای آب و هوای یکسانی با حال حاضر بوده است.', 'ب) در زمانی در گذشته، قطب جنوب یک بیابان داغ و خشک بوده است.', 'ج) در زمانی در گذشته، قطب جنوب بسیار گرمتر و مرطوب\u200cتر بوده است.', 'د) در زمانی در گذشته، قطب جنوب سردتر و مرطوب\u200cتر از حالا بوده است.']",C,یافته‌های فسیلی نشان می‌دهد که قطب جنوب در گذشته شرایط آب و هوایی متفاوتی داشته است. دایناسورها در مناطق گرم و مرطوب زندگی می‌کردند، پس وجود فسیل‌های آنها در آنجا نشان‌دهنده گرمتر و مرطوب‌تر بودن گذشته قطب جنوب است.,D,0.7437968254089355,C,0.9062067270278932,False,True,True,True,[0.05409134 0.10105594 0.10105594 0.7437968 ],[0.02147909 0.00615386 0.9062067  0.06616026],0.8842042088508606,0.10105594,0.9062067,0.8051507600000001,0.8701782822608948,0.7917171716690063,0.8290955424308777,0.8701782822608948,0.7917171716690063,0.8290955424308777
1111,یک جسم کروی بزرگ و جامد در سیستم خورشیدی به عنوان قمر طبقه‌بندی شده است. کدام ویژگی این جسم، آن را به این طبقه‌بندی می‌رساند؟,"['این جسم حول محور خود می\u200cچرخد.', 'این جسم فاقد آب مایع است.', 'این جسم به دور یک سیاره نزدیک می\u200cچرخد.', 'این جسم نوری را از یک ستاره منعکس می\u200cکند.']",C,چون جسم به دور یک سیاره می‌چرخد، به عنوان قمر طبقه‌بندی می‌شود.,C,0.9543191194534302,C,0.991679847240448,True,True,True,True,[0.04176639 0.00207943 0.9543191  0.00183509],[7.5126463e-03 6.3625094e-04 9.9167985e-01 1.7124461e-04],0.8584888577461243,0.9543191,0.99167985,0.03736075,0.8216776847839355,0.6608561277389526,0.7325441241264343,0.8235729932785034,0.6672497391700745,0.737215518951416
1112,میگل در حال انجام یک آزمایش بود. او جملات زیر را در دفترچه‌اش نوشت: دمای اولیه آب 10 درجه سلسیوس بود. یک جسم به وزن 5 گرم در آب قرار داده شد. دمای آب به 15 درجه افزایش یافت. این جسم باید گرم‌تر از 10 درجه بوده باشد. در کدام جمله میگل نتیجه‌گیری کرده است؟,"['جمله 1', 'جمله 2', 'جمله 3', 'جمله 4']",D,میگل در جمله چهارم نتیجه‌گیری کرده است که جسم گرم‌تر از 10 درجه بوده، باعث افزایش دمای آب شده است.,A,0.7630428671836853,D,0.9496626853942872,False,True,True,True,[0.76304287 0.1514305  0.02981843 0.05570817],[0.04691298 0.00181901 0.00160527 0.9496627 ],0.9452672600746156,0.05570817,0.9496627,0.89395453,0.9175503253936768,0.7572801113128662,0.8297468423843384,0.9175503253936768,0.7572801113128662,0.8297468423843384
1113,کدام تغییر احتمالاً تعداد سمندرها را افزایش می‌دهد؟,"['سیلاب', 'خشکسالی', 'آتش\u200cسوزی', 'رانش زمین']",A,[MASK] می‌تواند زیستگاه‌های موقت برای سمندرها ایجاد و شرایط تولید مثل را فراهم کند.,A,0.7082639932632446,B,0.146388903260231,True,False,False,False,[0.708264   0.20212992 0.03124074 0.05836539],[0.1463889  0.84240997 0.00184276 0.00935833],0.8288402557373047,0.708264,0.1463889,-0.5618751,0.8550419807434082,0.6863930821418762,0.7614916563034058,0.8479880094528198,0.6695995330810547,0.7483092546463013
1114,پوست بزرگترین اندام در بدن انسان است. چرا پوست به عنوان یک اندام شناخته می‌شود؟,"['به دلیل اینکه از سلول\u200cها ساخته شده است.', 'زیرا به عنوان یک مانع عمل می\u200cکند.', 'چون از بافت\u200cها ساخته شده است.', 'زیرا بخشی از یک موجود زنده است.']",C,پوست به عنوان یک اندام شناخته می‌شود زیرا از ترکیباتی از بافت‌ها تشکیل شده است که عملکردهای مختلفی را ممکن می‌سازد.,D,0.8804804682731628,C,0.9093854427337646,False,True,True,True,[0.07241554 0.04392224 0.00318172 0.88048047],[0.05790842 0.01140284 0.90938544 0.02130332],0.8736935257911682,0.00318172,0.90938544,0.90620372,0.8078030347824097,0.6086327433586121,0.6942148804664612,0.8078030347824097,0.6086327433586121,0.6942148804664612
1115,کدام غذا بیشترین انرژی را برای بدن در کوتاه‌ترین زمان تأمین می‌کند؟,"['سیب\u200cزمینی', 'گوشت', 'شیر', 'میوه']",D,[MASK] به دلیل داشتن پروتئین و چربی، انرژی را به سرعت و به خوبی تأمین می‌کند.,B,0.958398163318634,B,0.0004899054765701,False,False,False,False,[0.03279458 0.95839816 0.00385603 0.00495124],[1.0807143e-02 9.8814780e-01 5.5513572e-04 4.8990548e-04],0.8795670866966248,0.00495124,0.00048990548,-0.00446133452,0.8303136825561523,0.6772325038909912,0.7460008859634399,0.8038879632949829,0.6628275513648987,0.7265745997428894
1116,جغدهای زوزه‌کش دو نوع رنگی دارند-قرمز و خاکستری. جغد زوزه‌کش خاکستری در زیستگاهی که از درختان با پوست تیره تشکیل شده چه مزیتی نسبت به جغد زوزه‌کش قرمز دارد؟,"['لانه\u200cسازی', 'تغذیه', 'تولید مثل', 'استتار']",D,جغدهای خاکستری در محیط درختان تیره بهتر پنهان می‌شوند و از شکارگران در امان می‌مانند.,A,0.7588270902633667,A,0.201016753911972,False,False,False,False,[0.7588271  0.1022957  0.00752697 0.13135028],[7.9348540e-01 5.3989301e-03 9.8884855e-05 2.0101675e-01],0.7837743759155273,0.13135028,0.20101675,0.0696664699999999,0.7938741445541382,0.6121426820755005,0.691263735294342,0.7480095624923706,0.5982081890106201,0.6647742390632629
1117,یک دانشمند در حال اندازه‌گیری مقدار حرکت در امتداد یک گسل است. بهترین ابزاری که برای انجام این اندازه‌گیری مورد استفاده قرار می‌گیرد کدام است؟,"['بارومتر', 'ساعت\u200cسنج', 'چوب\u200cخط کشی', 'لنز بزرگ\u200cنما']",C,برای اندازه‌گیری حرکت در امتداد گسل، ابزاری دقیق برای سنجش زمان تغییرات نیاز است.,C,0.9203548431396484,B,0.1759016662836074,True,False,False,False,[0.0358257  0.00799379 0.92035484 0.0358257 ],[0.02100846 0.7761145  0.17590167 0.02697539],0.9023401737213136,0.92035484,0.17590167,-0.74445317,0.826772928237915,0.6674478650093079,0.7386162281036377,0.8307786583900452,0.6705485582351685,0.7421132326126099
1118,یک ستاره‌شناس مشاهده می‌کند که یک سیاره پس از برخورد شهاب‌سنگ سریع‌تر می‌چرخد. اثر احتمالی این افزایش در چرخش کدام است؟,"['چگالی سیاره کاهش خواهد یافت.', 'سال\u200cهای سیاره طولانی\u200cتر خواهند شد.', 'روزهای سیاره کوتاه\u200cتر خواهند شد.', 'گرانش سیاره قوی\u200cتر خواهد شد.']",C,افزایش سرعت چرخش سیاره باعث کاهش زمان یک روز می‌شود.,C,0.9018405675888062,C,0.9784693717956544,True,True,True,True,[0.05077909 0.04481239 0.90184057 0.00256795],[1.9992646e-02 1.4482624e-03 9.7846937e-01 8.9735797e-05],0.8166690468788147,0.90184057,0.97846937,0.0766288,0.912408173084259,0.6114189624786377,0.7321876287460327,0.9149552583694458,0.6186027526855469,0.7381446957588196
1119,گروهی از مهندسان می‌خواستند بدانند که طراحی‌های مختلف ساختمان در زمان زلزله چگونه عمل خواهند کرد. آنها چندین مدل ساختمانی ساختند و هر یک را برای قابلیت مقاومت در برابر شرایط زلزله آزمایش کردند. کدام یک از موارد زیر احتمالاً نتیجه آزمایش طراحی‌های مختلف ساختمان خواهد بود؟,"['ساختمان\u200cها سریع\u200cتر ساخته خواهند شد', 'ساختمان\u200cها ایمن\u200cتر خواهند شد', 'طراحی\u200cهای ساختمان زیباتر خواهند بود', 'مواد ساختمانی ارزان\u200cتر خواهند بود']",B,نتایج آزمایش‌ها نشان‌دهنده بهبود ایمنی ساختمان‌ها در برابر زلزله خواهد بود.,B,0.9635913372039796,B,0.996785283088684,True,True,True,True,[0.02921182 0.96359134 0.00271712 0.00447978],[1.9242483e-03 9.9678528e-01 1.0299758e-03 2.6041869e-04],0.890010416507721,0.96359134,0.99678528,0.0331939399999999,0.8439185619354248,0.743636965751648,0.7906104922294617,0.8439185619354248,0.7436368465423584,0.7906104922294617
1120,نتیجه نهایی در فرایند فتوسنتز تولید قند و اکسیژن است. کدام مرحله آغاز فتوسنتز را مشخص می‌کند؟,"['انرژی شیمیایی از طریق ریشه\u200cها جذب می\u200cشود.', 'انرژی نوری به انرژی شیمیایی تبدیل می\u200cشود.', 'کلروفیل در برگ انرژی نوری را جذب می\u200cکند.', 'نور خورشید به کلروفیل تبدیل می\u200cشود.']",C,آغاز فتوسنتز با جذب انرژی نوری توسط کلروفیل در برگ‌ها مشخص می‌شود.,C,0.7202625870704651,C,0.9966136813163756,True,True,True,True,[0.01319207 0.2649698  0.7202626  0.00157557],[2.1631180e-03 9.0172177e-04 9.9661368e-01 3.2151878e-04],0.7956792116165161,0.7202626,0.99661368,0.2763510799999999,0.8370611667633057,0.6681364178657532,0.7431197762489319,0.8370611667633057,0.6681363582611084,0.7431197166442871
1121,یک فیزیکدان می‌خواهد سرعتی را تعیین کند که یک خودرو باید به آن برسد تا از روی یک رمپ پرش کند. این فیزیکدان سه آزمایش انجام می‌دهد. در آزمایش‌های دوم و سوم، سرعت خودرو به میزان 20 مایل در ساعت افزایش می‌یابد. هنگامی که فیزیکدان سرعت را تغییر می‌دهد، به چه چیزی تحقیق می‌کند؟,"['کنترل', 'بیان فرضیه', 'متغیر وابسته (پاسخ\u200cدهنده)', 'متغیر مستقل (دستکاری شده)']",D,فیزیکدان با تغییر سرعت خودرو، عاملی را که خودش تغییر می‌دهد تا تأثیر آن را بررسی کند، مورد تحقیق قرار می‌دهد.,C,0.7617670893669128,C,0.0004954761243425,False,False,False,False,[0.09062541 0.01574833 0.7617671  0.13185918],[7.5120907e-03 3.8587718e-04 9.9160647e-01 4.9547612e-04],0.8196475505828857,0.13185918,0.00049547612,-0.13136370388,0.7757174372673035,0.6200875043869019,0.6892262697219849,0.7757173776626587,0.6200873851776123,0.6892261505126953
1122,یک فضانورد یک جسم ۱.۰ کیلوگرمی و یک جسم ۵.۰ کیلوگرمی را در ماه رها می‌کند. هر دو جسم مسافت کل ۲.۰ متر را به طور عمودی سقوط می‌کنند. کدام یک از گزینه‌های زیر بهترین توصیف را از وضعیت اشیاء بعد از سقوط به مسافت ۱.۰ متر ارائه می‌دهد؟,"['هر کدام از آنها انرژی جنبشی خود را از دست داده\u200cاند.', 'هر کدام از آنها مقدار یکسانی از انرژی پتانسیل را به دست آورده\u200cاند.', 'هر کدام از آنها مقدار یکسانی از انرژی پتانسیل را از دست داده\u200cاند.', 'هر کدام از آنها نیمی از حداکثر انرژی جنبشی خود را به دست آورده\u200cاند.']",D,هر دو جسم تحت شتاب گرانش یکسان قرار دارند و مسافت یکسانی سقوط کرده‌اند، بنابراین تغییر انرژی پتانسیل گرانشی برای هر دو یکسان است و به جرم جسم بستگی ندارد.,C,0.8697333931922913,C,0.0061350758187472,False,False,False,False,[0.11793573 0.00655033 0.8697334  0.00578064],[0.2338424  0.26497817 0.49504438 0.00613508],0.9453304409980774,0.00578064,0.00613508,0.00035444,0.8851213455200195,0.6868727207183838,0.7734962105751038,0.8851214051246643,0.6868727207183838,0.7734962701797485
1123,بیماری تومور صورت شیاطین (DFTD) بیماری است که در حال کاهش جمعیت شیاطین تاسمانی است. این بیماری از یک حیوان به حیوان دیگر از طریق گزش منتقل می‌شود و توسط انگل‌ها ایجاد می‌شود. انگل‌ها تومورهای سرطانی ایجاد می‌کنند که در سرتاسر بدن حیوان آلوده پخش می‌شوند و آن را از بین می‌برند. بهترین توضیح برای DFTD چیست؟,"['بیماری غیر واگیر، بیماری چرخه سلولی', 'بیماری واگیر، بیماری چرخه سلولی', 'بیماری غیر واگیر، بیماری مزمن', 'بیماری واگیر، بیماری مزمن']",B,این بیماری از طریق گزش منتقل می‌شود و تومورهای سرطانی ایجاد می‌کند که چرخه سلولی را مختل می‌کند.,B,0.6812297701835632,A,0.461676687002182,True,False,False,False,[0.15319508 0.68122977 0.01238006 0.15319508],[0.52314824 0.4616767  0.00306253 0.01211252],0.6950077414512634,0.68122977,0.4616767,-0.2195530699999999,0.7942005395889282,0.5777041912078857,0.6688700318336487,0.7942004203796387,0.5777041912078857,0.6688700318336487
1124,نوعی از پستاندار کوچک از مناطق کوهستانی غرب ایالات متحده خانه خود را از توده‌های سنگ می‌سازد. در ماه‌های تابستان، این پستاندار علف‌ها و دانه‌ها را در مکان‌های محافظت‌شده در توده‌های سنگ قرار می‌دهد. دلیل احتمالی این رفتار کدام یک از موارد زیر است؟,"['برای آماده شدن برای مهاجرت قبل از زمستان', 'برای تأمین گرما در ماه\u200cهای سرد زمستان', 'برای ذخیره\u200cسازی غذا که در طول ماه\u200cهای زمستان خورده خواهد شد', 'برای محافظت از علف\u200cها و دانه\u200cها در برابر فساد قبل از زمستان']",C,این پستاندار با ذخیره‌سازی غذا در توده‌های سنگ، برای دوره‌های کمبود غذا، مانند زمستان، آماده می‌شود.,C,0.9558550715446472,C,0.9301170110702516,True,True,True,False,[0.03248474 0.00235319 0.9558551  0.00930703],[0.04648904 0.01710236 0.930117   0.00629161],0.8850510716438293,0.9558551,0.930117,-0.0257380999999999,0.8793243765830994,0.6830607652664185,0.7688654661178589,0.8793243765830994,0.6830607652664185,0.7688654661178589
1125,درختان نخل سنگ‌واره در سنگ‌های رسوبی نزدیک به یخچال‌ها یافت می‌شوند. وجود درختان نخل سنگ‌واره به احتمال زیاد شواهدی برای کدام یک از جملات زیر ارائه می‌دهد؟,"['الف) در گذشته آب بیشتری در این منطقه وجود داشته است.', 'ب) این منطقه زمانی دشت علفی بوده است.', 'ج) آب و هوای این منطقه زمانی گرمسیری بوده است.', 'د) در این منطقه گسل\u200cهای فعال وجود دارد.']",C,وجود درختان نخل سنگ‌واره نشان می‌دهد که منطقه مورد نظر در گذشته آب و هوای گرمسیری داشته است.,A,0.9446613788604736,C,0.8346609473228455,False,True,True,True,[0.9446614  0.01991457 0.01991457 0.01550948],[1.6307548e-01 1.9284433e-03 8.3466095e-01 3.3511320e-04],0.8849655985832214,0.01991457,0.83466095,0.81474638,0.8978902101516724,0.6981214284896851,0.7855035662651062,0.8978903293609619,0.6981214284896851,0.7855035662651062
1126,کشاورزان در وایومینگ نگران بودند زیرا برخی از مرغ‌هایشان توسط بازها که در مناطق اطراف مزرعه‌هایشان زندگی می‌کردند، مورد شکار قرار می‌گرفتند. کشاورزان جمع شدند و به شکار بازها پرداختند تا زمانی که دیگر در منطقه آن‌ها نباشند. کدامیک از موارد زیر بیشترین احتمال را دارد که در مرحله بعدی اتفاق بیفتد؟,"['جمعیت مرغ\u200cها کاهش می\u200cیابد.', 'جمعیت موش\u200cها و رت\u200cها افزایش می\u200cیابد.', 'پرنده شکارچی دیگری جایگزین باز خواهد شد.', 'مرغ\u200cها نرخ بیماری کمتری خواهند داشت.']",B,با شکار بازها، تعادل زنجیره غذایی منطقه به هم می‌خورد. احتمال دارد پرنده شکارچی دیگری به‌جای بازها ظاهر شود تا نقش کنترل‌کننده جمعیت را ایفا کند.,A,0.57087641954422,C,0.0508268624544143,False,False,False,False,[0.5708764  0.30437684 0.1128522  0.01189453],[0.05082686 0.05082686 0.89741534 0.00093093],0.7748481035232544,0.30437684,0.05082686,-0.2535499799999999,0.6858022212982178,0.5387923717498779,0.6034731864929199,0.6858022809028625,0.5387924909591675,0.6034732460975647
1127,مسئله: مس یک عنصر است که در سیم‌های الکتریکی مورد استفاده قرار می‌گیرد. کوچک‌ترین واحد مس که هنوز ویژگی‌های مس را حفظ می‌کند، چیست؟,"['الف) اتم', 'ب) الکترون', 'ج) هسته', 'د) پروتون']",A,کوچک‌ترین واحدی که ویژگی‌های مس را حفظ می‌کند، اتم است زیرا خواص شیمیایی و فیزیکی مس را دارا می‌باشد.,A,0.9408041834831238,A,0.997944176197052,True,True,True,True,[0.9408042  0.02824385 0.01740053 0.01355155],[9.9794418e-01 1.3137489e-03 4.8330121e-04 2.5869251e-04],0.825777530670166,0.9408042,0.99794418,0.0571399799999999,0.7943027019500732,0.661925196647644,0.7220971584320068,0.7943027019500732,0.661925196647644,0.7220971584320068
1128,بر اساس طبقه‌بندی سلول‌ها، سلول‌های پروکاریوتیک از سلول‌های یوکاریوتیک جدا می‌شوند. کدام ویژگی معمولاً برای تمایز سلول‌های پروکاریوتیک از سلول‌های یوکاریوتیک استفاده می‌شود؟,"['فرآیندهای زندگی', 'تفاوت\u200cهای اندازه', 'غشای پلاسمایی', 'مولکول\u200cهای انرژی']",B,تفاوت در اندازه سلول‌ها، ویژگی بارز برای تمایز پروکاریوت‌ها از یوکاریوت‌ها است.,C,0.8773237466812134,B,0.9990794658660888,False,True,True,True,[0.02628671 0.09174964 0.87732375 0.00463988],[4.4314034e-04 9.9907947e-01 3.2420838e-04 1.5314519e-04],0.8924724459648132,0.09174964,0.99907947,0.90732983,0.7868396043777466,0.6455843448638916,0.7092472314834595,0.7868396639823914,0.6455843448638916,0.7092471718788147
1129,کدام عبارت بهترین توصیف از تأثیر خورشید بر اقیانوس‌ها است؟,"['خورشید بر تشکیل امواج تأثیر می\u200cگذارد.', 'خورشید ذرات آب ایجاد می\u200cکند.', 'پرتوهای خورشید باعث می\u200cشوند موجودات به سطح آب بیایند.', 'خورشید مواد معدنی را فراهم می\u200cکند.']",A,خورشید با تأمین انرژی، حرکت آب و تشکیل امواج در اقیانوس‌ها را موجب می‌شود.,A,0.9868507981300354,A,0.9991384744644164,True,True,True,True,[0.9868508  0.0085421  0.00244735 0.00215978],[9.9913847e-01 6.6787546e-04 6.2122097e-05 1.3151248e-04],0.8654571771621704,0.9868508,0.99913847,0.0122876699999999,0.8291157484054565,0.6671744585037231,0.739381730556488,0.8291158080101013,0.6671744585037231,0.7393818497657776
1130,در یک شهر، دمای صبح ۴۱ درجه فارنهایت است. اگر پیش‌بینی شود که روزی آفتابی و ملایم خواهد بود، کدام دما برای ساعت ۲:۰۰ بعد از ظهر محتمل‌ترین است؟,"['۳۲ درجه فارنهایت', '۴۱ درجه فارنهایت', '۷۸ درجه فارنهایت', '۹۸ درجه فارنهایت']",C,با افزایش دما در طول یک روز آفتابی و ملایم، دمای [MASK] نسبت به [MASK] صبح، یک افزایش معقول و محتمل است.,C,0.6832651495933533,C,0.689019501209259,True,True,True,True,[0.28371686 0.01246565 0.68326515 0.02055238],[0.28722605 0.00967596 0.6890195  0.01407844],0.8267726302146912,0.68326515,0.6890195,0.00575435,0.8261609673500061,0.6724370718002319,0.7414146065711975,0.8194019198417664,0.6561795473098755,0.7287632822990417
1131,کلاسی برنامه‌ریزی دارد تا بررسی کند کدام مارک لامپ بیشترین عمر را دارد. کدام یک از این مراحل باید اول انجام شود؟,"['بررسی را تکرار کنید.', 'گزارشی از نتایج بنویسید.', 'جدولی برای ثبت داده\u200cها تهیه کنید.', 'مشاهدات روزانه\u200cای از لامپ\u200cها انجام دهید.']",C,ابتدا باید ابزاری برای ثبت و سازماندهی داده‌ها فراهم کرد تا امکان مقایسه و تجزیه و تحلیل اطلاعات فراهم شود.,C,0.9883906841278076,C,0.987951934337616,True,True,True,False,[0.00845989 0.00101039 0.9883907  0.00213899],[1.0847291e-02 6.9344405e-04 9.8795193e-01 5.0733448e-04],0.6800446510314941,0.9883907,0.98795193,-0.0004387699999999,0.8841500282287598,0.6896497011184692,0.7748810648918152,0.8841500282287598,0.6896497011184692,0.7748810648918152
1132,کدام یک از این گازها فراوان‌ترین گاز گلخانه‌ای در جو پایینی زمین است؟,"['اوزون', 'متان', 'بخار آب', 'دی\u200cاکسید کربن']",C,[MASK] با توانایی بالا در جذب و صدور مجدد انرژی حرارتی، نقش مهمی در اثر گلخانه‌ای و تنظیم دمای زمین دارد و به طور طبیعی از طریق تبخیر وارد جو می‌شود.,C,0.8591350317001343,C,0.9806991219520568,True,True,True,True,[0.00506885 0.13072732 0.85913503 0.00506885],[0.00587719 0.00754646 0.9806991  0.00587719],0.8079667091369629,0.85913503,0.9806991,0.12156407,0.9052430391311646,0.7768712043762207,0.8361587524414062,0.9028973579406738,0.7745592594146729,0.8338188529014587
1133,در کدام دما آب یخ می‌زند؟,"['A) ۰ درجه سلسیوس', 'B) ۳۲ درجه سلسیوس', 'C) ۱۰۰ درجه سلسیوس', 'D) ۲۱۲ درجه سلسیوس']",A,آب در صفر درجه یخ می‌زند.,A,0.7540410161018372,A,0.9596531987190248,True,True,True,True,[0.754041   0.10165051 0.02912336 0.11518511],[0.9596532  0.012175   0.0023974  0.02577447],0.7923601865768433,0.754041,0.9596532,0.2056122,0.8669434785842896,0.6593969464302063,0.7490594387054443,0.8669434785842896,0.6593969464302063,0.7490594387054443
1134,سؤالات: استخوان‌ها و دندان‌های فسیلی دایناسورها در قرن گذشته مورد تحقیق قرار گرفته‌اند. کشفیات اخیر دایناسورهای فسیلی همچنین جزئیاتی از بافت‌های نرم مانند پوست را فاش کرده‌اند. بهترین کاری که یک دانشمند باید انجام دهد وقتی به تحقیق در مورد دایناسورها گزارش می‌دهد چیست؟,"['تحقیقات در مورد دندان\u200cها یا استخوان\u200cها را حذف کند', 'پیش\u200cبینی کند کشف بعدی چه خواهد بود', 'داده\u200cهای جدید را به محض در دسترس بودن تجزیه و تحلیل کند', 'گزارش\u200cهای قبلی که یافته\u200cهای جدید را نداشتند حذف کند']",C,یک دانشمند باید [MASK] تا اطلاعات جامع و به‌روز را ارائه دهد و درک بهتری از دایناسورها داشته باشد.,C,0.9862998127937316,C,0.9489437937736512,True,True,True,False,[1.0914085e-02 2.4352614e-03 9.8629981e-01 3.5083268e-04],[3.7083127e-02 1.3642120e-02 9.4894379e-01 3.3101620e-04],0.7892497777938843,0.98629981,0.94894379,-0.03735602,0.870596706867218,0.6238529682159424,0.7268553376197815,0.8473089933395386,0.5980398654937744,0.701179563999176
1135,مالی در حال تهیه چای یخ زده بود و کیسه‌های چای را در آب جوش می‌ریخت. او نیاز داشت تا چای داغ را به سرعت سرد کند، بنابراین آن را در یک پارچ پر از یخ ریخت. کدام گزینه بهترین توصیف را از جریان انرژی حرارتی ارائه می‌دهد؟,"['از یخ به چای', 'از چای به یخ', 'از پارچ به چای', 'از یخ به پارچ']",B,انتقال حرارت از جسم گرمتر به سردتر رخ می‌دهد.,A,0.9720811247825624,A,0.0122242821380496,False,False,False,False,[9.7208112e-01 7.4400729e-03 2.5458529e-04 2.0224215e-02],[9.8158294e-01 1.2224282e-02 4.1829195e-04 5.7743425e-03],0.6823940873146057,0.0074400729,0.012224282,0.0047842091,0.838878870010376,0.6004853248596191,0.6999402642250061,0.8388788104057312,0.6004853248596191,0.6999401450157166
1136,شرکت‌های چوب‌بری در یک جنگل درختان را قطع کرده و آن‌ها را به کارخانه‌های چوب دور از جنگل ارسال می‌کنند. کارخانه‌ها تخته‌هایی تولید می‌کنند که در ساخت و ساز استفاده می‌شوند. برخی از شرکت‌های چوب‌بری پس از قطع درختان نهال‌های درختی نمی‌کارند. عدم کاشت نهال‌های درختی ممکن است بر افرادی که به تخته‌ها در آینده نیاز دارند تأثیر بگذارد زیرا,"['قیمت تخته\u200cها افزایش خواهد یافت', 'قیمت تخته\u200cها کاهش خواهد یافت', 'تعداد بیشتری تخته در دسترس خواهد بود', 'تعداد بیشتری درخت برای چوب\u200cبری وجود خواهد داشت']",A,عدم کاشت نهال‌ها منجر به کاهش درختان و عرضه تخته‌ها در آینده می‌شود و در نتیجه قیمت آن‌ها افزایش می‌یابد.,B,0.7007980346679688,A,0.9907955527305604,False,True,True,True,[0.2578092  0.70079803 0.02696143 0.01443141],[9.9079555e-01 8.5636936e-03 4.2636122e-04 2.1438790e-04],0.8939453363418579,0.2578092,0.99079555,0.73298635,0.8779807686805725,0.685540497303009,0.7699177861213684,0.8779807686805725,0.685540497303009,0.7699177861213684
1137,روزی تصور می‌شد که موجودات زنده می‌توانند از ماده غیر زنده به وجود آیند. به عنوان مثال، مردم معتقد بودند که مگس‌ها از گوشت متعفن شکل می‌گیرند. این نظریه بعداً عمدتاً به دلیل چه چیزی رد شد؟,"['کشف اتم.', 'تکنیک\u200cهای جراحی بهتر.', 'تجربیات مداوم.', 'اختراع میکروسکوپ.']",C,با اختراع میکروسکوپ، دانشمندان توانستند مراحل زندگی موجودات زنده را مطالعه و نشان دهند که مگس‌ها از تخم‌های مگس‌های دیگر به وجود می‌آیند.,D,0.6712392568588257,D,4.738591087516397e-05,False,False,False,False,[0.31831196 0.00650393 0.00394483 0.67123926],[1.9116841e-02 3.2892343e-04 4.7385911e-05 9.8050690e-01],0.8364809155464172,0.00394483,4.7385911e-05,-0.003897444089,0.9192620515823364,0.6835832595825195,0.784095823764801,0.9192620515823364,0.6835832595825195,0.784095823764801
1138,سلول‌ها برای تأمین انرژی، غذا مصرف می‌کنند. بخشی از سلول که به هضم غذا کمک می‌کند، لیزوزوم است. نقش اصلی لیزوزوم‌ها در فرآیند هضم غذا چیست؟,"['ترکیب پروتئین\u200cها', 'شکستن زباله\u200cها', 'کنترل فعالیت\u200cهای سلول', 'تبدیل انرژی از یک شکل به شکل دیگر']",B,آنزیم‌های لیزوزوم، مواد زائد را تجزیه می‌کنند.,B,0.9819104075431824,B,0.9973971843719482,True,True,True,True,[0.01414365 0.9819104  0.00116098 0.00278505],[2.1946188e-03 9.9739718e-01 2.5404559e-04 1.5408645e-04],0.7476054430007935,0.9819104,0.99739718,0.01548678,0.7533843517303467,0.5291630029678345,0.6216739416122437,0.7565745115280151,0.5341348648071289,0.6261871457099915
1139,زمانی که یک جریان الکتریکی از طریق آب (H_{2}O) با استفاده از یک دستگاه خاص عبور داده می‌شود، گازهای هیدروژن (H_{2}) و اکسیژن (O_{2}) تشکیل می‌شوند. چگونه می‌توان این واکنش را در یک معادله شیمیایی نشان داد؟,"['H_{2}O -> H + O + H', '2H_{2}O(l) -> 2H_{2}(g) + O_{2}(g)', 'H:O:H -> H_{2}O', 'H_{2}O(l) -> 2H(g) + O(g)']",B,"<answer>[MASK]</answer>
<concise_explanation>
آب به گازهای هیدروژن و اکسیژن تبدیل می‌شود. معادله شیمیایی متعادل این واکنش، تولید دو مولکول هیدروژن و یک مولکول اکسیژن از دو مولکول آب است.",B,0.9895495176315308,B,0.9981669187545776,True,True,True,True,[9.625707e-03 9.895495e-01 3.471572e-05 7.901261e-04],[9.011449e-04 9.981669e-01 3.083548e-05 9.011449e-04],0.868945837020874,0.9895495,0.9981669,0.0086173999999999,0.6341579556465149,0.7223937511444092,0.675406277179718,0.6374322175979614,0.7280727028846741,0.6797441244125366
1140,کدام یک از موارد زیر حقیقتی دربارهٔ پنگوئن‌هاست؟,"['پنگوئن\u200cها می\u200cتوانند در آب و هوای بسیار سرد زندگی کنند.', 'پنگوئن\u200cها رقبای سرسختی هستند.', 'پنگوئن\u200cها از زیباترین پرندگان هستند.', 'پنگوئن\u200cها حیوانات خانگی فوق\u200cالعاده\u200cای هستند.']",A,پنگوئن‌ها سازگاری‌های فیزیولوژیکی و رفتاری خاصی برای زندگی در مناطق سرد و یخی دارند.,A,0.992550253868103,A,0.9973642230033876,True,True,True,True,[9.9255025e-01 3.5379904e-03 3.1222657e-03 7.8943238e-04],[9.9736422e-01 1.9518702e-03 5.5922009e-04 1.2477888e-04],0.8990229368209839,0.99255025,0.99736422,0.00481397,0.937120258808136,0.6815584897994995,0.7891649007797241,0.937120258808136,0.6815585494041443,0.7891650199890137
1141,یک لیوان آب با دمای ۱۱۰ درجه فارنهایت در اتاقی در کنار یک لیوان آب با دمای ۵۰ درجه فارنهایت قرار داده شده است. دمای اتاق در تمام زمان‌ها ۷۳ درجه فارنهایت است. اگر هر دو لیوان در اتاق به مدت یک شب باقی بمانند، دمای هر دو لیوان آب روز بعد تقریباً چقدر خواهد بود؟,"['۴۳ درجه فارنهایت.', '۵۰ درجه فارنهایت.', '۷۳ درجه فارنهایت.', '۹۰ درجه فارنهایت.']",C,با قرار گرفتن در اتاق با دمای ثابت ۷۳ درجه فارنهایت، هر دو لیوان آب به تدریج به سمت تعادل حرارتی با محیط حرکت می‌کنند و دمایشان به ۷۳ درجه نزدیک می‌شود.,A,0.7521860003471375,C,0.90719735622406,False,True,True,True,[0.752186   0.0905404  0.1317355  0.02553809],[0.07446729 0.01072803 0.90719736 0.00760731],0.9153618216514589,0.1317355,0.90719736,0.77546186,0.8684989213943481,0.7633795738220215,0.8125535249710083,0.8684989213943481,0.7633795738220215,0.8125535249710083
1142,برف، باران، تگرگ و مه همگی اشکال مختلف,"['الف) گاز.', 'ب) آب.', 'ج) باد.', 'د) ابر.']",B,همه این پدیده‌ها، اشکال مختلف آب در شرایط جوی مختلف هستند.,D,0.6947486996650696,D,0.0872984007000923,False,False,False,False,[0.01277457 0.29074785 0.00172885 0.6947487 ],[8.7298401e-02 8.7298401e-02 3.6809366e-04 8.2503510e-01],0.7120019197463989,0.29074785,0.087298401,-0.2034494489999999,0.8337992429733276,0.5829343795776367,0.686156153678894,0.8337992429733276,0.5829343795776367,0.686156153678894
1143,اسکات یک سینی را با آب‌میوه پر کرد و آن را در فریزر قرار داد. روز بعد، اسکات فریزر را باز کرد. آب‌میوه احتمالاً چگونه تغییر کرده است؟,"['به حالت مایع درآمده است.', 'بخار شده است.', 'به گاز تبدیل شده است.', 'به حالت جامد درآمده است.']",D,آب‌میوه در اثر دمای پایین فریزر به حالت جامد درمی‌آید.,B,0.7347015142440796,D,0.9872514009475708,False,True,True,True,[0.1861248  0.7347015  0.00158533 0.07758836],[1.1021055e-02 1.4915376e-03 2.3599553e-04 9.8725140e-01],0.8686864972114563,0.07758836,0.9872514,0.90966304,0.8511611223220825,0.6174236536026001,0.7156917452812195,0.8511611223220825,0.6174235343933105,0.7156916260719299
1144,در تاریخ 21 اوت، هشدار سیلاب ناگهانی برای منطقه لاس وگاس صادر شد. کدام یک از بیانیه‌ها بهترین توصیف را از این هشدار در مورد آب و هوا و اقلیم ارائه می‌دهد؟,"['این یک ویژگی دائمی اقلیمی در طول سال است.', 'این یک ویژگی فصلی آب و هوایی با وقوع\u200cهای نامنظم است.', 'این یک ویژگی مداوم آب و هوایی در فصل وقوع آن است.', 'این یک رویداد نادر است که با اقلیم و آب و هوای محلی سازگار نیست.']",B,ویژگی‌های فصلی آب و هوایی با وقوع‌های نامنظم، بهترین توصیف برای هشدار سیلاب ناگهانی در منطقه لاس وگاس در تاریخ 21 اوت است.,B,0.7129558324813843,B,0.993802011013031,True,True,True,True,[0.14038932 0.71295583 0.14038932 0.00626541],[5.8177467e-03 9.9380201e-01 2.4774953e-04 1.3261077e-04],0.9145941138267516,0.71295583,0.99380201,0.28084618,0.8298519849777222,0.664713978767395,0.7381597757339478,0.8292990922927856,0.6650644540786743,0.7381568551063538
1145,دانش‌آموزان در یک نمایش کلاسی سه شیء را به دماهای مختلف گرم کردند. هر شیء نوری از یک رنگ متفاوت ساطع کرد که در زیر نشان داده شده است. شیء ۱: نور آبی شیء ۲: نور قرمز شیء ۳: نور نارنجی، کدام لیست اشیاء را از بالاترین دما به پایین‌ترین دما ارائه می‌دهد؟,"['شیء ۱، شیء ۲، شیء ۳', 'شیء ۱، شیء ۳، شیء ۲', 'شیء ۲، شیء ۱، شیء ۳', 'شیء ۲، شیء ۳، شیء ۱']",B,بر اساس قانون وین، هر چه دمای جسم بیشتر باشد، طول موج نور ساطع شده کمتر است. نور آبی کمترین طول موج را دارد، سپس نور نارنجی و قرمز به ترتیب دارای طول موج بیشتر هستند.,A,0.6249129772186279,B,0.6939455270767212,False,True,True,True,[0.624913   0.2605025  0.03994935 0.07463522],[0.28927952 0.6939455  0.00538178 0.01139322],0.9285005927085876,0.2605025,0.6939455,0.4334429999999999,0.8310851454734802,0.7187309861183167,0.7708354592323303,0.831085205078125,0.7187309265136719,0.7708354592323303
1146,موجودات ریز به نام پلانکتون در اقیانوس‌ها زندگی می‌کنند. برخی از پلانکتون‌ها می‌توانند انرژی را از خورشید گرفته و به غذا تبدیل کنند. پلانکتون‌ها برای حیواناتی که در اقیانوس زندگی می‌کنند، چگونه بیشترین منفعت را دارند؟,"['الف) پلانکتون\u200cها رنگارنگ هستند.', 'ب) پلانکتون\u200cها آب را پاک می\u200cکنند.', 'ج) پلانکتون\u200cها اکسیژن آزاد می\u200cکنند.', 'د) پلانکتون\u200cها به سرعت تولید مثل می\u200cکنند.']",C,پلانکتون‌ها با فتوسنتز، اکسیژن تولید می‌کنند که برای تنفس موجودات دریایی ضروری است.,C,0.5735918283462524,C,0.981620728969574,True,True,True,True,[0.03210801 0.08727863 0.5735918  0.3070216 ],[0.00661411 0.00515107 0.9816207  0.00661411],0.859853208065033,0.5735918,0.9816207,0.4080289,0.851847767829895,0.6408214569091797,0.731417715549469,0.851847767829895,0.6408214569091797,0.731417715549469
1147,کدام یک از بیانات بهترین توضیح را برای اینکه چرا یک شاخه درخت روی آب شناور است، ارائه می‌دهد؟,"['چوب متخلخل است.', 'چوب دارای خاصیت شناوری است.', 'چوب سبک است.', 'چوب مغناطیسی است.']",B,حفره‌های داخلی چوب، چگالی آن را کاهش می‌دهد و باعث شناور ماندن شاخه درخت روی آب می‌شود.,B,0.9664153456687928,B,0.5776499509811401,True,True,True,False,[0.01754562 0.96641535 0.01366455 0.00237454],[0.27286252 0.57764995 0.14605278 0.00343483],0.786126434803009,0.96641535,0.57764995,-0.3887654,0.7477395534515381,0.6549934148788452,0.6983003616333008,0.7477395534515381,0.6549934148788452,0.6983003616333008
1148,دانش‌آموزان در یک آزمایشگاه به تماشای دو فسیل می‌پردازند. معلم به آن‌ها می‌گوید که این فسیل‌ها در لایه‌های مختلف سنگی پیدا شده‌اند. دانش‌آموزان با مشاهده فسیل‌ها چه چیزی را می‌توانند به احتمال زیاد تعیین کنند؟,"['چگونه هر موجود زنده مرده است', 'سن دقیق فسیل\u200cها', 'زمانی که فسیل\u200cها کشف شدند', 'نوع محیطی که موجودات در آن زندگی می\u200cکردند']",D,با مشاهده فسیل‌ها در لایه‌های مختلف سنگی، دانش‌آموزان می‌توانند اطلاعاتی درباره شرایط زندگی و محیط زیست گذشته و [MASK] کسب کنند.,D,0.598371148109436,D,0.8019156455993652,True,True,True,True,[3.8552605e-02 3.6293045e-01 1.4571520e-04 5.9837115e-01],[1.5790656e-01 3.9925028e-02 2.5271406e-04 8.0191565e-01],0.8668535351753235,0.59837115,0.80191565,0.2035445,0.8166871070861816,0.6828501224517822,0.7437959909439087,0.8161059617996216,0.6737757921218872,0.7381424307823181
1149,فاصله زمین از خورشید موجب می‌شود که آب به راحتی برای موجودات فراهم باشد. کدام ویژگی آب برای این موجودات از اهمیت بیشتری برخوردار است؟,"['توانایی آن در یخ زدن', 'ظرفیت حرارتی خاص آن', 'توانایی آن در حالت مایع بودن', 'کشسانی بالا آن']",C,ویژگی مهم آب، امکان وجود در حالت مایع در شرایط دمایی مناسب برای انجام واکنش‌های شیمیایی و فرآیندهای زیستی است.,A,0.5066702961921692,C,0.9596278667449952,False,True,True,True,[0.5066703  0.44713497 0.02858438 0.01761033],[1.3849710e-02 2.5874665e-02 9.5962787e-01 6.4775953e-04],0.758377194404602,0.02858438,0.95962787,0.93104349,0.8394342660903931,0.7052188515663147,0.7664955258369446,0.8227091431617737,0.7005820274353027,0.7567499876022339
1150,کدام عبارت به درستی یک ویژگی از نوعی ماده را توصیف می‌کند؟,"['هوا ترکیبی از گازها است.', 'یخ ترکیبی از گازها است.', 'هوا یک مایع است.', 'یخ یک مایع است.']",A,هوا از گازهای مختلفی مانند نیتروژن و اکسیژن تشکیل شده است.,A,0.6733576655387878,A,0.9986843466758728,True,True,True,True,[0.67335767 0.24771444 0.05570607 0.02322175],[9.9868435e-01 1.1704817e-03 7.0292888e-05 7.4826385e-05],0.7088491320610046,0.67335767,0.99868435,0.32532668,0.7906069159507751,0.5321747660636902,0.6361458897590637,0.7910605669021606,0.536398708820343,0.6393022537231445
1151,کدام یک از بیانات زیر تأثیر مثبت یک کشف علمی را توصیف می‌کند؟,"['این موضوع برخی از مردم را ناراحت می\u200cکند.', 'این کشف مدت زیادی طول می\u200cکشد تا مفید باشد.', 'این کشف به توضیح نحوه عملکرد چیزها کمک می\u200cکند.', 'این کشف باعث می\u200cشود کار دشوارتر شود.']",C,کشف علمی تأثیر مثبت دارد وقتی به درک و توضیح نحوه عملکرد چیزها کمک کند و موجب پیشرفت دانش شود.,C,0.9798933267593384,C,0.992797076702118,True,True,True,True,[1.8052842e-02 1.6791758e-03 9.7989333e-01 3.7467477e-04],[6.6114804e-03 4.9413700e-04 9.9279708e-01 9.7301338e-05],0.8577936887741089,0.97989333,0.99279708,0.0129037499999999,0.8694610595703125,0.6709209680557251,0.7573960423469543,0.8714505434036255,0.6756830215454102,0.7611809968948364
1152,کدام رویداد طبیعی با بیشترین فراوانی اتفاق می‌افتد؟,"['طلوع خورشید', 'اعتدال', 'ماه کامل', 'خورشیدگرفتگی']",A,رویدادی که تقریباً هر ۲۴ ساعت یک بار اتفاق می‌افتد، فراوانی بیشتری دارد.,A,0.4595907330513,A,0.8406795263290405,True,True,True,True,[0.45959073 0.45959073 0.02592834 0.05489029],[0.8406795  0.1460882  0.00389312 0.00933911],0.8579499125480652,0.45959073,0.8406795,0.38108877,0.7408881187438965,0.5878443717956543,0.6555524468421936,0.753003716468811,0.6116079092025757,0.6749804019927979
1153,یک دانشمند یک منطقه طولانی را که زلزله‌ها در آن رخ می‌دهد نقشه‌برداری می‌کند و مشخص می‌کند که این منطقه یک مرز صفحات تبدیل است. کدام شواهد می‌تواند باعث شود که دانشمند این تعیین را بازنگری کند؟,"['آتشفشان\u200cزایی نیز ویژگی این منطقه است.', 'مرکز زلزله\u200cها در این منطقه در عمق\u200cهای کم رخ می\u200cدهند.', 'این منطقه نشان\u200cدهنده شکستگی\u200cهای گسترده رسوبات است.', 'چگالی\u200cهای مساوی پوسته در دو طرف منطقه یافت می\u200cشود.']",A,اگر زلزله‌ها در عمق‌های کم رخ دهند، نشان‌دهنده حرکات عمودی یا ترکیبی است که با مرز صفحات تبدیل متفاوت است. این می‌تواند دانشمند را وادار به بازنگری در تعیین خود کند.,A,0.5815748572349548,B,0.0161181464791297,True,False,False,False,[0.58157486 0.10066855 0.04196489 0.2757917 ],[1.6118146e-02 9.8173440e-01 1.5959127e-03 5.5153272e-04],0.8349210023880005,0.58157486,0.016118146,-0.565456714,0.762811541557312,0.6732471585273743,0.7152363657951355,0.762811541557312,0.6732471585273743,0.7152363657951355
1154,سوالی که بهترین توصیف را از مقایسه خورشید با ستاره‌ای در اندازه‌ای متفاوت، در صورتی که هر دو در کنار هم قرار داشته باشند، ارائه می‌دهد چیست؟,"['خورشید در کنار یک ستاره معمولی بسیار بزرگ خواهد بود.', 'خورشید در کنار یکی از بزرگترین ستاره\u200cها بسیار کوچک خواهد بود.', 'خورشید در کنار یک ستاره معمولی بسیار روشن خواهد بود.', 'خورشید در کنار یکی از کوچکترین ستاره\u200cها بسیار کم نور خواهد بود.']",B,مقایسه اندازه خورشید با ستاره‌های بزرگ، تفاوت بسیار زیاد اندازه‌ها را نشان می‌دهد و خورشید بسیار کوچک به نظر می‌رسد.,A,0.6436293721199036,B,0.7643781900405884,False,True,True,True,[0.6436294  0.18368398 0.04644258 0.12624402],[0.21899803 0.7643782  0.00407425 0.01254959],0.9058094620704652,0.18368398,0.7643782,0.58069422,0.7554284334182739,0.6229850649833679,0.6828439235687256,0.7554285526275635,0.6229851245880127,0.6828439831733704
1155,کدام یک از بیانات زیر دربارهٔ سیستم خورشیدی درست است؟,"['سیارات گازی به خورشید نزدیک\u200cترند.', 'سیارات جامد به خورشید نزدیک\u200cترند.', 'سیارات به ترتیب اندازهٔ رو به رشد مرتب شده\u200cاند.', 'سیارات جامد بزرگ\u200cتر از سیارات گازی هستند.']",B,سیارات جامد در مقایسه با سیارات گازی به خورشید نزدیک‌تر هستند.,A,0.5425782203674316,A,0.0328302420675754,False,False,False,False,[0.5425782  0.2562958  0.10683998 0.09428596],[0.9594403  0.03283024 0.00269487 0.00503468],0.7805116772651672,0.2562958,0.03283024,-0.22346556,0.820734977722168,0.610291063785553,0.7000393271446228,0.8153110146522522,0.6083935499191284,0.6968158483505249
1156,عملکرد اصلی سلول‌های فتوسنتزی در یک گیاه چیست؟,"['تبدیل اکسیژن به دی\u200cاکسید کربن', 'شکستن قند به مواد شیمیایی قابل استفاده', 'تبدیل انرژی خورشید به انرژی غذایی', 'اجازه دادن به عبور دی\u200cاکسید کربن به درون گیاه']",C,تبدیل انرژی خورشیدی به انرژی شیمیایی به شکل گلوکز، وظیفه اصلی سلول‌های فتوسنتزی است.,C,0.9332731366157532,C,0.9618735313415528,True,True,True,True,[0.01955955 0.04619347 0.93327314 0.00097381],[2.9503472e-02 8.4528858e-03 9.6187353e-01 1.7003651e-04],0.8603851795196533,0.93327314,0.96187353,0.02860039,0.8427930474281311,0.6680442094802856,0.7453125715255737,0.8518450260162354,0.6730716228485107,0.7519790530204773
1157,کدام یک از موارد زیر تفاوت اصلی بین سیستم‌های هیدرولیکی و پنوماتیکی است؟,"['سیستم\u200cهای هیدرولیکی تحت فشار هستند و سیستم\u200cهای پنوماتیکی نیستند.', 'سیستم\u200cهای هیدرولیکی شامل مایعات هستند و سیستم\u200cهای پنوماتیکی شامل گازها هستند.', 'سیستم\u200cهای هیدرولیکی سیستم\u200cهای باز هستند و سیستم\u200cهای پنوماتیکی سیستم\u200cهای بسته هستند.', 'سیستم\u200cهای هیدرولیکی شامل سیالات در حال حرکت هستند و سیستم\u200cهای پنوماتیکی شامل سیالات در سکون هستند.']",B,سیستم‌های هیدرولیکی با مایعات و سیستم‌های پنوماتیکی با گازها کار می‌کنند که به دلیل خواص فیزیکی متفاوت آنهاست.,B,0.8018630146980286,B,0.9763335585594176,True,True,True,True,[0.02765344 0.801863   0.01134895 0.1591346 ],[3.0712527e-03 9.7633356e-01 5.6812464e-04 2.0027084e-02],0.869227409362793,0.801863,0.97633356,0.17447056,0.756038248538971,0.5745326280593872,0.6529056429862976,0.756038248538971,0.5745326280593872,0.6529056429862976
1158,در بهار و اوایل تابستان، خرس‌ها اغلب پشت خود را به درختان می‌کشند تا خز زمستانی خود را بردارند. این نمونه‌ای از یک حیوان است که,"['چرخهٔ زندگی خود را کامل می\u200cکند', 'به خواب زمستانی می\u200cرود', 'به محیط خود واکنش نشان می\u200cدهد', 'برای مهاجرت آماده می\u200cشود']",C,این رفتار خرس‌ها نشان‌دهنده واکنش به نیازهای فصلی و انطباق با شرایط محیطی است.,B,0.9498597979545592,C,0.9519178867340088,False,True,True,True,[0.02859937 0.9498598  0.01210974 0.00943107],[3.7054323e-02 1.0616241e-02 9.5191789e-01 4.1163634e-04],0.7922330498695374,0.01210974,0.95191789,0.93980815,0.7770252227783203,0.5618922710418701,0.6521753072738647,0.7770252227783203,0.5618922710418701,0.6521753072738647
1159,کدام رویداد روزی یک‌بار اتفاق می‌افتد؟,"['ماه طلوع می\u200cکند.', 'ماه جدید اتفاق می\u200cافتد.', 'ماه در مراحل خود چرخش می\u200cکند.', 'ماه در برابر خورشید عبور می\u200cکند.']",A,زمانی که ماه از مقابل خورشید عبور می‌کند، این رویداد می‌تواند روزانه برای ناظران در نقاط خاصی از زمین اتفاق بیفتد.,C,0.6854861974716187,D,0.1824346482753753,False,False,False,False,[0.1956294  0.02647556 0.6854862  0.09240879],[0.18243465 0.01696907 0.23425072 0.56634563],0.7586609125137329,0.1956294,0.18243465,-0.01319475,0.8782058954238892,0.7170182466506958,0.78946852684021,0.8782058954238892,0.7170182466506958,0.78946852684021
1160,جرم یک اتم کربن که دارای ۶ پروتون، ۷ نوترون و ۶ الکترون است، چیست؟,"['6', '7', '13', '19']",C,مجموع پروتون و نوترون‌ها ۱۳ است.,D,0.6492077708244324,C,0.9371234178543092,False,True,True,True,[0.06950355 0.01065871 0.27063006 0.6492078 ],[1.0249102e-02 5.7821471e-04 9.3712342e-01 5.2049231e-02],0.6538607478141785,0.27063006,0.93712342,0.66649336,0.7290900945663452,0.5792617201805115,0.645596981048584,0.7290900945663452,0.5792617201805115,0.645596981048584
1161,سرعت یک موج صوتی در حین عبور از مواد مختلف تغییر می‌کند. کدام عامل بیشترین تأثیر را بر سرعت موج صوتی خواهد داشت؟,"['فرکانس موج', 'طول موج موج', 'منبعی که صدا را تولید کرده است', 'فاصله بین مولکول\u200cها در محیط']",D,[MASK] بیشترین تأثیر را بر سرعت موج صوتی دارد؛ زیرا هرچه فاصله بیشتر باشد، سرعت موج صوتی کمتر است.,D,0.8478487730026245,D,0.8649975061416626,True,True,True,True,[0.10126109 0.04783235 0.00305782 0.8478488 ],[0.08045731 0.04804325 0.00650195 0.8649975 ],0.8170608282089233,0.8478488,0.8649975,0.0171487,0.8401728868484497,0.6662051677703857,0.7431434392929077,0.8480717539787292,0.6584950685501099,0.7413558959960938
1162,کدام جمله بهترین توصیف را از تغییرات انرژی که در حین سوار شدن یک کودک بر روی سورتمه در یک تپه شیب‌دار و پوشیده از برف اتفاق می‌افتد ارائه می‌دهد؟,"['انرژی جنبشی کاهش می\u200cیابد و انرژی پتانسیل افزایش می\u200cیابد.', 'انرژی جنبشی افزایش می\u200cیابد و انرژی پتانسیل کاهش می\u200cیابد.', 'هر دو انرژی پتانسیل و انرژی جنبشی کاهش می\u200cیابد.', 'هر دو انرژی پتانسیل و انرژی جنبشی افزایش می\u200cیابد.']",B,با کاهش ارتفاع، انرژی پتانسیل کاهش می‌یابد و با افزایش سرعت، انرژی جنبشی افزایش می‌یابد.,A,0.9382428526878356,A,0.2314201593399047,False,False,False,False,[0.93824285 0.02497892 0.02497892 0.01179921],[0.38154733 0.23142016 0.38154733 0.00548517],0.7035610675811768,0.02497892,0.23142016,0.20644124,0.798417329788208,0.5240881443023682,0.6328005194664001,0.798417329788208,0.5240881443023682,0.6328005194664001
1163,بهترین روش برای جدا کردن نمک از آب استفاده از,"['روغن.', 'حرارت.', 'مغناطیس.', 'الکل مالشی.']",B,با استفاده از حرارت، آب تبخیر شده و نمک باقی می‌ماند.,B,0.8756556510925293,B,0.9940965175628662,True,True,True,True,[0.01799704 0.87565565 0.00115051 0.10519674],[2.4931652e-03 9.9409652e-01 9.1718422e-04 2.4931652e-03],0.6784600615501404,0.87565565,0.99409652,0.11844087,0.7900562286376953,0.6071454286575317,0.6866281628608704,0.7900562882423401,0.6071455478668213,0.6866283416748047
1164,کدام یک از تجهیزات بهترین ابزار برای تعیین توپوگرافی ایالات متحده است؟,"['رادار', 'ترازو', 'ماهواره', 'رادیو']",C,[MASK]‌ها با تجهیزات پیشرفته، قادر به تهیه تصاویر با وضوح بالا و داده‌های توپوگرافی دقیق هستند.,A,0.9421560764312744,A,0.2427374273538589,False,False,False,False,[0.9421561  0.00637304 0.04709078 0.00438012],[0.74768394 0.00744547 0.24273743 0.00213316],0.7332037091255188,0.04709078,0.24273743,0.19564665,0.9121522903442383,0.6651750802993774,0.7693278789520264,0.8988653421401978,0.6469466090202332,0.7523785829544067
1165,کدام ابزار بهترین گزینه برای تعیین زمان جوش آمدن آب در یک فنجان است؟,"['ترازوی وزن', 'پلیت گرمایی', 'کرنومتر', 'ترمومتر']",C,برای تعیین زمان جوش آمدن آب، ابزاری که زمان را دقیق اندازه‌گیری کند، مناسب است.,D,0.9810933470726012,D,0.0086372923105955,False,False,False,False,[0.00655911 0.0057884  0.00655911 0.98109335],[0.00247463 0.00218385 0.00863729 0.98670423],0.9162965416908264,0.00655911,0.00863729,0.00207818,0.813906729221344,0.6861637830734253,0.7445961236953735,0.8153796195983887,0.6908188462257385,0.7479487657546997
1166,برای تعیین نزدیکی ارتباط موجودات زنده، دانشمندان همه موارد زیر را در نظر می‌گیرند به استثنای,"['ساختارهای جنینی.', 'ساختارهای هم\u200cریخت.', 'ساختارهای مشابه.', 'ساختارهای بازمانده.']",C,ساختارهای مشابه لزوماً نشان‌دهنده نزدیکی تکاملی نیستند و فقط نشان‌دهنده عملکرد مشابه هستند.,B,0.3749188780784607,C,0.8599801659584045,False,True,True,True,[0.33086476 0.37491888 0.00222935 0.29198712],[0.03321505 0.10230955 0.85998017 0.00449517],0.75658118724823,0.00222935,0.85998017,0.85775082,0.8156299591064453,0.5829367637634277,0.6799256205558777,0.8156299591064453,0.582936704158783,0.6799255609512329
1167,کدام یک نمونه‌ای از رفتار آموخته شده است؟,"['الف) یک ببر، آهویی را شکار می\u200cکند.', 'ب) یک موش از یک کایوت فرار می\u200cکند.', 'ج) یک سالمون در جهت بالای رودخانه مهاجرت می\u200cکند.', 'د) یک دارکوب بر روی درختی برای یافتن حشرات ضربه می\u200cزند.']",A,دارکوب با ضربه زدن بر درخت، حشرات را پیدا می‌کند که این رفتار از طریق تجربه و یادگیری حاصل شده است.,A,0.5327250957489014,D,0.0746198818087577,True,False,False,False,[0.5327251  0.09257374 0.1526283  0.22207285],[0.07461988 0.00694073 0.00225333 0.9161861 ],0.8228319883346558,0.5327251,0.07461988,-0.45810522,0.7810065150260925,0.6661975383758545,0.719048023223877,0.7810064554214478,0.6661975383758545,0.7190479636192322
1168,فرض کنید ۲۰ گرم مایع پراکسید هیدروژن حرارت داده شود تا کاملاً به آب مایع و گاز اکسیژن تجزیه شود. کدام گزینه بهترین توصیف را از کل جرم آب و اکسیژنی که تولید شده است ارائه می‌دهد؟,"['بیشتر از ۲۰ گرم به خاطر اضافه کردن گرما', 'بیشتر از ۲۰ گرم به خاطر اینکه اکنون دو ماده وجود دارد', 'کمتر از ۲۰ گرم به خاطر اینکه گاز اکسیژن بسیار سبک است', '۲۰ گرم زیرا هیچ ماده\u200cای اضافه یا حذف نشده است']",D,بر اساس قانون بقای جرم، جرم کل محصولات برابر با جرم کل واکنش‌دهنده‌ها است؛ بنابراین جرم آب و اکسیژن تولیدی برابر ۲۰ گرم است.,D,0.6054122447967529,D,0.9694236516952516,True,True,True,True,[0.37008107 0.02087855 0.00362815 0.60541224],[2.9503657e-02 6.5182074e-04 4.2084706e-04 9.6942365e-01],0.8644381165504456,0.60541224,0.96942365,0.3640114099999999,0.8680211305618286,0.708585798740387,0.7802419066429138,0.8680211305618286,0.708585798740387,0.7802419066429138
1169,هوا رنگ ندارد و قابل مشاهده نیست، اما فضایی را اشغال می‌کند. چه چیزی می‌تواند انجام شود تا نشان دهد که هوا فضای را اشغال می‌کند؟,"['مشاهده تشکیل ابرها', 'اندازه\u200cگیری دمای هوا', 'باد کردن یک توپ ساحلی یا بادکنک', 'وزن کردن یک لیوان قبل و بعد از پر شدن آن با آب']",C,باد کردن یک توپ یا بادکنک، افزایش حجم و اشغال فضای بیشتر را نشان می‌دهد که دلیل بر وجود و اشغال فضا توسط هواست.,A,0.6677206158638,C,0.9439846277236938,False,True,True,True,[0.6677206  0.01075062 0.19055933 0.13096938],[5.3255968e-02 2.3399040e-03 9.4398463e-01 4.1952168e-04],0.8516442179679871,0.19055933,0.94398463,0.7534253,0.647135853767395,0.5800492763519287,0.611758828163147,0.6442735195159912,0.5805398225784302,0.6107484698295593
1170,کدام فرآیند زمین‌شناسی احتمال بیشتری دارد که باعث تشکیل آتشفشان کوه سنت هلنز شده باشد؟,"['مرزهای همگرا', 'مرزهای واگرا', 'گسل\u200cهای انتقالی', 'منطقه\u200cهای شکاف']",A,همگرایی صفحات تکتونیکی منجر به فرورانش و ایجاد فعالیت‌های آتشفشانی شدید می‌شود که احتمالاً علت اصلی تشکیل آتشفشان کوه سنت هلنز است.,A,0.6651927828788757,A,0.986567199230194,True,True,True,True,[0.6651928  0.27675256 0.04244138 0.01561331],[9.8656720e-01 1.2492030e-02 2.3606238e-04 7.0475211e-04],0.8188632130622864,0.6651928,0.9865672,0.3213743999999999,0.7511255741119385,0.6041169166564941,0.6696479320526123,0.755263090133667,0.6092273592948914,0.6744303703308105
1171,کدام مثال رابطه‌ای بین یک موجود زنده و یک موجود غیر زنده را نشان می‌دهد؟,"['الف) یک حشره غذای یک ماهی سالمان است.', 'ب) آب یک سنگ را به پایین دست می\u200cبرد.', 'پ) یک درخت گازی را از هوا حذف می\u200cکند.', 'ت) یک گل برای یک پروانه غذا درست می\u200cکند.']",C,درخت با فتوسنتز، گاز کربن دی‌اکسید را از هوا جذب می‌کند.,B,0.6915063858032227,C,0.9694024920463562,False,True,True,True,[0.223624   0.6915064  0.02080027 0.06406935],[0.01789448 0.00425031 0.9694025  0.00845275],0.6851573586463928,0.02080027,0.9694025,0.94860223,0.909068763256073,0.6254357099533081,0.7410393357276917,0.9106861352920532,0.6314271092414856,0.7457712888717651
1172,تصاویر ارسالی از فضاپیماهای وویجر و گالیله شواهدی را ارائه می‌دهند که اروپا (یکی از قمرهای مشتری) یک اقیانوس مایع زیر سطح یخ خود دارد و این امر تا حدی ناشی از الگوهای خاص ترک‌خوردگی سطحی است که نتیجه چه رویدادهایی می‌باشد؟,"['فوران\u200cهای آتشفشانی', 'حرکت\u200cهای تکتونیکی', 'برخوردهای سیارکی', 'پرتواشعه\u200cهای خورشیدی']",C,حرکت‌های زیرسطحی عامل ایجاد الگوهای ترک‌خوردگی سطحی اروپا هستند که نشان‌دهنده وجود اقیانوس مایع زیر یخ‌های این قمر می‌باشد.,B,0.6507759690284729,A,0.0004929202841594,False,False,False,False,[0.23847374 0.65077597 0.01055998 0.10019033],[8.9996666e-01 4.1271709e-03 4.9292028e-04 9.5413215e-02],0.7998906373977661,0.01055998,0.00049292028,-0.01006705972,0.7704926133155823,0.5907917022705078,0.6687811613082886,0.7726369500160217,0.5943033695220947,0.671837329864502
1173,تمام منابع طبیعی روی زمین یا تجدیدپذیر هستند یا ناتجدیدپذیر. اینکه یک منبع تجدیدپذیر است یا ناتجدیدپذیر بستگی به سرعت یا کندی جایگزینی آن منبع دارد. اگر منبع سریع‌تر از آنچه که جایگزین می‌شود مصرف شود، در نهایت منبع ناپدید خواهد شد. کدام فعالیت استفاده از یک منبع طبیعی ناتجدیدپذیر را نشان می‌دهد؟,"['گروهی از افراد در یک رودخانه شنا می\u200cکنند.', 'یک گروه ساخت و ساز یک پل آهنی می\u200cسازد.', 'یک کشاورز سبزیجاتی را برای فروش در یک بازار محلی می\u200cکارد.', 'یک فرد با استفاده از برق تولید شده توسط یک نیروگاه برق آبی، یک کیک می\u200cپزد.']",B,استفاده از فلزات در ساختارها به دلیل کند بودن فرآیند بازگشت آن‌ها به حالت اولیه، نمونه‌ای از مصرف منابع ناتجدیدپذیر است.,B,0.4351786971092224,B,0.9825698137283324,True,True,True,True,[0.26394922 0.4351787  0.00177848 0.29909366],[1.3865853e-02 9.8256981e-01 5.8465361e-05 3.5058367e-03],0.7526355385780334,0.4351787,0.98256981,0.54739111,0.756414532661438,0.651025116443634,0.6997740268707275,0.756414532661438,0.651025116443634,0.6997740268707275
1174,دانشمندان جمعیت‌های ماهی بزرگ دهان را در چندین مکان جغرافیایی مختلف مطالعه کردند. آن‌ها اطلاعاتی درباره اندازه، تعداد و وزن ماهی‌ها در هر جمعیت ثبت کردند. کدام یک از موارد زیر برای ثبت این داده‌ها مناسب‌تر است؟,"['نقشه', 'نمودار', 'جدول', 'گراف']",C,ثبت داده‌های کمی مانند اندازه، تعداد و وزن در مکان‌های مختلف با استفاده از جداول که امکان نمایش منظم و مقایسه‌پذیری اطلاعات را فراهم می‌کند، مناسب‌تر است.,C,0.9548804759979248,C,0.8605766892433167,True,True,True,False,[0.01549461 0.0175577  0.9548805  0.01206722],[0.00570862 0.13197371 0.8605767  0.00174103],0.7664594650268555,0.9548805,0.8605767,-0.0943038,0.7198543548583984,0.634245753288269,0.6743438839912415,0.7185405492782593,0.6352313756942749,0.6743226051330566
1175,یک آهنربای میله‌ای به سرعت به جلو و عقب در یک حلقه سیم مسی حرکت کرد. انتهای سیم به یک لامپ کوچک متصل شد. این دستگاه برای چه چیزی ایجاد شد؟,"['برای تولید جریان الکتریکی', 'برای افزایش قدرت آهنربا', 'برای گرم کردن سیم مسی', 'برای انتقال پروتون\u200cها به لامپ']",A,این دستگاه [MASK] طراحی شده است. با حرکت آهنربا، میدان مغناطیسی متغیر ایجاد می‌شود که منجر به تولید جریان الکتریکی می‌شود.,A,0.9995692372322084,A,0.9993096590042114,True,True,True,False,[9.9956924e-01 3.4010006e-04 3.1634234e-05 5.9100526e-05],[9.9930966e-01 6.2081363e-04 4.2246898e-05 2.7276647e-05],0.8944854736328125,0.99956924,0.99930966,-0.00025958,0.9285529255867004,0.7752521634101868,0.8450058698654175,0.9282236099243164,0.7720506191253662,0.8429647088050842
1176,کدام یک از ویژگی‌های زیر بیشتر تحت تأثیر محیط قرار دارد؟,"['وزن بدن', 'رنگ چشم', 'گروه خونی', 'نابینایی رنگ']",A,[MASK] بیشتر تحت تأثیر تغذیه و سبک زندگی قرار دارد.,B,0.2929464876651764,B,0.1530812531709671,False,False,False,False,[0.1555827  0.2929465  0.25852436 0.2929465 ],[0.15308125 0.3643651  0.19656022 0.28599346],0.6942606568336487,0.1555827,0.15308125,-0.0025014499999999,0.8900342583656311,0.6615622043609619,0.7589769959449768,0.873609721660614,0.6299058198928833,0.732006847858429
1177,کدام یک از اقدامات زیر نیروی گرانش بین دو جرم m_{1} و m_{2} را بیشتر افزایش می‌دهد؟,"['نصف کردن جرم m_{1} و نصف کردن فاصله بین m_{1} و m_{2}.', 'نصف کردن جرم m_{1} و دو برابر کردن فاصله بین m_{1} و m_{2}.', 'دو برابر کردن جرم m_{1} و نصف کردن فاصله بین m_{1} و m_{2}.', 'دو برابر کردن جرم m_{1} و دو برابر کردن فاصله بین m_{1} و m_{2}.']",C,افزایش همزمان جرم و کاهش فاصله، نیروی گرانش را بیشتر افزایش می‌دهد.,A,0.3331189155578613,C,0.521262526512146,False,True,True,True,[0.33311892 0.25943327 0.33311892 0.07432888],[0.35825816 0.10264268 0.5212625  0.01783662],0.7733482122421265,0.33311892,0.5212625,0.1881435799999999,0.7111191749572754,0.5221953988075256,0.6021872758865356,0.7111190557479858,0.5221954584121704,0.6021872758865356
1178,محصولات در واکنش زیر چیست؟ HCl + NaOH ->,"['Na + Cl_{2}', 'NaCl + OH', 'NaOH + Cl', 'NaCl + H_{2}O']",D,واکنش خنثی‌سازی بین اسید و باز، منجر به تشکیل کلرید سدیم و آب می‌شود.,D,0.9776556491851808,D,0.9875961542129515,True,True,True,True,[1.8082112e-02 4.0346640e-03 2.2762020e-04 9.7765565e-01],[1.1014142e-02 1.3154518e-03 7.4212709e-05 9.8759615e-01],0.7768905758857727,0.97765565,0.98759615,0.0099405,0.713668942451477,0.6379402279853821,0.6736830472946167,0.713668942451477,0.6379402279853821,0.6736830472946167
1179,چرا بیشتر برگ‌های درختان جنگلی در بالای درخت رشد می‌کنند؟,"['برای پراکنده کردن دانه\u200cها', 'برای جذب نور خورشید', 'برای سایه انداختن بر روی تنه', 'برای جمع\u200cآوری آب']",B,برگ‌ها برای انجام فتوسنتز به نور خورشید نیاز دارند و در بالا رشد می‌کنند.,A,0.6990680694580078,B,0.9958592057228088,False,True,True,True,[0.69906807 0.1764072  0.12124278 0.00328189],[3.6410706e-03 9.9585921e-01 4.0851679e-04 9.1152418e-05],0.8381880521774292,0.1764072,0.99585921,0.81945201,0.8808894157409668,0.7143937945365906,0.7889531850814819,0.8808894157409668,0.7143938541412354,0.7889532446861267
1180,اصطلاحات تعویض گاز، دیافراگم و استنشاق بیشتر به کدام سیستم در بدن انسان مرتبط است؟,"['گردش خون', 'گوارش', 'اخراجی', 'تنفسی']",D,فرآیندهای تنفس، تعویض گاز و حرکت هوا به داخل و خارج از ریه‌ها در این سیستم انجام می‌شود.,D,0.6948044896125793,A,0.3464555144309997,True,False,False,False,[0.2896376  0.0087463  0.00681162 0.6948045 ],[0.64726406 0.00390938 0.00237116 0.3464555 ],0.8334344029426575,0.6948045,0.3464555,-0.348349,0.8791454434394836,0.7384045124053955,0.8026521801948547,0.8709589838981628,0.7339963316917419,0.7966336011886597
1181,کدام یک از اندام‌های ماهی همان وظیفه را به عنوان ریه انسان دارد؟,"['کلیه', 'قلب', 'تنفس (خارجی)', 'پوست']",C,در ماهی‌ها، آبشش‌ها مسئول تبادل گازها هستند که معادل تنفس خارجی در انسان است.,B,0.5491011142730713,A,0.0564664639532566,False,False,False,False,[0.1399234  0.5491011  0.20200302 0.10897245],[0.46910864 0.25109577 0.05646646 0.22332919],0.8476868271827698,0.20200302,0.05646646,-0.14553656,0.8724198937416077,0.6933951377868652,0.7726733088493347,0.8724198341369629,0.6933950781822205,0.7726731300354004
1182,دومینیک در حال مشاهده یک کلنی ولواکس و یک پارامسیوم زیر میکروسکوپ است. او در دفترچه یادداشت خود یادداشتی می‌نویسد که کلنی ولواکس و پارامسیوم به این دلیل که دارای بسیاری از آندازه‌های حرکتی هستند، مشابه هستند. دومینیک احتمالاً چه چیزی را در مورد حرکت کلنی ولواکس و پارامسیوم متوجه خواهد شد؟,"['هر دو با همان سرعت حرکت می\u200cکنند.', 'هر دو از نور دور می\u200cشوند.', 'هر دو در یک جهت حرکت می\u200cکنند.', 'هر دو به سمت یک منبع انرژی حرکت می\u200cکنند.']",D,هر دو به سمت منبع انرژی حرکت می‌کنند؛ پارامسیوم به سمت غذا و کلنی ولواکس به سمت نور، که منبع انرژی آن است.,C,0.9039616584777832,D,0.9397103190422058,False,True,True,True,[0.07478367 0.01129064 0.90396166 0.00996396],[1.2592125e-02 9.1217051e-04 4.6785422e-02 9.3971032e-01],0.8454914689064026,0.00996396,0.93971032,0.92974636,0.8082836866378784,0.6328463554382324,0.7098864912986755,0.8082836866378784,0.6328463554382324,0.7098864912986755
1183,چرا تولید مثل جنسی باعث ایجاد تنوع ژنتیکی بیشتر نسبت به تولید مثل غیرجنسی می‌شود؟,"['ویژگی\u200cها از دو والد ترکیب می\u200cشوند.', 'ارگانیسم\u200cهای بیشتری به این روش تولید مثل می\u200cکنند.', 'نسل\u200cها در محیط\u200cهای مختلف رشد می\u200cکنند.', 'نسل\u200cها از والدین یکسان می\u200cآیند.']",A,ترکیب ویژگی‌های دو والد منجر به ایجاد ترکیب‌های جدیدی از ژن‌ها می‌شود و تنوع ژنتیکی را افزایش می‌دهد.,A,0.9948509335517884,A,0.9935764670372008,True,True,True,False,[0.99485093 0.00117055 0.00280801 0.00117055],[0.99357647 0.00171263 0.00151139 0.00319961],0.8405569195747375,0.99485093,0.99357647,-0.0012744599999999,0.8055324554443359,0.6394253969192505,0.7129313945770264,0.8055324554443359,0.6394254565238953,0.7129313945770264
1184,برخی از دانش‌آموزان در حال انجام آزمایش‌های سختی بر روی چندین ماده هستند. X، Y را خراش می‌دهد. Y، Z را خراش می‌دهد. Z، W را خراش می‌دهد. کدام‌یک از این بیانات بهترین توصیف از سختی ماده W است؟,"['W نرم\u200cترین ماده از میان چهار ماده آزمایش شده است.', 'W سخت\u200cترین ماده از میان چهار ماده آزمایش شده است.', 'W می\u200cتواند Y را خراش دهد.', 'W می\u200cتواند X را خراش دهد.']",A,با توجه به سلسله مراتب خراش دادن مواد، W سخت‌ترین ماده است زیرا هیچ ماده‌ای قادر به خراش دادن آن نیست.,B,0.7223660945892334,B,0.0332203209400177,False,False,False,False,[0.23543581 0.7223661  0.02500938 0.01718868],[3.3220321e-02 9.6516812e-01 1.0031667e-03 6.0845132e-04],0.7074865102767944,0.23543581,0.033220321,-0.202215489,0.5466290712356567,0.501229465007782,0.5229458212852478,0.5466291308403015,0.501229465007782,0.5229458212852478
1185,دانشمندان به بررسی تولید محصولات در دره‌های کوهستانی پرداخته‌اند. در برخی مناطق، این دره‌ها از دیگری‌ها بیشتر تولید می‌کنند. افزایش کدام عامل به احتمال زیاد مسئول بالاتر بودن عملکرد در برخی مناطق دره‌های کوهستانی است؟,"['شسته شدن خاک', 'نرخ تبخیر', 'جاری شدن آب ناشی از باران', 'مقادیر نور خورشید']",C,افزایش آب ناشی از باران می‌تواند به عنوان یک منبع آب طبیعی برای آبیاری محصولات عمل کند و در نتیجه باعث افزایش تولید در برخی از دره‌ها شود.,A,0.4868884682655334,C,0.9752988815307616,False,True,True,True,[0.48688847 0.10949157 0.37918913 0.02443087],[2.3094164e-02 1.2826842e-03 9.7529888e-01 3.2431335e-04],0.6808618307113647,0.37918913,0.97529888,0.59610975,0.8836255669593811,0.6893251538276672,0.7744747996330261,0.8800384998321533,0.6887757778167725,0.7727481722831726
1186,نمک در آب اقیانوس از منابع زیر ناشی می‌شود به جز,"['زمین فرسوده.', 'یخ\u200cهای ذوب شده یخچالی.', 'انتشارهای آتشفشانی.', 'واکنش\u200cها بر روی کف دریا.']",B,یخ‌های ذوب شده، آب شیرین هستند و نمک کمی دارند.,B,0.5241879224777222,B,0.8243423700332642,True,True,True,True,[0.24857795 0.5241879  0.03364136 0.1935927 ],[0.12592414 0.82434237 0.00340861 0.04632491],0.5179682970046997,0.5241879,0.82434237,0.3001544699999999,0.8099682331085205,0.5506385564804077,0.6555894613265991,0.8099682331085205,0.5506385564804077,0.6555894613265991
1187,علت اصلی بارش باران چیست؟,"['زمین توسط خورشید گرم می\u200cشود.', 'کوه\u200cها هوای مرطوب را به سمت بالا هدایت می\u200cکنند.', 'آب وقتی خنک می\u200cشود، قطرات را تشکیل می\u200cدهد.', 'بیشتر زمین با آب پوشیده شده است.']",A,آب در جو هنگام خنک شدن به قطرات تبدیل می‌شود و به دلیل سنگینی به سمت زمین سقوط می‌کند.,B,0.8042324781417847,C,0.0254432410001754,False,False,False,False,[0.09642781 0.8042325  0.09642781 0.00291187],[2.5443241e-02 8.2602110e-03 9.6600491e-01 2.9162111e-04],0.6554405689239502,0.09642781,0.025443241,-0.070984569,0.8502352833747864,0.6844748258590698,0.7584033608436584,0.8502352833747864,0.6844748258590698,0.7584033608436584
1188,گیاهان باغ در زمین برای زنده ماندن به چهار منبع نیاز دارند: خاک، هوا، آب و نور خورشید. چه تعداد از این منابع برای وجود زندگی در ماه یا سیاره‌ای دیگر لازم است؟,"['4', '3', '2', '1']",A,تنها یک منبع برای وجود زندگی ضروری است و آن آب است.,A,0.9407536387443542,D,0.0065814885310828,True,False,False,False,[0.94075364 0.05307369 0.00435655 0.00181608],[6.5814885e-03 1.1436912e-03 1.1324077e-04 9.9216157e-01],0.7899867296218872,0.94075364,0.0065814885,-0.9341721515,0.8390110731124878,0.6498449444770813,0.7324107885360718,0.8390109539031982,0.6498448848724365,0.732410728931427
1189,کدام یک برای دانشجویی که می‌خواهد پیچ‌های آلومینیومی را از پیچ‌های فولادی جدا کند، بیشتر مفید است؟,"['یک قیف بزرگ', 'یک فیلتر صفحه\u200cای', 'یک آهنربای هفت\u200cتیر', 'یک ذره\u200cبین']",C,آهنربا می‌تواند فولاد را جذب کند ولی آلومینیوم را جذب نمی‌کند.,A,0.5652453899383545,C,0.5107036828994751,False,True,True,True,[0.5652454  0.267003   0.02483515 0.14291641],[0.11306661 0.35100117 0.5107037  0.02522857],0.8522564172744751,0.02483515,0.5107037,0.4858685499999999,0.9092792272567749,0.642510175704956,0.7529644966125488,0.9092792272567749,0.642510175704956,0.7529644966125488
1190,برخی از دانشمندان پیش‌بینی می‌کنند که با تغییر گازهای گلخانه‌ای بر آب‌وهوای زمین، تعداد و شدت طوفان‌های دریایی افزایش خواهد یافت. برای وقوع این امر، تغییر آب‌وهوایی باید بر زمین تأثیر بگذارد و,"['عمق اقیانوس\u200cها را تغییر دهد.', 'سرعت جریان\u200cها در اقیانوس\u200cها را تغییر دهد.', 'ترکیب شیمیایی اقیانوس\u200cها را تغییر دهد.', 'مقدار اکسیژن حل\u200cشده در اقیانوس\u200cها را تغییر دهد.']",B,تغییر در سرعت جریان‌های اقیانوسی می‌تواند الگوهای آب‌وهوایی را تغییر دهد و شرایط را برای افزایش تعداد و شدت طوفان‌های دریایی فراهم کند.,B,0.7311369180679321,B,0.9753596782684326,True,True,True,True,[0.23829442 0.7311369  0.02492059 0.0056481 ],[2.3073060e-02 9.7535968e-01 1.3856449e-03 1.8175706e-04],0.9626954197883606,0.7311369,0.97535968,0.2442227799999999,0.9341522455215454,0.7756515145301819,0.8475552201271057,0.9341522455215454,0.7756515145301819,0.8475552201271057
1191,در طول یک دوره طولانی، آب جاری در یک رودخانه بستر رودخانه را فرسایش می‌دهد. این فرسایش باعث می‌شود رودخانه,"['جاری نشود.', 'موج ایجاد کند.', 'سریع\u200cتر و پاک\u200cتر حرکت کند.', 'عمیق\u200cتر و وسیع\u200cتر شود.']",D,فرسایش بستر رودخانه باعث افزایش عمق و عرض آن می‌شود.,A,0.4374525249004364,D,0.9633352756500244,False,True,True,True,[0.43745252 0.0596671  0.34068838 0.16219199],[3.2963518e-02 3.4204649e-03 2.8076887e-04 9.6333528e-01],0.8245708346366882,0.16219199,0.96333528,0.80114329,0.8399345874786377,0.6173856258392334,0.7116672992706299,0.8426022529602051,0.6207616925239563,0.7148668766021729
1192,سوال: کدام یک بهتر توضیح می‌دهد که دانشمندان زمانی که از اصطلاح حفاظت استفاده می‌کنند به چه چیزی اشاره دارند؟,"['الف) اجزای غیرزنده محیط زیست', 'ب) موجودات زنده در محیط زیست', 'ج) سلامت موجودات زنده در محیط زیست', 'د) حفاظت، مدیریت و تجدید منابع']",D,حفاظت به معنای حفاظت، مدیریت و تجدید منابع طبیعی برای جلوگیری از تخریب آن‌ها است.,D,0.8127486705780029,D,0.8606759309768677,True,True,True,True,[0.14013544 0.03543179 0.01168416 0.8127487 ],[0.1035993  0.02008364 0.01564115 0.86067593],0.7798947691917419,0.8127487,0.86067593,0.0479272299999999,0.8840069770812988,0.6896030902862549,0.774796724319458,0.8840070366859436,0.6896029710769653,0.7747966647148132
1193,کدام اشیاء در سامانه خورشیدی ما نور خود را ساطع می‌کنند؟,"['تنها خورشید', 'خورشید و ماه', 'خورشید، ماه و برخی سیارات', 'خورشید، ماه، برخی سیارات و دنباله\u200cدارها']",A,در سامانه خورشیدی، خورشید به عنوان ستاره، منبع اصلی نور است و نور خود را ساطع می‌کند.,C,0.7086632251739502,B,0.1014101281762123,False,False,False,False,[0.13845813 0.09516078 0.7086632  0.05771793],[0.10141013 0.66127706 0.21468523 0.02262766],0.8491096496582031,0.13845813,0.10141013,-0.037048,0.9434822797775269,0.7827908396720886,0.8556575775146484,0.9444430470466614,0.7756613492965698,0.8517714738845825
1194,یک دانش‌آموز نمودارهای دو سلول متفاوت را بررسی کرد. یکی از سلول‌ها پروکاریوتی و دیگری یوکاریوتی بود. این دانش‌آموز باید چه کاری انجام دهد تا یک تفاوت عمده بین نمودارها را شناسایی کند؟,"['شکل\u200cهای دو سلول را مقایسه کند', 'بررسی کند که کدام نمودار هسته را نشان می\u200cدهد', 'بررسی کند که کدام نمودار سیتوپلاسم را نشان می\u200cدهد', 'تعداد واکوئل\u200cها در دو سلول را مقایسه کند']",B,بررسی وجود یا عدم وجود هسته می‌تواند یک تفاوت عمده بین نمودارها باشد.,B,0.3361584544181824,B,0.9570276737213136,True,True,True,True,[0.29665878 0.33615845 0.03102428 0.33615845],[0.03732606 0.9570277  0.00125743 0.00438885],0.6731030941009521,0.33615845,0.9570277,0.62086925,0.8990477919578552,0.6082737445831299,0.7256144881248474,0.8990479707717896,0.6082737445831299,0.7256144881248474
1195,در کدام شرایط، یک سازگاری که زمان دگردیسی بچه‌ماهی را کوتاه می‌کند، مفیدتر خواهد بود؟,"['زمانی که بچه\u200cماهی\u200cها نیاز به شنا کردن فوراً دارند', 'زمانی که مقدار آب در محیط آنها محدود است', 'زمانی که تعداد شکارچیان کاهش می\u200cیابد', 'زمانی که بچه\u200cماهی\u200cها نیاز به مخلوط شدن با محیط اطراف خود دارند']",B,زمانی که بچه‌ماهی‌ها نیاز به شنا کردن فوری دارند، کوتاه کردن زمان دگردیسی سودمند است تا زودتر به مرحله استقلال برسند.,A,0.8887758851051331,A,0.0045341937802731,False,False,False,False,[0.8887759  0.03439434 0.02678634 0.05004347],[9.9356127e-01 4.5341938e-03 1.0117154e-03 8.9283573e-04],0.8132953643798828,0.03439434,0.0045341938,-0.0298601462,0.7574317455291748,0.6068440675735474,0.6738269925117493,0.7574317455291748,0.6068440675735474,0.6738269925117493
1196,یک جسم 20 نیوتنی بر روی یک سطح قرار می‌گیرد و شروع به سرخوردن می‌کند. محتمل‌ترین دلیل حرکت جسم چیستی است؟,"['گرانش نیروی متعادل بر روی جسم اعمال می\u200cکند.', 'یک نیروی نامتعادل باعث شتاب می\u200cشود.', 'سایش بر روی جسم اعمال می\u200cشود.', 'نیروهای وارد بر جسم در تعادل هستند.']",B,یک نیروی نامتعادل باعث حرکت جسم می‌شود. طبق قانون اول نیوتن، جسم ساکن یا متحرک با سرعت ثابت باقی می‌ماند، مگر اینکه نیروی خارجی باعث تغییر حالت آن شود.,B,0.9628396034240724,B,0.9727132320404052,True,True,True,True,[2.5484003e-02 9.6283960e-01 1.0790606e-02 8.8574685e-04],[2.0030916e-02 9.7271323e-01 6.5030861e-03 7.5278681e-04],0.8821284770965576,0.9628396,0.97271323,0.0098736299999999,0.8528550863265991,0.6989968419075012,0.7682988047599792,0.8528550863265991,0.6989968419075012,0.7682988047599792
1197,کدام یک از موارد در طبیعت کمترین زمان را برای تجزیه نیاز دارد؟,"['چمن برش خورده', 'فنجان های کاغذی', 'روزنامه ها', 'درختان بریده شده']",A,[MASK] به دلیل ساختار پیچیده، زمان زیادی برای تجزیه نیاز دارند.,A,0.8485440611839294,A,0.502873420715332,True,True,True,False,[0.84854406 0.13038285 0.01053655 0.01053655],[0.5028734  0.39163822 0.07711814 0.02837018],0.8309634923934937,0.84854406,0.5028734,-0.34567066,0.9186960458755493,0.6722518801689148,0.7763863801956177,0.9042760133743286,0.657152533531189,0.7611584663391113
1198,کدام فرآیند در چرخه کربن بیشترین زمان را برای تکمیل نیاز دارد؟,"['انتشار زباله', 'تنفس در حیوانات', 'فتوسنتز در گیاهان', 'تشکیل سوخت های فسیلی']",D,فرآیند تشکیل سوخت‌های فسیلی میلیون‌ها سال به طول می‌انجامد و کندترین فرآیند در چرخه کربن است.,D,0.9192970991134644,D,0.9864258766174316,True,True,True,True,[7.531326e-02 4.814616e-03 5.750239e-04 9.192971e-01],[1.2612812e-02 7.5745833e-04 2.0386712e-04 9.8642588e-01],0.802636981010437,0.9192971,0.98642588,0.06712878,0.8295497894287109,0.6044472455978394,0.6993306875228882,0.828937292098999,0.6085582971572876,0.7018548846244812
1199,برخی از موجودات دریایی که در عمق اقیانوس زندگی می‌کنند، می‌توانند نور خود را تولید کنند. نور تولیدی آن‌ها بیشتر برای کدامیک از این فعالیت‌ها استفاده می‌شود؟,"['حرکت در آب', 'تولید اکسیژن', 'جلب طعمه', 'فرار از شکارچیان']",C,نور تولیدی موجودات دریایی عمدتاً برای جذب طعمه به منظور تغذیه استفاده می‌شود.,A,0.5078872442245483,C,0.981151521205902,False,True,True,True,[0.50788724 0.16618007 0.2117189  0.11421378],[1.7830571e-02 6.9136621e-04 9.8115152e-01 3.2657827e-04],0.7675453424453735,0.2117189,0.98115152,0.7694326200000001,0.7360846996307373,0.5197182893753052,0.609262228012085,0.7398650646209717,0.5241529941558838,0.6136027574539185
1200,وقتی دمای یک نمونه آب ۲۵ لیتر برابر -۵ درجه سانتیگراد است، آب چیست؟,"['الف) گاز است.', 'ب) مایع است.', 'ج) جامد است.', 'د) بخار است.']",C,زیر صفر درجه، آب به حالت جامد تبدیل می‌شود.,B,0.8960768580436707,C,0.7954516410827637,False,True,True,True,[0.06491159 0.89607686 0.00371973 0.03529182],[0.03467773 0.15541479 0.79545164 0.01445583],0.8347199559211731,0.00371973,0.79545164,0.79173191,0.8167425394058228,0.6370929479598999,0.7158181667327881,0.816742479801178,0.6370929479598999,0.7158180475234985
1201,توماس ادیسون احتمالاً لامپ برق را با استفاده از چه چیزی اختراع کرد؟,"['شمع\u200cهای روشن.', 'مدل\u200cهای اتمی.', 'نور بازتابی.', 'روش علمی.']",D,با استفاده از مراحل علمی شامل مشاهده، فرضیه‌سازی، آزمایش و نتیجه‌گیری، اختراع لامپ برق میسر شد.,A,0.3551685214042663,D,0.8999113440513611,False,True,True,True,[0.35516852 0.01796126 0.3134351  0.3134351 ],[0.09484995 0.00237452 0.00286422 0.89991134],0.8014420866966248,0.3134351,0.89991134,0.5864762399999999,0.7879834771156311,0.6078347563743591,0.6862838268280029,0.7879834771156311,0.6078347563743591,0.6862838268280029
1202,یک دانش آموز اثرات کود روی گیاهان ذرت را با انجام مراحل زیر بررسی می کند. 1. گروه‌های گیاهان ذرت را در همان نوع و مقدار خاک در نور کامل خورشید بکارید. 2. همان مقدار از مارک‌های مختلف کود را به هر گروه اضافه کنید. 3. گیاهان را به مدت 5 دقیقه هر روز آبیاری کنید. 4. ارتفاع گیاهان را هر روز اندازه‌گیری کنید. متغیر مستقل در این تحقیق چیست؟,"['نوع گیاه', 'ارتفاع گیاه', 'مقدار کود', 'نوع کود']",D,در این تحقیق، عامل تغییر داده شده توسط دانش آموز، [MASK] است تا اثر آن بر رشد گیاهان ذرت بررسی شود.,C,0.92669939994812,C,0.0659661367535591,False,False,False,False,[1.3296338e-02 4.1426002e-04 9.2669940e-01 5.9590053e-02],[0.01495083 0.00130639 0.91777664 0.06596614],0.8208647966384888,0.059590053,0.06596614,0.006376087,0.8259508609771729,0.6789863109588623,0.7452926635742188,0.8134523630142212,0.6681550741195679,0.7336792945861816
1203,دوره چرخش هر سیاره در منظومه شمسی ما متفاوت است. دوره چرخش زمین برابر است با,"['۲۴ ساعت', '۲۸ روز', '۱۳ هفته', '۱ سال']",A,دوره چرخش زمین به دور خود، باعث ایجاد شب و روز می‌شود و [MASK] است.,A,0.9947828650474548,A,0.9937239289283752,True,True,True,False,[9.9478287e-01 1.5014492e-03 2.8050763e-03 9.1067492e-04],[0.9937239  0.00219081 0.00248251 0.00160283],0.8906154632568359,0.99478287,0.9937239,-0.0010589699999999,0.8336943984031677,0.7236273884773254,0.7747713327407837,0.8354993462562561,0.728023886680603,0.7780677080154419
1204,تا اوایل قرن ۱۶۰۰، دانشمندان متوجه شدند که قاره‌ها به نظر می‌رسد مانند قطعات یک پازل به هم می‌خورند. ایده‌ای که قاره‌ها زمانی با هم بوده و جدا شده‌اند به‌طور گسترده‌ای پذیرفته نشده بود. در دهه ۱۹۴۰، فناوری استفاده‌شده در زیردریایی‌ها به شواهدی از حرکت قاره‌ها منجر شد. این فناوری به دانشمندان اجازه داد تا کدام یک از این‌ها را انجام دهند؟,"['مکانیسمی که باعث حرکت قاره\u200cها شده را توضیح دهند', 'شواهد یخچالی را به عنوان منسوخ در نظر بگیرند', 'نابودی دایناسورها را توضیح دهند', 'آن را غیرمحتمل بدانند که قاره\u200cها زمانی با هم بوده\u200cاند']",A,فناوری زیردریایی‌ها در دهه ۱۹۴۰ به دانشمندان کمک کرد تا مکانیسم حرکت قاره‌ها را درک و توضیح دهند.,A,0.9954560995101928,A,0.9995015859603882,True,True,True,True,[9.9545610e-01 2.4686940e-03 3.7858653e-04 1.6967070e-03],[9.9950159e-01 1.6119101e-04 7.1528084e-05 2.6575910e-04],0.8890541791915894,0.9954561,0.99950159,0.00404549,0.9168787598609924,0.7449716925621033,0.8220339417457581,0.9168787598609924,0.7449716925621033,0.8220339417457581
1205,کدام یک از جملات زیر یک فرضیه علمی است؟,"['استفاده از نخ دندان به عنوان یک روش موثر برای بهبود سلامت دهان و دندان اثبات شده است.', 'بسیاری از بیماری\u200cهای عفونی، مانند بیماری لثه، ناشی از میکروارگانیسم\u200cها هستند.', 'به طور کلی، هر روشی که باکتری\u200cها را در دهان کاهش دهد، سلامت دهان و دندان را بهبود می\u200cبخشد.', 'فردی که روزانه از نخ دندان استفاده می\u200cکند، نسبت به کسی که هفته\u200cای یک بار از نخ دندان استفاده می\u200cکند، کمتر در معرض بیماری لثه قرار خواهد گرفت.']",D,فرضیه علمی یک توضیح پیشنهادی است که قابل آزمایش است. گزینه مورد نظر یک رابطه عمومی بین کاهش باکتری‌ها و بهبود سلامت دهان پیشنهاد می‌کند.,A,0.5512818098068237,C,0.0024011882487684,False,False,False,False,[0.5512818  0.178975   0.22980845 0.03993472],[0.03314738 0.01076138 0.95369005 0.00240119],0.8893342018127441,0.03993472,0.00240119,-0.03753353,0.8342800140380859,0.7127622365951538,0.7687486410140991,0.8342800140380859,0.7127622365951538,0.7687486410140991
1206,یک پرتاب کننده یک توپ بیسبال به وزن ۰.۱۵ کیلوگرم را با سرعت ۴۰ متر در ثانیه به سمت گیرنده پرتاب می‌کند. در حین حرکت با سرعت ۴۰ متر در ثانیه، اندازه‌势 حرکت توپ بیسبال چقدر است؟,"['۰.۰۲۵ کیلوگرم × متر/ثانیه', '۳.۸ کیلوگرم × متر/ثانیه', '۶.۰ کیلوگرم × متر/ثانیه', '۲۷۰ کیلوگرم × متر/ثانیه']",C,اندازه حرکت توپ برابر است با حاصل ضرب جرم و سرعت آن، که می‌شود ۰.۱۵ کیلوگرم × ۴۰ متر/ثانیه.,A,0.8353095054626465,A,0.0006210366263985,False,False,False,False,[0.8353095  0.11304685 0.02261079 0.02903283],[9.9869281e-01 3.5385598e-04 6.2103663e-04 3.3241694e-04],0.8982312679290771,0.02261079,0.00062103663,-0.02198975337,0.8536849617958069,0.7653870582580566,0.8071283102035522,0.8562365770339966,0.7686406373977661,0.8100774884223938
1207,کدام عمل توضیح می‌دهد که چگونه جهش در یک سلول سوماتیک می‌تواند به یک ارگانیسم آسیب برساند؟,"['ایجاد یک آلل غالب', 'تأثیر بر تشکیل گامت', 'منجر به تومورها در بافت شود', 'به نسل\u200cهای آینده منتقل شود']",C,جهش در سلول‌های سوماتیک می‌تواند باعث رشد و تکثیر غیرقابل کنترل سلول‌ها و تشکیل تومورها شود که به بافت‌ها و اندام‌های مختلف آسیب می‌رساند.,C,0.9905990958213806,C,0.9924820065498352,True,True,True,True,[7.5007961e-03 1.4769942e-03 9.9059910e-01 4.2316594e-04],[6.6352505e-03 6.1717443e-04 9.9248201e-01 2.6544341e-04],0.9099642038345336,0.9905991,0.99248201,0.00188291,0.9080851078033447,0.7645056247711182,0.8301327228546143,0.9100308418273926,0.7739180326461792,0.8364734649658203
1208,چه چیزی را می‌توان در یک شب صاف بدون استفاده از تلسکوپ مشاهده کرد؟,"['کهکشان راه شیری', 'ماه\u200cهای سیارات دیگر', 'سیارک\u200cها', 'پلوتو']",A,در یک شب صاف، مجموعه‌ای از ستارگان که در صفحه‌ای دیسک مانند قرار دارند، به صورت یک نوار نورانی دیده می‌شود.,A,0.7692584991455078,A,0.9550769329071044,True,True,True,True,[0.7692585  0.06326803 0.04927319 0.11820025],[0.95507693 0.03703235 0.00212212 0.00576853],0.8953440189361572,0.7692585,0.95507693,0.1858184300000001,0.9164743423461914,0.7471369504928589,0.8231872916221619,0.9160919785499573,0.7474855184555054,0.8232443928718567
1209,ساقه بخش مهمی از بسیاری از گیاهان است. کدام یک از گزینه‌های زیر بیشترین شباهت را به نقشی که ساقه گیاه ایفا می‌کند دارد؟,"['یک لنگر که قایق را در جای خود نگه می\u200cدارد', 'یک شرکت تنقلات که بارهای انرژی\u200cزا تولید می\u200cکند', 'یک تابلو رنگارنگ که مردم را به داخل فروشگاه جذب می\u200cکند', 'یک آسانسور که ملزومات را از یک طبقه به طبقه دیگر منتقل می\u200cکند']",D,یک آسانسور مواد را بین طبقات منتقل می‌کند؛ ساقه نیز مواد را در گیاه انتقال می‌دهد.,A,0.6003825664520264,D,0.8934556841850281,False,True,True,True,[0.60038257 0.13501415 0.01236357 0.25223964],[0.09490811 0.01000324 0.00163298 0.8934557 ],0.6936818957328796,0.25223964,0.8934557,0.64121606,0.7237186431884766,0.5810045003890991,0.6445563435554504,0.7232456207275391,0.5779343843460083,0.6424760818481445
1210,دانش‌آموزان نمک را در یک شیشه آب می‌ریزند و فلفل را در یک شیشه آب دیگر می‌ریزند. کدام جمله به بهترین وجه دو شیشه را مقایسه می‌کند؟,"['فقط نمک و آب یک مخلوط است.', 'فقط فلفل و آب یک محلول است.', 'هر دو شیشه شامل محلول هستند.', 'هر دو شیشه شامل مخلوط هستند.']",D,هر دو شیشه شامل ترکیبی از مواد هستند که می‌توان آن‌ها را مخلوط نامید، حتی اگر یکی محلول همگن باشد.,C,0.9093552827835084,D,0.5269381403923035,False,True,True,True,[0.03964336 0.04492181 0.9093553  0.00607951],[0.05510667 0.00757532 0.41037983 0.52693814],0.6614644527435303,0.00607951,0.52693814,0.5208586300000001,0.7545889616012573,0.5934944748878479,0.6644163727760315,0.7545889019966125,0.5934945344924927,0.6644163727760315
1211,دانش‌آموزان در یک کلاس می‌خواهند ۲۰ قایق کاغذی برای یک مسابقه بسازند. دانش‌آموزان یک طراحی را انتخاب خواهند کرد و مواد لازم برای ساخت قایق‌ها را جمع‌آوری می‌کنند. بهترین راه برای اطمینان از اینکه قایق‌های کاغذی در آب وا نمی‌افتند و شناور می‌مانند کدام است؟,"['ساخت یک نمونه اولیه از قایق برای آزمایش', 'محاسبه کل جرم تمام قایق\u200cهای آماده شده', 'تعیین کل میزان وزنی که هر قایق می\u200cتواند حمل کند', 'آزمایش قدرت هر ماده\u200cای که برای ساخت قایق\u200cها استفاده می\u200cشود']",A,ساخت یک نمونه اولیه از قایق و آزمایش آن، بهترین راه برای شناسایی نقاط ضعف طراحی و اطمینان از شناور بودن قایق‌هاست.,A,0.995753288269043,A,0.9993738532066344,True,True,True,True,[9.9575329e-01 3.1630804e-03 7.0577860e-04 3.7777607e-04],[9.9937385e-01 3.1586469e-04 2.6186102e-04 4.8439419e-05],0.7470977902412415,0.99575329,0.99937385,0.0036205599999999,0.7557927966117859,0.5608648061752319,0.6438995599746704,0.7557927966117859,0.5608648061752319,0.6438995599746704
1212,یک دستگاه تشخیص مونوکسید کربن در خانه‌ها به منظور,"['آگاهی دادن به ساکنان درباره احتمال آتش سوزی.', 'هشدار دادن به ساکنان زمانی که گاز خطرناک وجود دارد.', 'گفتن به افراد که وقت بررسی دستگاه دودکش است.', 'اطلاع دادن به افراد در مورد افزایش دما در خانه.']",B,این دستگاه‌ها برای هشدار دادن به ساکنان در صورت وجود گاز خطرناک بدون رنگ و بو در خانه‌ها طراحی شده‌اند.,A,0.9512956738471984,B,0.9982421398162842,False,True,True,True,[9.5129567e-01 4.7594048e-02 5.2052503e-04 5.8983220e-04],[1.6775326e-03 9.9824214e-01 3.2706677e-05 4.7587935e-05],0.7263783812522888,0.047594048,0.99824214,0.950648092,0.8788920640945435,0.6698108911514282,0.7602380514144897,0.8788920640945435,0.6698108911514282,0.7602380514144897
1213,گازها به آسانی فشرده می‌شوند و قادرند تا ظرف‌های خود را پر کنند. این توصیفات از گازها نمونه‌هایی از,"['A) تغییرات حالت.', 'B) حالات ماده.', 'C) خواص ماده.', 'D) تغییرات خواص.']",C,این توصیفات مربوط به ویژگی‌های فیزیکی گازها است که به عنوان خواص ماده شناخته می‌شوند.,A,0.9747893214225768,B,0.1767532527446746,False,False,False,False,[9.7478932e-01 2.3003338e-02 1.6663562e-03 5.4098666e-04],[0.20028767 0.6217681  0.17675325 0.00119095],0.79305100440979,0.0016663562,0.17675325,0.1750868938,0.7994980812072754,0.5884932279586792,0.6779569983482361,0.7994980812072754,0.5884932279586792,0.6779569983482361
1214,آزمایش‌ها نشان می‌دهند که موش‌ها می‌توانند یاد بگیرند که برای به‌دست آوردن غذا، اهرمی را فشار دهند. این قابلیت یادگیری می‌تواند به موش‌ها در بقا در حیات وحش کمک کند و به آنها این امکان را می‌دهد که,"['بهترین محیط را برای سازگاری\u200cهای خود انتخاب کنند.', 'ژن\u200cهای رفتار مفید را به نسل\u200cهای بعدی خود منتقل کنند.', 'رفتار خود را بر اساس تجربیات گذشته تغییر دهند.', 'محیط خود را به شکل\u200cهای سودمند تغییر دهند.']",C,این قابلیت یادگیری به موش‌ها اجازه می‌دهد تا رفتار خود را بر اساس تجربیات گذشته تغییر دهند و بهبود بخشند.,C,0.8980301022529602,C,0.9085693359375,True,True,True,True,[0.09446699 0.00613417 0.8980301  0.00136872],[8.4510118e-02 6.5167202e-03 9.0856934e-01 4.0378256e-04],0.9025900959968568,0.8980301,0.90856934,0.0105392399999999,0.9002910852432251,0.6597620844841003,0.7614842653274536,0.9002910256385803,0.6597620844841003,0.7614841461181641
1215,سنگ‌های رسوبی چگونه تشکیل می‌شوند؟,"['ماگما یا گدازه سرد می\u200cشود.', 'مواد به هم فشرده می\u200cشوند.', 'واکنش\u200cهای شیمیایی مواد معدنی را تغییر می\u200cدهند.', 'زلزله\u200cها باعث می\u200cشوند قطعات کوچک بیفتند.']",B,مواد معدنی و آلی از طریق فشرده شدن به سنگ‌های رسوبی تبدیل می‌شوند.,A,0.5903270244598389,B,0.9883821606636048,False,True,True,True,[0.590327   0.35805145 0.03773834 0.01388316],[1.0958510e-02 9.8838216e-01 5.8077974e-04 7.8599995e-05],0.7467553615570068,0.35805145,0.98838216,0.63033071,0.8093425035476685,0.6527575850486755,0.7226652503013611,0.8093425035476685,0.6527575850486755,0.7226652503013611
1216,کدام ساختارها برای هر دو نوع سلول گیاهی و جانوری مشترک هستند؟,"['واکیول، کلروپلاست، هسته', 'غشاء سلولی، هسته، میتوکندری', 'هسته، دیواره سلولی، غشاء سلولی', 'میItoکندری، باکیول، دیواره سلولی']",B,ساختارهای مشترک شامل غشاء سلولی، هسته و میتوکندری هستند که به ترتیب مسئول حفاظت، حاوی اطلاعات ژنتیکی و تولید انرژی هستند.,A,0.8635546565055847,B,0.9866134524345398,False,True,True,True,[0.86355466 0.11744146 0.01237824 0.00662559],[1.2371210e-02 9.8661345e-01 5.7860918e-04 4.3675717e-04],0.8339948058128357,0.11744146,0.98661345,0.86917199,0.7560252547264099,0.5680495500564575,0.6486942172050476,0.7560253143310547,0.5680495500564575,0.6486942172050476
1217,یک توپ فلزی صیقلی در یک روز آفتابی بسیار درخشان و روشن به نظر می‌رسد. چه چیزی باعث می‌شود توپ درخشان به نظر بیاید؟,"['توپ نور تولید می\u200cکند.', 'توپ نور را منعکس می\u200cکند.', 'توپ نور را جذب می\u200cکند و سپس آن را آزاد می\u200cکند.', 'توپ نور را جذب می\u200cکند و آن را درون خود نگه می\u200cدارد.']",B,سطح صاف و صیقلی توپ نور را به یک جهت منعکس می‌کند.,B,0.9441701173782348,B,0.9870245456695556,True,True,True,True,[5.3370569e-02 9.4417012e-01 6.6142052e-04 1.7979273e-03],[1.2473434e-02 9.8702455e-01 2.4319327e-04 2.5887787e-04],0.8382041454315186,0.94417012,0.98702455,0.04285443,0.853865385055542,0.6327136754989624,0.7268396615982056,0.853865385055542,0.6327136754989624,0.7268396615982056
1218,سوال: اتومبیل‌های برقی هزینه‌های بالایی دارند و ایستگاه‌های شارژ به راحتی در دسترس نیستند. بر خلاف اتومبیل‌هایی که با سوخت‌های فسیلی کار می‌کنند، اتومبیل‌های برقی هنگام رانندگی هیچ مونوکسید کربنی تولید نمی‌کنند. کدام یک از موارد زیر به بهترین نحو توضیح می‌دهد که چرا مردم تصمیم به استفاده از این فناوری می‌گیرند؟,"['فناوری یک پیشرفت علمی است.', 'اتومبیل\u200cهای برقی انرژی را در باتری\u200cها ذخیره می\u200cکنند.', 'این فناوری دوستدار محیط زیست است.', 'همه در حال خرید اتومبیل برقی هستند.']",C,این فناوری به دلیل مزیت زیست‌محیطی و کاهش آلودگی، علیرغم هزینه‌های بالا و محدودیت ایستگاه‌های شارژ، مورد استقبال قرار می‌گیرد.,C,0.956473469734192,C,0.9856745600700378,True,True,True,True,[4.2354114e-02 7.6371589e-04 9.5647347e-01 4.0878766e-04],[1.4005078e-02 2.9989285e-04 9.8567456e-01 2.0407964e-05],0.708118200302124,0.95647347,0.98567456,0.0292010899999999,0.7358905673027039,0.560670018196106,0.6364404559135437,0.7358906269073486,0.560670018196106,0.6364404559135437
1219,چرا یک میله پلاستیکی پس از مالیدن با یک تکه پش‌مو بار منفی پیدا می‌کند؟,"['پش\u200cمو پروتون\u200cها را به میله می\u200cدهد.', 'میله الکترون\u200cها را به هوا می\u200cدهد.', 'پش\u200cمو پروتون\u200cها را از میله می\u200cگیرد.', 'میله الکترون\u200cها را از پش\u200cمو می\u200cگیرد.']",D,الکترون‌ها از پش‌مو به میله منتقل می‌شوند و باعث بار منفی میله می‌گردند.,A,0.6284646391868591,D,0.4302833378314972,False,True,True,True,[0.62846464 0.00700894 0.29802758 0.06649894],[0.22852175 0.0060899  0.335105   0.43028334],0.7863802909851074,0.06649894,0.43028334,0.3637844,0.8127329349517822,0.6266944408416748,0.7076914310455322,0.8107067942619324,0.627524733543396,0.7074502110481262
1220,لیزرها در جراحی برای,"['ایجاد برش\u200cهای دقیق.', 'روشن کردن میدان\u200cهای جراحی.', 'دوختن زخم\u200cها.', 'ضدعفونی کردن ابزارها.']",A,لیزرها به دلیل قابلیت تمرکز دقیق پرتو نور، برای ایجاد برش‌های بسیار دقیق در بافت‌های بدن استفاده می‌شوند.,B,0.9007987380027772,A,0.994886577129364,False,True,True,True,[0.0576424  0.90079874 0.00194184 0.039617  ],[9.9488658e-01 4.6524517e-03 1.2398364e-04 3.3702247e-04],0.9517955780029296,0.0576424,0.99488658,0.93724418,0.9497352838516235,0.7315348982810974,0.8264757394790649,0.9497352242469788,0.7315348386764526,0.8264756202697754
1221,بهترین توصیف تروپوسفر لایه‌ای از جو است که دارای,"['بیشترین اوزون است.', 'بیشترین چگالی است.', 'بیشترین ارتفاع است.', 'سردترین دما است.']",B,تروپوسفر پایین‌ترین لایه جو با بیشترین چگالی است زیرا بیشتر گازهای جو در این لایه متراکم شده‌اند.,B,0.7953529953956604,B,0.9963054656982422,True,True,True,True,[0.17816183 0.795353   0.00256127 0.02392394],[3.2115357e-03 9.9630547e-01 1.5497355e-04 3.2807901e-04],0.9374529123306274,0.795353,0.99630547,0.20095247,0.9247027039527893,0.7484521269798279,0.8272942900657654,0.9257131814956665,0.7533669471740723,0.8306949734687805
1222,دانش‌آموزان از انبرک و ذره‌بین برای بررسی یک تکه کپک روی نان استفاده می‌کنند. برای ایمنی در این تحقیق، آنها باید از چه چیزی استفاده کنند؟,"['نور روشن', 'عینک آفتابی', 'ماسک تنفسی', 'صفحات داغ']",C,برای جلوگیری از استنشاق ذرات کپک و هاگ‌های آن، استفاده از [MASK] ضروری است.,C,0.9580013751983644,C,0.9890081882476808,True,True,True,True,[0.01782272 0.02288483 0.9580014  0.00129107],[6.6120261e-03 3.5391625e-03 9.8900819e-01 8.4062479e-04],0.7874969244003296,0.9580014,0.98900819,0.0310067899999999,0.9098066091537476,0.641637921333313,0.7525456547737122,0.9076701402664185,0.627970814704895,0.7423484325408936
1223,زمانی که آب بدن شما به شدت کم باشد، کلیه‌های شما هورمون ضد ادراری (ADH) ترشح می‌کنند. در پاسخ به ADH چه اتفاقی می‌افتد؟,"['شما تشنه می\u200cشوید و بیشتر ادرار می\u200cکنید.', 'شما تشنه می\u200cشوید و کمتر ادرار می\u200cکنید.', 'شما گرسنه می\u200cشوید و بیشتر عرق می\u200cکنید.', 'شما گرسنه می\u200cشوید و کمتر عرق می\u200cکنید.']",B,هورمون ضد ادراری باعث بازگشت آب به جریان خون و کاهش حجم ادرار می‌شود که منجر به احساس تشنگی و کاهش ادرار برای حفظ آب بدن می‌گردد.,A,0.4968176484107971,B,0.9928200840950012,False,True,True,True,[0.49681765 0.49681765 0.0007587  0.00560606],[6.6895690e-03 9.9282008e-01 1.5732358e-04 3.3305402e-04],0.8530287742614746,0.49681765,0.99282008,0.49600243,0.7503082156181335,0.6088477969169617,0.6722164154052734,0.7503081560134888,0.6088477373123169,0.6722163558006287
1224,رابرت دو قطره از یک نشانگر به سرکه اضافه کرد و رنگ آن قرمز شد. سپس قطره‌هایی از محلول آمونیاک اضافه کرد تا رنگ ناپدید شود. چه فرآیندی اتفاق افتاد؟,"['زنگ زدن', 'ذوب شدن', 'تبخیر', 'خنثی\u200cسازی']",D,با افزودن آمونیاک، سرکه خنثی و رنگ نشانگر تغییر کرد که نشان‌دهنده واکنش [MASK] است.,D,0.7025152444839478,D,0.9448093771934508,True,True,True,True,[2.9228052e-01 4.7613275e-03 4.4287241e-04 7.0251524e-01],[5.2887693e-02 1.8382163e-03 4.6477385e-04 9.4480938e-01],0.8132838606834412,0.70251524,0.94480938,0.24229414,0.7868050932884216,0.6071169376373291,0.6853793263435364,0.7773413062095642,0.5959569811820984,0.6746705770492554
1225,کرم‌های نواری در روده‌های سگ زندگی می‌کنند و مواد مغذی موجود در غذایی را که سگ می‌خورد جذب می‌کنند. کدام یک به بهترین وجه نتیجه این رابطه را توصیف می‌کند؟,"['سگ و کرم نواری هر دو بیمار می\u200cشوند.', 'سگ بیمار می\u200cشود و کرم نواری بهره\u200cمند می\u200cشود.', 'کرم نواری و سگ بهیکدیگر در بقا کمک می\u200cکنند.', 'کرم نواری به سگ در بقا کمک می\u200cکند.']",B,رابطه کرم نواری و سگ انگلی است؛ کرم نواری از مواد مغذی سگ تغذیه می‌کند و موجب ضعف و بیماری در سگ می‌شود.,D,0.7564584016799927,D,0.0049884463660418,False,False,False,False,[0.02284306 0.00396953 0.21672897 0.7564584 ],[0.03304101 0.00498845 0.00388501 0.95808554],0.893610954284668,0.00396953,0.00498845,0.00101892,0.885719895362854,0.7372596859931946,0.8046996593475342,0.885719895362854,0.7372596859931946,0.8046996593475342
1226,در برخی از پارک‌های ملی ایالات متحده، خرس‌های سیاه ترس خود را از انسان‌ها از دست داده‌اند و به دنبال غذا در نزدیکی کمپ‌ها در کنار جاده‌ها هستند. این مثال از یک حیوان چیست؟,"['هرمی شدن به یک گیاه\u200cخوار.', 'استفاده از ویژگی\u200cهای وراثتی خود.', 'پیدا کردن یک اکوسیستم جدید.', 'یادگیری یک رفتار جدید.']",D,این رفتار خرس‌ها نتیجه یادگیری و تجربه است و نشان می‌دهد که آن‌ها به محیط اطراف خود را وفق می‌دهند.,B,0.4824340045452118,D,0.957253873348236,False,True,True,True,[0.13821965 0.482434   0.00362632 0.37572   ],[0.03682792 0.00446773 0.00145046 0.9572539 ],0.7182443141937256,0.37572,0.9572539,0.5815338999999999,0.6508885622024536,0.5224289298057556,0.5796266198158264,0.6508885622024536,0.5224289298057556,0.5796266198158264
1227,کدام یک از موارد زیر هم بر روی زمین و هم بر روی ماه وجود دارد؟,"['تپه\u200cها', 'جو ضخیم', 'طوفان رعد و برق', 'اقیانوس\u200cها']",A,[MASK] در هر دو مکان وجود دارند.,A,0.7648040652275085,A,0.7853575348854065,True,True,True,True,[0.76480407 0.05529412 0.15030499 0.02959681],[0.78535753 0.03009684 0.17592281 0.00862289],0.4486042559146881,0.76480407,0.78535753,0.02055346,0.6238192319869995,0.4532463848590851,0.5250262022018433,0.6062357425689697,0.420397013425827,0.4964962899684906
1228,در گیاهان نخود، صفت دانه‌های گرد بر صفت دانه‌های چروکیده غالب است. اگر یک گیاه خالص غالب با دانه‌های گرد با یک گیاه با دانه‌های چروکیده تلاقی کند، چه چیزی می‌توان در مورد گیاهان نسل بعد پیش‌بینی کرد؟,"['آنها همیشه دانه\u200cهای گرد تولید خواهند کرد.', 'آنها فقط دانه\u200cهای چروکیده تولید خواهند کرد.', 'هر گیاه نسل بعد تعدادی دانه گرد و تعدادی دانه چروکیده خواهد داشت.', 'مگر اینکه گیاه با دانه\u200cهای چروکیده خالص مغلوب باشد، نمی\u200cتوان پیش\u200cبینی کرد.']",A,گیاه خالص غالب با گیاه چروکیده تلاقی می‌کند و تمامی فرزندان دارای دانه‌های گرد خواهند بود.,D,0.9735686182975768,D,0.0333000272512435,False,False,False,False,[2.5793150e-02 5.0288637e-04 1.3535003e-04 9.7356862e-01],[3.3300027e-02 9.4464899e-04 1.5910485e-04 9.6559614e-01],0.8095692992210388,0.02579315,0.033300027,0.007506877,0.793789267539978,0.5022488236427307,0.6152284145355225,0.793789267539978,0.5022488236427307,0.6152284145355225
1229,یک دانش‌آموز قصد دارد نرخ تبخیر یک مایع فرّار را در دمای اتاق اندازه‌گیری کند. کدامیک از تجهیزات زیر برای این تحقیق بهترین گزینه است؟,"['ترازو', 'میکروسکوپ', 'چوب متر', 'کاغذ لیتموس']",A,برای اندازه‌گیری نرخ تبخیر، باید تغییر جرم مایع در طول زمان ثبت شود که با [MASK] میسر است.,D,0.8607606291770935,A,0.93280291557312,False,True,True,True,[0.09107859 0.04302248 0.0051383  0.8607606 ],[9.3280292e-01 7.2059906e-03 5.9150375e-04 5.9399612e-02],0.7965813875198364,0.09107859,0.93280292,0.84172433,0.8212693333625793,0.7124640345573425,0.7630072832107544,0.8122416138648987,0.7024648785591125,0.753375232219696
1230,هنگامی که هوای سرد در بالای کوه‌ها قرار دارد، هوای,"['به سمت مناطق با فشار کمتر در دره\u200cها جریان خواهد یافت.', 'به سمت مناطق با فشار بیشتر در دره\u200cها جریان خواهد یافت.', 'کم\u200cچگال\u200cتر از هوای گرم\u200cتر در نظر گرفته می\u200cشود.', 'از اتم\u200cهای اکسیژن آزاد در نظر گرفته می\u200cشود.']",A,هوای سرد و متراکم به سمت پایین و مناطق پرفشار در دره‌ها جریان می‌یابد.,A,0.550043523311615,A,0.6791343688964844,True,True,True,True,[0.5500435  0.42837432 0.01465816 0.00692403],[6.7913437e-01 3.1954968e-01 6.1687600e-04 6.9901207e-04],0.7525211572647095,0.5500435,0.67913437,0.1290908699999999,0.8263525366783142,0.6676009893417358,0.7385420799255371,0.8263525366783142,0.6676009893417358,0.7385420799255371
1231,کدام ماده، وقتی با آب مخلوط شود، بهترین هادی الکتریسیته را تولید خواهد کرد؟,"['نمک طعام', 'شکر دانه\u200cای', 'دی\u200cاکسید کربن', 'روغن موتور']",A,[MASK] در آب به یون‌های آزاد تبدیل می‌شود و جریان الکتریکی را به خوبی هدایت می‌کند.,A,0.996740996837616,A,0.9955581426620485,True,True,True,False,[9.9674100e-01 7.9160510e-04 7.9160510e-04 1.6758279e-03],[9.9555814e-01 1.5173652e-03 7.1675255e-04 2.2077532e-03],0.7265633344650269,0.996741,0.99555814,-0.00118286,0.8452760577201843,0.6662793159484863,0.745179295539856,0.8337039947509766,0.6507652401924133,0.7309623956680298
1232,پ plantsهای نیروگاهی با سوخت زغال‌سنگ به طور خاص برای تبدیل طراحی شده‌اند,"['الف) انرژی الکتریکی به انرژی حرارتی.', 'ب) انرژی شیمیایی به انرژی الکتریکی.', 'ج) انرژی الکتریکی به انرژی تابشی.', 'د) انرژی جنبشی به انرژی پتانسیل.']",B,این نیروگاه‌ها انرژی شیمیایی نهفته در سوخت‌های فسیلی را به انرژی الکتریکی تبدیل می‌کنند.,B,0.971489429473877,B,0.938659131526947,True,True,True,False,[2.3116557e-02 9.7148943e-01 8.4202056e-04 4.5519201e-03],[5.9539493e-02 9.3865913e-01 4.0117398e-04 1.4002348e-03],0.6813659071922302,0.97148943,0.93865913,-0.0328302999999999,0.9129117727279663,0.632987380027771,0.7476058006286621,0.9129118919372559,0.632987380027771,0.7476059198379517
1233,چه اتفاقی می‌افتد زمانی که یک اتم یک الکترون جذب می‌کند؟,"['اتم یک پروتون از دست می\u200cدهد.', 'اتم الکترون\u200cهای اضافی را جذب می\u200cکند.', 'اتم در جرم اتمی افزایش می\u200cیابد.', 'اتم بار منفی پیدا می\u200cکند.']",D,اتم با جذب الکترون، بار منفی پیدا می‌کند.,B,0.7620967030525208,D,0.7330452799797058,False,True,True,True,[0.13191624 0.7620967  0.08001125 0.02597585],[0.05993743 0.18462028 0.02239698 0.7330453 ],0.7993519306182861,0.02597585,0.7330453,0.70706945,0.7526641488075256,0.5962496995925903,0.665388286113739,0.7557104825973511,0.6019105911254883,0.6700988411903381
1234,با کاهش سرعت جریانات، کدام عامل احتمالاً افزایش خواهد یافت؟,"['فرسایش بستر جویبار', 'رسوب مواد در جویبار', 'مقدار مواد حمل شده به پایین\u200cدست', 'اندازه ذرات حمل شده به پایین\u200cدست']",B,کاهش سرعت جریان باعث کاهش انرژی حمل مواد و افزایش رسوب می‌شود.,A,0.6047548055648804,A,0.4682532548904419,False,False,False,False,[0.6047548  0.3224399  0.04944776 0.02335747],[0.46825325 0.46825325 0.04935353 0.01414002],0.9523577094078064,0.3224399,0.46825325,0.14581335,0.7931848764419556,0.6384990215301514,0.7074854969978333,0.7752472162246704,0.6274044513702393,0.6935343146324158
1235,کدام جمله در مورد سنگ‌ها درست است؟,"['مواد معدنی از سنگ\u200cها ساخته شده\u200cاند.', 'بلورهای از سنگ\u200cها ساخته شده\u200cاند.', 'سنگ\u200cها از یک یا چند ماده معدنی تشکیل شده\u200cاند.', 'ماگما از سنگ جامد تشکیل شده است.']",C,[MASK],C,0.9219374060630798,C,0.9259140491485596,True,True,True,True,[0.05859316 0.00912705 0.9219374  0.01034231],[0.067073   0.0032876  0.92591405 0.00372533],0.1369258314371109,0.9219374,0.92591405,0.00397665,0.5384724140167236,0.34206604957580566,0.4183647632598877,0.0,0.0,0.0
1236,هواپیما در یک خط مستقیم بین دو شهر که 840 کیلومتر از هم فاصله دارند پرواز می‌کند. اگر زمان پرواز هواپیما 4 ساعت باشد، سرعت متوسط آن چقدر است؟,"['84 کیلومتر در ساعت', '105 کیلومتر در ساعت', '180 کیلومتر در ساعت', '210 کیلومتر در ساعت']",D,با تقسیم مسافت بین دو شهر (840 کیلومتر) بر زمان پرواز (4 ساعت)، سرعت متوسط هواپیما به دست می‌آید. حاصل تقسیم 840 بر 4 برابر 210 است که نزدیک‌ترین مقدار به آن در گزینه‌ها، عددی است که حاصل تقسیم مذکور را تایید می‌کند.,D,0.9034428596496582,D,0.996518850326538,True,True,True,True,[0.04497977 0.03503028 0.01654713 0.90344286],[3.2723816e-03 1.2688400e-04 8.1922473e-05 9.9651885e-01],0.9286491870880128,0.90344286,0.99651885,0.09307599,0.6821287870407104,0.5797346830368042,0.6267773509025574,0.6812186241149902,0.5857946276664734,0.6299132108688354
1237,کدام‌یک از موارد زیر بهترین توضیح را در مورد اهمیت داشتن یک سیستم طبقه‌بندی استاندارد شده در تعیین ارتباط میان ارگانیسم‌ها ارائه می‌دهد؟,"['به کمک به دانشمندان در تلاش\u200cهای حفاظتی', 'برای تعیین زیستگاه\u200cهای جغرافیایی تمامی ارگانیسم\u200cها', 'برای داشتن یک تعریف ثابت برای تمامی دانشمندان', 'برای درک نقش ارگانیسم\u200cها در زنجیره غذایی']",C,داشتن یک سیستم طبقه‌بندی استاندارد شده، تعریفات یکسانی را برای دانشمندان فراهم می‌کند.,B,0.5803543925285339,C,0.8709399700164795,False,True,True,True,[0.10164145 0.5803544  0.00736288 0.31064135],[0.0917964  0.02630011 0.87093997 0.01096352],0.825150191783905,0.00736288,0.87093997,0.86357709,0.8005648851394653,0.51877361536026,0.6295759677886963,0.8005648851394653,0.51877361536026,0.6295759677886963
1238,جیزل یک مدل می‌سازد، با استفاده از توپ‌های فومی، تا رویدادهای یک خورشیدگرفتگی را نشان دهد. برای بهترین نمایش این پدیده، مدل توپ فومی باید دارای کدام ویژگی باشد؟,"['توانایی چرخش вокруг توپ مرکزی', 'مغناطیس در هر توپ', 'نمایش اقیانوس\u200cها بر روی هر توپ', 'منبع انرژی حرارتی']",A,مدل باید قابلیت چرخش حول محور مرکزی را داشته باشد تا فازهای مختلف گرفتگی قابل مشاهده باشد.,A,0.9840898513793944,A,0.9996426105499268,True,True,True,True,[0.98408985 0.00840459 0.00509764 0.00240796],[9.9964261e-01 2.4177431e-04 7.8492623e-05 3.7077290e-05],0.7152397036552429,0.98408985,0.99964261,0.0155527599999999,0.9309258460998535,0.6902263164520264,0.7927072048187256,0.9309258460998535,0.6902263164520264,0.7927072048187256
1239,استخراج سطحی نوعی از معدن‌کاری است که در سطح زمین انجام می‌شود. علاوه بر تأمین مواد معدنی ارزشمند برای صنعت، استخراج سطحی ممکن است همچنین,"['از زباله\u200cدان\u200cها جلوگیری کند.', 'سطح زمین را افزایش دهد.', 'آلودگی آب\u200cهای زیرزمینی را از بین ببرد.', 'مخزن\u200cها و دریاچه\u200cهای تفریحی ایجاد کند.']",D,ممکن است پس از معدن‌کاری، به ایجاد دریاچه‌های تفریحی منجر شود.,A,0.5424134731292725,D,0.977972149848938,False,True,True,True,[0.5424135  0.22523005 0.05694707 0.17540933],[1.7668957e-02 3.4792242e-03 8.7968557e-04 9.7797215e-01],0.81292724609375,0.17540933,0.97797215,0.80256282,0.8924081325531006,0.5978673100471497,0.716031014919281,0.8908637762069702,0.5999452471733093,0.7170194387435913
1240,طوفان‌های گردبادی در نواحی استوایی شکل می‌گیرند. دلیل این امر چیست؟,"['الف) گرم شدن خورشیدی در نزدیکی استوا بیشتر است.', 'ب) صفحه مداری ماه نزدیک به استوا است.', 'ج) فعالیت\u200cهای آتشفشانی زمین در اطراف استوا متمرکز است.', 'د) سرعت چرخش سطح زمین در استوا کمتر است.']",A,گرم شدن بیشتر خورشیدی در این مناطق، موجب حرکت هوای گرم و مرطوب به سمت بالا و تشکیل طوفان می‌شود.,A,0.872981071472168,A,0.988399624824524,True,True,True,True,[0.8729811  0.09147397 0.00584774 0.02969725],[0.9883996  0.00403936 0.00168386 0.00587724],0.763668417930603,0.8729811,0.9883996,0.1154185,0.8549602031707764,0.7074752449989319,0.7742568850517273,0.8549602031707764,0.7074752449989319,0.7742568850517273
1241,کدام عملکرد سیستم ایمنی توسط آنتی‌بادی‌ها انجام می‌شود؟,"['آنتی\u200cبادی\u200cها پروتئین\u200cهایی تولید می\u200cکنند که به ویروس مهاجم متصل می\u200cشوند.', 'آنتی\u200cبادی\u200cها به ویروس مهاجم به عنوان علامت هدف متصل می\u200cشوند.', 'آنتی\u200cبادی\u200cها ویروس مهاجم را به عنوان یک مکانیزم دفاعی بلعیده و از بین می\u200cبرند.', 'آنتی\u200cبادی\u200cها آنزیم\u200cهایی آزاد می\u200cکنند که ویروس مهاجم را تخریب می\u200cکنند.']",B,آنتی‌بادی‌ها مولکول‌هایی هستند که به عوامل بیماری‌زا متصل شده و آنها را برای سلول‌های ایمنی دیگر علامت‌گذاری می‌کنند تا شناسایی و از بین برده شوند.,B,0.9678407907485962,B,0.9965596795082092,True,True,True,True,[0.02922626 0.9678408  0.00164883 0.00128411],[2.7557346e-03 9.9655968e-01 3.8478675e-04 2.9967222e-04],0.8085843324661255,0.9678408,0.99655968,0.02871888,0.8641773462295532,0.6906901597976685,0.7677551507949829,0.8642041683197021,0.6928195953369141,0.7690795660018921
1242,اگر یک سلول عصبی از کار بیفتد، این سلول چه خواهد کرد؟,"['الف) شروع به تولید اکسیژن خواهد کرد.', 'ب) شروع به تقسیم به سلول\u200cهای بیشتر خواهد کرد.', 'ج) به نوع دیگری از سلول تبدیل خواهد شد.', 'د) ارسال سیگنال به مغز را متوقف خواهد کرد.']",D,سلول عصبی از کار می‌افتد و قادر به انتقال اطلاعات نخواهد بود، بنابراین ارسال سیگنال به مغز را متوقف می‌کند.,D,0.4907780289649963,D,0.977275013923645,True,True,True,True,[0.20458671 0.12408812 0.18054715 0.49077803],[1.8181290e-02 3.5801085e-03 9.6357311e-04 9.7727501e-01],0.8416462540626526,0.49077803,0.97727501,0.4864969800000001,0.8066720962524414,0.6405490040779114,0.7140761613845825,0.8066719770431519,0.6405490040779114,0.7140759825706482
1243,کدام عنصر زیر در اکثر موجودات زنده به کمترین مقدار یافت می‌شود؟,"['آهن', 'کربن', 'نیتروژن', 'هیدروژن']",A,عنصر [MASK] در مقایسه با عناصر اصلی ترکیبات آلی، به کمترین مقدار در اکثر موجودات زنده وجود دارد.,D,0.3732017576694488,D,0.0809166729450225,False,False,False,False,[0.12116087 0.3293494  0.17628802 0.37320176],[0.08091667 0.32003164 0.07140871 0.52764297],0.8647737503051758,0.12116087,0.08091667,-0.0402442,0.8942908048629761,0.7189004421234131,0.7970612049102783,0.8987515568733215,0.7162470817565918,0.797187328338623
1244,کدام فرایند در چرخه آب، آب را به جو بازمی‌گرداند؟,"['تراکم', 'تبخیر', 'بارش', 'تعریق']",B,[MASK] آب از سطح زمین یا آب‌ها به بخار، باعث بازگشت آب به جو می‌شود.,C,0.7005414366722107,B,0.8270176649093628,False,True,True,True,[0.08432396 0.2007085  0.70054144 0.01442613],[0.04085436 0.82701766 0.12782198 0.00430602],0.7045286297798157,0.2007085,0.82701766,0.6263091599999999,0.8006364703178406,0.6315715312957764,0.7061253786087036,0.7987810373306274,0.6215333938598633,0.6990973949432373
1245,منبع مواد مغذی برای برخی از قارچ‌ها چیست؟,"['نور خورشید', 'اکسیژن', 'دی\u200cاکسید کربن', 'ارگانیزم\u200cهای مرده']",D,مواد مغذی برخی قارچ‌ها از تجزیه [MASK] یا بقایای آلی به دست می‌آید.,D,0.5839990377426147,C,0.4302688241004944,True,False,False,False,[0.35421333 0.05432038 0.00746723 0.58399904],[0.07476951 0.00740318 0.48755845 0.43026882],0.7796807289123535,0.58399904,0.43026882,-0.15373022,0.8305767774581909,0.6215400099754333,0.7110127210617065,0.8042730093002319,0.6091128587722778,0.6932190656661987
1246,کدام مرحله در تولید مثل غیرجنسی را انتظار دارید که در ولواکس وجود داشته باشد اما در آمیباها نباشد؟,"['تقسیم سلول\u200cها', 'تکثیر DNA', 'تشکیل صفحه سلولی', 'جداسازی کروماتیدها']",C,در ولواکس، [MASK] در [MASK] رخ می‌دهد که در آمیباها این ویژگی وجود ندارد.,A,0.6535245776176453,A,0.0687223672866821,False,False,False,False,[0.6535246  0.08810012 0.11312279 0.14525254],[0.3954699  0.18680675 0.06872237 0.34900096],0.5067086815834045,0.11312279,0.06872237,-0.0444004199999999,0.5987011194229126,0.46277958154678345,0.5220379829406738,0.6011474132537842,0.46391814947128296,0.5236920118331909
1247,کدام ویژگی را یک کودک از یکی یا هر دو والدین خود به ارث نخواهد برد؟,"['لک های صورت', 'مدل مو', 'رنگ چشم', 'چال']",B,لک‌های صورت اغلب ناشی از عوامل محیطی یا ژنتیک غیرارثی هستند.,A,0.5544857978820801,A,0.0278688669204711,False,False,False,False,[0.5544858  0.12469287 0.26192054 0.05890074],[0.93012846 0.02786887 0.03578433 0.00621838],0.8840429186820984,0.12469287,0.02786887,-0.096824,0.7409673929214478,0.5554940700531006,0.6349637508392334,0.7033128142356873,0.5436868667602539,0.613283097743988
1248,کدام مجموعه از عناصر فقط شامل فلزات است؟,"['ید، آهن، نیکل', 'هلیوم، کربن، طلا', 'سدیم، کروم، مس', 'فسفر، نیتروژن، اکسیژن']",C,عناصر سدیم، کروم و مس همگی فلز هستند.,C,0.9348580241203308,C,0.986013889312744,True,True,True,True,[5.9588645e-02 4.8913336e-03 9.3485802e-01 6.6197000e-04],[1.2412083e-02 1.3082239e-03 9.8601389e-01 2.6578180e-04],0.8428336381912231,0.93485802,0.98601389,0.0511558699999999,0.8457479476928711,0.6123173832893372,0.710347056388855,0.8543640971183777,0.6193948984146118,0.7181482911109924
1249,بافت خاک با چه چیزی بهبود می‌یابد؟,"['لغزش آب.', 'فرسایش تپه\u200cهای شنی.', 'فشرده شدن لایه\u200cهای سنگی.', 'تجزیه\u200cی گیاهان و حیوانات.']",D,تجزیه مواد آلی حاصل از گیاهان و حیوانات، بافت خاک را بهبود می‌دهد.,A,0.4648842215538025,D,0.7911580204963684,False,True,True,True,[0.46488422 0.3620522  0.11754114 0.05552251],[0.20003608 0.00775624 0.00104969 0.791158  ],0.8281711935997009,0.05552251,0.791158,0.7356354900000001,0.819409191608429,0.6917695999145508,0.7501989603042603,0.8194091320037842,0.6917695999145508,0.7501989006996155
1250,تغییر بسیار جزئی در گرانش در قله کوه وجود دارد. کدام ویژگی احتمالاً در قله کوه کمتر خواهد بود؟,"['الف) جرم', 'ب) وزن', 'ج) چگالی بدن', 'د) دمای بدن']",B,نیروی گرانش در قله کوه کمی کمتر است، بنابراین عاملی که مستقیماً تحت تأثیر گرانش است در آنجا کمتر خواهد بود.,A,0.298074722290039,B,0.7079511284828186,False,True,True,True,[0.29807472 0.14080052 0.26305002 0.29807472],[0.05811217 0.7079511  0.0311052  0.2028314 ],0.809374213218689,0.14080052,0.7079511,0.5671505800000001,0.8638916015625,0.7356908321380615,0.7946537733078003,0.8638916015625,0.7356908321380615,0.7946537733078003
1251,کدام یک از این موارد به عنوان موانع حفاظتی در سواحل عمل می‌کنند و معمولاً هنگام برخورد با طوفان‌های شدید تخریب می‌شوند؟,"['فرسایش زمین entlang der Küste', 'تجمع تپه\u200cهای شنی در طول زمان در کنار سواحل', 'ساخت و ساز جدید ساختمان\u200cها در طول سواحل', 'تجمع مواد ارگانیک از دکل\u200cهای نفتی در کنار سواحل']",B,تپه‌های شنی به عنوان موانع طبیعی در برابر طوفان‌ها عمل می‌کنند و از نفوذ آب به مناطق داخلی‌تر جلوگیری می‌کنند ولی در طوفان‌های شدید تخریب می‌شوند.,A,0.7195670008659363,B,0.7292373180389404,False,True,True,True,[0.719567   0.23452352 0.00547254 0.04043693],[2.6827142e-01 7.2923732e-01 4.4297107e-04 2.0482775e-03],0.8952370882034302,0.23452352,0.72923732,0.4947138,0.9126008749008179,0.7611674070358276,0.8300337195396423,0.9126008749008179,0.7611673474311829,0.8300336599349976
1252,بخشی از سواحل شرقی آمریکای جنوبی و سواحل غربی آفریقا دارای فسیل‌های مشابه در همان سری از لایه‌های سنگی هستند. این شواهد حاکی از آن است که این دو قاره در گذشته یکی بودند,"['از هم جدا شده توسط یک اقیانوس بسیار بزرگتر', 'به هم پیوسته به عنوان یک توده زمینی واحد', 'واقع در نزدیکی قطب شمال', 'در نیمکره\u200cای متفاوت']",B,وجود فسیل‌های مشابه در لایه‌های سنگی یکسان، نشان می‌دهد که این دو قاره قبلاً به هم متصل بوده‌اند.,B,0.8468134999275208,B,0.9735388159751892,True,True,True,True,[0.14773007 0.8468135  0.0009954  0.00446106],[2.5943931e-02 9.7353882e-01 3.3695286e-04 1.8035785e-04],0.8615642189979553,0.8468135,0.97353882,0.12672532,0.932395875453949,0.6977399587631226,0.7981787323951721,0.932395875453949,0.6977399587631226,0.7981787323951721
1253,پت مقداری نمک خوراکی را در آب حل می‌کند. او سپس یک قطره از آب را روی لام میکروسکوپ می‌گذارد و لامپ را روشن می‌کند. در حین تبخیر آب، پت مشاهدۀ تشکیل ساختارهای مکعبی کوچکی را می‌کند. چه فرآیندی را پت از طریق میکروسکوپ مشاهده می‌کند؟,"['پاک\u200cسازی یک ماده معدنی', 'رشد یک کریستال', 'تبدیل مایع به جامد', 'رسوب\u200cگذاری ذرات']",B,تشکیل ساختارهای مکعبی کوچک در حین تبخیر آب، نشان‌دهنده [MASK] است.,B,0.9854208827018738,B,0.9922917485237122,True,True,True,True,[1.2587664e-02 9.8542088e-01 1.5033820e-03 4.8807671e-04],[5.9234761e-03 9.9229175e-01 1.5942819e-03 1.9040982e-04],0.6699588894844055,0.98542088,0.99229175,0.0068708699999999,0.885665774345398,0.6148359775543213,0.7258093953132629,0.8571705222129822,0.5982469916343689,0.7046771049499512
1254,کدام پرسش درباره لاله‌ها می‌تواند به بهترین شکل از طریق تحقیقات علمی پاسخ داده شود؟,"['آیا لاله\u200cها از سایر گل\u200cها بهترند؟', 'کدام ژن\u200cها رنگ گلبرگ لاله را تعیین می\u200cکنند؟', 'چرا مردم دوست دارند به لاله\u200cها نگاه کنند؟', 'کدام رنگ لاله\u200cها زیباترین است؟']",B,تعیین کننده‌های ژنتیکی رنگ گلبرگ لاله‌ها می‌توانند از طریق تحقیقات علمی در ژنتیک و زیست‌شناسی مولکولی شناسایی شوند.,B,0.963551938533783,B,0.990757405757904,True,True,True,True,[0.02895502 0.96355194 0.00398035 0.00351264],[8.5050249e-03 9.9075741e-01 1.9386508e-04 5.4370810e-04],0.9399207830429076,0.96355194,0.99075741,0.0272054699999999,0.8937229514122009,0.699640154838562,0.7848612666130066,0.8937228918075562,0.699640154838562,0.7848612070083618
1255,یک مهندس در حال استفاده از کامپیوتر برای طراحی یک پل است. کدام آزمایش برای اهداف ایمنی از اهمیت بالاتری برخوردار است؟,"['حداکثر باری که پل می\u200cتواند تحمل کند', 'هزینه مواد استفاده شده برای ساخت پل', 'درصد موادی که می\u200cتوانند بازیافت شوند', 'سرعتی که پل می\u200cتواند ساخته شود']",A,آزمایش حداکثر بار قابل تحمل پل برای اطمینان از پایداری و ایمنی آن در شرایط مختلف از اهمیت بالایی برخوردار است.,A,0.9987383484840392,A,0.9998574256896972,True,True,True,True,[9.9873835e-01 7.1309821e-04 5.8534672e-05 4.9010478e-04],[9.9985743e-01 8.2841609e-05 1.5324158e-05 4.4341919e-05],0.8207236528396606,0.99873835,0.99985743,0.00111908,0.7634187936782837,0.6568622589111328,0.706143319606781,0.7619592547416687,0.6575836539268494,0.7059342265129089
1256,سوال: چه ویژگی فیزیکی عناصری را که در سمت چپ جدول تناوبی عناصر قرار دارند از عناصری که در سمت راست آن هستند متمایز می کند؟,"['الف) تعداد پروتون\u200cها', 'ب) حالت ماده', 'ج) جرم اتمی', 'د) دما']",B,عناصری که در سمت چپ جدول تناوبی قرار دارند معمولاً فلزات هستند که ویژگی‌های فیزیکی خاصی دارند، در حالی که عناصر سمت راست غیرفلزات هستند. حالت ماده در شرایط استاندارد، ویژگی متمایزکننده مهمی است.,A,0.5124594569206238,B,0.9771421551704408,False,True,True,True,[0.51245946 0.31082237 0.08835909 0.08835909],[0.01554917 0.97714216 0.00158845 0.00572022],0.9440109133720398,0.31082237,0.97714216,0.66631979,0.8571271896362305,0.7704479694366455,0.8114794492721558,0.8571271896362305,0.7704479694366455,0.8114794492721558
1257,در سال 1903 ماری اندرسون اولین برف‌پاک‌کن را اختراع کرد. این اختراع چگونه احتمالاً به مردم کمک کرد؟,"['این به مردم کمک کرد تا مصرف بنزین کمتری داشته باشند.', 'این به جلوگیری از سرعت گرفتن بیش از حد مردم کمک کرد.', 'این باعث شد تا خرید خودرو برای مردم آسان\u200cتر شود.', 'این باعث شد تا رانندگی در هوای بد برای مردم ایمن\u200cتر باشد.']",D,این اختراع با فراهم کردن دید بهتر در شرایط بد آب و هوایی، رانندگی را ایمن‌تر کرد و خطر تصادفات را کاهش داد.,D,0.6049549579620361,D,0.9263108372688292,True,True,True,True,[0.25316975 0.09241116 0.04946413 0.60495496],[0.05205514 0.01945159 0.00218241 0.92631084],0.7218002676963806,0.60495496,0.92631084,0.3213558799999999,0.8457702398300171,0.7103670835494995,0.7721777558326721,0.8457701206207275,0.7103670835494995,0.7721777558326721
1258,خودروها زمانی به طور کامل به صورت دستی مونتاژ می‌شدند. اکنون ربات‌های صنعتی بخش‌های زیادی از خودرو را مونتاژ می‌کنند. یک اثر مثبت از استفاده از ربات‌ها چیست؟,"['مونتاژ زمان بیشتری می\u200cبرد.', 'نیاز به کارگران بیشتری برای مونتاژ است.', 'آسیب\u200cهای کمتری به کارگران وارد می\u200cشود.', 'اشتباهات بیشتری در حین مونتاژ رخ می\u200cدهد.']",C,استفاده از ربات‌ها موجب کاهش آسیب‌های فیزیکی و خطرات شغلی برای کارگران می‌شود.,C,0.9495183229446412,C,0.9757673144340516,True,True,True,True,[0.04699755 0.0014192  0.9495183  0.00206493],[2.2947848e-02 1.2161913e-03 9.7576731e-01 6.8612826e-05],0.8221721649169922,0.9495183,0.97576731,0.02624901,0.8673453330993652,0.5999031066894531,0.709250271320343,0.8673454523086548,0.5999031066894531,0.709250271320343
1259,کدام تغییر در سطح زمین به طور مستقیم با چرخه آب مرتبط است؟,"['تجمع رسوبات', 'بلند شدن کوه', 'تشکیل خندق\u200cهای اقیانوسی', 'حرکت صفحات تکتونیکی']",A,[MASK]‌ها مسیر جریان آب را تغییر می‌دهد و بر توزیع و حرکت آب تأثیر می‌گذارد.,C,0.7860198020935059,A,0.6273508667945862,False,True,True,True,[0.19834915 0.01277949 0.7860198  0.00285149],[0.62735087 0.02129971 0.3384304  0.01291893],0.8236638903617859,0.19834915,0.62735087,0.42900172,0.7991665601730347,0.622360348701477,0.69976806640625,0.7922643423080444,0.6141771078109741,0.6919457912445068
1260,دو ترکیب در یک بشر که قطرات آب در خارج از پایین آن وجود دارد واکنش می‌دهند. قطرات آب یخ می‌زنند. کدام عبارت بهترین توصیف‌کننده این واکنش است؟,"['اندوترمیک زیرا انرژی جذب می\u200cشود.', 'اندوترمیک زیرا انرژی آزاد می\u200cشود.', 'برون\u200cگرمازی زیرا انرژی جذب می\u200cشود.', 'برون\u200cگرمازی زیرا انرژی آزاد می\u200cشود.']",A,واکنش انرژی آزاد می‌کند و باعث یخ زدن آب می‌شود.,B,0.558230459690094,B,0.1058085709810257,False,False,False,False,[0.23270507 0.55823046 0.00370301 0.20536152],[0.10580857 0.4742011  0.00150928 0.41848102],0.8231488466262817,0.23270507,0.10580857,-0.1268965,0.8339143991470337,0.5797144174575806,0.6839591860771179,0.8339143991470337,0.579714298248291,0.6839591264724731
1261,کدام یک از محصولات ساخته شده زیر را می‌توان با استفاده از نفت به عنوان مواد اولیه تولید کرد؟,"['بطری\u200cهای نوشابه پلاستیکی', 'قوطی\u200cهای آلومینیومی', 'فنجان\u200cهای چینی', 'قابلمه\u200cهای مسی']",A,نفت می‌تواند به عنوان ماده اولیه در تولید پلاستیک‌ها مورد استفاده قرار گیرد و بطری‌های پلاستیکی از مشتقات نفت ساخته می‌شوند.,A,0.5743527412414551,A,0.997141420841217,True,True,True,True,[0.57435274 0.23849241 0.09941843 0.08773646],[9.9714142e-01 1.6954351e-03 7.0676248e-04 4.5632021e-04],0.9038619995117188,0.57435274,0.99714142,0.4227886799999999,0.8953983783721924,0.7375434637069702,0.8088410496711731,0.8850112557411194,0.7327314019203186,0.8017041683197021
1262,کدام گزینه به بهترین شکل سطح زمین را در طول میلیاردها سال توصیف می‌کند؟,"['سطح صاف به تدریج به سمت کوه\u200cهای بلندتر و بلندتر pushed می\u200cشود تا زمین با کوه\u200cها پوشانده شود.', 'کوه\u200cهای بلند به تدریج فرسوده می\u200cشوند تا بیشتر زمین در سطح دریا قرار گیرد.', 'کوه\u200cهای بلند به تدریج فرسوده می\u200cشوند در حالی که کوه\u200cهای جدید به طور مداوم شکل می\u200cگیرند، بارها و بارها.', 'کوه\u200cهای بلند و دشت\u200cهای صاف به مدت میلیاردها سال در کنار یکدیگر باقی می\u200cمانند بدون تغییر زیاد.']",C,فرآیند فرسایش و تشکیل کوه‌ها به طور مداوم رخ می‌دهد و سطح زمین را در طول زمان زمین‌شناسی تغییر می‌دهد.,B,0.6966538429260254,B,0.143166109919548,False,False,False,False,[0.25528547 0.69665384 0.04436196 0.0036988 ],[0.02863502 0.8270886  0.14316611 0.0011103 ],0.7848506569862366,0.04436196,0.14316611,0.09880415,0.8745977878570557,0.7001731991767883,0.7777257561683655,0.8763434886932373,0.7025898694992065,0.7799063324928284
1263,یوشع به مطالعه‌ی موجودات زنده در یک اکوسیستم ساحلی پرداخت. تمام حیوانات در یک ساحل برای بقاء به چه چیزی نیاز دارند؟,"['ماسه', 'تولیدکنندگان', 'آب نمکین', 'صدف\u200cهای دریایی']",B,همه حیوانات برای بقاء به منبع غذایی نیاز دارند که [MASK] پایه آن هستند.,C,0.8303938508033752,B,0.9655025005340576,False,True,True,True,[0.03634272 0.12684855 0.83039385 0.00641487],[0.01201229 0.9655025  0.01980491 0.0026803 ],0.667553722858429,0.12684855,0.9655025,0.8386539500000001,0.7356520891189575,0.558832049369812,0.6351656913757324,0.7377985119819641,0.5568757057189941,0.6346957087516785
1264,یک ستاره غول پیکر قرمز از ستاره‌های توالی اصلی به چه دلیل متفاوت است؟,"['در دمایی خنک\u200cتر می\u200cسوزد.', 'همیشه بزرگ\u200cتر از سایر خورشیدها است.', 'چگالی و گرانش بیشتری دارد.', 'هیدروژن را برای تولید هلیوم ادغام می\u200cکند.']",A,ستاره‌های غول پیکر قرمز در مرحله‌ای از تکامل هستند که هیدروژن هسته آنها تمام شده و موجب کاهش دمای سطحی و سوزاندن سوخت در دمایی خنک‌تر شده است.,C,0.6981465220451355,C,0.1170378774404525,False,False,False,False,[0.17720996 0.0507715  0.6981465  0.0738721 ],[0.11703788 0.00582697 0.86479944 0.0123357 ],0.9166879653930664,0.17720996,0.11703788,-0.06017208,0.8491256237030029,0.702438473701477,0.7688480019569397,0.8491256237030029,0.702438473701477,0.7688480019569397
1265,سلنیم چند الکترون ظرفیتی دارد؟,"['3', '5', '6', '8']",C,سلنیم با ۶ الکترون در لایه ظرفیت، در گروه ۱۶ جدول تناوبی قرار دارد.,D,0.7634554505348206,C,0.9814396500587464,False,True,True,True,[0.17034994 0.01089011 0.05530453 0.76345545],[2.4138137e-03 4.0655260e-04 9.8143965e-01 1.5740044e-02],0.8278694152832031,0.05530453,0.98143965,0.92613512,0.8006250262260437,0.655558705329895,0.7208660244941711,0.811785101890564,0.6710206270217896,0.7347213625907898
1266,موجودات چندسلولی دارای چهار نوع اصلی بافت هستند که شامل بافت ماهیچه‌ای، پوششی، عصبی و پیوندی می‌باشد. کدام اندام عمدتاً از بافت عصبی تشکیل شده است؟,"['مغز', 'کبد', 'پوست', 'معده']",A,[MASK] اصلی‌ترین اندامی است که مسئول پردازش اطلاعات و کنترل فعالیت‌های بدن است و از بافت عصبی تشکیل شده است.,A,0.9927041530609132,A,0.9996170997619628,True,True,True,True,[0.99270415 0.00214361 0.0040048  0.00114739],[9.9961710e-01 2.3501723e-04 7.6298922e-05 7.1676208e-05],0.9162034392356871,0.99270415,0.9996171,0.00691295,0.8813819289207458,0.706434965133667,0.7842705249786377,0.8759482502937317,0.6987706422805786,0.7773919105529785
1267,سوالی: برندی از کود ادعا می کند که تمام مواد شیمیایی مورد نیاز یک گیاه برای رشد سریع را شامل می شود. می توان نتیجه گرفت که این کود تمام این مواد را به جز شامل می شود,"['پتاسیم.', 'فسفر.', 'کربوهیدرات ها.', 'ازت.']",C,این کود شامل عناصر ضروری مانند ازت، فسفر و پتاسیم است؛ کربوهیدرات‌ها از طریق فتوسنتز تولید می‌شوند.,A,0.3807088136672973,C,0.9846291542053224,False,True,True,True,[0.3807088  0.157468   0.23091157 0.23091157],[1.2418884e-02 2.1580784e-03 9.8462915e-01 7.9391268e-04],0.8295640349388123,0.23091157,0.98462915,0.75371758,0.8723832368850708,0.600326657295227,0.7112261652946472,0.8723832368850708,0.600326657295227,0.7112261652946472
1268,برای تولید نور، اتم‌های داخل یک لامپ برق انرژی الکتریکی را به چه نوع دیگری از انرژی تبدیل می‌کنند؟,"['حرارت', 'شیمیایی', 'مکانییکی', 'الکترومغناطیسی']",D,اتم‌های لامپ برق، انرژی الکتریکی را به انرژی [MASK] تبدیل می‌کنند که نور بخشی از آن است.,D,0.7032641768455505,D,0.591636061668396,True,True,True,False,[2.9373726e-01 2.8796990e-03 1.1885937e-04 7.0326418e-01],[4.0503982e-01 3.1412174e-03 1.8284078e-04 5.9163606e-01],0.8339642882347107,0.70326418,0.59163606,-0.11162812,0.8698000907897949,0.6762381792068481,0.7609022855758667,0.8675987720489502,0.6713764667510986,0.7569782137870789
1269,یک فلات به احتمال زیاد چگونه تشکیل می‌شود؟,"['جریان آب از یک رودخانه.', 'فرسایش توسط امواج.', 'فرسایش بقایای سنگی.', 'تجمع لاواي سرد شده.']",D,تجمع لایه‌هایی از مواد مذاب سرد شده، سطحی هموار و مرتفع ایجاد می‌کند.,A,0.660419225692749,D,0.9255796670913696,False,True,True,True,[0.6604192  0.1485152  0.04255032 0.1485152 ],[0.06731119 0.00616385 0.00094526 0.92557967],0.7666003108024597,0.1485152,0.92557967,0.77706447,0.815272331237793,0.5811561346054077,0.6785890460014343,0.815272331237793,0.5811561346054077,0.6785890460014343
1270,یک دانش آموز سرکه و جوش شیرین را برای استفاده در مدل آتشفشان مخلوط می‌کند. این مخلوط باعث می‌شود که مدل آتشفشان هنگام لمس کردن حس سردی کند. چه نوع تغییر انرژی رخ داده است؟,"['انرژی نوری به انرژی گرمایی تبدیل شده است', 'انرژی گرمایی به انرژی شیمیایی تبدیل شده است', 'انرژی شیمیایی به انرژی گرمایی تبدیل شده است', 'انرژی شیمیایی به انرژی نوری تبدیل شده است']",B,در واکنش بین سرکه و جوش شیرین در مدل آتشفشان، انرژی گرمایی محیط به واکنش جذب می‌شود و در نتیجه انرژی گرمایی به انرژی شیمیایی تبدیل می‌شود.,C,0.968732476234436,B,0.7524064183235168,False,True,True,True,[2.9367680e-02 1.2903259e-03 9.6873248e-01 6.0950674e-04],[0.03280117 0.7524064  0.2138905  0.00090187],0.8361226320266724,0.0012903259,0.7524064,0.7511160741,0.8267022371292114,0.6651948690414429,0.7372065186500549,0.8260000944137573,0.6660175323486328,0.7374317049980164
1271,چرا کفپوشی که با کاشی پوشیده شده نسبت به کفپوشی که با قالی پوشیده شده سردتر احساس می‌شود؟,"['Kafposhi ke ba kashi pushide shode sarder az kafposhi ke ba ghali pushide shode.', 'Kafposhi ke ba kashi pushide shode behtar az ghali garmaye ra motajer rehbar mikonad.', 'Qalib behtar az kafposhi ke ba kashi pushide shode garmaye ra motajer rehbar mikonad.', ""Kafposhi ke ba kashi pushide shode behtar az ghali mo'alli shode ast.""]",B,کاشی‌ها گرمای بدن را سریع جذب می‌کنند، در حالی که قالی‌ها گرما را حفظ و از انتقال سریع آن جلوگیری می‌کنند.,A,0.9526973962783812,A,0.0346945822238922,False,False,False,False,[0.9526974  0.0154441  0.01202788 0.01983062],[0.8912967  0.03469458 0.03469458 0.03931411],0.8231202960014343,0.0154441,0.03469458,0.01925048,0.8568925857543945,0.676850438117981,0.756304144859314,0.8568926453590393,0.676850438117981,0.7563042044639587
1272,ویژگی‌های تطبیقی که به دلفین‌ها کمک می‌کند تا در زندگی اقیانوس بقا یابند شامل تمامی موارد زیر به جز,"['پوست نرم و لطیف آن\u200cها.', 'شنا کردن بسیار سریع.', 'شکل بدن آن\u200cها.', 'تنهایی سفر کردن.']",D,دلفین‌ها به صورت گروهی سفر می‌کنند تا شکار و ایمنی را افزایش دهند.,D,0.4106576442718506,D,0.9032278060913086,True,True,True,True,[0.24907646 0.3198205  0.02044544 0.41065764],[8.4506989e-02 1.1436776e-02 8.2847732e-04 9.0322781e-01],0.8579769134521484,0.41065764,0.90322781,0.49257017,0.7943873405456543,0.6054787635803223,0.6871866583824158,0.7943873405456543,0.6054787635803223,0.6871866583824158
1273,پایه مکمل به سیتوزین در DNA چیست؟,"['اوراچیل', 'تیمین', 'گوانین', 'آدنین']",C,سیتوزین با [MASK] به وسیله سه پیوند هیدروژنی متصل می‌شود.,C,0.9171249270439148,C,0.8940243124961853,True,True,True,False,[0.05862983 0.01136591 0.9171249  0.01287927],[0.07338598 0.00876471 0.8940243  0.02382494],0.7543622851371765,0.9171249,0.8940243,-0.0231006,0.8640870451927185,0.6536483764648438,0.7442786693572998,0.8674829602241516,0.655868649482727,0.7469777464866638
1274,یک تغییر شیمیایی زمانی رخ می‌دهد که,"['شیشه به تکه\u200cها شکسته شود.', 'خمیر در فر پخته شود.', 'بستنی به مایع تبدیل شود.', 'الکتریسیته از طریق یک سیم عبور کند.']",B,ترکیب شیمیایی مواد تغییر کند و به ماده جدید تبدیل شود، مانند پخت خمیر در اثر حرارت.,B,0.7175443172454834,B,0.9401493072509766,True,True,True,True,[0.05913015 0.7175443  0.20638451 0.01694107],[0.04098582 0.9401493  0.01174263 0.00712227],0.8662486672401428,0.7175443,0.9401493,0.2226049999999999,0.8308619856834412,0.6967991590499878,0.757948100566864,0.8308619856834412,0.6967991590499878,0.757948100566864
1275,کدام سیستم بدنی از ضربه به مغز محافظت می‌کند؟,"['الف) سیستم گردش خون', 'ب) سیستم عصبی', 'پ) سیستم اسکلتی', 'ت) سیستم گوارش']",C,سیستم اسکلتی با جمجمه از مغز در برابر ضربه محافظت می‌کند.,B,0.5408530235290527,C,0.9953742623329164,False,True,True,True,[0.03027539 0.540853   0.42121676 0.00765482],[2.4385413e-03 1.6759834e-03 9.9537426e-01 5.1114603e-04],0.8843271136283875,0.42121676,0.99537426,0.5741574999999999,0.7183635234832764,0.6278020143508911,0.6700366139411926,0.7183635234832764,0.6278020143508911,0.6700366139411926
1276,کدام یک تغییر شیمیایی را نشان می‌دهد؟,"['شکستن شیشه', 'زنگ زدگی سطل زباله', 'حل شدن شکر در آب', 'تبخیر آب از پیاده\u200cرو']",B,واکنش فلز با اکسیژن و رطوبت، تشکیل ترکیب جدید و غیرقابل برگشت، ماهیت ماده را تغییر می‌دهد.,B,0.5161851644515991,B,0.4412113130092621,True,True,True,False,[0.06985807 0.51618516 0.4020054  0.01195131],[0.23616341 0.4412113  0.30323982 0.01938547],0.8111734986305237,0.51618516,0.4412113,-0.07497386,0.7911043763160706,0.6464523673057556,0.7115007042884827,0.7995452880859375,0.6492513418197632,0.7166028022766113
1277,کدامیک از گزینه‌های زیر بهترین روش برای حفظ منابع طبیعی مورد استفاده در ساخت تلویزیون است؟,"['تلویزیون خراب خود را تعمیر کنید', 'تلویزیونی که در حراج است خریداری کنید', 'تلویزیون\u200cهای قدیمی را در سطل زباله بیندازید', 'یک تلویزیون جدید به مدرسه\u200cتان اهدا کنید']",A,تعمیر تلویزیون خراب باعث حفظ منابع طبیعی و جلوگیری از هدر رفتن مواد اولیه می‌شود و هزینه‌های خرید یک دستگاه جدید را کاهش می‌دهد.,C,0.6509631276130676,A,0.9968287348747252,False,True,True,True,[0.16588014 0.11400764 0.6509631  0.06914913],[9.9682873e-01 2.4421047e-03 3.9866264e-04 3.3050292e-04],0.8540505766868591,0.16588014,0.99682873,0.83094859,0.8271191120147705,0.651060938835144,0.7286053895950317,0.8270772099494934,0.6511713266372681,0.7286581993103027
1278,اگر هر یک از این چیزها را دور بیندازید، کدام یک سریع‌تر تجزیه می‌شود؟,"['یک بطری شیشه\u200cای', 'یک قوطی فلزی', 'یک بطری پلاستیکی', 'هسته سیب']",D,مواد آلی مانند [MASK] به سرعت توسط میکروارگانیسم‌ها و شرایط محیطی تجزیه می‌شوند.,A,0.4518386721611023,C,0.0277041345834732,False,False,False,False,[0.45183867 0.06067384 0.27405402 0.21343347],[0.2047074  0.05864966 0.7089388  0.02770413],0.7430329322814941,0.21343347,0.02770413,-0.18572934,0.8366475105285645,0.5555720329284668,0.6677365899085999,0.8240746259689331,0.5413681864738464,0.6534551382064819
1279,دریاچه‌ای که پساب زمین‌های کشاورزی اطراف را دریافت می‌کرد، دارای جمعیتی سالم از ماهی‌ها بود. چند سال پیش، نوع جدیدی از آفت‌کش برای درمان محصولات استفاده شد. زمانی که پساب به دریاچه وارد شد، حشره‌ای که منبع غذایی اصلی ماهی‌ها بود را کشت. اگر کشاورزان منطقه استفاده از آفت‌کش را متوقف کنند، چه چیزی احتمالا رخ خواهد داد؟,"['جمعیت ماهی\u200cها افزایش خواهد یافت.', 'حشرات به آفت\u200cکش مقاوم\u200cتر خواهند شد.', 'دریاچه قادر به پشتیبانی از حیات نخواهد بود.', 'ماهی\u200cها منبع غذایی دیگری پیدا خواهند کرد.']",A,با توقف استفاده از آفت‌کش، حشرات دوباره رشد خواهند کرد و منبع غذایی ماهی‌ها را تشکیل خواهند داد، بنابراین جمعیت ماهی‌ها افزایش می‌یابد.,C,0.7497156858444214,A,0.9994025230407716,False,True,True,True,[0.21395972 0.03281179 0.7497157  0.0035128 ],[9.9940252e-01 2.1646154e-04 3.1494966e-04 6.6017041e-05],0.9411500096321106,0.21395972,0.99940252,0.7854428,0.8236153721809387,0.6841022372245789,0.7474040389060974,0.8226755857467651,0.6891581416130066,0.7500211596488953
1280,دانشمندان نتایج تحقیقات خود را برای بررسی به دیگران ارائه می‌دهند زیرا,"['مردم نیاز دارند که از فرآیند علمی مطلع شوند.', 'داده\u200cها اغلب از بیش از یک توضیح حمایت می\u200cکند.', 'این کار از تکرار تحقیقات دیگر دانشمندان جلوگیری می\u200cکند.', 'این کار تضمین می\u200cکند که پژوهشگران اعتبار دریافت کنند.']",B,دانشمندان نتایج تحقیقات خود را برای آگاه کردن جامعه علمی و عموم مردم از یافته‌های علمی جدید ارائه می‌دهند تا دانش و آگاهی عمومی افزایش یابد.,B,0.7859190702438354,A,0.0416780561208725,True,False,False,False,[0.19832373 0.7859191  0.00150244 0.01425472],[9.5416266e-01 4.1678056e-02 6.8427168e-04 3.4750185e-03],0.910742163658142,0.7859191,0.041678056,-0.744241044,0.8460261821746826,0.6461345553398132,0.7326915264129639,0.8460263013839722,0.6461345553398132,0.7326915860176086
1281,کدام منبع انرژی جایگزین از گیاهان تولید می‌شود؟,"['سوخت زیستی', 'برق آبی', 'گرمای زمین', 'تابش خورشیدی']",A,این منبع انرژی از مواد آلی مانند گیاهان تولید می‌شود و شامل بیومس یا زیست توده است.,A,0.7447794675827026,A,0.9738237261772156,True,True,True,True,[0.74477947 0.0541628  0.01348219 0.18757558],[0.9738237  0.01225863 0.00309947 0.0108182 ],0.8946196436882019,0.74477947,0.9738237,0.2290442299999999,0.8847131729125977,0.6881341934204102,0.7741391658782959,0.8884215950965881,0.6954450011253357,0.7801772356033325
1282,کدام بخش از اتم کمترین جرم را دارد؟,"['الف) الکترون', 'ب) هسته', 'ج) نوترون', 'د) پروتون']",A,الکترون‌ها بسیار سبک هستند و جرم آنها بسیار کمتر از پروتون‌ها و نوترون‌ها است.,A,0.4961851835250854,A,0.8038172125816345,True,True,True,True,[0.49618518 0.4378819  0.00713321 0.0587997 ],[0.8038172  0.1790059  0.00420982 0.01296714],0.849241316318512,0.49618518,0.8038172,0.30763202,0.8168880939483643,0.6078733801841736,0.6970493197441101,0.8168880939483643,0.6078734397888184,0.6970493793487549
1283,دو منبع در زیست بوم‌های زمینی که اکثر مهره‌داران (حیوانات دارای ستون فقرات) برای آن رقابت می‌کنند، چیست؟,"['نور خورشید و خاک', 'اکسیژن و دی\u200cاکسید کربن', 'غذا و مناطق لانه\u200cسازی', 'خاک و آب نمک']",C,منابع محدودی که مهره‌داران برای آن رقابت می‌کنند، شامل غذا و مکان‌های مناسب لانه‌سازی است.,A,0.7569226622581482,C,0.981921911239624,False,True,True,True,[0.75692266 0.04810575 0.16922246 0.02574915],[1.6121225e-02 1.4995076e-03 9.8192191e-01 4.5732397e-04],0.8755171298980713,0.16922246,0.98192191,0.81269945,0.8696656823158264,0.6728740930557251,0.758716881275177,0.8696656227111816,0.6728741526603699,0.758716881275177
1284,کدام یک از این وعده‌های غذایی بیشترین مواد مغذی مورد نیاز شما را تأمین می‌کند؟,"['گوشت، شیر و تکه\u200cای شکلات', 'نان، سبزیجات و ماهی', 'سبزیجات، میوه\u200cها و آب', 'گوشت، ماهی و نان']",B,ترکیبی از ماهی، سبزیجات و نان، مواد مغذی ضروری بدن را به صورت متنوع و متعادل تأمین می‌کند.,B,0.5732746124267578,B,0.9759698510169984,True,True,True,True,[0.12791486 0.5732746  0.21089596 0.08791451],[3.1184559e-03 9.7596985e-01 5.7685631e-04 2.0334886e-02],0.7694994211196899,0.5732746,0.97596985,0.40269525,0.6761795878410339,0.6133875846862793,0.643254816532135,0.6754667162895203,0.6218246221542358,0.6475366353988647
1285,سوال: دستهٔ یک تابهٔ سرخ‌کردنی معمولاً با لاستیک پوشش داده می‌شود زیرا لاستیک فراهم می‌کند,"['الف) عایق حرارتی.', 'ب) هدایت الکتریکی.', 'ج) نقطه ذوب پایین.', 'د) سطح نچسب.']",A,لاستیک به عنوان عایق حرارتی عمل می‌کند و از انتقال حرارت به دست کاربر جلوگیری می‌کند، خطر سوختگی را کاهش می‌دهد.,A,0.7018893361091614,A,0.9814053177833556,True,True,True,True,[0.70188934 0.02119522 0.01870472 0.25821066],[0.9814053  0.00842474 0.00273511 0.00743481],0.6910776495933533,0.70188934,0.9814053,0.27951596,0.8642809987068176,0.6231984496116638,0.7242030501365662,0.8642810583114624,0.6231985092163086,0.7242031097412109
1286,یک خودرو در یک خیابان هموار در حال حرکت است. چه چیزی می‌تواند باعث توقف حرکت خودرو شود؟,"['نیرویی که به سمت بالا فشار می\u200cآورد', 'نیرویی که به سمت پایین فشار می\u200cآورد', 'نیرویی که در همان جهتی که خودرو در حال حرکت است فشار می\u200cآورد', 'نیرویی که خلاف جهت حرکت خودرو فشار می\u200cآورد']",D,نیرویی که در خلاف جهت حرکت خودرو وارد شود، می‌تواند باعث توقف آن شود.,D,0.702840268611908,D,0.9567341804504396,True,True,True,True,[0.22817883 0.04493107 0.02404987 0.70284027],[3.6807925e-02 5.6446777e-03 8.1319292e-04 9.5673418e-01],0.7745875120162964,0.70284027,0.95673418,0.2538939099999999,0.8780333995819092,0.6876239776611328,0.771250307559967,0.8781275749206543,0.6878678798675537,0.7714399695396423
1287,کدام یک از این معادلات شیمیایی قانون بقای جرم را در مورد احتراق اتان نشان می‌دهد؟,"['C_{2}H_{6} + 3O_{2} -> 2CO_{2} + 3H_{2}O', 'C_{2}H_{6} + 5O_{2} -> 2CO_{2} + 3H_{2}O', '2C_{2}H_{6} + 5O_{2} -> 4CO_{2} + 4H_{2}O', '2C_{2}H_{6} + 7O_{2} -> 4CO_{2} + 6H_{2}O']",D,در احتراق اتان، تعداد اتم‌های هر عنصر باید در طرفین واکنش برابر باشد. با بررسی گزینه‌ها، تنها یک معادله این شرط را برآورده می‌کند: اتم‌های کربن، هیدروژن و اکسیژن به تعداد مساوی در دو طرف واکنش وجود دارند. این تعادل در یکی از گزینه‌ها به وضوح دیده می‌شود.,A,0.408433735370636,B,0.2003311663866043,False,False,False,False,[0.40843374 0.0631266  0.28071213 0.24772759],[0.25522852 0.2892118  0.25522852 0.20033117],0.8149788975715637,0.24772759,0.20033117,-0.0473964199999999,0.6841050386428833,0.4353683590888977,0.5321031212806702,0.6841050386428833,0.4353683590888977,0.5321031212806702
1288,انرژی تابشی که از خورشید به زمین می‌رسد، چیست؟,"['تنها یک طول\u200cموج که ما آن را به\u200cعنوان زرد می\u200cبینیم.', 'یک باند باریک از طول\u200cموج\u200cها که کاملاً نور مرئی است.', 'عمدتاً طول\u200cموج\u200cهای بلند که به انرژی حرارتی تبدیل می\u200cشوند.', 'مجموعه\u200cای از بسیاری از طول\u200cموج\u200cها از بلند تا بسیار کوتاه.']",D,انرژی تابشی خورشید شامل طیف گسترده‌ای از طول‌موج‌ها، از بلند تا بسیار کوتاه است که به زمین می‌رسد.,C,0.9421297311782836,D,0.9666614532470704,False,True,True,True,[0.03236408 0.00818292 0.94212973 0.01732325],[0.01231191 0.00311294 0.01791372 0.96666145],0.8649411797523499,0.01732325,0.96666145,0.9493382,0.7416788935661316,0.6051929593086243,0.6665205359458923,0.7416788339614868,0.6051929593086243,0.6665204167366028
1289,کدام یک از ریسک‌های محیط زیستی با دفع روغن موتور استفاده شده از خودروها مرتبط نیست؟,"['این روغن حل نمی\u200cشود و تمیز کردن آن دشوار است.', 'این روغن در آب حل می\u200cشود و باعث باران اسیدی می\u200cشود.', 'این روغن وارد زهکش\u200cهای بارانی می\u200cشود و آب\u200cهای سطحی را آلوده می\u200cکند.', 'این روغن بر روی زمین نشت می\u200cکند و خاک و آب\u200cهای زیرزمینی را آلوده می\u200cسازد.']",B,روغن موتور استفاده شده در آب حل نمی‌شود و باعث آلودگی خاک و آب می‌گردد، نه اینکه در آب حل شده و باعث باران اسیدی شود.,B,0.6266604065895081,B,0.9754524230957032,True,True,True,True,[0.15844457 0.6266604  0.03535376 0.17954122],[0.02016594 0.9754524  0.00128917 0.00309255],0.824942409992218,0.6266604,0.9754524,0.348792,0.7834083437919617,0.6290892958641052,0.69781893491745,0.7834083437919617,0.6290892958641052,0.69781893491745
1290,پزشک بیمار را معاینه می‌کند که علائم خستگی و تب را نشان می‌دهد. معاینه برای کدام بیماری احتمالاً منبع این بیماری را فاش خواهد کرد؟,"['عدم تعادل تغذیه\u200cای', 'استخوان شکسته', 'تولید غیرطبیعی سلولی', 'باکتری\u200cهای خارجی']",D,بیماری‌های جدی‌تر مانند سرطان می‌توانند باعث علائم عمومی خستگی و تب شوند.,A,0.6897904872894287,C,0.3076567053794861,False,False,False,False,[0.6897905  0.07298794 0.08270616 0.15451546],[0.2715061  0.11318058 0.3076567  0.3076567 ],0.7543315291404724,0.15451546,0.3076567,0.15314124,0.8012244701385498,0.614572286605835,0.6955947279930115,0.811813473701477,0.6236985921859741,0.7054303884506226
1291,کدام‌یک از حیوانات زیر برای طولانی‌ترین دوره زمانی در زمین بوده‌اند؟,"['انسان\u200cها', 'پرندگان', 'ماهی\u200cها', 'خزندگان']",C,[MASK] قدیمی‌ترین موجودات زنده روی زمین هستند که فسیل‌های آن‌ها به بیش از ۵۰۰ میلیون سال پیش برمی‌گردد.,A,0.9528619647026062,A,0.002460375893861,False,False,False,False,[0.95286196 0.01195967 0.00266856 0.03250976],[0.6768852  0.03848676 0.00246038 0.28216773],0.7938777208328247,0.00266856,0.00246038,-0.00020818,0.868594765663147,0.5788091421127319,0.694692850112915,0.8522053956985474,0.5685585141181946,0.6820677518844604
1292,برم (Br) در دمای اتاق مایع است. اکسیژن (O) در دمای اتاق گاز است. دمای اتاق ۲۵ درجه سانتی‌گراد است. کدام یک از بیانیه‌های زیر صحیح است؟,"['نقطه جوش اکسیژن از دمای اتاق سردتر است.', 'نقطه جوش برم از دمای اتاق سردتر است.', 'نقطه ذوب اکسیژن از دمای اتاق گرمتر است.', 'نقطه ذوب برم از دمای اتاق گرمتر است.']",A,برم در اتاق مایع است، پس نقطه ذوب آن بالای ۲۵ درجه است.,A,0.6577405333518982,A,0.7358912825584412,True,True,True,True,[0.65774053 0.18844582 0.0253049  0.12850888],[0.7358913  0.12787873 0.09959205 0.03663787],0.7732900381088257,0.65774053,0.7358913,0.07815077,0.8285658955574036,0.6643574833869934,0.737430989742279,0.8285659551620483,0.6643574833869934,0.7374309301376343
1293,برخی درختان، مانند درخت سرخس، ممکن است توسط یک نوع قارچ که به برگ‌های آن‌ها آسیب می‌زند، ساکن شوند. کدام یک از گزینه‌های زیر بهترین توصیف را از رابطه بین درخت و قارچ ارائه می‌دهد؟,"['انداختن', 'سپرگی', 'همزیستی', 'همزیستی غیرمفید']",A,رابطه‌ای که در آن یک جاندار به دیگری آسیب می‌رساند، یک رابطه انگلیتی است.,C,0.9481992721557616,C,0.0720279291272163,False,False,False,False,[0.03683756 0.00931399 0.9481993  0.00564922],[0.07202793 0.04368715 0.87747985 0.00680515],0.7418545484542847,0.03683756,0.07202793,0.03519037,0.7724118232727051,0.6740463972091675,0.71988445520401,0.7792026996612549,0.6769976019859314,0.7245134115219116
1294,نقطه ذوب یک ترکیب توسط سه دانشمند مختلف اندازه‌گیری شد. نمایش داده‌های یکسان توسط دانشمندان به شکل‌های مختلف قابل قبول است زیرا,"['روش\u200cهای متعددی برای سازماندهی داده\u200cها قابل قبول است.', 'داده\u200cهای نقطه ذوب ناسازگار است.', 'دانشمندان داده\u200cها را در مناطق مختلف جمع\u200cآوری کردند.', 'داده\u200cها با ابزارهای مختلف اندازه\u200cگیری شده است.']",A,روش‌های گوناگون سازماندهی داده‌ها می‌توانند به نتایج یکسان منجر شوند.,A,0.6106031537055969,A,0.9564758539199828,True,True,True,True,[0.61060315 0.32683232 0.00532419 0.05724039],[0.95647585 0.02558898 0.00265524 0.01527988],0.8228987455368042,0.61060315,0.95647585,0.3458727,0.7434130907058716,0.5445509552955627,0.6286298036575317,0.7434130907058716,0.5445509552955627,0.6286298036575317
1295,منیزیم برومید یکی از ترکیبات فراوانی است که در آب دریا یافت می‌شود. کدامیک از فرمول‌های زیر به درستی منیزیم برومید را نمایش می‌دهد؟,"['MgBr', 'MgBr_{2}', 'Mg_{2}Br', 'Mg_{3}Br_{2}']",B,منیزیم با بار +2 و برم با بار -1 ترکیب می‌شوند؛ بنابراین، دو اتم برم با یک اتم منیزیم پایدار می‌ماند.,A,0.4930595755577087,A,0.0758519545197486,False,False,False,False,[0.49305958 0.49305958 0.00074129 0.01313959],[9.2226297e-01 7.5851955e-02 3.3517869e-04 1.5498506e-03],0.8563218712806702,0.49305958,0.075851955,-0.4172076249999999,0.8663880825042725,0.6747422218322754,0.7586492300033569,0.866705060005188,0.6770302057266235,0.760215163230896
1296,زمزمهٔ آغازین پلنگ نشان می‌دهد که او,"['ناخرسند است.', 'مات و متحیر است.', 'مطمئن است.', 'سخاوتمند است.']",C,زمزمه آغازین پلنگ نشان‌دهنده اطمینان و اعتماد به نفس او است.,B,0.7877929210662842,C,0.7961490750312805,False,True,True,True,[0.19840868 0.7877929  0.00251719 0.01128124],[0.06509712 0.13781059 0.7961491  0.00094318],0.8245710730552673,0.00251719,0.7961491,0.7936319100000001,0.8139828443527222,0.49471792578697205,0.6154071092605591,0.8139828443527222,0.49471789598464966,0.6154071092605591
1297,بهترین مثال از شیء که نور را شکست می‌دهد کدام است؟,"['عینک', 'آینه\u200cها', 'کاسه نقره\u200cای', 'دستگاه\u200cهای تلویزیون']",A,[MASK] با شکستن نور، تصویر را به محل صحیح آن در چشم می‌آورد.,A,0.5013259649276733,A,0.5430158972740173,True,True,True,True,[0.50132596 0.05304617 0.4406938  0.00493406],[0.5430159  0.0740656  0.37613612 0.00678237],0.6397525668144226,0.50132596,0.5430159,0.04168994,0.9265956878662109,0.6830079555511475,0.7863702774047852,0.9260282516479492,0.6619142293930054,0.7720069289207458
1298,برگ‌ها از درختان برگریز بر روی زمین جنگل می‌ریزند. این برگ‌ها به آرامی تجزیه می‌شوند و بخشی از خاک سطحی می‌گردند. کدام تغییر به احتمال زیاد تأثیر مثبتی بر مواد مغذی موجود در خاک سطحی خواهد داشت؟,"['کاهش دما', 'کاهش تنوع زیستی', 'افزایش تعداد شکارچیان', 'افزایش تعداد تجزیه\u200cکنندگان']",D,افزایش تجزیه‌کنندگان موجب تسریع تجزیه و افزودن مواد مغذی بیشتر به خاک می‌شود.,D,0.8599838018417358,D,0.976484477519989,True,True,True,True,[0.13239896 0.00648956 0.00112772 0.8599838 ],[2.2741541e-02 6.8673503e-04 8.7308559e-05 9.7648448e-01],0.7982360124588013,0.8599838,0.97648448,0.11650068,0.780019223690033,0.6452211141586304,0.7062456607818604,0.7813087701797485,0.6455098390579224,0.7069469094276428
1299,کدام فرآیند در形成 هر دو نوع سنگ دگرگونی و رسوبی دخیل است؟,"['گرما دادن', 'بازبلوریابی', 'فشرده\u200cسازی', 'هوازدگی']",C,فرآیند [MASK] در تشکیل هر دو نوع سنگ دخیل است.,B,0.4773681461811065,B,0.2063604593276977,False,False,False,False,[0.01843741 0.47736815 0.47736815 0.02682627],[0.08602384 0.6406203  0.20636046 0.06699543],0.5860267281532288,0.47736815,0.20636046,-0.27100769,0.7530644536018372,0.5730419754981995,0.6508339643478394,0.7268449068069458,0.5582077503204346,0.6314612030982971
1300,یک لیوان آب سرد روی یک میز کار قرار دارد. بعد از آن روز، قطرات آبی بر روی سطح خارجی لیوان تشکیل شده است. محتمل ترین توضیح برای این قطرات آب این است که,"['آب از کنار لیوان چکه کرده است.', 'آب از درون لیوان نشت کرده است.', 'بخار آب بر روی سطح لیوان میعان شده است.', 'شخصی بر روی لیوان آب اسپری کرده است.']",C,اختلاف دمای لیوان و هوای اطراف باعث میعان بخار آب بر روی سطح سرد لیوان می‌شود.,A,0.554264485836029,C,0.9276400208473206,False,True,True,True,[0.5542645  0.09631673 0.33617842 0.01324032],[6.7198023e-02 4.7923396e-03 9.2764002e-01 3.6954554e-04],0.8450188040733337,0.33617842,0.92764002,0.5914616,0.7758423089981079,0.6254194974899292,0.6925570964813232,0.7758423686027527,0.6254194974899292,0.692557156085968
1301,در طول یک آزمایش بر روی تنفس سلولی هوازی، یک زیست‌شناس مقدار فسفر موجود در یک کشت سلولی را محدود می‌کند. این موضوع چگونه ممکن است بر روی سلول تأثیر بگذارد؟,"['مقدار انرژی سلولی کاهش می\u200cیابد.', 'مقدار انرژی سلولی افزایش می\u200cیابد.', 'مقدار گلوکز تولید شده افزایش می\u200cیابد.', 'مقدار گلوکز تولید شده کاهش می\u200cیابد.']",A,محدود شدن فسفر، تولید ATP را کاهش می‌دهد و در نتیجه انرژی سلول کم می‌شود.,A,0.851272702217102,A,0.9948278069496156,True,True,True,True,[0.8512727  0.08989889 0.02575647 0.03307196],[9.9482781e-01 3.5426475e-03 1.1501292e-03 4.7944521e-04],0.7795760631561279,0.8512727,0.99482781,0.1435551099999999,0.7172738313674927,0.6065958738327026,0.6573083996772766,0.7177488803863525,0.6084486842155457,0.6585947275161743
1302,زمانی که یک شخص از هواپیما چتر نجات می‌زند، او با سرعت حدود 67 متر بر ثانیه سفر می‌کند. وقتی که او طناب خود را می‌کشد و چتر نجاتش باز می‌شود، سرعت او به حدود 3 متر بر ثانیه کاهش می‌یابد. اگر سرعت و شتاب هر دو قبل از باز شدن چتر مثبت در نظر گرفته شوند، چگونه سرعت و شتاب او تغییر می‌کند زمانی که چتر باز می‌شود؟,"['سرعت و شتاب هر دو مثبت باقی می\u200cمانند.', 'سرعت و شتاب هر دو منفی می\u200cشوند.', 'سرعت مثبت باقی می\u200cماند اما شتاب منفی می\u200cشود.', 'سرعت منفی می\u200cشود اما شتاب مثبت باقی می\u200cماند.']",C,سرعت شخص مثبت باقی می‌ماند زیرا جهت حرکت تغییر نمی‌کند. شتاب منفی می‌شود زیرا سرعت کاهش می‌یابد.,B,0.6921795010566711,C,0.96479070186615,False,True,True,True,[0.08266906 0.6921795  0.02683871 0.19831276],[0.02002359 0.00446787 0.9647907  0.01071786],0.8585314154624939,0.02683871,0.9647907,0.93795199,0.7621598839759827,0.589372456073761,0.6647211313247681,0.7621598243713379,0.5893723964691162,0.6647210121154785
1303,آب‌های غنی از مواد مغذی ناشی از باران‌های سنگین به خلیج مکزیک وارد می‌شوند. این موضوع باعث ایجاد طغیانی از جلبک‌ها در محیط اقیانوس می‌شود. هنگامی که جلبک‌ها تجزیه می‌شوند، مقادیر زیادی اکسیژن را در امتداد ساحل مصرف می‌کنند. نتیجه‌ی این وضعیت برای منطقه چه خواهد بود؟,"['نیتروژن جایگزین اکسیژن در آب می\u200cشود.', 'دمای آب افزایش خواهد یافت.', 'عملکرد امواج جلبک\u200cهای مرده را حمل می\u200cکند.', 'موجودات کف\u200cزی خواهند مرد و ماهی\u200cها فرار خواهند کرد.']",D,کاهش اکسیژن ناشی از تجزیه جلبک‌ها، منجر به مرگ موجودات کف‌زی و فرار ماهی‌ها می‌شود.,B,0.5314030051231384,D,0.94998437166214,False,True,True,True,[0.2855528  0.531403   0.00984772 0.17319652],[0.04149555 0.0073244  0.00119568 0.9499844 ],0.8244327306747437,0.17319652,0.9499844,0.77678788,0.8261750340461731,0.6324339509010315,0.7164376378059387,0.8261750936508179,0.6324339509010315,0.716437578201294
1304,یک توپ سافت بال به وزن ۰.۲۰ کیلوگرم به مدت ۴.۵ ثانیه (ث) به سمت جنوب ۹۷ متر (م) حرکت می‌کند. کدام یک از اطلاعات زیر سرعت را از شتاب توپ متمایز می‌کند؟,"['توپ به سمت جنوب رفت.', 'توپ به مدت ۴.۵ ثانیه پرواز کرد.', 'توپ ۹۷ متر فاصله طی کرد.', 'توپ دارای جرم ۰.۲۰ کیلوگرم است.']",A,مدت زمان پرواز توپ نشان می‌دهد که سرعت در چه مدتی حاصل شده است، برخلاف مسافت و جرم که تنها یکی از عوامل محاسبه سرعت یا شتاب هستند.,B,0.4882928729057312,B,0.0702308118343353,False,False,False,False,[0.43091694 0.48829287 0.03537182 0.04541831],[0.07023081 0.8555864  0.06197847 0.01220428],0.8067048788070679,0.43091694,0.07023081,-0.36068613,0.6791067123413086,0.6149545311927795,0.6454405188560486,0.6774045825004578,0.6159917116165161,0.6452401876449585
1305,زمانی که یک جمعیت حیوانی مسافت زیادی را به منطقه‌ای دیگر برای بقا می‌迁هد، این عمل را چه می‌نامند?,"['تولید مثل.', 'خواب زمستانی.', 'مهاجرت.', 'ناوبری.']",C,هنگامی که حیوانات برای بقا مسافت زیادی به منطقه‌ای دیگر می‌روند، این عمل مهاجرت نام دارد.,C,0.9966436624526978,C,0.995097815990448,True,True,True,False,[2.4656123e-03 1.8427799e-04 9.9664366e-01 7.0640969e-04],[4.003688e-03 4.492014e-04 9.950978e-01 4.492014e-04],0.8894463777542114,0.99664366,0.9950978,-0.00154586,0.7947483062744141,0.5885200500488281,0.6762611269950867,0.7947483062744141,0.5885200500488281,0.6762611269950867
1306,عونهای آبی خانه‌های خود را در باتلاق‌ها و جوی‌ها می‌سازند. کدام ویژگی در ساخت خانه‌ها در یک محیط آبی کمترین اهمیت را دارد؟,"['پوشش خز ضد آب', 'پاهای عقبی پرده\u200cدار', 'دندان\u200cهای بزرگ و تیز', 'دم\u200cهای پهن و صاف']",C,ویژگی‌های فیزیکی عون‌های آبی بیشتر با شنا، غوص و حفظ گرما سازگار است. ساخت خانه در آب به ویژگی‌هایی مانند ضد آب بودن، پاهای پرده‌دار و دم پهن نیاز دارد.,B,0.4037525951862335,C,0.8208619952201843,False,True,True,True,[0.31444284 0.4037526  0.13210735 0.14969723],[0.08651821 0.04630987 0.820862   0.04630987],0.840173065662384,0.13210735,0.820862,0.6887546499999999,0.7343647480010986,0.6379474401473999,0.6827690005302429,0.7385554313659668,0.648162305355072,0.690412700176239
1307,یک دانش‌آموز سرعت خودروها را برای یک آزمایش علمی ثبت کرده است. کدام نوع نمودار بیشترین جزئیات را در مورد خودروهایی که در یک محدوده سرعت خاص حرکت می‌کنند، ارائه می‌دهد؟,"['نمودار میله\u200cای', 'نمودار خطی', 'نمودار پخشی', 'نمودار ساقه و برگ']",C,[MASK] جزئیات زیادی از توزیع داده‌ها، از جمله تعداد دقیق داده‌ها در هر محدوده را نشان می‌دهد.,D,0.4807506203651428,C,0.8597147464752197,False,True,True,True,[0.15668774 0.03085364 0.33170795 0.48075062],[0.07056969 0.00743799 0.85971475 0.06227753],0.6512731909751892,0.33170795,0.85971475,0.5280068,0.8618619441986084,0.6652350425720215,0.750889778137207,0.8597581386566162,0.650752604007721,0.7407956123352051
1308,دانشجویی قرار است در چهار زمان مختلف در طول روز به بیرون برود تا سایه‌اش را مشاهده کند. در کدام زمان احتمالاً دانشجو متوجه می‌شود که سایه‌اش کوتاه‌ترین است؟,"['۸:۰۵ صبح', '۱۲:۰۵ ظهر', '۴:۰۵ بعدازظهر', '۷:۰۵ عصر']",B,زمانی که خورشید مستقیماً بالای سر است، سایه کوتاه‌ترین است که معمولاً در ظهر رخ می‌دهد.,A,0.4924566447734833,A,0.2770333290100097,False,False,False,False,[0.49245664 0.20528647 0.20528647 0.09697046],[0.6645684  0.27703333 0.0291991  0.0291991 ],0.8963438868522644,0.20528647,0.27703333,0.07174686,0.8767978549003601,0.7174636721611023,0.7891685962677002,0.8764164447784424,0.7110072374343872,0.7850940227508545
1309,یک اثر هیدروسفر بر لیتوسفر چیست؟,"['فرسایش سنگ\u200cها', 'تبخیر آب', 'گرم شدن هسته', 'ذوب شدن قشر']",A,هیدروسفر از طریق فرآیندهای مانند فرسایش و تغییر شکل، ترکیب و شکل لیتوسفر را به طور قابل توجهی تغییر می‌دهد.,A,0.8793683648109436,A,0.9979845285415648,True,True,True,True,[8.7936836e-01 5.6326043e-02 4.7976061e-04 6.3825771e-02],[9.9798453e-01 1.6820203e-03 6.7289278e-05 2.6613424e-04],0.8179283738136292,0.87936836,0.99798453,0.11861617,0.845939040184021,0.6690045595169067,0.7471395134925842,0.8483238220214844,0.6694329977035522,0.7483358979225159
1310,دانش‌آموزان تحقیقاتی با ۲۰ گیاه گوجه‌فرنگی یکسان انجام می‌دهند. هر گیاه مقدار یکسانی آب دریافت می‌کند اما مقادیر مختلفی از نور خورشید. دانش‌آموزان هر روز تعداد میوه‌ها را روی هر گیاه اندازه‌گیری می‌کنند. متغیر وابسته در این تحقیق چیست؟,"['نوع گیاه', 'مقدار آب', 'مقدار نور خورشید', 'تعداد میوه\u200cها']",D,نتیجه یا پاسخی که به تغییر متغیر مستقل داده شده است، یعنی [MASK]ی تولید شده توسط گیاهان.,D,0.9754966497421264,D,0.9797731637954712,True,True,True,True,[0.01393511 0.00745893 0.00310934 0.97549665],[0.01233352 0.00514138 0.00275198 0.97977316],0.6643909811973572,0.97549665,0.97977316,0.00427651,0.7327033877372742,0.592349648475647,0.6550931930541992,0.7256824970245361,0.579026460647583,0.6441120505332947
1311,دانش‌آموزان می‌خواهند داده‌های بارش جمع‌آوری شده از خانه‌های دانش‌آموزان مختلف در منطقه را مقایسه کنند. یکی از راه‌هایی که دانش‌آموزان می‌توانند احتمال تأثیر متغیرهای کنترل‌نشده بر داده‌های خود را کاهش دهند چیست؟,"['با بررسی میزان بارش باران هر ساعت', 'با استفاده از باران\u200cسنج\u200cهای مشابه در هر محل', 'با جمع\u200cآوری داده\u200cهای دما همراه با بارش باران', 'با جمع\u200cآوری داده\u200cهای بارش در زمان بارندگی']",B,با استفاده از ابزارهای مشابه، شرایط اندازه‌گیری یکسان می‌شود و اختلافات داده‌ها به دلیل تجهیزات مختلف نخواهد بود.,B,0.9576441049575806,B,0.9882949590682985,True,True,True,True,[0.0287494  0.9576441  0.01057631 0.00303016],[1.1086707e-02 9.8829496e-01 4.8711587e-04 1.3110547e-04],0.6377103328704834,0.9576441,0.98829496,0.0306508599999999,0.6490010023117065,0.5178653001785278,0.5760644674301147,0.6490010619163513,0.5178653001785278,0.5760644674301147
1312,کدامیک از این موارد روشی است که عینک آفتابی به محافظت از چشم‌ها کمک می‌کند؟,"['بازتاب دادن پرتوهای نور از چشم\u200cها', 'شکستن پرتوهای نور بیشتری به سمت چشم\u200cها', 'بازتاب دادن پرتوهای نور بیشتری به سمت چشم\u200cها', 'شکستن پرتوهای نور به دور از چشم\u200cها']",A,با بازتاب پرتوهای نور از چشم‌ها، از ورود نور بیش از حد جلوگیری می‌کند.,A,0.8563244342803955,A,0.9926320314407348,True,True,True,True,[0.85632443 0.06166953 0.06166953 0.02033645],[0.99263203 0.00518855 0.00102169 0.00115772],0.699209451675415,0.85632443,0.99263203,0.1363075999999999,0.8136588931083679,0.617156982421875,0.7019145488739014,0.8070511817932129,0.6135916709899902,0.6971490383148193
1313,نیروی گرانشی بین ماه و زمین شرایطی را در زمین تحت تأثیر قرار می‌دهد، هرچند که ماه حدود ۱/۸۰ جرم و حدود ۱/۴ قطر زمین را دارد. اگر ماه اندازه و جرم مشابهی با زمین داشت، کدام یک از گزینه‌های زیر بیشتر احتمال دارد رخ دهد؟,"['پدیده جزر و مد در زمین کوچکتر می\u200cشود.', 'پدیده جزر و مد در زمین بزرگتر می\u200cشود.', 'اجسام بر روی زمین سنگین\u200cتر می\u200cشوند.', 'اجسام بر روی زمین سبک\u200cتر می\u200cشوند.']",B,نیروی گرانش بین ماه و زمین بیشتر می‌شود و این افزایش نیرو، پدیده جزر و مد در زمین را بیشتر تحت تأثیر قرار می‌دهد.,A,0.9508301615715028,A,0.3470020890235901,False,False,False,False,[0.95083016 0.03693976 0.00181061 0.01041934],[0.6482852  0.3470021  0.00264939 0.00206335],0.8030137419700623,0.03693976,0.3470021,0.31006234,0.8033995628356934,0.6758400797843933,0.7341198921203613,0.8033995628356934,0.6758401393890381,0.7341198921203613
1314,سوالی: یک دانش‌آموز می‌خواهد از عکاسی برای مطالعه‌ی فرآیندی که در طول یک سال رخ می‌دهد استفاده کند. کدامیک از این اقدامات برای مطالعه‌ی دانش‌آموز بهترین خواهد بود؟,"['مجسمه\u200cای که تحت تأثیر باران اسیدی فرسوده می\u200cشود', 'یخچالی که در حال پیشرفت و عقب\u200cنشینی است', 'تغییر رنگ برگ\u200cهای درختان', 'افزایش عمق خاک']",C,تغییرات فصلی در رنگ برگ‌ها به وضوح قابل مشاهده است و می‌توان آن را به خوبی از طریق عکاسی ثبت کرد.,B,0.4251534044742584,C,0.8615921139717102,False,True,True,True,[0.37519655 0.4251534  0.15518804 0.04446212],[0.11660381 0.01994856 0.8615921  0.00185551],0.5821253061294556,0.15518804,0.8615921,0.70640406,0.8576366901397705,0.6786266565322876,0.7577022314071655,0.8529183864593506,0.6817209720611572,0.7577707171440125
1315,چرا آبیاری گیاهان و چمن در صبح زود روشی برای صرفه جویی در آب است؟,"['در صبح همیشه آب بیشتری وجود دارد.', 'مقدار کمتری از آب در صبح خنک تبخیر می\u200cشود.', 'آب استفاده شده در صبح می\u200cتواند برای استفاده در بعدازظهر بازیافت شود.', 'چمن تنها در صبح می\u200cتواند آب را جذب کند.']",B,آبیاری در صبح به صرفه است زیرا هوا خنک‌تر است و آب کمتر تبخیر می‌شود.,B,0.9178748726844788,B,0.982495665550232,True,True,True,True,[3.5589870e-02 9.1787487e-01 4.5698296e-02 8.3699357e-04],[1.5756981e-02 9.8249567e-01 1.3768296e-03 3.7056865e-04],0.7908068895339966,0.91787487,0.98249567,0.0646208,0.8344612121582031,0.6355475187301636,0.7215464115142822,0.8344612121582031,0.6355475187301636,0.7215464115142822
1316,کدام یک از جملات بهترین توصیف از ویژگی آب است؟,"['آب مایع شکل خود را حفظ می\u200cکند.', 'آب هنگام جوش آمدن به گاز تبدیل می\u200cشود.', 'یخ هنگام یخ زدن به مایع تبدیل می\u200cشود.', 'یخ جامد با ظرف خود شکل را تغییر می\u200cدهد.']",B,آب در هنگام جوشیدن به گاز تبدیل می‌شود که این یک ویژگی فیزیکی مهم است.,A,0.9508741497993468,B,0.9728514552116394,False,True,True,True,[0.95087415 0.03697757 0.00825081 0.00389741],[2.6282499e-02 9.7285146e-01 5.4547586e-04 3.2066871e-04],0.872980535030365,0.03697757,0.97285146,0.93587389,0.9569549560546875,0.6881731748580933,0.8006072044372559,0.9569549560546875,0.6881731748580933,0.8006072044372559
1317,گاز و نفت از رسوب‌های نفتی در عمق زمین به وجود می‌آیند. چه چیزی باعث تشکیل این رسوبات شده است؟,"['سنگ\u200cها توسط آب حل شدند.', 'ماگما رسوب کرده و سپس سرد شد.', 'بقایای گیاهان و جانوران به دام افتادند.', 'هوا، آب و Minerals با هم ترکیب شدند.']",C,بقایای جانداران و گیاهان در لایه‌های زیرین خاک و سنگ فشرده و تبدیل به رسوبات نفتی می‌شوند.,C,0.3376787900924682,C,0.9369029998779296,True,True,True,True,[0.20481254 0.29800048 0.3376788  0.15950817],[0.0470115  0.00804272 0.936903   0.00804272],0.6438444256782532,0.3376788,0.936903,0.5992242000000001,0.7944739460945129,0.6384525299072266,0.7079692482948303,0.7944739460945129,0.6384525299072266,0.7079692482948303
1318,اگرچه روش علمی بیان می دارد که نتیجه گیری ها باید بر اساس شواهد باشد، دانشمندان همیشه بر سر نتایج توافق ندارند زیرا,"['قوانین علمی غالباً تغییر می کنند.', 'تحقیقات علمی عموماً ناقص هستند.', 'دانشمندان ممکن است داده ها را به طور متفاوتی تفسیر کنند.', 'دانشمندان باور دارند که آزمایش ها باید تکرار شوند.']",C,دانشمندان ممکن است داده‌ها را به طور متفاوت تفسیر کنند زیرا تجربه و دیدگاه‌های متفاوتی دارند.,C,0.9726340770721436,C,0.96287339925766,True,True,True,False,[2.5869245e-02 1.3082362e-03 9.7263408e-01 1.8846929e-04],[3.2947715e-02 3.9350437e-03 9.6287340e-01 2.4381925e-04],0.8339680433273315,0.97263408,0.9628734,-0.0097606799999999,0.9125131368637085,0.6222530603408813,0.7399356365203857,0.9125131368637085,0.6222530603408813,0.7399356365203857
1319,کدام ویژگی بیشترین تأثیر را بر شتاب یک جسم دارد؟,"['جرم', 'سرعت', 'بافت', 'حجم']",A,شتاب یک جسم به طور معکوس با [MASK] آن رابطه دارد.,A,0.9608944058418274,A,0.9918210506439208,True,True,True,True,[0.9608944  0.02257601 0.01208407 0.00444548],[0.99182105 0.0059671  0.00117499 0.00103693],0.538431704044342,0.9608944,0.99182105,0.0309266499999999,0.9440881013870239,0.694851815700531,0.8005191087722778,0.9372010827064514,0.6794165968894958,0.7877557873725891
1320,کدام ویژگی توضیح می‌دهد که چرا چای پودر شده هنگام مخلوط شدن با آب به یک محلول تبدیل می‌شود؟,"['چای بوی خاصی دارد.', 'چای به طور یکنواخت در آب پخش می\u200cشود.', 'چای و آب به راحتی از هم جدا می\u200cشوند.', 'چای به ته ظرف می\u200cنشیند.']",B,ذرات پودر چای به طور یکنواخت در آب پخش می‌شوند و محلول همگن ایجاد می‌کنند.,B,0.993461012840271,B,0.9960958361625672,True,True,True,True,[4.1079069e-03 9.9346101e-01 1.9404377e-03 4.9061951e-04],[3.1952201e-03 9.9609584e-01 5.7287136e-04 1.3606889e-04],0.7876527309417725,0.99346101,0.99609584,0.0026348299999999,0.9315561056137085,0.7266108393669128,0.8164181113243103,0.9315561056137085,0.7266108393669128,0.8164181113243103
1321,یک ستاره انرژی را از طریق فرآیندی به نام ادغام هسته‌ای تولید می‌کند. کدام جنبه از یک ستاره باعث وقوع فرآیند ادغام می‌شود؟,"['سرعت چرخش', 'روشنایی ظاهری', 'دمای سطحی', 'ترکیب شیمیایی']",D,دمای هسته ستاره باعث وقوع فرآیند ادغام هسته‌ای می‌شود و [MASK] ستاره نشان‌دهنده دمای هسته آن است.,A,0.7737382650375366,C,0.0115519352257251,False,False,False,False,[0.77373827 0.04373667 0.06363647 0.11888859],[0.07532808 0.00257759 0.9105424  0.01155194],0.8503130078315735,0.11888859,0.01155194,-0.10733665,0.8567920327186584,0.6350736618041992,0.7294571399688721,0.8478670120239258,0.6213534474372864,0.7171491384506226
1322,یک دانش‌آموز ۲۵ گرم نمک را در ۱۰۰۰ گرم آب مخلوط کرد. جرم مخلوط آب‌نمک چقدر است؟,"['۹۷۵ گرم', '۱۰۰۰ گرم', '۱۰۲۵ گرم', '۲۵۰۰ گرم']",C,جرم مخلوط برابر است با مجموع جرم نمک و آب، که [MASK] است.,C,0.9632704257965088,C,0.8594194650650024,True,True,True,False,[0.03245028 0.00266368 0.9632704  0.0016156 ],[0.05408907 0.07869913 0.85941947 0.00779227],0.858657956123352,0.9632704,0.85941947,-0.10385093,0.8297388553619385,0.7104089260101318,0.7654510736465454,0.8546487092971802,0.733700156211853,0.7895694375038147
1323,مهم‌ترین راهی که یک ریف مصنوعی، مانند یک کشتی غرق شده یا واگن راه آهن، می‌تواند از توسعه یک اکوسیستم پیچیده حمایت کند چیست؟,"['با فراهم آوردن زیستگاه برای ماهی\u200cها و گیاهان بزرگ', 'با فراهم آوردن زیستگاه برای جلبک\u200cها و بی\u200cمهره\u200cهای کوچک', 'با فراهم آوردن زیستگاه برای پستانداران دریایی و گیاهان', 'با فراهم آوردن زیستگاه برای باکتری\u200cها و قارچ\u200cها']",B,ریف‌های مصنوعی با فراهم کردن زیستگاه برای جلبک‌ها و بی‌مهره‌های کوچک، پایه زنجیره غذایی را تشکیل می‌دهند و به توسعه اکوسیستم پیچیده‌تر کمک می‌کنند.,A,0.5039649605751038,B,0.9899904727935792,False,True,True,True,[0.50396496 0.34772536 0.00335613 0.1449535 ],[9.6865874e-03 9.8999047e-01 1.2193615e-04 2.0103870e-04],0.7875449657440186,0.34772536,0.98999047,0.64226511,0.8022448420524597,0.6283634901046753,0.70473712682724,0.8022448420524597,0.6283634901046753,0.70473712682724
1324,در یک روز گرم، جنی با یک کیسه شکلاتی از فروشگاه مواد غذایی به خانه رفت. وقتی او به خانه رسید، شکلات ها در کیسه آب شده بودند. چرا شکلات ها آب شدند؟,"['حرارت از شکلات ها به کیسه منتقل شد.', 'حرارت از کیسه به شکلات ها تبخیر شد.', 'حرارت از محیط به شکلات ها منتقل شد.', 'حرارت از دست او به شکلات ها متراکم شد.']",C,در یک روز گرم، حرارت محیط به شکلات‌ها منتقل می‌شود و باعث افزایش انرژی جنبشی مولکول‌ها و ذوب شدن آن‌ها می‌شود.,C,0.7681697010993958,C,0.950209140777588,True,True,True,True,[2.20514566e-01 1.08933365e-02 7.68169701e-01 4.22380515e-04],[4.1749276e-02 7.7228392e-03 9.5020914e-01 3.1875964e-04],0.889332115650177,0.768169701,0.95020914,0.1820394389999999,0.9024707674980164,0.7600696086883545,0.8251716494560242,0.9024707674980164,0.7600696086883545,0.8251716494560242
1325,کدام یک از بیانات توضیح می‌دهد که چرا بیشتر ماهی‌های سالمون آب نمک را ترک کرده و به آب شیرین برمی‌گردند؟,"['این یک رفتار یادگرفته شده است که جمعیت را حفظ می\u200cکند.', 'این یک رفتار یادگرفته شده است که غلظت\u200cهای نمک را حفظ می\u200cکند.', 'این یک رفتار وراثتی است که جمعیت را حفظ می\u200cکند.', 'این یک رفتار وراثتی است که غلظت\u200cهای نمک را حفظ می\u200cکند.']",C,این رفتار به صورت وراثتی تعیین شده و به حفظ جمعیت کمک می‌کند.,B,0.9493001103401184,B,0.0255874376744031,False,False,False,False,[3.2642260e-02 9.4930011e-01 8.5640041e-04 1.7201263e-02],[0.27509087 0.5846467  0.02558744 0.11467493],0.5317002534866333,0.00085640041,0.02558744,0.02473103959,0.9186162352561951,0.5971137881278992,0.7237679958343506,0.9186161756515503,0.5971137285232544,0.723767876625061
1326,کدام یک از موارد زیر بهترین روش برای تعیین نسبت فامیلی دو نفر است؟,"['انواع خون آن\u200cها را مقایسه کنید.', 'قلم\u200cنویس آن\u200cها را مقایسه کنید.', 'ژن\u200cهای آن\u200cها را مقایسه کنید.', 'اثر انگشت آن\u200cها را مقایسه کنید.']",C,مقایسه ژن‌ها بهترین روش برای تعیین نسبت فامیلی است زیرا اطلاعات دقیقی درباره شباهت‌های ژنتیکی ارائه می‌دهد.,C,0.6838406920433044,C,0.9901114106178284,True,True,True,True,[0.25157094 0.03827942 0.6838407  0.02630904],[8.4994799e-03 9.2427561e-04 9.9011141e-01 4.6475494e-04],0.913890779018402,0.6838407,0.99011141,0.30627071,0.874487042427063,0.6085668802261353,0.7176864147186279,0.874487042427063,0.6085668802261353,0.7176864147186279
1327,چیزی که به یک چوب هنگام سوختن اتفاق می‌افتد چیست؟,"['کاملاً نابود می\u200cشود.', 'کاملاً به انرژی حرارتی تبدیل می\u200cشود.', 'به دیگر انواع ماده و انرژی تغییر می\u200cکند.', 'به صورت فیزیکی به فاز گازی تغییر می\u200cکند.']",C,هنگامی که چوب می‌سوزد، به مواد و انرژی‌های مختلف تبدیل می‌شود.,B,0.6527361273765564,C,0.948000192642212,False,True,True,True,[0.06879788 0.6527361  0.16503754 0.11342853],[2.8851651e-02 2.2469688e-02 9.4800019e-01 6.7852577e-04],0.8694856762886047,0.16503754,0.94800019,0.78296265,0.9200825691223145,0.6360893249511719,0.7521723508834839,0.9181751012802124,0.6376587748527527,0.75262850522995
1328,دو دوچرخه سوار با سرعت ۲۰ کیلومتر در ساعت (km/h) در حال رکاب زدن بودند. طی نیم ساعت آینده، آنها مشاهده کردند که سرعت خود را به ۲۶ کیلومتر در ساعت افزایش داده‌اند. شتاب متوسط آنها چه مقدار بود؟,"['۰.۲ کیلومتر در ساعت^۲', '۳.۰ کیلومتر در ساعت^۲', '۶.۰ کیلومتر در ساعت^۲', '۱۲.۰ کیلومتر در ساعت^۲']",D,تغییر سرعت ۶ کیلومتر در ساعت طی ۰.۵ ساعت است، بنابراین شتاب متوسط ۶ تقسیم بر ۰.۵ برابر ۱۲ است که به ۳ کیلومتر در ساعت^۲ تبدیل می‌شود.,A,0.4482780694961548,D,0.6169471144676208,False,True,True,True,[0.44827807 0.23994596 0.21175157 0.10002436],[0.00764581 0.37419733 0.00120974 0.6169471 ],0.7989745140075684,0.10002436,0.6169471,0.5169227399999999,0.6729708909988403,0.5916017293930054,0.6296684741973877,0.6729708909988403,0.5916017293930054,0.6296684741973877
1329,برقکاران در حین کار با مدارها، چکمه‌ها و دستکش‌های لاستیکی می‌پوشند. دلیل اصلی این کار این است که,"['لاستیک به عنوان یک فرستنده استفاده می\u200cشود.', 'لاستیک به زمین\u200cسازی کمک می\u200cکند.', 'لاستیک یک عایق است.', 'لاستیک یک هادی است.']",C,لاستیک پوشیده می‌شود تا از شوک الکتریکی جلوگیری شود زیرا لاستیک مانع از عبور جریان الکتریکی می‌شود.,C,0.449215829372406,C,0.9734024405479432,True,True,True,True,[0.24044792 0.30874124 0.44921583 0.00159501],[1.4048510e-02 1.2397767e-02 9.7340244e-01 1.5126324e-04],0.8201847672462463,0.44921583,0.97340244,0.52418661,0.8118091225624084,0.5397758483886719,0.6484164595603943,0.8100616335868835,0.538534939289093,0.6469636559486389
1330,بن می‌خواهد بداند آیا میزان هوا در یک توپ بسکتبال بر ارتفاع پرش توپ تأثیر می‌گذارد یا نه. او سه توپ بسکتبال را با هوا پر می‌کند و هر کدام را سه بار رها می‌کند. کدام قسمت از آزمایش را باید بن برای هر توپ یکسان نگه دارد؟,"['میزان هوا در هر توپ', 'فاصله\u200cای که هر توپ رها می\u200cشود', 'زمانی که طول می\u200cکشد تا هر توپ را رها کند', 'تعداد دفعاتی که توپ پرش می\u200cکند']",B,برای مقایسه نتایج پرش توپ‌ها، باید فاصله رها کردن توپ‌ها یکسان باشد تا تأثیر متغیرهای دیگر بر نتایج بررسی شود.,B,0.8410690426826477,B,0.996102213859558,True,True,True,True,[0.06958064 0.84106904 0.07884519 0.0105051 ],[2.4498757e-03 9.9610221e-01 9.0125896e-04 5.4664124e-04],0.6513919234275818,0.84106904,0.99610221,0.1550331699999999,0.8157138228416443,0.5562353134155273,0.6614367961883545,0.8157138228416443,0.5562353134155273,0.6614367961883545
1331,کدام روش باید برای تعیین نوع ذرت بو داده که بیشترین تعداد دانه‌های پف کرده را تولید می‌کند، استفاده شود؟,"['مقالات پژوهشی درباره روش\u200cهای مختلف گرم کردن ذرت بو داده به منظور پف کردن آن.', 'طراحی یک آزمایش که انواع مختلف ذرت بو داده را با استفاده از آزمایش\u200cهای تکراری آزمایش کند.', 'حرارت دادن دانه\u200cهای برخی انواع بر روی اجاق برقی و حرارت دادن انواع دیگر بر روی اجاق گاز.', 'ساخت یک معادله ریاضی که اندازه و جرم دانه\u200cها از هر نوع را مقایسه کند.']",B,یک آزمایش کنترل‌شده با تکرار برای مقایسه انواع ذرت و تعیین کدام یک بیشترین دانه‌های پف کرده را تولید می‌کند، طراحی شود.,C,0.6145227551460266,B,0.9819229245185852,False,True,True,True,[0.19950633 0.15537569 0.61452276 0.03059529],[1.5995786e-02 9.8192292e-01 8.4774563e-04 1.2334626e-03],0.8869845271110535,0.15537569,0.98192292,0.8265472300000001,0.8007792234420776,0.6117852330207825,0.6936389803886414,0.8021314144134521,0.6116724610328674,0.6940732002258301
1332,یک کارگر ساختمانی با چکش فشاری به دیوار فولادی محکمی ضربه زد، اما دیوار حرکت نکرد. بخشی از نیرویی که کارگر وارد کرد:,"['توسط دیوار فولادی نابود شد.', 'به گرما تبدیل شد.', 'به جو ناپدید شد.', 'توسط سطح سخت متوقف شد.']",B,نیروی وارد شده به دلیل مقاومت دیوار در برابر تغییر شکل، به گرما تبدیل می‌شود.,A,0.3870224952697754,B,0.9958555102348328,False,True,True,True,[0.3870225  0.26599643 0.00543499 0.34154615],[4.0381621e-03 9.9585551e-01 2.9883155e-05 7.6309312e-05],0.7421098351478577,0.26599643,0.99585551,0.72985908,0.8718030452728271,0.6973550319671631,0.7748820781707764,0.8718030452728271,0.6973550319671631,0.7748820781707764
1333,کدام فعالیت به حفاظت از زیستگاه‌های طبیعی حیوانات کمک می‌کند؟,"['ساختن یک مجتمع آپارتمانی', 'اجازه دادن به ماهیگیری در رودخانه\u200cهای بیشتر', 'ایجاد یک باغ وحش برای گونه\u200cهای در خطر انقراض', 'محدود کردن ساخت و ساز در مناطق جنگلی']",D,[MASK] از تخریب زیستگاه‌های طبیعی جلوگیری کرده و امکان حفظ تنوع زیستی را فراهم می‌آورد.,C,0.6810999512672424,C,0.369232714176178,False,False,False,False,[0.02072875 0.01424665 0.68109995 0.2839247 ],[0.08238696 0.01114986 0.53723043 0.3692327 ],0.783096432685852,0.2839247,0.3692327,0.085308,0.9114715456962585,0.6474117040634155,0.7570770978927612,0.9106793403625488,0.6397570371627808,0.7515478134155273
1334,دو روش که یخ می‌تواند سطح زمین را تغییر دهد چیست؟,"['ترکاندن یک سنگ و ایجاد یک دره U شکل', 'ایجاد یک تپه و ایجاد یک دره U شکل', 'ایجاد یک تپه و ایجاد یک دره V شکل', 'ترکاندن یک سنگ و ایجاد یک دره V شکل']",A,یخ می‌تواند با ترکاندن سنگ‌ها به دلیل انبساط در شکاف‌ها و ایجاد دره‌های U شکل از طریق فرسایش، سطح زمین را تغییر دهد.,A,0.8328580856323242,A,0.9848217368125916,True,True,True,True,[0.8328581  0.07761932 0.01190331 0.07761932],[0.98482174 0.01251873 0.00149515 0.00116442],0.8285297155380249,0.8328581,0.98482174,0.1519636399999999,0.8823572993278503,0.7132358551025391,0.7888336777687073,0.8823572993278503,0.7132358551025391,0.7888336777687073
1335,کدامیک منبع تجدیدپذیر است؟,"['الف) نفت', 'ب) زغال\u200cسنگ', 'ج) درختان', 'د) آلومینیوم']",C,منابعی که می‌توانند دوباره تولید شوند، تجدیدپذیر هستند. درختان نمونه‌ای از این منابع هستند.,C,0.9251786470413208,C,0.9909845590591432,True,True,True,True,[0.04064951 0.0062338  0.92517865 0.02793797],[5.2002096e-03 6.6113251e-04 9.9098456e-01 3.1540866e-03],0.9005513787269592,0.92517865,0.99098456,0.06580591,0.859828770160675,0.672870397567749,0.7549470067024231,0.859828770160675,0.672870397567749,0.7549470067024231
1336,جرى یک توپ را به هوا پرتاب کرد. این توپ مسیری منحنی را دنبال کرد و به زودی به زمین افتاد زیرا,"['فشار هوای توپ را متوقف کرد.', 'جاذبه جهت توپ را تغییر داد.', 'توپ به اندازه کافی محکم پرتاب نشده بود.', 'توپ به طور مستقیم به بالا پرتاب نشده بود.']",B,نیروی جاذبه زمین مسیر توپ را به سمت پایین تغییر داد و آن را به زمین کشاند.,B,0.9467675685882568,B,0.9942512512207032,True,True,True,True,[0.0219635  0.94676757 0.0286458  0.00262317],[5.1565673e-03 9.9425125e-01 3.5090884e-04 2.4117588e-04],0.8340243697166443,0.94676757,0.99425125,0.04748368,0.9079024195671082,0.6822208166122437,0.7790464758872986,0.9079024195671082,0.6822208166122437,0.7790464758872986
1337,کدام تحقیق بهترین آزمایش را برای بررسی اثرات جاذبه بر روی اجسام متحرک انجام می‌دهد؟,"['مدادهایی که از ارتفاع یکسان می\u200cافتند', 'بادکنک\u200cهایی که از ارتفاع یکسان بالا می\u200cروند', 'دوچرخه\u200cای که بر روی سطح صاف سرعت می\u200cگیرد', 'توپ\u200cای که بر روی سطح صاف کند می\u200cشود']",A,آزمایش با اجسام در حال سقوط آزاد، زمان و نحوه سقوط آنها را اندازه‌گیری می‌کند و اثرات جاذبه را بر حرکت اجسام نشان می‌دهد.,A,0.7211184501647949,A,0.9929313659667968,True,True,True,True,[0.72111845 0.2642504  0.00430471 0.01032646],[9.9293137e-01 4.6523865e-03 8.0846355e-04 1.6078218e-03],0.7889961004257202,0.72111845,0.99293137,0.27181292,0.7648050785064697,0.6410543918609619,0.6974831223487854,0.7632147073745728,0.6444628238677979,0.6988298296928406
1338,افراد غالباً از مخلوطی از نمک و آب برای تمیز کردن لنزهای چشمی استفاده می‌کنند. کدام عبارت بهترین توصیف کننده این مخلوط است؟,"['نمک حلال است و آب محلول است.', 'نمک محلول است و آب حلال است.', 'نمک حلال است و آب محلول است.', 'نمک محلول است و آب حلال است.']",B,نمک در آب حل می‌شود و آب ماده حل‌کننده است.,A,0.410729169845581,C,0.031029975041747,False,False,False,False,[0.41072917 0.05558615 0.17121738 0.36246723],[0.08434822 0.03102998 0.8002736  0.08434822],0.7079879641532898,0.05558615,0.03102998,-0.02455617,0.8301626443862915,0.6413450241088867,0.723639726638794,0.8272896409034729,0.646428644657135,0.7257611155509949
1339,رشته کوه‌های زیر: آلپ، آپالاش و هیمالیا از چه چیزی تشکیل شده‌اند؟,"['سنگ\u200cهای تا شده.', 'زلزله\u200cها.', 'تکتونیک صفحات.', 'رسوبگذاری یخچال.']",A,این رشته کوه‌ها در نتیجه فشار و تغییر شکل سنگ‌ها، به صورت سنگ‌های تا شده و چین‌خورده تشکیل شده‌اند.,C,0.8480652570724487,A,0.9743927717208862,False,True,True,True,[0.1292952  0.01202633 0.84806526 0.0106132 ],[9.743928e-01 4.565524e-03 2.046126e-02 5.804412e-04],0.7245839238166809,0.1292952,0.9743928,0.8450975999999999,0.935977578163147,0.7598469257354736,0.8387656807899475,0.935977578163147,0.7598469257354736,0.8387656807899475
1340,یک دانش‌آموز می‌خواهد بداند که شکل‌گیری کپک بر روی نان چقدر طول می‌کشد. پس از آماده‌سازی نان برای تحقیق، دانش‌آموز باید در مرحله بعد چه کاری انجام دهد؟,"['هر روز نان را بررسی کند.', 'دمای نان را ثبت کند.', 'وزن نان را اندازه\u200cگیری کند.', 'مقدار متفاوتی نور به نان بدهد.']",A,دانش‌آموز باید تغییرات نان را در طول زمان مشاهده کند تا زمان شکل‌گیری کپک را تعیین کند.,B,0.9663968682289124,B,0.0045709051191806,False,False,False,False,[0.00734976 0.96639687 0.01069385 0.01555945],[4.5709051e-03 9.9478215e-01 3.6365900e-04 2.8321790e-04],0.905244529247284,0.00734976,0.0045709051,-0.0027788549,0.9295786619186401,0.7334280610084534,0.8199354410171509,0.9295786619186401,0.7334280610084534,0.8199354410171509
1341,منبع اصلی انرژی برای تمامی موجودات در اکثر زنجیره های غذایی چیست؟,"['نور خورشید', 'آب', 'گیاهان سبز', 'تجزیه\u200cکنندگان']",A,انرژی خورشید از طریق فتوسنتز در گیاهان جذب و به سایر موجودات منتقل می‌شود.,A,0.975297510623932,A,0.9233341217041016,True,True,True,False,[9.7529751e-01 1.1458658e-03 2.3015331e-02 5.4126867e-04],[9.2333412e-01 7.5326592e-04 7.5643994e-02 2.6858525e-04],0.7650574445724487,0.97529751,0.92333412,-0.0519633899999999,0.88323974609375,0.6951449513435364,0.7779847979545593,0.8670569658279419,0.6887390613555908,0.7676790356636047
1342,"دانش‌آموزان مشاهده کردند که یک پرنده هر چند دقیقه به یک درختچه بزرگ رفت و برگشت می‌کند. دانش‌آموزان به معلم خود گفتند: ""پرنده دارای لانه‌ای در آن درختچه است."" این بیان نمونه‌ای از چیست؟","['A) یک استنتاج انجام شده از مشاهدات.', 'B) یک مشاهده انجام شده از پیش\u200cبینی\u200cها.', 'C) یک پیش\u200cبینی انجام شده از نمونه\u200cهای داده.', 'D) یک فرضیه ارائه شده از استنتاج.']",A,نتیجه‌گیری دانش‌آموزان از مشاهده رفتار پرنده، یک استنتاج از مشاهدات است.,A,0.9795814156532288,A,0.9998772144317628,True,True,True,True,[0.9795814  0.0097072  0.00755997 0.00315147],[9.9987721e-01 7.5282456e-05 2.2959852e-05 2.4440636e-05],0.8091832995414734,0.9795814,0.99987721,0.0202958099999999,0.8099633455276489,0.5383890867233276,0.6468270421028137,0.8099633455276489,0.5383890867233276,0.6468270421028137
1343,در سال 2003، نیروگاه‌های مریلند 56% از برق مورد استفاده در ایالت را با سوزاندن زغال‌سنگ و 5% برق را با استفاده از نیروی هیدرولیکی تولید کردند. کدام یک از جملات زیر بهترین توصیف را از زغال‌سنگ و آب به عنوان منابع ارائه می‌دهد؟,"['هر دو تجدیدپذیر هستند.', 'هر دو تجدیدناپذیر هستند.', 'زغال\u200cسنگ تجدیدناپذیر است؛ آب تجدیدپذیر است.', 'زغال\u200cسنگ تجدیدپذیر است؛ آب تجدیدناپذیر است.']",C,زغال‌سنگ یک منبع انرژی فسیلی تجدیدناپذیر است و آب به طور مداوم توسط چرخه‌های طبیعی تجدید می‌شود.,C,0.6083153486251831,C,0.5186353921890259,True,True,True,False,[0.15440819 0.0143622  0.60831535 0.22291425],[0.05466377 0.02278725 0.5186354  0.40391365],0.8744345307350159,0.60831535,0.5186354,-0.08967995,0.8912134170532227,0.6713451147079468,0.7658103704452515,0.8912134170532227,0.6713451147079468,0.7658103704452515
1344,کدام عبارت بهترین توصیف را از اینکه اینترنت چگونه به بهبود زندگی بسیاری از افراد کمک کرده ارائه می‌دهد؟,"['الف) اینترنت نیاز به کتابخانه را از بین برده است.', 'ب) مردم قادرند از مکان\u200cهای مختلف به اطلاعات دسترسی پیدا کنند.', 'ج) مردم اکنون می\u200cتوانند کار خود را از خانه انجام دهند.', 'د) اینترنت به دانش\u200cآموزان اجازه می\u200cدهد تا بیشتر بر روی تکالیف درس تمرکز کنند.']",B,اینترنت دسترسی به اطلاعات را از هر مکانی ممکن ساخته و به افراد اجازه می‌دهد به راحتی به اطلاعات مورد نیاز خود دسترسی پیدا کنند.,B,0.9244354963302612,B,0.9891190528869628,True,True,True,True,[0.02444366 0.9244355  0.04566677 0.00545412],[7.4640336e-03 9.8911905e-01 2.5795009e-03 8.3744130e-04],0.8865459561347961,0.9244355,0.98911905,0.06468355,0.847512423992157,0.6741622686386108,0.7509632706642151,0.847512423992157,0.6741622686386108,0.7509632706642151
1345,هنگامی که دماهای سرد در یک واکنش شیمیایی تولید می‌شوند، آن واکنش به عنوان,"['بیرونی گرمازا.', 'درونی گرمازا.', 'تعلیق.', 'بخار شدن.']",B,واکنش شیمیایی که گرما به محیط می‌دهد و انرژی آزاد می‌کند، واکنش بیرونی گرمازا است.,A,0.7655007839202881,A,0.000920217949897,False,False,False,False,[0.7655008  0.15073605 0.00307992 0.08068319],[9.9884677e-01 9.2021795e-04 7.7933859e-05 1.5498999e-04],0.8811756372451782,0.15073605,0.00092021795,-0.14981583205,0.7527018189430237,0.5970815420150757,0.6659206748008728,0.7527018189430237,0.5970815420150757,0.6659206748008728
1346,یک اتاق لباسشویی کوچک چندین قفسه بالای ماشین لباسشویی دارد. این قفسه‌ها نمونه‌ای از چیست؟,"['محکم\u200cتر کردن دیوار.', 'استفاده کارآمد از فضای ذخیره\u200cسازی.', 'استفاده از یک ماشین برای چندین هدف.', 'حل نیاز به پناهگاه به شیوه\u200cای خلاقانه.']",B,استفاده از فضای عمودی برای ذخیره‌سازی، نمونه‌ای از استفاده کارآمد از فضا است.,B,0.9844605326652528,B,0.9983142614364624,True,True,True,True,[1.2272097e-02 9.8446053e-01 1.6444620e-04 3.1028723e-03],[1.5185970e-03 9.9831426e-01 1.6870088e-05 1.5036146e-04],0.668653666973114,0.98446053,0.99831426,0.01385373,0.8252363801002502,0.5841114521026611,0.6840469837188721,0.8252363801002502,0.5841114521026611,0.6840469837188721
1347,در یک منطقه جنگلی، شیرهای کوهی و گرگ‌ها به جمعیت گوزن‌ها حمله می‌کنند و آنها را به مرز ناپدید شدن می‌رسانند. برای حفاظت از جمعیت گوزن‌ها، بیشتر شیرهای کوهی و گرگ‌های این منطقه از طریق شکار از بین رفتند. در نتیجه، شکار بیش از حد اتفاق افتاد و جمعیت گوزن‌ها به سرعت افزایش یافت. پس از چند سال، در غیاب شکارچیان، چه اتفاقی احتمالاً برای جمعیت گوزن‌ها خواهد افتاد؟,"['به ثبات خواهد رسید زیرا نرخ تولد برابر با نرخ مرگ و میر است.', 'از سالی به سال دیگر به طور پیوسته به افزایش ادامه خواهد داد.', 'با ورود سایر نشخوارکنندگان به منطقه افزایش خواهد یافت.', 'به دلیل ازدحام جمعیت، کاهش خواهد یافت که سبب کمبود غذا می\u200cشود.']",D,افزایش جمعیت گوزن‌ها منجر به کمبود غذا می‌شود و رقابت برای منابع افزایش می‌یابد، که در نهایت سبب کاهش جمعیت می‌شود.,A,0.9771468043327332,D,0.8854169249534607,False,True,True,True,[0.9771468  0.01413012 0.00115987 0.00756331],[0.10574798 0.00766036 0.00117475 0.8854169 ],0.929100751876831,0.00756331,0.8854169,0.87785359,0.7603139877319336,0.6450979709625244,0.6979832649230957,0.7603139281272888,0.6450979709625244,0.6979832053184509
1348,اتانول نوعی از الکل است که از گیاهان تهیه می‌شود. نیشکر و ذرت، که هر دو در غذاهایی مانند غلات و نان استفاده می‌شوند، برای تهیه اتانول مورد استفاده قرار می‌گیرند. سوزاندن اتانول منبع انرژی پاکی را تأمین می‌کند زیرا محصولات جانبی اتانول آب و دی‌اکسید کربن هستند. بنابراین، مخلوط کردن اتانول با بنزین محصولات زباله مضر را کاهش می‌دهد. در دهه 1970 بسیاری از برزیلی‌ها با خودروهایی که از مخلوط بنزین و اتانول استفاده می‌کردند، رانندگی می‌کردند. این سوخت جایگزین تأمین محدود بنزینی را که در آن زمان در دسترس بود، حفظ می‌کرد. در دهه 1990، بنزین ارزان‌تر از اتانول شد و برزیلی‌ها دوباره به رانندگی با خودروهای دارای سوخت بنزین روی آوردند. اخیراً، برزیلی‌ها شروع به رانندگی با خودروهای بیشتری کردند که از مخلوط اتانول و بنزین استفاده می‌کنند. کدام گروه بیشتر بهره‌مند خواهد شد اگر رانندگان در ایالات متحده خودروهای خود را با مخلوط اتانول و بنزین سوخت‌گیری کنند؟,"['کشاورزان محصول', 'شرکت\u200cهای نفتی', 'فروشگاه\u200cهای مواد غذایی', 'تولیدکنندگان خودرو']",A,افزایش تقاضا برای اتانول، تقاضا برای محصولات کشاورزی مانند ذرت و نیشکر را بالا می‌برد و به سود کشاورزان خواهد بود.,B,0.5229421854019165,A,0.99664044380188,False,True,True,True,[0.19162966 0.5229422  0.00660864 0.2788195 ],[9.9664044e-01 1.3120326e-03 9.5990358e-04 1.0877133e-03],0.8112245798110962,0.19162966,0.99664044,0.8050107799999999,0.7417392730712891,0.5822278261184692,0.6523746252059937,0.7417392730712891,0.5822278261184692,0.6523746252059937
1349,برخی از باکتری‌ها از آهن موجود در سیستم‌های خود به عنوان راهی برای هدایت حرکت خود استفاده می‌کنند. کدام محرک احتمالاً این مکانیزم حرکتی را تحریک می‌کند؟,"['مغناطیس', 'اکسیژن', 'نور', 'حرارت']",A,این باکتری‌ها از آهن برای هدایت حرکت استفاده می‌کنند و به میدان‌های [MASK]ی واکنش نشان می‌دهند.,A,0.4808838963508606,A,0.9005639553070068,True,True,True,True,[0.4808839  0.2573986  0.03456402 0.22715347],[0.90056396 0.08442248 0.00611554 0.00889806],0.8488316535949707,0.4808839,0.90056396,0.4196800600000001,0.8543379306793213,0.6534098386764526,0.7404856085777283,0.8322396278381348,0.6294136643409729,0.716754138469696
1350,در ترکیب Mg(OH)2 چند عنصر وجود دارد؟,"['الف) ۲', 'ب) ۳', 'پ) ۴', 'ت) ۵']",B,ترکیب از سه عنصر مختلف تشکیل شده است.,C,0.3454901576042175,B,0.8969767093658447,False,True,True,True,[0.23745169 0.304894   0.34549016 0.11216423],[0.03941041 0.8969767  0.03477956 0.02883327],0.6116889715194702,0.304894,0.8969767,0.5920827,0.7933894395828247,0.4987107813358307,0.6124476790428162,0.7933894395828247,0.4987107813358307,0.6124476790428162
1351,یک حیوان جوان اقیانوسی دو والد دارد. هر کدام از والدین هشت بازو دارند. احتمالاً این حیوان جوان چند بازو دارد؟,"['2', '4', '8', '16']",C,احتمالاً حیوان جوان نیز مانند والدینش هشت بازو دارد.,B,0.8366405367851257,C,0.9883760213851928,False,True,True,True,[0.0083313  0.83664054 0.14767583 0.00735235],[1.6320113e-03 9.3915770e-03 9.8837602e-01 6.0038338e-04],0.7938003540039062,0.14767583,0.98837602,0.84070019,0.8407482504844666,0.5642243027687073,0.6752738356590271,0.8407482504844666,0.564224362373352,0.6752738952636719
1352,انرژی چگونه تغییر می‌کند زمانی که یک فرد شروع به دویدن می‌کند؟,"['حرکت به انرژی ذخیره شده تغییر می\u200cکند.', 'انرژی ذخیره شده به حرکت و حرارت تغییر می\u200cکند.', 'حرارت به حرکت و انرژی ذخیره شده تغییر می\u200cکند.', 'حرکت به انرژی شیمیایی تغییر می\u200cکند.']",B,انرژی ذخیره شده به انرژی حرکتی و حرارتی تبدیل می‌شود.,B,0.98457932472229,B,0.990845024585724,True,True,True,True,[1.3982687e-02 9.8457932e-01 1.1477688e-03 2.9020139e-04],[6.7023914e-03 9.9084502e-01 2.1759481e-03 2.7664073e-04],0.7894894480705261,0.98457932,0.99084502,0.0062656999999999,0.8305558562278748,0.5259316563606262,0.6440392732620239,0.8305558562278748,0.5259316563606262,0.6440392732620239
1353,زمانی که در آزمایشگاه یک ریختگی تصادفی رخ می‌دهد، مهم‌ترین نکته این است که بدانیم,"['عینک\u200cهای ایمنی کجا نگهداری می\u200cشوند.', 'چه شماره\u200cای برای کنترل سموم باید تماس گرفته شود.', 'کپسول آتش\u200cنشانی کجا قرار دارد.', 'کدام مواد برای تمیز کردن ایمن هستند.']",D,در صورت وقوع ریختگی تصادفی، تماس با مراکز کنترل سموم برای دریافت راهنمایی‌های فوری جهت مدیریت شرایط ضروری است.,D,0.3745870292186737,B,0.0001347580691799,True,False,False,False,[0.10648581 0.29172868 0.22719853 0.37458703],[3.5857789e-03 9.9618089e-01 9.8591103e-05 1.3475807e-04],0.8248847723007202,0.37458703,0.00013475807,-0.3744522719299999,0.8869485855102539,0.6859519481658936,0.7736078500747681,0.8869485855102539,0.6859520077705383,0.7736079096794128
1354,بازیافت کاغذ تعداد درختانی را که برای تولید کاغذ قطع می‌شوند کاهش می‌دهد. این کاهش چگونه احتمالاً به محیط زیست سود می‌رساند؟,"['آلودگی هوا را از بین می\u200cبرد', 'انرژی غیرقابل تجدید را صرفه\u200cجویی می\u200cکند', 'مقدار اکسیژن در هوا را کاهش می\u200cدهد', 'حیوانات را از نابودی زیستگاه\u200cهایشان حفظ می\u200cکند']",D,حفظ درختان به حفظ زیستگاه‌های طبیعی حیوانات کمک می‌کند و از نابودی آنها جلوگیری می‌کند.,A,0.520908772945404,D,0.7211114764213562,False,True,True,True,[0.5209088  0.45970038 0.00353738 0.01585346],[2.6528209e-01 1.3207618e-02 3.9883549e-04 7.2111148e-01],0.8101516962051392,0.01585346,0.72111148,0.70525802,0.7829943895339966,0.6162444353103638,0.6896834373474121,0.7829943299293518,0.6162444353103638,0.6896834373474121
1355,دانش‌آموزان یک نمونه سنگ دارند که ممکن است حاوی کانی هماتیت باشد. آن‌ها می‌دانند که هماتیت دارای رگه‌ای قرمز یا زنگ‌زده است. چگونه می‌توانند رنگ رگه را در نمونه سنگ تعیین کنند؟,"['استفاده از یک سنگ با کانی شناخته شده برای ضربه زدن به نمونه', 'مالیدن نمونه بر روی یک تکه کاشی خاکی بدون لعاب', 'استفاده از سوهان برای شکستن یک تکه از نمونه', 'خراشیدن نمونه با یک میخ آهنی']",B,با مالیدن نمونه بر روی کاشی خاکی بدون لعاب، رنگ رگه مشخص می‌شود.,A,0.4339479506015777,B,0.9963191747665404,False,True,True,True,[0.43394795 0.26320273 0.12336064 0.17948867],[3.5444954e-03 9.9631917e-01 8.0793863e-05 5.5528759e-05],0.6518338322639465,0.26320273,0.99631917,0.7331164400000001,0.5572524666786194,0.4951109290122986,0.5243470072746277,0.55045086145401,0.48766422271728516,0.5171588659286499
1356,آب، یخ و بخار همگی دماهای متفاوتی دارند. ترتیب آنها از سردترین به گرمترین چگونه است؟,"['یخ، آب، بخار', 'یخ، بخار، آب', 'بخار، یخ، آب', 'بخار، آب، یخ']",A,یخ در صفر درجه یا پایین‌تر، آب بین صفر تا صد درجه، و بخار در صد درجه یا بالاتر وجود دارد.,A,0.9045061469078064,A,0.9964630007743835,True,True,True,True,[0.90450615 0.07410152 0.01002855 0.01136384],[9.9646300e-01 2.7716598e-03 1.4689259e-04 6.1844091e-04],0.7571020722389221,0.90450615,0.996463,0.0919568499999999,0.875922441482544,0.7248266935348511,0.7932435870170593,0.8747061491012573,0.7259156703948975,0.7933952808380127
1357,هنگام مشاهده در طبیعت، بهترین راه برای دانش‌آموزان برای نشان دادن احترام به محیط زیست چیست؟,"['روی مسیرها بمانند.', 'نمونه\u200cهایی برداشت نکنند.', 'عکس بگیرند.', 'منطقه را دقیقاً همانطور که پیدا کردند، ترک کنند.']",D,دانش‌آموزان باید محیط را بدون تغییر و آسیبی ترک کنند تا امکانات طبیعی برای دیگران نیز حفظ شود.,B,0.574437141418457,D,0.5890257358551025,False,True,True,True,[0.2121507  0.57443714 0.00126149 0.2121507 ],[0.1314294  0.27823606 0.00130878 0.58902574],0.7657237648963928,0.2121507,0.58902574,0.3768750399999999,0.7777113914489746,0.5998882055282593,0.6773229241371155,0.7777114510536194,0.5998882055282593,0.6773229241371155
1358,پروانه آبی میامی یک گونه در حال انقراض در جنوب فلوریدا است. کدام عامل احتمالاً باعث کاهش جمعیت این پروانه شده است؟,"['افزایش تعداد پارک\u200cها', 'کاهش میزان آب دریا', 'افزایش تعداد خانه\u200cهای ساخته شده', 'کاهش تعداد شکارچیان']",C,توسعه مناطق مسکونی سبب از بین رفتن زیستگاه و کاهش منابع غذایی پروانه‌ها می‌شود.,B,0.8277146816253662,C,0.8197052478790283,False,True,True,True,[0.00725971 0.8277147  0.16266866 0.00235688],[0.0191276  0.16015343 0.81970525 0.00101373],0.7490203976631165,0.16266866,0.81970525,0.65703659,0.8449270725250244,0.6286999583244324,0.7209498286247253,0.8449270725250244,0.6286999583244324,0.7209498286247253
1359,دانش‌آموز برای اینکه بتواند یک آزمایش را تکرار کند، باید کدام مرحله را انجام دهد؟,"['آزمایش را چندین بار انجام دهد', 'سوابق تمام روندها را نگه\u200cداری کند', 'مدلی از تجهیزات آزمایش بسازد', 'برخی از شرایط آزمایش را تغییر دهد']",B,نگه‌داری سوابق روندها امکان بازسازی دقیق آزمایش را فراهم می‌کند.,B,0.5227659940719604,B,0.9872447848320008,True,True,True,True,[0.408724   0.522766   0.00583014 0.06267986],[1.2379127e-02 9.8724478e-01 1.8218398e-04 1.9393384e-04],0.650716245174408,0.522766,0.98724478,0.4644787800000001,0.6905179023742676,0.48800384998321533,0.5718611478805542,0.6905179023742676,0.48800384998321533,0.5718611478805542
1360,کدام یک از این موارد برای تولید انرژی زمین‌گرمایی ضروری‌تر است؟,"['سنگ داغ', 'سوخت فسیلی', 'پوسته ضخیم', 'اقلیم گرم']",A,وجود سنگ‌های داغ زیرزمینی برای گرمایش آب‌های زیرزمینی و تولید بخار داغ جهت تولید انرژی زمین‌گرمایی ضروری است.,B,0.6736950874328613,A,0.5576669573783875,False,True,True,True,[0.28193706 0.6736951  0.00146796 0.04289998],[0.55766696 0.43431148 0.0018747  0.00614691],0.8419841527938843,0.28193706,0.55766696,0.2757299,0.7474110126495361,0.6054037809371948,0.6689540147781372,0.7405976057052612,0.6033247113227844,0.6649503707885742
1361,سوالی: یک دانش آموز یک لیتر پر و یک لیتر میخ آهنی دارد. کدام بیانیه بهترین مقایسه را بین جرم دو نمونه انجام می‌دهد؟,"['الف) جرائم را نمی\u200cتوان بدون تراز مقایسه کرد.', 'ب) جرم پرها کمتر از جرم میخ\u200cها است.', 'ج) جرم پرها با جرم میخ\u200cها یکسان است.', 'د) جرم پرها بیشتر از جرم میخ\u200cها است.']",B,با حجم یکسان، جرم پرها و میخ‌ها برابر است.,A,0.6211697459220886,C,0.000237933898461,False,False,False,False,[0.62116975 0.22851558 0.01279164 0.1375231 ],[1.3828581e-02 2.3793390e-04 9.8472518e-01 1.2083279e-03],0.8422183990478516,0.22851558,0.0002379339,-0.2282776461,0.7361011505126953,0.5588747262954712,0.635360598564148,0.7361011505126953,0.5588747262954712,0.635360598564148
1362,"دانشجویی توصیف زیر از یک منطقه را می‌خواند: ""این منطقه تابستان‌های گرمی، زمستان‌های معتدل و بارش‌های مکرر دارد."" این توصیف بهترین اطلاعات را در مورد چه چیزی ارائه می‌دهد؟","['وضعیت آب و هوای کنونی', 'پیش\u200cبینی آب و هوا', 'آب و هوای عمومی', 'تغییرات اقلیمی']",C,توصیف ارائه شده شامل ویژگی‌های کلی دما و بارش در فصول مختلف است که به [MASK] اشاره دارد.,C,0.9354991912841796,C,0.8207527995109558,True,True,True,False,[0.04666682 0.00621775 0.9354992  0.01161629],[0.0763419  0.00488037 0.8207528  0.09802494],0.8420145511627197,0.9354992,0.8207528,-0.1147464,0.8937232494354248,0.7153862714767456,0.7946722507476807,0.8502452373504639,0.6780610680580139,0.754453718662262
1363,دو شهر تنها ۵۰ کیلومتر از هم فاصله دارند و با این حال، آب و هوای این شهرها متفاوت است. کدامیک از این عوامل به احتمال زیاد علت اختلاف آب و هواست؟,"['ارتفاع', 'جمعیت', 'عرض جغرافیایی', 'طول جغرافیایی']",A,تفاوت [MASK] باعث تغییر آب و هوا می‌شود؛ با افزایش [MASK]، دما کاهش یافته و شرایط آب و هوایی تغییر می‌کند.,A,0.8138752579689026,A,0.9821735620498656,True,True,True,True,[0.81387526 0.00157422 0.18195514 0.00259545],[0.98217356 0.00128543 0.01381972 0.00272126],0.7440071702003479,0.81387526,0.98217356,0.1682983,0.869382917881012,0.632186770439148,0.7320504188537598,0.8658157587051392,0.6129002571105957,0.7177290320396423
1364,پنج توپ بولینگ در حالتی مرتب و در حال تماس با یکدیگر بر روی یک سطح صاف قرار دارند. ضربه زدن به توپ اول با چکش باعث می‌شود توپ پنجم از گروه دور شود. نیروی چکش از طریق خط توپ‌ها به چه نوع موجی منتقل شد؟,"['الف) الکترومغناطیسی', 'ب) حرارتی', 'ج) طولی', 'د) عرضی']",C,نیروی چکش باعث حرکت توپ‌ها در جهت ضربه می‌شود که نشان‌دهنده موج طولی است.,D,0.5415070652961731,C,0.9730992317199708,False,True,True,True,[0.10662907 0.0234233  0.32844064 0.54150707],[1.0726031e-02 5.6845881e-04 9.7309923e-01 1.5606283e-02],0.8747131824493408,0.32844064,0.97309923,0.6446585899999999,0.9040545225143433,0.7007712125778198,0.7895379066467285,0.9040545225143433,0.7007712721824646,0.7895379662513733
1365,کدام یک از موارد زیر بهترین نمونه از رویدادی است که باعث تغییر تدریجی در اکوسیستم‌ها می‌شود؟,"['فعالیت آتشفشانی', 'سوختن زغال\u200cسنگ', 'آتش\u200cسوزی جنگلی', 'نشت نفت']",B,فرآیندهای کند و تدریجی مانند تغییرات شیمیایی خاک و آب باعث تغییر تدریجی در اکوسیستم می‌شود.,C,0.5755492448806763,C,0.0310460049659013,False,False,False,False,[0.39556885 0.0254862  0.57554924 0.00339571],[0.05199227 0.031046   0.9144133  0.00254841],0.9091519713401794,0.0254862,0.031046,0.0055598,0.8189454674720764,0.7283086776733398,0.7709723711013794,0.8206928968429565,0.7291579246520996,0.7722223401069641
1366,سوال: دماسنج بهترین ابزار برای اندازه‌گیری چیست؟,"['الف) فشار هوا.', 'ب) انرژی جنبشی.', 'ج) انرژی پتانسیل.', 'د) حرکت باد.']",B,دماسنج برای اندازه‌گیری انرژی جنبشی مناسب است.,A,0.8344563841819763,B,0.8805354237556458,False,True,True,True,[0.8344564  0.04707681 0.00553535 0.11293139],[0.03929728 0.8805354  0.01638154 0.06378578],0.7553548216819763,0.04707681,0.8805354,0.83345859,0.8334847688674927,0.602446973323822,0.6993792057037354,0.8334847688674927,0.602446973323822,0.6993792057037354
1367,مارشال برخی از تغییرات زمین را که در طول زمان طولانی اتفاق می‌افتد، بررسی کرده است. کدام یک از رویدادها به احتمال زیاد کندترین تغییر را به سطح زمین ایجاد می‌کند؟,"['زلزله', 'زمین\u200cلغزش', 'آتشفشان', 'باد']",D,فرآیندهای تدریجی و کندی که در طول زمان طولانی تغییرات قابل توجهی در سطح زمین ایجاد می‌کنند، بیشتر مربوط به عوامل هوازدگی و فرسایش هستند.,A,0.5758797526359558,B,0.0329024009406566,False,False,False,False,[0.57587975 0.395796   0.00302194 0.02530239],[0.30973995 0.6557195  0.00163811 0.0329024 ],0.8929243683815002,0.02530239,0.0329024,0.0076000099999999,0.8123406171798706,0.6911737322807312,0.7468748092651367,0.8174102306365967,0.69222092628479,0.7496247291564941
1368,شواهدی از یخچال‌زایی گسترده به عنوان یک توضیح برای انقراض‌ها در پایان دوره پرمین پیشنهاد شده است. چنین یخچال‌زایی می‌تواند اکوسیستم‌های اقیانوسی را از طریق ایجاد کدام اثر مختل کند؟,"['کاهش شدید در شوری و چگالی اقیانوس', 'کاهش شدید در حجم و مساحت اقیانوس', 'افزایش مواجهه اقیانوس\u200cها با تابش ماوراء بنفش', 'افزایش مواجهه سونامی\u200cها با حیات اقیانوسی']",B,یخچال‌زایی گسترده می‌تواند با تغییر چرخه آب و الگوهای جریان اقیانوسی، منجر به [MASK] شود و اکوسیستم‌های اقیانوسی را تحت تأثیر قرار دهد.,C,0.7465476989746094,C,0.0049637234769761,False,False,False,False,[0.24189565 0.00505976 0.7465477  0.00649686],[0.14734565 0.00496372 0.8413171  0.00637355],0.8118575811386108,0.00505976,0.00496372,-9.604000000000036e-05,0.8485751152038574,0.6170978546142578,0.7145575881004333,0.8331001996994019,0.5967389345169067,0.695383608341217
1369,شش توله سگ به طور همزمان به دنیا آمدند. پس از ۶ ماه، یکی از توله سگ‌ها بسیار سنگین‌تر از سایرین بود. کدام یک از توضیحات زیر، دلیل احتمالی برای تفاوت اندازه آن توله سگ است؟,"['بیشتر غذا خورد.', 'بیشتر فعال بود.', 'بیشتر آب نوشید.', 'نور خورشید بیشتری دریافت کرد.']",A,غذای بیشتر می‌تواند منجر به وزن بیشتر شود.,A,0.8289167284965515,A,0.773496687412262,True,True,True,False,[0.8289167  0.07680067 0.00725607 0.08702657],[0.7734967  0.19633603 0.00671825 0.02344899],0.6514995098114014,0.8289167,0.7734967,-0.0554199999999999,0.7507858276367188,0.4826587438583374,0.5875794887542725,0.7507858276367188,0.4826587438583374,0.5875794887542725
1370,کدام بخش از غشای سلولی مسئول انتقال فعال مولکول‌ها به درون سلول است؟,"['کربوهیدرات', 'سیتوپلاسم', 'فسفولیپید', 'پروتئین']",D,[MASK]‌های غشایی مسئول انتقال فعال مولکول‌ها به درون سلول هستند و این فرآیند نیازمند انرژی است که اغلب توسط [MASK]‌های پمپ انجام می‌شود.,C,0.60938560962677,C,0.0874354615807533,False,False,False,False,[0.11999514 0.07278074 0.6093856  0.19783854],[0.16335095 0.30517977 0.44403392 0.08743546],0.8783769607543945,0.19783854,0.08743546,-0.11040308,0.8399094343185425,0.6602364778518677,0.7393131852149963,0.8276811838150024,0.6393794417381287,0.7214457988739014
1371,ذرات درون یک ماده در حال حرکتی مداوم هستند. ذرات کدام یک از این مواد کمترین مقدار انرژی جنبشی را دارند؟,"['موم شمع در دمای اتاق', 'آب در یک لیوان آب یخ', 'بخار از یک فنجان قهوه', 'تکه یخ در یک لیوان چای']",D,ذرات آب در حالت یخ کمترین انرژی جنبشی را دارند.,B,0.4738944172859192,B,0.0299021191895008,False,False,False,False,[0.3269773  0.47389442 0.1352437  0.0638846 ],[0.08002222 0.86368716 0.02638853 0.02990212],0.6930398941040039,0.0638846,0.02990212,-0.0339824799999999,0.8678598403930664,0.6537042856216431,0.7457111477851868,0.8699188828468323,0.6560133695602417,0.7479734420776367
1372,در مناطقی که بادهای غالب از اقیانوس‌ها به سمت ساحل می‌وزند، کدام یک از موارد زیر بیشتر احتمال دارد رخ دهد؟,"['بارش سنگین\u200cتر', 'شرایط خشک\u200cتر', 'دماهای سردتر', 'طوفان\u200cهای شدید مکرر']",A,رطوبت اقیانوس‌ها به خشکی کشیده می‌شود و موجب بارش می‌شود.,A,0.6451758146286011,A,0.928488552570343,True,True,True,True,[0.6451758  0.04655417 0.0023178  0.30595225],[9.2848855e-01 5.9124880e-02 7.4427237e-04 1.1642379e-02],0.7485219836235046,0.6451758,0.92848855,0.28331275,0.868549108505249,0.5686320066452026,0.6872965693473816,0.8736416101455688,0.5789785385131836,0.6964239478111267
1373,یک اتم حداقل مقدار جرم را از دست می‌دهد اگر,"['یک پروتون را از دست بدهد.', 'یک نوترون را از دست بدهد.', 'یک هسته را از دست بدهد.', 'یک الکترون را از دست بدهد.']",D,از آنجایی که الکترون بسیار سبک‌تر است، از دست دادن الکترون کمترین جرم را برای اتم به همراه دارد.,D,0.5220105051994324,D,0.8850694894790649,True,True,True,True,[0.21760635 0.2465803  0.01380285 0.5220105 ],[0.07250917 0.03881136 0.00361002 0.8850695 ],0.8260020613670349,0.5220105,0.8850695,0.3630589999999999,0.9148194193840027,0.7192590236663818,0.8053372502326965,0.9148194193840027,0.7192590236663818,0.8053372502326965
1374,گرگ‌ها، که در زمره شکارچیان برتر هستند، در دهه ۱۹۳۰ از پارک ملی یلواستون حذف شدند. در سال ۱۹۹۵، گرگ‌ها دوباره به یلواستون معرفی شدند. در دوره‌ای که گرگ‌ها از یلواستون غایب بودند، کدام یک احتمال بیشتری داشت که اتفاق بیفتد؟,"['افزایش رقابت برای منابع غذایی در میان شکارهای کوچک', 'فرصت بیشتری برای شکوفایی تولیدکنندگان اولیه', 'افزایش جمعیت مصرف\u200cکنندگان سومی', 'بالانس بیشتری در روابط شکارچی-شکار']",A,افزایش جمعیت شکارها منجر به رقابت بیشتر برای منابع غذایی می‌شود.,A,0.9923219084739684,A,0.9947376847267152,True,True,True,True,[0.9923219  0.00213913 0.00101045 0.00452854],[9.9473768e-01 4.1131857e-03 5.5665919e-04 5.9256062e-04],0.7586829662322998,0.9923219,0.99473768,0.0024157799999999,0.8143348097801208,0.5772615671157837,0.6756042242050171,0.8143347501754761,0.5772615671157837,0.6756042242050171
1375,درختان صنوبر بالزام در ایالت مِین دارای طول سوزن مشابه هستند. چرا درختان طول سوزن مشابهی دارند؟,"['به خاطر مقدار نوری که دریافت می کنند', 'به خاطر نزدیکی آنها به دریا', 'به خاطر اطلاعات ارثی موجود در دانه ها', 'به خاطر نوع حشراتی که سوزن ها را می خورند']",C,اطلاعات ارثی موجود در دانه ها تعیین کننده ویژگی های فیزیکی درختان از جمله طول سوزن ها می باشد.,A,0.5599842667579651,C,0.972095787525177,False,True,True,True,[0.55998427 0.04088328 0.33964762 0.05948482],[2.5503848e-02 2.2285015e-03 9.7209579e-01 1.7184357e-04],0.7193959355354309,0.33964762,0.97209579,0.63244817,0.8808723092079163,0.6583214998245239,0.7535076141357422,0.8808723092079163,0.6583214998245239,0.7535076141357422
1376,یک هواپیما با سرعت ثابت ۸۰۰ کیلومتر در ساعت (km/h) سفر می‌کند. به طور تقریبی، مدت زمان لازم برای سفر هواپیما به مسافت ۲۰۰ کیلومتر چقدر خواهد بود؟,"['۱۵ دقیقه', '۲۵ دقیقه', '۲ ساعت', '۴ ساعت']",A,با استفاده از فرمول زمان = مسافت / سرعت، زمان سفر ۰.۲۵ ساعت یا [MASK] است. با توجه به گزینه‌ها، نزدیکترین زمان به نتیجه حاصل، [MASK] است.,A,0.8103018999099731,B,0.4310100972652435,True,False,False,False,[0.8103019  0.15955791 0.01876103 0.01137914],[0.4310101  0.55342793 0.00542562 0.01013639],0.7789131999015808,0.8103019,0.4310101,-0.3792918,0.7888507843017578,0.6345141530036926,0.7033150792121887,0.7753211855888367,0.6292392015457153,0.6946835517883301
1377,برخی از دریاچه‌ها در شمال شرقی ایالات متحده شاهد کاهش در سطح pH بوده‌اند که منجر به مرگ بسیاری از ماهی‌ها شده است. دلیل اصلی این تغییر در سطح pH چیست؟,"['نیروگاه\u200cهای هسته\u200cای', 'نیروگاه\u200cهای برق آبی', 'کارخانه\u200cهای ذغال\u200cسنگ\u200cسوز', 'مزارع غیرتجاری']",C,احتراق سوخت‌های فسیلی مانند ذغال‌سنگ در نیروگاه‌ها، منجر به ورود گازهای اسیدی به آب و کاهش سطح pH می‌شود.,A,0.4020476341247558,B,0.1877168416976928,False,False,False,False,[0.40204763 0.40204763 0.19140336 0.00450138],[0.06905717 0.7424345  0.18771684 0.00079151],0.7713496685028076,0.19140336,0.18771684,-0.0036865199999999,0.8551946878433228,0.6662639379501343,0.7489988207817078,0.8545475006103516,0.6664288640022278,0.7488546967506409
1378,شرکت‌های انرژی معمولاً برق را از منابع مختلف تولید می‌کنند. استفاده از کدام منبع بیشترین بهبود را در کیفیت هوا به همراه خواهد داشت؟,"['نفت', 'گاز', 'زغال\u200cسنگ', 'باد']",D,استفاده از انرژی [MASK] به عنوان یک منبع انرژی تجدیدپذیر، موجب کاهش تولید آلاینده‌های هوا و [MASK]های گلخانه‌ای می‌شود.,D,0.9591237902641296,D,0.9430304765701294,True,True,True,False,[3.7334818e-02 3.0171161e-03 5.2429613e-04 9.5912379e-01],[0.05278812 0.0029781  0.00120326 0.9430305 ],0.8885483741760254,0.95912379,0.9430305,-0.01609329,0.8756334185600281,0.7295149564743042,0.7959235906600952,0.8691280484199524,0.7180954813957214,0.7864259481430054
1379,برخی افراد موهای صاف دارند و برخی موهای فر. چه چیزی تعیین می‌کند که یک فرد با موهای فر متولد شود یا با موهای صاف؟,"['نوع موی والدین آنها', 'نوع موی برادران و خواهران آنها', 'رنگ موی آنها', 'رنگ پوست آنها']",A,ژن‌های نوع مو از والدین به فرزندان منتقل می‌شوند؛ بنابراین والدین در تعیین نوع موی فرزندان نقش دارند.,A,0.9923505187034608,A,0.9992384910583496,True,True,True,True,[9.9235052e-01 5.1921438e-03 5.4724794e-04 1.9100830e-03],[9.9923849e-01 4.2664816e-04 1.7785342e-04 1.5695508e-04],0.8490763306617737,0.99235052,0.99923849,0.0068879699999999,0.8000229001045227,0.6185684204101562,0.6976906061172485,0.8000229001045227,0.6185684204101562,0.6976906061172485
1380,اگر یک یون سه الکترون بیشتر از پروتون‌ها داشته باشد، دارای,"['جرم +3 است.', 'جرم -3 است.', 'بار +3 است.', 'بار -3 است.']",D,الکترون‌های اضافی بار منفی ایجاد می‌کنند؛ بنابراین، اختلاف سه الکترون بیشتر در یک یون، منجر به بار منفی ۳ می‌شود.,C,0.3512671589851379,D,0.6553347110748291,False,True,True,True,[0.16722824 0.13023749 0.35126716 0.35126716],[0.27425337 0.04173082 0.02868114 0.6553347 ],0.8524693846702576,0.35126716,0.6553347,0.30406754,0.8124314546585083,0.6867020130157471,0.7442944049835205,0.8124313354492188,0.6867019534111023,0.7442942261695862
1381,کدامیک از این موارد به احتمال زیاد رفتاری از حیوانات اهلی است که با حیوانات وحشی متفاوت است؟,"['انتقال به اقلیم گرمتر در زمستان', 'خوردن از دست انسان\u200cها', 'شکار غذا برای خود', 'دور ماندن از انسان\u200cها']",B,حیوانات اهلی به حضور انسان عادت کرده‌اند و به راحتی از دست انسان‌ها غذا می‌خورند، برخلاف حیوانات وحشی.,C,0.4914120435714721,B,0.9700507521629332,False,True,True,True,[0.06598784 0.4336696  0.49141204 0.00893048],[0.01794146 0.97005075 0.00847494 0.00353288],0.8856284618377686,0.4336696,0.97005075,0.53638115,0.8513475060462952,0.6133321523666382,0.7130006551742554,0.8513475060462952,0.6133321523666382,0.7130006551742554
1382,چه اتفاقی می‌افتد وقتی دمای آب از ۱۰ درجه سانتی‌گراد به -۱۰ درجه سانتی‌گراد تغییر می‌کند؟,"['آب از حالت جامد به گاز تبدیل می\u200cشود.', 'آب از حالت مایع به گاز تبدیل می\u200cشود.', 'آب از حالت مایع به جامد تبدیل می\u200cشود.', 'آب از حالت جامد به مایع تبدیل می\u200cشود.']",C,آب با کاهش دما به زیر نقطه انجماد، از مایع به جامد تبدیل می‌شود.,C,0.9663199186325072,C,0.9897111058235168,True,True,True,True,[0.01989926 0.00646034 0.9663199  0.00732053],[7.4977321e-03 1.8957235e-03 9.8971111e-01 8.9547638e-04],0.855428159236908,0.9663199,0.98971111,0.0233912099999999,0.7963249683380127,0.6210551857948303,0.6978533864021301,0.7963249087333679,0.6210551857948303,0.6978533267974854
1383,نکته‌ای که برخی از گیاهان در برابر جانوران در خشکسالی دارند چیست؟,"['الف) گیاهان می\u200cتوانند از آب زیرزمینی استفاده کنند.', 'ب) گیاهان می\u200cتوانند بدون آب زندگی کنند.', 'ج) گیاهان اکسیژن آزاد می\u200cکنند.', 'د) گیاهان نمی\u200cتوانند حرکت کنند.']",A,برخی گیاهان با استفاده از آب زیرزمینی، مقاومت به خشکسالی را دارند.,A,0.9983277916908264,A,0.9993221759796144,True,True,True,True,[9.9832779e-01 8.1365160e-04 2.9932571e-04 5.5921404e-04],[9.9932218e-01 4.3213530e-04 1.4934197e-04 9.6422416e-05],0.9089366793632508,0.99832779,0.99932218,0.0009943899999999,0.6902396082878113,0.5644879341125488,0.621062159538269,0.6902395486831665,0.5644879341125488,0.621062159538269
1384,کدام یک از گزینه‌های زیر نتیجه نامطلوبی از یک طوفان گردبادی نیست؟,"['درختان افتاده خطر آتش\u200cسوزی ایجاد می\u200cکنند.', 'زیستگاه\u200cهای جانوری دچار خسارت قابل توجهی می\u200cشوند.', 'طوفان\u200cزدگی تخم\u200cگذاری لاک\u200cپشت\u200cهای دریایی را نابود می\u200cکند.', 'زائدات زیستگاه\u200cهای اضافی برای پشه\u200cها ایجاد می\u200cکند.']",C,افزایش زیستگاه پشه‌ها ممکن است به تنوع زیستی کمک کند.,A,0.4987886846065521,A,0.0812713578343391,False,False,False,False,[0.49878868 0.05216282 0.18206614 0.26698235],[0.7650806  0.04929357 0.08127136 0.10435449],0.6410999894142151,0.18206614,0.08127136,-0.1007947799999999,0.7312101125717163,0.4489962160587311,0.5563613176345825,0.7312101125717163,0.4489962160587311,0.5563613176345825
1385,یک دانشجو سه بشر را پر کرد، هر یک با ۵۰ میلی لیتر آب مایع. دانشجو بشر ۱ را خنک کرد تا یخ تشکیل شود. دانشجو بشر ۲ را گرم کرد تا بخار آب (گاز) تشکیل شود. بشر ۳ در دما اتاق باقی ماند. چه فرآیندی رخ می‌دهد هنگامی که آب مایع به بخار (گاز) تبدیل می‌شود؟,"['تراکم', 'تبخیر', 'یخ زدن', 'آب شدن']",B,[MASK] فرآیندی است که در آن مایع به گاز تبدیل می‌شود.,B,0.9947210550308228,B,0.9907208681106568,True,True,True,False,[4.5840349e-03 9.9472106e-01 1.4735355e-04 5.4748484e-04],[8.6386418e-03 9.9072087e-01 3.7955539e-04 2.6086436e-04],0.8812927007675171,0.99472106,0.99072087,-0.00400019,0.9463270902633667,0.7046154737472534,0.8077769875526428,0.9430283308029175,0.690673828125,0.7973607182502747
1386,یک جامعه سبز بسیاری از شهرها در ایالات متحده در حال توسعه «جامعه‌های سبز» هستند. یک جامعه سبز به منظور کاهش مصرف انرژی طراحی شده و شامل خانه‌ها، آپارتمان‌ها و کسب‌وکارهای نزدیک است. فروشگاه‌های مواد غذایی، رستوران‌ها و سینماها همگی در فاصله پیاده‌روی از منازل در این جامعه قرار دارند. مردم مسافت‌های کمتری را به مدارس و محل کار خود طی می‌کنند. بسیاری از ساختمان‌های یک جامعه سبز از مواد تجدیدپذیر و بازیافتی ساخته شده‌اند. انرژی خورشیدی دما را در ساختمان‌ها در سطح راحتی نگه می‌دارد. ویژگی‌های طبیعی منظر، مانند درختان و گیاهان، به دقت در مکان‌هایی قرار گرفته‌اند که سایه‌ای ایجاد کرده و دماها را کنترل کنند. باغ‌های اجتماعی به ساکنان این امکان را می‌دهند که غذا و گل پرورش دهند.,"['با چوب منازل خود را گرم می\u200cکنند', 'سبزیجات را قبل از پختن می\u200cشویند', 'با خودروهای با سوخت بنزینی رانندگی می\u200cکنند', 'در باغ جامعه گل می\u200cکارند']",C,باغ‌های اجتماعی در جامعه سبز وجود دارد که به ساکنان امکان می‌دهد گل و غذا پرورش دهند، بنابراین گل کاشتن مجاز است.,D,0.7101852893829346,D,0.002757076639682,False,False,False,False,[0.22966452 0.05124508 0.00890506 0.7101853 ],[0.07451839 0.01490462 0.00275708 0.90781987],0.7421131730079651,0.00890506,0.00275708,-0.0061479799999999,0.7687004804611206,0.6199555397033691,0.6863616704940796,0.7650953531265259,0.6172099113464355,0.6832419037818909
1387,زمانی که یخ در 0 درجه سلسیوس شروع به ذوب شدن می‌کند، مولکول‌های آب,"['شروع به از دست دادن بخشی از جرم اتمی خود می\u200cکنند.', 'به اتم\u200cهای جداگانه آب شکسته می\u200cشوند.', 'به طور آزادانه\u200cتری در رابطه با یکدیگر حرکت می\u200cکنند.', 'حرارت را به جو اطراف آزاد می\u200cکنند.']",C,مولکول‌های آب در حالت مایع آزادی حرکت بیشتری دارند.,C,0.8492134809494019,C,0.9398343563079834,True,True,True,True,[0.10202011 0.03312108 0.8492135  0.01564529],[0.05291837 0.00492218 0.93983436 0.00232507],0.5484198927879333,0.8492135,0.93983436,0.09062086,0.910966157913208,0.641202449798584,0.7526420950889587,0.909874439239502,0.6492276191711426,0.7577638626098633
1388,کدام یک از موارد زیر مسیر حمل و نقل نیست؟,"['A) برج رادیویی', 'B) جاده', 'C) باند فرود', 'D) خط لوله']",A,برج رادیویی برای انتقال امواج رادیویی است و مسیر فیزیکی حمل و نقل نیست.,A,0.4974917769432068,B,0.4234057068824768,True,False,False,False,[0.49749178 0.08611406 0.2081971  0.2081971 ],[0.4234057  0.5436637  0.00885643 0.02407426],0.8685134649276733,0.49749178,0.4234057,-0.07408608,0.836982011795044,0.5959566235542297,0.6961987018585205,0.8369818925857544,0.5959566235542297,0.696198582649231
1389,کدام یک از این موارد بهترین نمونه از فرسایش فیزیکی است؟,"['حشرات در حال خوردن یک درخت مرده', 'بیل مکانیکی در حال جابجایی خاک', 'یخ در حال ترک خوردن یک سنگ', 'باران اسیدی در حال حل کردن سنگ آهک']",C,فرسایش فیزیکی زمانی است که مواد بدون تغییر شیمیایی جابجا یا شکسته می‌شوند، مانند شکستن سنگ به دلیل فشار یخ.,B,0.7478312849998474,B,0.3430038690567016,False,False,False,False,[0.04780725 0.7478313  0.18908136 0.01528012],[0.011829   0.64081556 0.34300387 0.00435165],0.8693526387214661,0.18908136,0.34300387,0.1539225099999999,0.7851930856704712,0.6396182775497437,0.7049688696861267,0.7862189412117004,0.6398020386695862,0.7054937481880188
1390,لایه‌های لیتوسفر به حرکت درآمده‌اند تا شکل‌های زمینی را بر روی سطح زمین ایجاد کنند. کدام شکل زمینی به‌عنوان نتیجه‌ای از چین خوردن لایه‌ها بر روی یکدیگر رخ می‌دهد؟,"['زلزله', 'رشته\u200cکوه', 'رودخانه', 'آتش\u200cفشان']",B,فشارهای تکتونیکی باعث چین خوردن لایه‌ها و ایجاد شکل‌های زمینی مانند برآمدگی‌های بزرگ می‌شود.,A,0.5091390013694763,B,0.9623059034347534,False,True,True,True,[0.509139   0.44931358 0.00495258 0.03659489],[0.02928703 0.9623059  0.00187226 0.00653482],0.8142222762107849,0.44931358,0.9623059,0.5129923200000001,0.729923665523529,0.5475931167602539,0.62574702501297,0.714974582195282,0.5466589331626892,0.6195891499519348
1391,کدام گزینه بهترین توصیف را از مخلوط و محلول ارائه می‌دهد؟,"['یک جامد در مایع حل می\u200cشود.', 'دو ماده مختلف ترکیب می\u200cشوند.', 'ماده\u200cای با خواص جدید شکل می\u200cگیرد.', 'مواد ترکیب\u200cشده قابل جداسازی نیستند.']",B,مواد ترکیب‌شده در محلول به صورت یکنواخت و در سطح مولکولی هستند و نمی‌توان آنها را جدا کرد.,A,0.622687578201294,D,0.0141326775774359,False,False,False,False,[0.6226876  0.03512963 0.00888216 0.33330065],[0.11649691 0.01413268 0.00519912 0.86417127],0.7382352948188782,0.03512963,0.01413268,-0.02099695,0.8180422186851501,0.6038327217102051,0.6948018074035645,0.8180422186851501,0.6038327217102051,0.6948018074035645
1392,در بیابان سیاه نوادا در تاریخ ۱۵ اکتبر ۱۹۹۷، اندی گرین مسافت معینی را با سرعت میانگین ۳۳۹ متر در ثانیه در یک خودروی جت‌برقی به نام «ترست» طی کرد. اندی اولین شخص بود که,"['از اثر داپلر استفاده کرد.', 'در یک خودروی با سوخت جت رانندگی کرد.', 'از بیابان سیاه نوادا عبور کرد.', 'حالت صوتی را در زمین شکسته است.']",D,اندی گرین با خودروی جت‌برقی خود توانست رکورد سرعت زمینی را با میانگین سرعت ۳۳۹ متر در ثانیه به نام خود ثبت کند و اولین نفری بود که دیوار صوتی را در زمین شکست.,A,0.6807039976119995,C,0.0821975991129875,False,False,False,False,[0.680704   0.08161669 0.22185716 0.01582212],[0.36551732 0.0204606  0.5318245  0.0821976 ],0.9300957322120668,0.01582212,0.0821976,0.06637548,0.9280648827552795,0.7340327501296997,0.8197231888771057,0.9280648827552795,0.7340327501296997,0.8197231888771057
1393,جرمی با متوسط سرعت ۳ کیلومتر در ساعت (km/h) پیاده‌روی کرد. او در ۳۰ دقیقه چقدر راه رفته بود؟,"['۰.۱ کیلومتر', '۱.۵ کیلومتر', '۱۰ کیلومتر', '۹۰ کیلومتر']",B,با تبدیل ۳۰ دقیقه به ۰.۵ ساعت، مسافت طی شده از ضرب سرعت ۳ کیلومتر در ساعت در زمان ۰.۵ ساعت برابر [MASK] می شود.,A,0.8261343836784363,A,0.075679212808609,False,False,False,False,[0.8261344  0.16140956 0.00334995 0.0091061 ],[9.2196155e-01 7.5679213e-02 5.5135769e-04 1.8078323e-03],0.8210264444351196,0.16140956,0.075679213,-0.085730347,0.7948374152183533,0.6646446585655212,0.7239341139793396,0.7962833642959595,0.6598114967346191,0.721652090549469
1394,کدام دو تغییر زیست محیطی معمولاً باعث مهاجرت برخی از حیوانات می‌شوند؟,"['تغییر فصل و شکارچیان کمتر', 'تغییر فصل و غذای کمتر', 'از دست دادن زیستگاه و شکارچیان کمتر', 'از دست دادن زیستگاه و غذای بیشتر']",B,تغییر فصل و کمبود غذا دو عامل مهم برای مهاجرت حیوانات هستند که شرایط زندگی و منابع غذایی را تحت تأثیر قرار می‌دهند.,D,0.5852412581443787,D,0.3571877777576446,False,False,False,False,[0.3535829  0.05464897 0.00652689 0.58524126],[0.16872357 0.35718778 0.01545043 0.4586382 ],0.945766031742096,0.05464897,0.35718778,0.30253881,0.7491300106048584,0.6036019921302795,0.6685380339622498,0.7491300106048584,0.6036019921302795,0.6685380339622498
1395,کیره متوجه می‌شود که گیاهان در باغ مدرسه در ماه جولای سبز و در حال رشد هستند، اما در دسامبر قهوه‌ای هستند. چرا گیاهان در تابستان بیشتر از زمستان رشد می‌کنند؟,"['زمین در تابستان به خورشید نزدیک\u200cتر است.', 'زمین در تابستان با سرعت بیشتری می\u200cچرخد.', 'هسته زمین در تابستان به سطح نزدیک\u200cتر است.', 'نیمکره شمالی زمین در تابستان به سمت خورشید مایل است.']",D,گیاهان در تابستان به دلیل دریافت نور و گرمای بیشتر از خورشید رشد بیشتری دارند که به علت مایل بودن نیمکره شمالی به سمت خورشید در این فصل است.,A,0.810413658618927,D,0.7170888185501099,False,True,True,True,[0.81041366 0.02778505 0.0519093  0.10989198],[0.26380223 0.01420117 0.00490779 0.7170888 ],0.92378431558609,0.10989198,0.7170888,0.60719682,0.8177047371864319,0.7257087826728821,0.7689650058746338,0.8177047371864319,0.7257087826728821,0.7689650058746338
1396,سیلاب‌های رودخانه‌ای می‌توانند به محیط‌ زیست کمک یا آسیب برسانند. کدام یک از این موارد می‌تواند اثر مفیدی از یک سیلاب باشد؟,"['ساحل\u200cهای رودخانه فرسوده', 'خاک\u200cهای حاصل\u200cخیزتر', 'درختان کمتر در نزدیکی رودخانه\u200cها', 'زیستگاه کمتر برای حیوانات آبزی']",B,سیلاب می‌تواند با آوردن رسوبات، خاک را حاصل‌خیزتر کند و به رشد گیاهان کمک کند.,A,0.6205698251724243,B,0.9707151651382446,False,True,True,True,[6.2056983e-01 3.7639463e-01 4.9939303e-04 2.5361271e-03],[2.9170277e-02 9.7071517e-01 4.6684192e-05 6.7925095e-05],0.792709469795227,0.37639463,0.97071517,0.59432054,0.8097296357154846,0.6647814512252808,0.7301311492919922,0.8097296357154846,0.6647814512252808,0.7301311492919922
1397,زمان مورد نیاز برای یک دوچرخه برای طی مسافت 100 متر با سرعت متوسط 2 متر بر ثانیه چقدر است؟,"['0.02 ثانیه', '50 ثانیه', '100 ثانیه', '200 ثانیه']",B,با فرمول زمان = مسافت / سرعت، زمان 100 متر با سرعت 2 متر بر ثانیه [MASK] است.,D,0.5683690905570984,A,0.1909084171056747,False,False,False,False,[0.12485412 0.29950947 0.00726738 0.5683691 ],[0.75505745 0.19090842 0.00576493 0.0482692 ],0.8995139598846436,0.29950947,0.19090842,-0.10860105,0.8313391208648682,0.7231147885322571,0.7734595537185669,0.8504870533943176,0.7289766073226929,0.785057783126831
1398,یک کلاس مقدار ویتامین C موجود در آب‌پرتقال تازه را آزمایش کرده و مقدار متفاوتی نسبت به کلاس قبلی که همین تحقیق را انجام داده بود محاسبه کرده است. چه کار باید انجام شود تا اطمینان حاصل شود که نتایج آنها دقیق است؟,"['آزمایش آب\u200cپرتقالی دیگر', 'تحلیل داده\u200cهای ثبت\u200cشده', 'از یک دانشمند بپرسید چه اشتباهی رخ داده است', 'تحقیق را دو بار دیگر تکرار کنید']",D,تکرار آزمایش برای اطمینان از دقیق بودن نتایج و تایید صحت یافته‌ها ضروری است.,D,0.7854758501052856,D,0.9376990795135498,True,True,True,True,[1.9782512e-01 1.6112108e-02 5.8688346e-04 7.8547585e-01],[5.9828129e-02 2.3197883e-03 1.5300662e-04 9.3769908e-01],0.8114873170852661,0.78547585,0.93769908,0.15222323,0.7819247245788574,0.599297285079956,0.6785373687744141,0.7819246649742126,0.599297285079956,0.6785373091697693
1399,فرآیند عمده تشکیل سنگ‌های سطحی در آتشفشان‌ها چیست؟,"['سنگ به سرعت از سنگ مذاب خنک می\u200cشود.', 'سنگ توسط فشار شدید بلوری شده است.', 'سنگ به آرامی در زیر زمین سخت می\u200cشود.', 'سنگ از رسوبات جمع\u200cآوری شده تشکیل می\u200cشود.']",A,سنگ‌های سطحی آتشفشان‌ها از سرد شدن سریع سنگ مذاب تشکیل می‌شوند.,A,0.6336333751678467,A,0.9082152843475342,True,True,True,True,[0.6336334  0.234013   0.00807029 0.12428337],[0.9082153  0.08414783 0.00154122 0.00609565],0.8031019568443298,0.6336334,0.9082153,0.2745818999999999,0.7868385910987854,0.5839075446128845,0.6703516840934753,0.7868386507034302,0.5839075446128845,0.6703517436981201
1400,یک ستاره با دو برابر جرم خورشید چه خواهد کرد؟,"['با یک فرایند شکافت زندگی خود را آغاز خواهد کرد.', 'منبع سوخت خود را بسیار سریعتر مصرف خواهد کرد.', 'شرایطی برای وقوع شعله\u200cهای خورشیدی بیشتری فراهم خواهد کرد.', 'به یک سحابی منجر خواهد شد.']",B,نیروی گرانش بیشتر، فشار و دما در هسته را افزایش می‌دهد و باعث مصرف سریعتر سوخت ستاره می‌شود.,D,0.3533658385276794,A,0.3404947817325592,False,False,False,False,[0.31184426 0.31184426 0.02294566 0.35336584],[0.63861775 0.34049478 0.01174247 0.00914505],0.7837284803390503,0.31184426,0.34049478,0.02865052,0.8239896893501282,0.6377385854721069,0.7189982533454895,0.8222270011901855,0.6419288516044617,0.7209768295288086
1401,در یک حوزه خاص، گیاهان با گل‌های آبی توسط زنبورها گرده‌افشانی می‌شوند، در حالی که گیاهان با گل‌های سفید توسط بیدها گرده‌افشانی می‌شوند. اگر جمعیت زنبورها کاهش یابد، چه چیزی احتمالاً اتفاق خواهد افتاد؟,"['جمعیت گل\u200cهای آبی به مرور زمان افزایش خواهد یافت.', 'جمعیت گل\u200cهای سفید به مرور زمان افزایش خواهد یافت.', 'بیدها شروع به گرده\u200cافشانی گل\u200cهای آبی خواهند کرد.', 'زنبورها شروع به گرده\u200cافشانی گل\u200cهای سفید خواهند کرد.']",B,با کاهش جمعیت زنبورها، گیاهان وابسته به آنها برای گرده‌افشانی کاهش می‌یابند و در مقابل، گیاهانی که وابسته به بیدها هستند افزایش خواهند یافت.,C,0.5660594701766968,B,0.5339239239692688,False,True,True,True,[0.3905693  0.0363286  0.56605947 0.00704262],[0.41582036 0.5339239  0.03413261 0.0161231 ],0.8109278082847595,0.0363286,0.5339239,0.4975953,0.8534601926803589,0.7410420179367065,0.7932881712913513,0.8534603118896484,0.7410420179367065,0.7932881712913513
1402,یک اتم خاص دارای ۲۰ الکترون، ۲۱ نوترون و ۲۰ پروتون است. جرم اتمی این اتم چیست؟,"['20', '21', '41', '61']",C,جرم اتمی برابر است با مجموع تعداد پروتون‌ها و نوترون‌ها که ۲۰ + ۲۱ است.,C,0.5929068326950073,C,0.8423524498939514,True,True,True,True,[0.04295003 0.0045269  0.59290683 0.3596162 ],[0.05301493 0.00558773 0.84235245 0.09904492],0.8837220668792725,0.59290683,0.84235245,0.24944562,0.8221723437309265,0.6920074224472046,0.7514951229095459,0.8221723437309265,0.6920074224472046,0.7514951229095459
1403,تمام موجودات مواد غذایی را پردازش می‌کنند. کدام جمله بهترین توصیف را از چگونگی پردازش مواد غذایی توسط گیاهان و حیوانات به‌طور مشابه ارائه می‌دهد؟,"['انرژی خورشید مواد غذایی را تولید می\u200cکند.', 'مواد غذایی قدرت دیواره\u200cهای سلولی را افزایش می\u200cدهند.', 'سلول\u200cها مواد غذایی را به اشکال قابل استفاده تجزیه می\u200cکنند.', 'مواد غذایی توسط سیستم گوارش تجزیه می\u200cشوند.']",C,گیاهان و حیوانات هر دو مواد غذایی را به اشکال قابل استفاده برای سلول‌ها تجزیه می‌کنند تا انرژی و مواد اولیه مورد نیاز برای رشد و بقا را فراهم کنند.,C,0.9633567333221436,C,0.9833471179008484,True,True,True,True,[0.03312561 0.00208482 0.96335673 0.00143287],[0.01397201 0.00166872 0.9833471  0.00101213],0.8875132203102112,0.96335673,0.9833471,0.01999037,0.865493893623352,0.6789764165878296,0.760972797870636,0.865493893623352,0.6789764165878296,0.760972797870636
1404,ولتاژ در یک مدار الکتریکی ثابت نگه داشته شده است. اگر مقاومت دو برابر شود، چه اتفاقی برای جریان در این مدار می‌افتد؟,"['جریان سه برابر می\u200cشود.', 'جریان دو برابر می\u200cشود.', 'جریان نصف می\u200cشود.', 'جریان ثابت باقی می\u200cماند.']",C,با ثابت بودن ولتاژ، دو برابر شدن مقاومت باعث نصف شدن جریان می‌شود.,C,0.455789566040039,C,0.9833123087882996,True,True,True,True,[0.35496926 0.16637075 0.45578957 0.0228704 ],[0.01105238 0.00460732 0.9833123  0.00102803],0.78177410364151,0.45578957,0.9833123,0.52752273,0.6640331149101257,0.573234498500824,0.6153020858764648,0.664033055305481,0.5732344388961792,0.6153020262718201
1405,اگر یک بدنه آب دارای سطح کدورت بالایی باشد، چه نتیجه‌ای می‌توان گرفت؟,"['pH آن پایین است.', 'برای نوشیدن ایمن نیست.', 'برای نوشیدن خیلی داغ است.', 'دارای مقدار زیادی مواد شیمیایی است.']",B,کدورت بالا نشان‌دهنده وجود ذرات معلق است که می‌تواند منجر به مشکلات بهداشتی شود و آب را برای مصرف انسان ناایمن کند.,A,0.5840376615524292,B,0.9713168740272522,False,True,True,True,[0.58403766 0.10149053 0.00185886 0.31261286],[1.07903555e-02 9.71316874e-01 1.02530263e-04 1.77902896e-02],0.9061928391456604,0.10149053,0.971316874,0.869826344,0.8823416233062744,0.686172604560852,0.7719900012016296,0.8839288949966431,0.6926287412643433,0.7766725420951843
1406,یک مدرسه تمام لامپ‌های خود را با نوع جدیدی از لامپ‌ها تعویض کرد. لامپ‌های جدید انرژی کمتری مصرف می‌کنند. این لامپ‌های جدید چگونه احتمالاً به محیط زیست کمک خواهند کرد؟,"['مقدار آلودگی نوری کاهش خواهد یافت.', 'دستگاه تهویه مطبوع در مدرسه کمتر کار خواهد کرد.', 'منابع طبیعی کمتری برای تولید برق مصرف خواهد شد.', 'پول بیشتری در قبض برق مدرسه صرفه\u200cجویی خواهد شد.']",C,با مصرف کمتر انرژی، منابع طبیعی کمتری برای تولید برق مورد نیاز لامپ‌ها مصرف خواهد شد.,C,0.8649135828018188,C,0.9785820841789246,True,True,True,True,[0.1326388  0.00145064 0.8649136  0.00099701],[2.0151772e-02 1.0351456e-03 9.7858208e-01 2.3097222e-04],0.8601511716842651,0.8649136,0.97858208,0.11366848,0.8207431435585022,0.5793368816375732,0.6792280673980713,0.8207431435585022,0.5793368816375732,0.6792280673980713
1407,سال‌هاست که بسیاری از ستاره‌شناسان معتقد بودند که منظومه شمسی ما از یک ابر غبار و گاز که به آرامی متراکم می‌شود تشکیل شده است. شواهد جدید نشان می‌دهد که ممکن است منظومه شمسی ما زمانی تشکیل شده باشد که ستاره‌های بزرگ و کوتاه‌مدت در یک سحابی منفجر شدند. محتمل‌ترین نتیجه شواهد جدید چیست؟,"['فرضیه قدیمی منسوخ خواهد شد.', 'فرضیه جدید به دلیل تعارض رد خواهد شد.', 'شواهد مربوط به فرضیه قدیمی نادیده گرفته خواهد شد.', 'شواهد قبل از اصلاح فرضیه قدیمی تأیید خواهد شد.']",D,احتمال می‌رود فرضیه قدیمی با توجه به شواهد جدید کنار گذاشته شود.,A,0.9766094088554382,A,0.0002466453006491,False,False,False,False,[0.9766094  0.00661901 0.00275921 0.01401245],[9.9713242e-01 2.0651359e-03 5.5582385e-04 2.4664530e-04],0.8365685343742371,0.01401245,0.0002466453,-0.0137658046999999,0.7269502282142639,0.6164621114730835,0.6671626567840576,0.7269502878189087,0.6164620518684387,0.6671625971794128
1408,کدام یک از معادلات شیمیایی زیر به درستی نوشته شده و اصل بقای ماده را نشان می‌دهد؟,"['Mg + HCl -> H_{2} + MgCl_{2}', 'H_{2}O + CO_{2} -> H_{2}CO_{3}', 'KClO_{3} -> KCl + O_{2}', 'H_{2} + O_{2} -> H_{2}O']",B,معادله باید تعداد اتم‌های هر عنصر را در دو طرف برابر داشته باشد. گزینه [MASK] این شرایط را دارد.,A,0.5327250957489014,A,0.1079364493489265,False,False,False,False,[0.5327251  0.1526283  0.09257374 0.22207285],[0.3767352  0.10793645 0.3767352  0.13859314],0.7914692759513855,0.1526283,0.10793645,-0.0446918499999999,0.7842996716499329,0.6534373760223389,0.7129129767417908,0.7749753594398499,0.6466229557991028,0.705004870891571
1409,استفاده از پنل‌های خورشیدی برای تبدیل انرژی خورشیدی به برق ممکن است به کُند شدن کاهش کدام منبع کمک کند؟,"['نور خورشید', 'آب', 'زغال\u200cسنگ', 'مس']",C,استفاده از انرژی خورشیدی به عنوان یک منبع تجدیدپذیر، وابستگی به منابع انرژی فسیلی را کاهش می‌دهد و در نتیجه نیاز به سوزاندن [MASK] کم می‌شود.,C,0.5416057705879211,C,0.9662653803825378,True,True,True,True,[0.421803   0.01288749 0.5416058  0.02370372],[3.267858e-02 6.573556e-04 9.662654e-01 3.987063e-04],0.8268072605133057,0.5416058,0.9662654,0.4246596,0.8096668720245361,0.7146186828613281,0.759179413318634,0.7997557520866394,0.7091456651687622,0.7517301440238953
1410,کلاس جفرسون در حال مطالعه گل آفتابگردان‌ها بود. آنها آموختند که گل آفتابگردان‌ها قادرند غذا تولید کنند. کدام بخش‌های گل آفتابگردان بیشترین تابش نور خورشید را که برای تولید غذا نیاز است، جمع‌آوری می‌کنند؟,"['گل\u200cها', 'برگ\u200cها', 'دانه\u200cها', 'ریشه\u200cها']",B,[MASK] اصلی‌ترین اندام برای فتوسنتز و جمع‌آوری نور خورشید در گیاهان هستند.,B,0.967997908592224,B,0.9886016249656676,True,True,True,True,[2.9117044e-02 9.6799791e-01 7.7594287e-04 2.1092314e-03],[1.11118285e-02 9.88601625e-01 1.12394555e-04 1.74080094e-04],0.7734338045120239,0.96799791,0.988601625,0.020603715,0.881079912185669,0.652996838092804,0.7500829696655273,0.8690706491470337,0.6396327018737793,0.7369056940078735
1411,در فرآیند فتوسنتز، گیاهان سبز از انرژی نور خورشید برای ساخت کدام محصول استفاده می‌کنند؟,"['دی\u200cاکسید کربن', 'کلروفیل', 'قند', 'دی\u200cان\u200cای']",C,گیاهان سبز از انرژی نور خورشید برای ساخت [MASK] در فرآیند فتوسنتز استفاده می‌کنند.,C,0.7738617658615112,A,0.1724809110164642,True,False,False,False,[0.10411894 0.11798221 0.77386177 0.00403713],[0.5271442  0.25095826 0.17248091 0.04941661],0.8667921423912048,0.77386177,0.17248091,-0.60138086,0.8931110501289368,0.6752554774284363,0.7690525054931641,0.8954713344573975,0.682231068611145,0.7744405269622803
1412,یک شکارچی حیوانی است که از حیوانات دیگر تغذیه می‌کند. کدام یک از این‌ها یک شکارچی است؟,"['گوزن', 'گرگ', 'گاو', 'بز']",B,[MASK] یک شکارچی فعال است که از حیوانات دیگر تغذیه می‌کند.,B,0.9766793251037598,B,0.976696252822876,True,True,True,True,[2.0429317e-02 9.7667933e-01 4.5134235e-04 2.4399336e-03],[2.0270683e-02 9.7669625e-01 6.1212166e-04 2.4209882e-03],0.904724657535553,0.97667933,0.97669625,1.6920000000086866e-05,0.9361696243286133,0.6902827024459839,0.7946395874023438,0.9321727752685547,0.6801447868347168,0.7864609956741333
1413,دانشمندان غالباً نتیجه‌گیری‌ها را زمانی که اطلاعات جدید موجود می‌شود تغییر می‌دهند. کدام یک از این بیانی‌ها به دلیل در دسترس بودن اطلاعات جدید تغییر کرده است؟,"['ماه در فضای خارج است.', 'گیاهان غذای خود را تولید می\u200cکنند.', 'خورشید به دور زمین می\u200cچرخد.', 'محصولات کاغذی از چوب به دست می\u200cآیند.']",C,دانشمندان پیشتر تصور می‌کردند که خورشید به دور زمین می‌چرخد، اما با کشف‌های جدید مشخص شد که زمین به دور خورشید می‌چرخد.,B,0.4946297407150268,C,0.9802367091178894,False,True,True,True,[0.14226845 0.49462974 0.34128425 0.02181757],[1.7744495e-02 1.6504952e-03 9.8023671e-01 3.6827521e-04],0.8818042278289795,0.34128425,0.98023671,0.63895246,0.9011878371238708,0.6702771782875061,0.7687675356864929,0.9011877775192261,0.6702771782875061,0.7687675356864929
1414,شپشک‌ها حشرات کوچک و نرم‌بدنی هستند که از برخی انواع گیاهان تغذیه می‌کنند. کدام سطح از یک شبکه غذایی توسط یک شپشک اشغال می‌شود؟,"['تولیدکننده', 'پوسیده\u200cخوار', 'مشتری سطح اول', 'مشتری سطح دوم']",C,شپشک‌ها به عنوان مصرف‌کنندگان اولیه، سطح دوم شبکه غذایی را اشغال می‌کنند.,B,0.8142079710960388,B,0.0024239863269031,False,False,False,False,[0.09762387 0.814208   0.03591382 0.05225429],[0.01231002 0.58393425 0.00242399 0.40133175],0.8463870882987976,0.03591382,0.00242399,-0.03348983,0.6795474886894226,0.5837398171424866,0.628010630607605,0.679908812046051,0.5824538469314575,0.6274195313453674
1415,تعداد موجودات زنده در دریاچه و اطراف آن در طول ماه ژوئن نسبتاً ثابت باقی ماند. در ماه ژوئیه، یک دوره سه هفته‌ای با دماهای بالا و بدون بارش باران وجود داشت. این منجر به فراوانی بیش از حد جلبک‌های سبز شد که تقریباً سطح دریاچه را پوشانده بود. این احتمالاً منجر به چه چیزی خواهد شد؟,"['کاهش تعداد باکتری\u200cها.', 'کاهش مقدار اکسیژن.', 'افزایش دماى آب.', 'افزایش جمعيت ماهي\u200cها.']",B,افزایش جلبک‌های سبز، با افزایش مصرف اکسیژن در شب و تجزیه جلبک‌ها پس از مرگ، منجر به کاهش اکسیژن محلول در آب می‌شود که برای موجودات آبزی خطرناک است.,B,0.9892471432685852,B,0.9992710947990416,True,True,True,True,[4.0904828e-03 9.8924714e-01 7.1081927e-04 5.9516169e-03],[3.9190965e-04 9.9927109e-01 1.2723444e-04 2.0977414e-04],0.8697842359542847,0.98924714,0.99927109,0.01002395,0.8233163356781006,0.7241803407669067,0.7705729007720947,0.8233163356781006,0.7241803407669067,0.7705729007720947
1416,یک کشاورز سه مزرعه بزرگ دارد که برنامه‌ریزی کرده است تا علف‌ها را برای برداشت کاه رشد دهد. علف‌ها باید تنها پس از دو سال رشد برداشت شوند. کشاورز چه کاری می‌تواند انجام دهد تا مطمئن شود هر سال محصول کاه دارد؟,"['هر مزرعه را با فاصله یک ساله بکارید.', 'علف\u200cها را به نزدیکی هم بکارید.', 'تمام مزرعه\u200cها را همزمان بکارید، اما با انواع مختلفی از علف\u200cها.', 'علف\u200cهای فصل گرم و علف\u200cهای فصل خنک را در هر مزرعه همزمان بکارید.']",A,کشاورز باید مزارع را با فاصله یک ساله بکارد تا در هر سال یک مزرعه آماده برداشت باشد.,C,0.4440339207649231,A,0.9594186544418336,False,True,True,True,[0.30517977 0.16335095 0.44403392 0.08743546],[0.95941865 0.02885898 0.00729669 0.00442567],0.7942404747009277,0.30517977,0.95941865,0.6542388800000001,0.8648166060447693,0.7183642983436584,0.7848166823387146,0.8648165464401245,0.7183642387390137,0.784816563129425
1417,راوی، که در استو، ماساچوست زندگی می‌کند، می‌خواهد پیامی به دوستش در هند بفرستد. کدام ابزار در ارسال این پیام کمترین کمک را خواهد کرد؟,"['مداد', 'کامپیوتر', 'تلفن', 'رادیو AM/FM']",D,[MASK] وسیله‌ای است که نمی‌تواند به تنهایی پیام را ارسال کند.,B,0.3818158507347107,D,0.3881207406520843,False,True,True,True,[0.16041286 0.38181585 0.16041286 0.29735848],[0.18333524 0.1617928  0.26675123 0.38812074],0.5619784593582153,0.29735848,0.38812074,0.09076226,0.7310395240783691,0.527469277381897,0.6127901673316956,0.7097742557525635,0.5136083364486694,0.5959639549255371
1418,خاک ترکیبی از مواد مختلف است که ممکن است شامل موارد زیر باشد,"['خورشید، آب، خاک رس و شن', 'شن، خاک رس، باد و سنگریزه\u200cها', 'شن، خاک رس، گیاهان مرده و حیوانات مرده', 'برگ\u200cها، شاخه\u200cها، خورشید و باد']",C,خاک ترکیبی از مواد مختلف است که شامل شن، خاک رس و مواد آلی مانند گیاهان و حیوانات مرده است.,B,0.5747529864311218,C,0.6994330883026123,False,True,True,True,[0.3950216  0.574753   0.02525288 0.00497259],[2.915671e-01 8.736045e-03 6.994331e-01 2.638057e-04],0.8158622980117798,0.02525288,0.6994331,0.67418022,0.8118107914924622,0.6700509190559387,0.734150230884552,0.8179762363433838,0.6717541217803955,0.7376890778541565
1419,وظیفه اصلی دیواره سلولی در یک سلول گیاهی چیست؟,"['حفاظت در برابر بیماری', 'ایجاد حمایت ساختاری', 'نگهداری اجزای سلول', 'کمک به تقسیم سلولی']",B,حمایت ساختاری و حفظ شکل سلول از وظایف اصلی دیواره سلولی است.,B,0.8750349879264832,B,0.9933736324310304,True,True,True,True,[0.02976712 0.875035   0.01428242 0.08091543],[5.1419633e-03 9.9337363e-01 6.9588906e-04 7.8854564e-04],0.8523926138877869,0.875035,0.99337363,0.11833863,0.7864121794700623,0.552221953868866,0.6488316059112549,0.7864121198654175,0.552221953868866,0.6488316059112549
1420,حذف مواد گیاهی، مانند باقیمانده‌های چمن، به احتمال زیاد بر روی یک اکوسیستم چگونه تأثیر خواهد گذاشت؟,"['کاهش پتانسیل فرسایش خاک.', 'افزایش غذاهای موجود برای مصرف\u200cکنندگان.', 'کاهش مواد مغذی موجود برای گیاهان جدید.', 'افزایش تجمع مواد آلی.']",C,حذف مواد گیاهی باعث کاهش مواد مغذی خاک می‌شود زیرا این مواد پس از تجزیه، به عنوان مواد مغذی برای گیاهان جدید عمل می‌کنند.,A,0.8277896046638489,C,0.9100711345672609,False,True,True,True,[0.8277896  0.08724838 0.05996488 0.02499708],[8.4649809e-02 4.7756149e-03 9.1007113e-01 5.0334609e-04],0.8543109893798828,0.05996488,0.91007113,0.85010625,0.8297633528709412,0.6940898895263672,0.7558868527412415,0.8297633528709412,0.6940898895263672,0.7558868527412415
1421,کدام مورد را می‌توان پس از یک بررسی با اطمینان دوباره استفاده کرد؟,"['شیشه\u200cآلاتی که برای گرم کردن مایعات استفاده شده\u200cاند', 'کاغذ فیلتر که برای فیلتر کردن آب استفاده شده است', 'دستمال کاغذی که برای جذب آب استفاده شده است', 'مواد شیمیایی پودری که از نشت تمیز شده\u200cاند']",A,شیشه‌آلات پس از شستشو و خشک کردن قابل استفاده مجدد هستند.,A,0.6060500144958496,A,0.7780726552009583,True,True,True,True,[0.60605    0.17499807 0.13628864 0.08266325],[0.77807266 0.11932131 0.06386809 0.03873796],0.8700190186500549,0.60605,0.77807266,0.17202266,0.878709077835083,0.6394510269165039,0.7402268648147583,0.8787091970443726,0.6394510269165039,0.7402268648147583
1422,زمانی که یک سگ یک گربه را می‌بیند، پیامی از چشم‌های سگ به,"['مغز سگ', 'بینی سگ', 'پاهای سگ', 'عضلات سگ']",A,اطلاعات بصری از چشم‌ها به مرکز پردازش مغز ارسال می‌شود.,A,0.7358705401420593,A,0.9734206199645996,True,True,True,True,[0.73587054 0.16387454 0.00085993 0.09939493],[9.7342062e-01 2.5915461e-02 4.4845354e-05 6.1907101e-04],0.6072472333908081,0.73587054,0.97342062,0.23755008,0.7910749912261963,0.5799492597579956,0.6692563891410828,0.7910749316215515,0.5799492597579956,0.6692563891410828
1423,سیستم گوارش غذا را به مولکول‌هایی تجزیه می‌کند که توسط سلول‌های بدن ما استفاده می‌شود. کدام سیستم دیگر بدن سرعت عملکرد سیستم گوارش را تنظیم می‌کند؟,"['سیستم گردش خون', 'سیستم دفع', 'سیستم ایمنی', 'سیستم عصبی']",D,[MASK] با ارسال سیگنال‌های عصبی، سرعت عملکرد سیستم گوارش را تنظیم می‌کند و فعالیت‌های مختلف آن را کنترل می‌کند.,A,0.6933748126029968,D,0.6917792558670044,False,True,True,True,[0.6933748  0.01621135 0.00080712 0.2896067 ],[0.28837648 0.01857988 0.00126438 0.69177926],0.8409715294837952,0.2896067,0.69177926,0.40217256,0.8382355570793152,0.6717177033424377,0.7457948327064514,0.8316102623939514,0.6546950936317444,0.7326235771179199
1424,اگر الگوهای آب و هوایی تغییر کنند و سردتر بمانند، یکی از روش‌هایی که یک پستاندار احتمالاً به این تغییر عادت می‌کند کدام است؟,"['کمتر بخورد', 'خواب زمستانی برود', 'پوده\u200cاش را ضخیم تر کند', 'دمای بدنش را افزایش دهد']",C,پستاندار با ضخیم‌تر کردن پوشش بدن خود، گرمای بدن را حفظ کرده و به تغییرات آب و هوایی سردتر سازگار می‌شود.,B,0.9768062829971312,B,0.3443904817104339,False,False,False,False,[0.0203722  0.9768063  0.00114932 0.00167225],[1.1876820e-02 6.4340609e-01 3.4439048e-01 3.2655351e-04],0.7629967331886292,0.00114932,0.34439048,0.34324116,0.7391430139541626,0.5660493969917297,0.6411184072494507,0.7385783791542053,0.5655313730239868,0.6405737400054932
1425,کدام یک از این موارد، مزیت میکروارگانیسم‌ها نیست؟,"['آن\u200cها مواد مغذی را در خاک آزاد می\u200cکنند.', 'آن\u200cها به تولید آنتی\u200cبیوتیک\u200cها کمک می\u200cکنند.', 'آن\u200cها باعث فاسد شدن غذا می\u200cشوند.', 'آن\u200cها زباله\u200cها را تجزیه می\u200cکنند.']",C,فاسد شدن غذا به عنوان یک مشکل و ضرر تلقی می‌شود نه مزیت.,C,0.9928587675094604,C,0.9964112639427184,True,True,True,True,[5.8979918e-03 6.2164373e-04 9.9285877e-01 6.2164373e-04],[3.1344113e-03 2.3426351e-04 9.9641126e-01 2.2007021e-04],0.5076223015785217,0.99285877,0.99641126,0.00355249,0.8072081804275513,0.5124347805976868,0.6268991231918335,0.8072081804275513,0.5124347805976868,0.6268991231918335
1426,یک قابلمه به شعله یک اجاق گاز تماس دارد و ماده داخل قابلمه به دلیل تماس در حال گرم شدن است. این مثال از کدام نوع انتقال انرژی است؟,"['تشعشع', 'کنوکسیون', 'رسانش', 'تبخیر']",C,انتقال انرژی حرارتی از طریق تماس مستقیم بین دو جسم.,B,0.8523818850517273,B,0.0511424131691455,False,False,False,False,[0.11580884 0.8523819  0.02245057 0.00935879],[0.03982975 0.90652096 0.05114241 0.00250676],0.7937124967575073,0.02245057,0.05114241,0.02869184,0.7817268967628479,0.5427034497261047,0.6406465768814087,0.789243221282959,0.5482643246650696,0.6470451951026917
1427,برخی از محققان بر این باورند که بتا کاروتن، که در هویج وجود دارد، ممکن است به انسان‌ها کمک کند طولانی‌تر زندگی کنند. چند دانشمند یک آزمایش طراحی کردند که در آن از صد نفر خواسته می‌شد روزانه به مدت دو سال دوز دوبرابری از بتا کاروتن مصرف کنند و صد نفر دیگر به مدت همان زمان یک دارونما، یعنی قرص قند، دریافت کردند. پس از گذشت دو سال، دانشمندان برنامه‌ریزی کردند تا داده‌ها را جمع‌آوری کرده و نتیجه‌گیری کنند. این یک مثال خوب از یک مطالعه علمی نیست و به‌دلیل زیر انجام نشده است:,"['الف) گروه کنترل وجود ندارد.', 'ب) متغیرهای زیادی وجود دارد.', 'ج) گروه آزمایشی وجود ندارد.', 'د) فرضیه\u200cای که قابل آزمون باشد، وجود ندارد.']",B,این مطالعه فاقد فرضیه‌ای است که قابل آزمون باشد، زیرا فرضیه علمی باید بتواند تایید یا رد شود و محققان در اینجا چنین فرضیه‌ای ندارند.,A,0.991904616355896,D,0.0022286477033048,False,False,False,False,[9.9190462e-01 3.8712568e-04 1.7178599e-04 7.5363964e-03],[9.4764508e-02 2.2286477e-03 3.8728089e-04 9.0261960e-01],0.9140360355377196,0.00038712568,0.0022286477,0.00184152202,0.8080965876579285,0.7043682336807251,0.7526755332946777,0.8080966472625732,0.7043682336807251,0.752675473690033
1428,قانون اول نیوتن در حرکت بیان می‌کند که یک جسم در آرامش در حالت آرامش باقی می‌ماند مگر آنکه تحت تأثیر یک نیروی خارجی قرار گیرد. کدام فعالیت مثالی از این قانون است؟,"['یک توپ فوتبال از روی تکیه\u200cگاه ضربه زده می\u200cشود.', 'یک بازیکن بیس\u200cبال به سمت پایه دوم سر می\u200cخورد.', 'یک چوب شناور از روی آبشار عبور می\u200cکند.', 'یک دوچرخه وقتی به سمت پایین می\u200cرود سریع\u200cتر حرکت می\u200cکند.']",A,یک جسم در حالت سکون، با وارد شدن نیروی خارجی، تغییر حالت می‌دهد. مثلا وقتی نیرویی به جسم ساکن وارد می‌شود، شروع به حرکت می‌کند.,A,0.8343139290809631,A,0.9658260941505432,True,True,True,True,[0.8343139  0.09925611 0.04688527 0.01954469],[0.9658261  0.02244942 0.00935831 0.00236615],0.6560471653938293,0.8343139,0.9658261,0.1315121999999999,0.8071476817131042,0.6786866784095764,0.7373639941215515,0.8068763613700867,0.6791307926177979,0.7375127077102661
1429,کدامیک از موارد زیر از اتم‌ها ساخته شده است؟,"['جاذبه', 'نور', 'حرارت', 'هوا']",D,[MASK] از ترکیبات مختلفی تشکیل شده که خود از اتم‌ها ساخته شده‌اند.,B,0.5855885148048401,D,0.7769495844841003,False,True,True,True,[0.21626912 0.5855885  0.00728559 0.19085683],[0.15419036 0.06427611 0.00458396 0.7769496 ],0.7640154957771301,0.19085683,0.7769496,0.58609277,0.8634192943572998,0.6831434369087219,0.7627744078636169,0.8620831370353699,0.6866260766983032,0.7644156813621521
1430,یک جسم با شتاب ۳ متر بر ثانیه به توان دو زمانی که نیروی ۱۰ نیوتن به آن اعمال می‌شود، شتاب می‌گیرد. کدام نیروی زیر باعث می‌شود این جسم با شتاب ۶ متر بر ثانیه به توان دو شتاب بگیرد؟,"['۵ نیوتن', '۱۰ نیوتن', '۲۰ نیوتن', '۳۰ نیوتن']",C,با توجه به قانون دوم نیوتن، اگر شتاب جسم از ۳ به ۶ متر بر ثانیه به توان دو افزایش یابد، نیروی وارد بر جسم نیز باید دو برابر شود. بنابراین نیروی جدید [MASK] خواهد بود.,C,0.8208619952201843,C,0.971108376979828,True,True,True,True,[0.08651821 0.04630987 0.820862   0.04630987],[0.01078804 0.00240714 0.9711084  0.01569651],0.9351665377616882,0.820862,0.9711084,0.1502464,0.914680004119873,0.7607415318489075,0.8306388258934021,0.914246678352356,0.760558545589447,0.8303510546684265
1431,سوال: ۲۲ سندی در حال انجام تحقیقی است تا ببیند کدام غذا برای سگش بهتر است. کدام متغیر دستکاری شده در تحقیق اوست؟,"['A) رنگ ظرف غذای سگش', 'B) نوع غذایی که به سگش می\u200cدهد', 'C) مقدار غذایی که به سگش می\u200cدهد', 'D) زمان روز که به سگش غذا می\u200cدهد']",B,عاملی که سندی به طور عمدی تغییر می‌دهد تا اثر آن را بر سلامت سگش مشاهده کند، نوع غذایی است که به او می‌دهد.,C,0.5279256701469421,B,0.9444551467895508,False,True,True,True,[0.15125324 0.28257826 0.52792567 0.03824281],[0.03231748 0.94445515 0.01960154 0.00362592],0.6799187064170837,0.28257826,0.94445515,0.66187689,0.8214882612228394,0.6440903544425964,0.7220529317855835,0.8214882612228394,0.6440902948379517,0.7220529317855835
1432,مت سوال: مت پسر قدبلندی است که یازده سال سن دارد. او بر روی گونه راستش یک زخم دارد. او باهوش و درامر بسیار خوبی است. کدامیک از ویژگی‌های او احتمالاً به ارث برده شده است؟,"['قد او', 'زخم او بر روی گونه راستش', 'هوش او', 'توانایی او در نواختن درام']",A,خصوصیات فیزیکی مانند قد تحت تأثیر عوامل ژنتیکی قرار دارند.,B,0.4813756048679352,C,0.1599935740232467,False,False,False,False,[0.2014526  0.4813756  0.2931118  0.02406008],[0.15999357 0.02199376 0.8156945  0.00231812],0.7587866187095642,0.2014526,0.15999357,-0.04145903,0.8159496188163757,0.5228502750396729,0.6373162269592285,0.8092248439788818,0.5189754366874695,0.6323862671852112
1433,تمامی موارد زیر از شیوه‌های ایمن آزمایشگاهی هستند به جز,"['نگهداری میز منظم.', 'پوشیدن عینک ایمنی در حین آزمایشات.', 'مخلوط کردن مواد شیمیایی قبل از خواندن دستورالعمل\u200cها.', 'شستن دست\u200cها به\u200cخوبی پس از اتمام آزمایش.']",C,مخلوط کردن مواد شیمیایی بدون خواندن دستورالعمل‌ها خطرناک است و از شیوه‌های ایمن آزمایشگاهی نیست.,C,0.7960686087608337,C,0.9649876952171326,True,True,True,True,[0.12208108 0.07404592 0.7960686  0.00780438],[2.9083245e-02 5.7268306e-03 9.6498770e-01 2.0218184e-04],0.6744537949562073,0.7960686,0.9649877,0.1689191,0.6506479382514954,0.49259114265441895,0.560693621635437,0.6449862718582153,0.4935711920261383,0.5592105388641357
1434,کدام جمله نمی‌تواند توضیح دهد که چرا شناگر نفر اول سریع‌تر از شناگر نفر دوم بود؟,"['برنده مقاومت آب کمتری را تجربه کرد.', 'کشیدگی گرانشی بیشتری بر روی برنده وجود داشت.', 'سایش سبقت را برای شناگر نفر دوم کاهش داد.', 'نیروی بیشتری در ضربه\u200cها و حرکات برنده وجود داشت.']",B,نیروی گرانشی به سمت پایین است و تاثیری در سرعت شناگر ندارد.,C,0.5702845454216003,B,0.7558957934379578,False,True,True,True,[0.18442246 0.20897804 0.57028455 0.03631494],[0.1488447  0.7558958  0.06204771 0.03321175],0.8283357620239258,0.20897804,0.7558958,0.54691776,0.7268471717834473,0.5779145359992981,0.6438809037208557,0.7268471121788025,0.5779144763946533,0.6438807845115662
1435,یک لیوان به طور نیمه پر از آب است. پنج تکه یخ در لیوان قرار داده می‌شوند که باعث می‌شود سطح آب به لبه لیوان برسد. کدام یک از عبارات زیر بهترین توضیح را برای افزایش سطح آب ارائه می‌دهد؟,"['حجم یخ غوطه\u200cور برابر با حجم آبی است که جابجا شده است.', 'جرم آب در لیوان کمتر از جرم یخ است.', 'وزن یخ کمتر از وزن آب در لیوان است.', 'چگالی آب در لیوان بیشتر از چگالی یخ است.']",A,چگالی آب بیشتر از چگالی یخ است، بنابراین حجم یخ بیشتر از حجم آبی است که جایگزین می‌شود و این اختلاف حجم باعث افزایش سطح آب می‌شود.,D,0.5872631072998047,A,0.5508131384849548,False,True,True,True,[0.40519935 0.00569025 0.00184735 0.5872631 ],[0.55081314 0.01884779 0.00136533 0.4289737 ],0.8305184841156006,0.40519935,0.55081314,0.14561379,0.8100044131278992,0.6805663108825684,0.7396652698516846,0.8100044131278992,0.6805663108825684,0.7396652698516846
1436,کدام ماده بیشترین مقدار انرژی را از خورشید حفظ خواهد کرد؟,"['برف', 'شن', 'علف', 'آب']",B,[MASK] به دلیل بافت آلی و ساختار پیچیده، انرژی زیادی را از خورشید جذب می‌کند.,D,0.7514098286628723,D,0.0757886171340942,False,False,False,False,[0.10209028 0.13108651 0.01541333 0.7514098 ],[0.16044451 0.07578862 0.33439508 0.42937177],0.75380539894104,0.13108651,0.07578862,-0.0552978899999999,0.8753144145011902,0.6271353363990784,0.7307273745536804,0.8607325553894043,0.6171470284461975,0.7188658714294434
1437,در اقیانوس آرام استوائی، جابه‌جایی آب‌های سرد و عمیق به سطح آب رخ می‌دهد. این آب سرشار از مواد مغذی و گاز دی‌اکسید کربن حل شده است. در طول یک رویداد النینو، جابه‌جایی آب کاهش می‌یابد. این باعث می‌شود دمای آب‌های سطح افزایش یابد. کدام یک از موارد زیر در اقیانوس آرام استوائی در سال النینو محتمل‌تر است؟,"['کاهش در آزادسازی دی\u200cاکسید کربن به جو', 'افزایش در فتوسنتز توسط جلبک\u200cها در آب\u200cهای سطحی', 'افزایش در اکسیژن حل\u200cشده در آب\u200cهای سطحی', 'کاهش در بارش بر روی آب\u200cهای اقیانوس']",A,در طول النینو، جابه‌جایی آب‌های سرد و عمیق کاهش می‌یابد و موجب کاهش مواد مغذی در سطح آب می‌شود. این کاهش، فتوسنتز و جذب دی‌اکسید کربن را کم می‌کند و در نتیجه، آزادسازی دی‌اکسید کربن به جو کاهش می‌یابد.,A,0.7124109268188477,A,0.9721763134002686,True,True,True,True,[0.7124109  0.23038426 0.02159715 0.03560767],[0.9721763  0.02027564 0.00512648 0.00242158],0.8738093376159668,0.7124109,0.9721763,0.2597654,0.8751239776611328,0.7552915811538696,0.8108040690422058,0.8775651454925537,0.7595499157905579,0.8143038153648376
1438,ریشه‌های یک گیاه می‌توانند از طریق ترک‌ها در یک جاده رشد کنند و در نهایت باعث شکستن جاده شوند. چه نوع فرآیندی در حال وقوع است؟,"['فرسایش', 'لایه\u200cلایه شدن', 'هوازدگی', 'رسوب\u200cگذاری']",C,شکستن جاده ناشی از رشد فیزیکی ریشه‌های گیاه از طریق ترک‌ها، نمونه‌ای از [MASK] مکانیکی است.,A,0.9942724704742432,A,0.0128881875425577,False,False,False,False,[9.9427247e-01 4.1002361e-03 7.1251416e-04 9.1488624e-04],[0.90000916 0.08404154 0.01288819 0.00306121],0.8170552253723145,0.00071251416,0.01288819,0.01217567584,0.7837438583374023,0.6153634786605835,0.689421534538269,0.7628205418586731,0.5932130813598633,0.6674098968505859
1439,یک دانشمند در حال انجام آزمایش برای تعیین نقطه ذوب یک ماده جدید است. کدام عمل می‌تواند احتمال به دست آوردن نتایج دقیق را افزایش دهد؟,"['تکرار آزمایش سه بار', 'آزمایش با چندین ماده', 'نوشتن مراحل بعد از آزمایش', 'استفاده از سه نوع دماسنج در آزمایش']",A,تکرار آزمایش‌ها به کاهش خطاهای تصادفی و افزایش دقت نتایج کمک می‌کند و اطمینان به یافته‌ها را بالا می‌برد.,A,0.5201152563095093,A,0.9717646837234496,True,True,True,True,[5.2011526e-01 2.0404780e-02 4.7987443e-04 4.5900011e-01],[9.7176468e-01 7.4485540e-03 5.3957145e-04 2.0247268e-02],0.9075492024421692,0.52011526,0.97176468,0.4516494200000001,0.9271314144134521,0.6527642011642456,0.7661243081092834,0.9262793660163879,0.6517975330352783,0.7651675343513489
1440,کدام یک از رفتارهای آموزشی برای راسو بیشترین احتمال را دارد؟,"['ساختن آشیانه در درون یک درخت توخالی', 'باز کردن سطل زباله به دنبال غذا', 'حرکت چهار پا هنگام دویدن', 'داشتن یک زایمان از چهار بچه']",B,راسوها جانوران نیمه درختی هستند و در درختان زندگی می‌کنند، پس آشیانه درخت توخالی می‌سازند.,A,0.4869193732738495,A,0.006617410108447,False,False,False,False,[0.48691937 0.37921318 0.05861033 0.07525716],[0.9898135  0.00661741 0.00167314 0.00189592],0.7860592007637024,0.37921318,0.00661741,-0.37259577,0.7488527894020081,0.6293578147888184,0.6839250922203064,0.7512603402137756,0.635103702545166,0.6883159875869751
1441,سوالی: یک دانش‌آموز در حال مطالعه منابع غیرقابل تجدید است. کدام‌یک از این منابع ممکن است دانش‌آموز در حال مطالعه باشد؟,"['الف) زغال\u200cسنگ', 'ب) درختان', 'ج) آب', 'د) باد']",A,زغال‌سنگ منبعی است که پس از استفاده قابل بازیابی نیست.,D,0.3679308891296386,A,0.6630399227142334,False,True,True,True,[0.28431496 0.28431496 0.06343924 0.3679309 ],[0.6630399  0.21525754 0.02002207 0.10168047],0.8068711757659912,0.28431496,0.6630399,0.37872494,0.8307202458381653,0.6764024496078491,0.7456608414649963,0.8307202458381653,0.6764024496078491,0.7456608414649963
1442,حیوانات می‌توانند از طریق فعالیت‌های جستجوی غذا و بزرگ کردن فرزندان خود بر محیط‌زیست خود تأثیر بگذارند. گاهی اوقات این فعالیت‌ها تأثیر مثبت بر محیط‌زیست سایر موجودات دارند. بهترین مثال از فعالیتی که تأثیر مثبت دارد کدام است؟,"['فیل\u200cها پوست درختان را می\u200cتراشند', 'ویروس\u200cها سلول\u200cهای برخی از پرندگان را آلوده می\u200cکنند', 'بیورهای بند ساختن سد برای ایجاد دریاچه\u200cها برای خانه\u200cهای خود', 'پستانداران نیمه\u200cآبی به ریشه\u200cهای گیاهان آبزی تغذیه می\u200cکنند']",C,بیورها با ساخت سد، دریاچه‌هایی ایجاد می‌کنند که منبع آب و زیستگاه مناسبی برای موجودات دیگر می‌شود.,C,0.9568611979484558,C,0.9759135246276855,True,True,True,True,[0.0325507  0.00126213 0.9568612  0.00932593],[2.2595460e-02 1.1975154e-03 9.7591352e-01 2.9346379e-04],0.9428243041038512,0.9568612,0.97591352,0.01905232,0.89301598072052,0.6664379835128784,0.7632668018341064,0.89301598072052,0.6664379835128784,0.7632668018341064
1443,یک شرط لازم برای تولید الماس چیست؟,"['ارتفاع زیاد', 'فشار شدید', 'سرمازدگی سریع', 'دمای پایین']",B,[MASK] برای تولید الماس ضروری است زیرا منجر به تشکیل ساختار بلوری آن می‌شود.,B,0.9627447724342346,B,0.9924032688140868,True,True,True,True,[0.01550065 0.9627448  0.00185129 0.01990323],[4.1195937e-03 9.9240327e-01 9.7848917e-04 2.4986598e-03],0.8104345798492432,0.9627448,0.99240327,0.0296584699999999,0.7790165543556213,0.5525612235069275,0.6465327739715576,0.7797609567642212,0.5518964529037476,0.6463333368301392
1444,یک دانشمند یک سنگ را به عنوان سنگ آتش‌فشانی بیرونی دسته‌بندی کرد. یک دانشمند دیگر می‌تواند همان سنگ را به‌طور دقیق به عنوان,"['سنگ آتش\u200cفشانی درونی.', 'سنگ رسوبی کلاستیک.', 'سنگ دگرگونی.', 'سنگ آتش\u200cفشانی.']",D,سنگ آتش‌فشانی بیرونی همان سنگ آتش‌فشانی است.,A,0.6753779649734497,D,0.5900097489356995,False,True,True,True,[0.67537796 0.17143063 0.00190442 0.151287  ],[3.5507411e-01 5.4452378e-02 4.6380158e-04 5.9000975e-01],0.7859970331192017,0.151287,0.59000975,0.43872275,0.910733699798584,0.6115875244140625,0.7317684888839722,0.910733699798584,0.6115875244140625,0.7317684888839722
1445,کدام یک از این موارد سریعترین روند تشکیل خاک جدید را دارد؟,"['چوبی که در جنگل در حال تجزیه است.', 'آبی که در یک جوی در حال جریان است.', 'سنگی که در باغ نشسته است.', 'موج هایی که بر روی یک ساحل شکسته می شوند.']",A,وجود میکروارگانیسم‌ها و شرایط مناسب برای تجزیه مواد آلی در چوب در حال تجزیه در جنگل، منجر به سریعترین روند تشکیل خاک جدید می‌شود.,A,0.9963533878326416,A,0.9993452429771424,True,True,True,True,[9.96353388e-01 2.50309939e-03 1.00136574e-04 1.04344706e-03],[9.9934524e-01 4.9256242e-04 1.0324670e-04 5.8828191e-05],0.8346032500267029,0.996353388,0.99934524,0.002991852,0.8478003740310669,0.6847349405288696,0.7575923800468445,0.8478003740310669,0.6847349405288696,0.7575923800468445
1446,ایرین نیاز دارد دو تخته را به هم متصل کند. کدامیک برای اتصال تخته‌ها استفاده نمی‌شود؟,"['چسب', 'پیچ\u200cها', 'میخ\u200cها', 'اره']",D,[MASK] برای بریدن چوب است، نه اتصال تخته‌ها.,D,0.4014884531497955,C,0.2288548499345779,True,False,False,False,[0.27593872 0.07905777 0.24351506 0.40148845],[0.25932655 0.02733281 0.48448575 0.22885485],0.8089486360549927,0.40148845,0.22885485,-0.1726336,0.7820000648498535,0.6195083856582642,0.6913345456123352,0.7613751888275146,0.6031303405761719,0.6730767488479614
1447,گابرو و بازالت به عنوان سنگ‌های آتشفشانی طبقه‌بندی می‌شوند. با اینکه نام‌ها متفاوت هستند، آنها از نظر ترکیب شیمیایی مشابه هستند. زمین‌شناسان معمولاً از کدام ویژگی برای شناسایی و تفکیک این دو نوع سنگ استفاده می‌کنند؟,"['رنگ', 'بافت', 'سختی', 'مبدأ']",D,زمین‌شناسان برای تفکیک گابرو و بازالت، [MASK] آنها را بررسی می‌کنند. [MASK]، نحوه تشکیل و خنک شدن ماگما را نشان می‌دهد و در نتیجه، این ویژگی برای شناسایی این دو سنگ مهم است.,B,0.924272119998932,B,0.031611043959856,False,False,False,False,[0.0461969  0.9242721  0.01476542 0.01476542],[4.0589385e-02 9.2742580e-01 3.7381530e-04 3.1611044e-02],0.8256278038024902,0.01476542,0.031611044,0.0168456239999999,0.8192774057388306,0.6639230251312256,0.7334641218185425,0.8073911666870117,0.6458818912506104,0.7176618576049805
1448,یک فروشگاه مهمانی بادکنک‌های پر از هلیوم را به منازل و کسب‌وکارها تحویل می‌دهد. صاحبان فروشگاه از تجربه متوجه می‌شوند که در روزهای گرم تابستان باید بادکنک‌ها را فقط تا سه‌چهارم پر کنند. در روزهای سرد زمستان می‌توانند بادکنک‌ها را به‌طور کامل پر کنند. بهترین فرضیه برای توضیح این مشاهده کدام است؟,"['الف) گاز هلیوم در فصل زمستان فعال\u200cتر است.', 'ب) هوای خارج از بادکنک\u200cها به داخل بادکنک\u200cها نشت می\u200cکند.', 'ج) با افزایش دما، هلیوم داخل بادکنک\u200cها منبسط می\u200cشود.', 'د) فشار هوای بیرون در تابستان کمتر از فشار هوای داخل است.']",C,افزایش دما باعث انبساط هلیوم می‌شود؛ بنابراین در روزهای گرم باید بادکنک‌ها را کمتر پر کرد.,C,0.5494056940078735,C,0.9589672088623048,True,True,True,True,[0.09622119 0.23082264 0.5494057  0.12355046],[0.03307142 0.00447573 0.9589672  0.0034857 ],0.8007050156593323,0.5494057,0.9589672,0.4095615,0.8177524209022522,0.6738357543945312,0.7388511896133423,0.8177524209022522,0.6738357543945312,0.7388511896133423
1449,درختان یک منبع طبیعی تجدیدپذیر هستند. کدامیک از این صنایع کمترین نیاز را به درختان دارد؟,"['الف) تولید خودرو', 'ب) ساخت و ساز خانه', 'ج) منظر سازی', 'د) روزنامه']",A,تولید خودرو به مواد اولیه مختلفی نیاز دارد، اما کمترین وابستگی به درختان را دارد.,B,0.4258861839771271,A,0.4234426021575928,False,True,True,True,[0.17753577 0.42588618 0.25831303 0.138265  ],[0.4234426  0.20002012 0.17651713 0.20002012],0.8460471630096436,0.17753577,0.4234426,0.24590683,0.8095054030418396,0.6080261468887329,0.6944472789764404,0.8095053434371948,0.6080262064933777,0.6944472789764404
1450,یک یون آلومینیوم بار +3 دارد و یک یون اکسید بار -2. محصول واکنش بین این دو عنصر چه خواهد بود؟,"['Al_{2}O', 'Al_{2}O_{3}', '2AlO_{3}', 'Al_{3}O_{2}']",B,برای خنثی شدن بارها، دو یون آلومینیوم با سه یون اکسید واکنش می‌دهند و ترکیبی با فرمول شیمیایی حاصل می‌شود.,B,0.8919864296913147,B,0.9135509133338928,True,True,True,True,[1.0674086e-01 8.9198643e-01 2.2631080e-04 1.0464506e-03],[8.5639924e-02 9.1355091e-01 1.5530748e-04 6.5386889e-04],0.8940156102180481,0.89198643,0.91355091,0.0215644799999999,0.8338135480880737,0.6386688947677612,0.7233101725578308,0.8338135480880737,0.6386688947677612,0.7233101725578308
1451,چرا ایجاد یک اکوسیستم تراریوم که بدون کمک انسان برای مدت طولانی دوام بیاورد دشوار است؟,"['اکوسیستم\u200cهای تراریوم نمی\u200cتوانند نور خورشید کافی دریافت کنند.', 'اکوسیستم\u200cهای تراریوم نمی\u200cتوانند اکسیژن کافی دریافت کنند.', 'اکوسیستم\u200cهایی با تعداد کمی از گونه\u200cها ضعیف و ناپایدار هستند.', 'تمام اکوسیستم\u200cها نیاز به مدیریت فکری انسان دارند.']",C,تنوع زیستی پایین در اکوسیستم‌های تراریوم، باعث ناپایداری و ضعف آنها در برابر تغییرات و چالش‌ها می‌شود و در نتیجه دوام طولانی‌مدت بدون کمک انسان دشوار است.,A,0.5722960829734802,C,0.9180415868759156,False,True,True,True,[0.5722961  0.39333296 0.02871642 0.0056546 ],[0.05914873 0.0217596  0.9180416  0.00105002],0.7618327736854553,0.02871642,0.9180416,0.88932518,0.8283325433731079,0.6759258508682251,0.7444085478782654,0.8283325433731079,0.6759258508682251,0.7444085478782654
1452,یک پژوهشگر از چندین روش برای جدا کردن یک نمونه سنگ به مواد شیمیایی مختلف استفاده می‌کند. یک جرم 50 گرمی از یک ماده شیمیایی تولید می‌شود. اگر این ماده شیمیایی نتواند به مواد شیمیایی دیگری جدا شود، بهترین توصیف برای آن چیست؟,"['یک ترکیب.', 'یک مخلوط.', 'یک محلول.', 'یک عنصر.']",D,نمونه ماده شیمیایی ناپاک و غیر قابل تجزیه به مواد دیگر است.,A,0.9276211857795716,A,0.0009189188131131,False,False,False,False,[9.2762119e-01 6.6934675e-02 5.1910052e-04 4.9250885e-03],[6.5063089e-01 3.4825763e-01 1.9261584e-04 9.1891881e-04],0.5542874932289124,0.0049250885,0.00091891881,-0.00400616969,0.599479615688324,0.4931115508079529,0.5411179065704346,0.5994795560836792,0.4931115508079529,0.5411179065704346
1453,در مسابقه‌ی لاستیکی، اردک برنده ۳۰۰ متر را در ۱۰ دقیقه پیمود. سرعت متوسط اردک چقدر بود؟,"['۰.۵ متر بر ثانیه', '۱.۰ متر بر ثانیه', '۷.۵ متر بر ثانیه', '۳۰ متر بر ثانیه']",A,با تقسیم مسافت ۳۰۰ متر بر زمان ۶۰۰ ثانیه (۱۰ دقیقه)، سرعت متوسط اردک [MASK] به دست می‌آید.,C,0.8408451080322266,A,0.6605350971221924,False,True,True,True,[0.14611697 0.00811555 0.8408451  0.00492233],[0.6605351  0.01787987 0.31201467 0.0095704 ],0.9135052561759948,0.14611697,0.6605351,0.51441813,0.6872943043708801,0.587538480758667,0.6335134506225586,0.7046188116073608,0.6030055284500122,0.6498640775680542
1454,یک پژوهشگر تفاوت‌هایی در اشکال برگ‌ها بر روی درختان مختلف از همان گونه متوجه می‌شود. بهترین و دقیق‌ترین روش برای ثبت این تفاوت‌ها چیست؟,"['تعداد برگ\u200cها را در یک جدول داده\u200cها ثبت کنید', 'از هر نوع برگ با استفاده از دوربین عکاسی کنید', 'اندازه\u200cهای برگ\u200cهای مختلف را در یک دفتر یادداشت ثبت کنید', 'درصدهای تمام انواع برگ\u200cها را با استفاده از ماشین حساب محاسبه کنید']",B,عکسبرداری از برگ‌ها با دوربین، جزئیات دقیق و ظریفی را ثبت می‌کند و امکان تجزیه و تحلیل‌های بعدی را فراهم می‌سازد.,B,0.944477379322052,B,0.9874247908592224,True,True,True,True,[5.3076033e-02 9.4447738e-01 8.1860839e-04 1.6279970e-03],[1.2237136e-02 9.8742479e-01 2.3858619e-04 9.9457517e-05],0.6753183007240295,0.94447738,0.98742479,0.04294741,0.8088437914848328,0.5557355284690857,0.658815860748291,0.8088437914848328,0.5557355284690857,0.658815860748291
1455,کدامیک از مجموعه‌های زیر تنها شامل اشیایی است که به دلیل نور بازتاب شده می‌درخشند؟,"['ماه\u200cها، سیارات و دنباله\u200cدارها', 'ماه\u200cها، دنباله\u200cدارها و ستاره\u200cها', 'سیارات، ستاره\u200cها و دنباله\u200cدارها', 'سیارات، ستاره\u200cها و ماه\u200cها']",A,تنها ماه، سیارات و دنباله‌دارها نور بازتاب شده از خورشید را دارند.,B,0.4349599182605743,A,0.4874271154403686,False,True,True,True,[0.16001281 0.43495992 0.26381654 0.14121081],[0.48742712 0.37960863 0.07474937 0.05821487],0.7464385628700256,0.16001281,0.48742712,0.32741431,0.7725052833557129,0.5890366435050964,0.6684097051620483,0.7725052833557129,0.589036762714386,0.6684098243713379
1456,یک ساختمان در حال از دست دادن گرما به خارج در ماه‌های زمستان است. بهترین راه‌حل برای اصلاح این مشکل طراحی چیست؟,"['افزایش مقدار گرمایش', 'افزایش مساحت دیوارها', 'افزایش تعداد پنجره\u200cها', 'افزایش ضخامت عایق']",D,[MASK]، مقاومت حرارتی دیوارها را افزایش می‌دهد و از خروج گرما جلوگیری می‌کند.,D,0.8948842883110046,D,0.931729257106781,True,True,True,True,[0.09450451 0.0077574  0.00285379 0.8948843 ],[0.04675189 0.01339464 0.00812426 0.93172926],0.8029112815856934,0.8948843,0.93172926,0.03684496,0.915846586227417,0.6238299608230591,0.7421461343765259,0.9152671098709106,0.6119967103004456,0.7335214614868164
1457,یک دانش‌آموز آزمایشی را برای یادگیری اینکه کدام رنگ‌های نور توسط یک منشور انکسار می‌شوند، تنظیم می‌کند. چه روشی احتمالا دانش‌آموز برای جمع آوری داده‌ها استفاده خواهد کرد؟,"['تحقیق', 'مصاحبه', 'مشاهده', 'اندازه\u200cگیری']",C,دانش‌آموز برای بررسی انکسار نور، احتمالاً از روش [MASK] زوایای انکسار استفاده خواهد کرد.,C,0.958571434020996,C,0.7763261795043945,True,True,True,False,[0.0288335  0.00308689 0.95857143 0.00950828],[0.08311272 0.00565589 0.7763262  0.13490526],0.7742903828620911,0.95857143,0.7763262,-0.18224523,0.8331137895584106,0.5911329388618469,0.6915669441223145,0.8243582248687744,0.5790432691574097,0.680260181427002
1458,چه تغییری در مورد زیر اتفاق افتاده است؟ K -> K^+,"['از دست دادن یک پروتون', 'بدست آوردن یک پروتون', 'از دست دادن یک الکترون', 'بدست آوردن یک الکترون']",C,اتم پتاسیم با [MASK] به یون مثبت تبدیل می‌شود.,A,0.4167500734329223,C,0.6016660332679749,False,True,True,True,[0.41675007 0.3245653  0.10537092 0.15331379],[0.08206528 0.11940428 0.60166603 0.19686437],0.8680145740509033,0.10537092,0.60166603,0.4962951099999999,0.8759496212005615,0.6046934723854065,0.7154743075370789,0.8758947849273682,0.6080844402313232,0.7178240418434143
1459,کدام عمل مقدار اکسیژن را در یک آکواریوم افزایش می‌دهد؟,"['افزودن ماهی\u200cهای بیشتر', 'افزودن گیاهان بیشتر', 'قرار دادن غذا در آکواریوم', 'قرار دادن بخاری آب در آکواریوم']",B,افزودن گیاهان باعث افزایش فتوسنتز و تولید اکسیژن می‌شود.,B,0.8527966737747192,B,0.9959781169891356,True,True,True,True,[0.02565183 0.8527967  0.00658793 0.11496352],[2.7541264e-03 9.9597812e-01 4.7859538e-04 7.8907044e-04],0.7591416835784912,0.8527967,0.99597812,0.14318142,0.7906172871589661,0.5983956456184387,0.6812059879302979,0.8051560521125793,0.6151357889175415,0.6974344849586487
1460,یک دانش‌آموز می‌خواهد نشان دهد که ماده در یک سیب کامل برابر با ماده در تکه‌های همان سیب است. کدام فرآیند بهتر می‌تواند رابطه بین ماده در سیب کامل و تکه‌های سیب را نشان دهد؟,"['مشاهده تکه\u200cهای سیب', 'برش سیب به تکه\u200cهای بیشتر', 'مشاهده رنگ سیب کامل، سپس مشاهده رنگ تکه\u200cهای سیب', 'تعیین جرم سیب کامل، سپس تعیین جرم تکه\u200cهای سیب']",D,برای نشان دادن برابری ماده در سیب کامل و تکه‌های آن، باید جرم سیب کامل و تکه‌های آن را اندازه گرفت، زیرا جرم نشان‌دهنده مقدار ماده است و با تغییر شکل سیب تغییر نمی‌کند.,D,0.957936942577362,D,0.9809522032737732,True,True,True,True,[0.03692625 0.00348876 0.00164798 0.95793694],[1.7966766e-02 9.5220376e-04 1.2886677e-04 9.8095220e-01],0.8709143400192261,0.95793694,0.9809522,0.02301526,0.8413968682289124,0.7524412870407104,0.7944366931915283,0.8413968682289124,0.7524412870407104,0.7944366931915283
1461,گذر ال کاهون در کالیفرنیا با نرخ تقریباً ۱ سانتیمتر در هر سال در حال افزایش ارتفاع است. کدام یک از بیانیه‌ها در مورد این منطقه صحیح است؟,"['فرسایش در گذر ال کاهون کندتر از بالا آمدن است.', 'صفحه\u200cها در گذر ال کاهون در حال جدایی هستند.', 'ساخت کوه\u200cها در گذر ال کاهون کندتر از فرسایش است.', 'فرسایش و بالا آمدن در گذر ال کاهون متعادل هستند.']",A,این منطقه فعال زمین‌شناسی است و نرخ افزایش ارتفاع نشان‌دهنده جدایی صفحه‌های تکتونیکی است که منجر به افزایش ارتفاع می‌شود.,D,0.4789478182792663,B,0.0320878811180591,False,False,False,False,[0.37300494 0.08322866 0.06481854 0.47894782],[0.03208788 0.9377454  0.00811309 0.02205366],0.7510112524032593,0.37300494,0.03208788,-0.34091706,0.8270136713981628,0.6156980395317078,0.7058799862861633,0.8270136713981628,0.6156980395317078,0.7058799862861633
1462,بسیاری از حیوانات صحرا فقط در شب فعال هستند. چگونه فعال بودن فقط در شب به آنها در بقا در یک اقلیم گرم صحرا کمک می‌کند؟,"['آنها می\u200cتوانند حشرات را که در شب نورانی می\u200cشوند ببینند.', 'بدن آنها در هوای خنک شب آب کمتری از دست می\u200cدهد.', 'آنها می\u200cتوانند با نور ماه غذاهای گیاهی بیشتری پیدا کنند.', 'بدن آنها در روز در حالی که خوابند، نور خورشید را جذب می\u200cکند.']",B,فعالیت در شب به حیوانات کمک می‌کند تا از گرمای شدید روز و از دست دادن آب بدن جلوگیری کنند و در نتیجه، شانس بقا در اقلیم گرم صحرا افزایش می‌یابد.,A,0.7361669540405273,B,0.9763730764389038,False,True,True,True,[0.73616695 0.07789511 0.02231732 0.16362065],[0.02010628 0.9763731  0.00187018 0.00165042],0.8642562031745911,0.07789511,0.9763731,0.89847799,0.8139390349388123,0.7488663196563721,0.7800478935241699,0.8139389753341675,0.7488662600517273,0.7800478935241699
1463,کدام یک از ویژگی‌های زیر کمترین احتمال را دارد که یک شیر به نسل خود منتقل کند؟,"['رنگ\u200cهای پشمش', 'طول دمش', 'زخم\u200cهای پایش', 'اندازه بدنش']",C,زخم‌های پا یک صفت اکتسابی است که از طریق تجربه و عوامل محیطی ایجاد می‌شود و منتقل نمی‌شود.,A,0.4572250843048095,C,0.3596177101135254,False,True,True,True,[0.45722508 0.40192664 0.02569431 0.1151539 ],[0.28007054 0.3173615  0.3596177  0.04295021],0.6900860071182251,0.02569431,0.3596177,0.33392339,0.9384014010429382,0.6382184028625488,0.7597329616546631,0.9384014010429382,0.6382184028625488,0.7597329616546631
1464,چرا کاهش تنوع زیستی به دلیل از دست رفتن جمعیت‌های گیاهی به‌ویژه به اکوسیستم آسیب می‌زند؟,"['گیاهان بیشترین توده زیستی را دارند.', 'گیاهان در برابر بیماری مقاوم هستند.', 'گیاهان تولیدکنندگان اولیه هستند.', 'گیاهان بخشی از شبکه غذایی هستند.']",C,گیاهان به عنوان تولیدکنندگان اولیه، نقش اساسی در چرخه غذایی و تولید انرژی دارند و منبع تغذیه برای بسیاری از جانداران هستند.,D,0.5179949998855591,C,0.981605589389801,False,True,True,True,[0.02275911 0.00211693 0.45712897 0.517995  ],[8.459443e-03 3.491629e-04 9.816056e-01 9.585804e-03],0.8084443807601929,0.45712897,0.9816056,0.5244766299999999,0.9465538859367371,0.7266016006469727,0.8221203088760376,0.9465538859367371,0.7266016006469727,0.8221203088760376
1465,سوال: یک دانش‌آموز از کدام ابزار برای اندازه‌گیری جرم یک آجر استفاده می‌کند؟,"['الف) ترازوی دیجیتال', 'ب) متر', 'ج) دماسنج', 'د) سیلندر مدرج']",A,دانش‌آموز برای اندازه‌گیری جرم آجر از ترازوی دیجیتال استفاده می‌کند.,A,0.8928903341293335,A,0.9963650703430176,True,True,True,True,[0.89289033 0.09447829 0.00134766 0.01128382],[9.9636507e-01 2.8205339e-03 3.8171775e-04 4.3254287e-04],0.8960269689559937,0.89289033,0.99636507,0.10347474,0.8291150331497192,0.6447036862373352,0.7253720760345459,0.8291150331497192,0.6447036266326904,0.7253720760345459
1466,کدام یک مثالی از تغییر فیزیکی و مثالی از تغییر شیمیایی را نشان می‌دهد؟,"['جوشاندن آب و ذوب کردن موم', 'زنگ زدن آهن و پختن کیک', 'حل کردن پودر و ریز کردن کاغذ', 'یخ زدن آب و سوزاندن زغال سنگ']",D,یخ زدن آب تغییر فیزیکی و سوزاندن زغال سنگ تغییر شیمیایی است.,A,0.7106224894523621,D,0.8812563419342041,False,True,True,True,[0.7106225  0.15825193 0.0078789  0.12324671],[0.04361884 0.07191531 0.0032095  0.88125634],0.8819748163223267,0.12324671,0.88125634,0.75800963,0.7973222136497498,0.5694941282272339,0.6644204258918762,0.7973222732543945,0.5694941878318787,0.6644204258918762
1467,در مجموع هشت سیاره وجود دارد که به دور خورشید مدار می‌زنند. چند تا از سیارات دیگر در همان جهت زمین مدار می‌زنند؟,"['0', '1', '4', '7']",D,هفت سیاره با جهت زمین، خلاف جهت عقربه‌های ساعت به دور خورشید می‌چرخند.,B,0.544394314289093,B,0.0101302172988653,False,False,False,False,[0.22693731 0.5443943  0.1071976  0.12147079],[0.13984334 0.7101831  0.13984334 0.01013022],0.7073072791099548,0.12147079,0.01013022,-0.11134057,0.8662968277931213,0.6417129039764404,0.7372815608978271,0.8662967681884766,0.6417129039764404,0.7372815012931824
1468,رابرت در حال فکر کردن به خرید یک یخچال جدید است. یخچال قدیمی او تقریباً با ۴۳٪ کارایی عمل می‌کند. کدام یک احتمالاً علت ۵۷٪ باقی‌مانده انرژی است؟,"['این انرژی توسط نور یخچال مصرف می\u200cشود.', 'این انرژی به عنوان گرما به محیط اطراف آزاد می\u200cشود.', 'این انرژی به انرژی مکانیکی تبدیل می\u200cشود.', 'این انرژی به صورت انرژی پتانسیل ذخیره می\u200cشود.']",B,انرژی باقی‌مانده به علت ناکارآمدی یخچال به گرما تبدیل و به محیط اطراف آزاد می‌شود.,B,0.741355836391449,B,0.9788609147071838,True,True,True,True,[0.21240202 0.74135584 0.03690993 0.00933229],[1.7788943e-02 9.7886091e-01 2.4074714e-03 9.4277941e-04],0.8134357333183289,0.74135584,0.97886091,0.2375050699999999,0.783935010433197,0.6113765239715576,0.6869855523109436,0.783935010433197,0.6113765239715576,0.6869855523109436
1469,کدام ویژگی پارک ملی بیگ باسیند بهترین شواهد را ارائه می‌دهد که نشان دهد یخچال‌ها بر روی چشم‌انداز حرکت کرده‌اند؟,"['دشت\u200cهای گل\u200cآلود', 'دریاچه\u200cهای شور کم عمق', 'مناطق مملو از مریم\u200cگلی', 'توده\u200cهای زباله\u200cهای سنگی']",D,وجود [MASK] نشان می‌دهد که یخچال‌ها با حرکت خود، سنگ‌ها را از یک مکان به مکان دیگر منتقل کرده‌اند.,B,0.5592163801193237,D,0.8363720178604126,False,True,True,True,[0.18084317 0.5592164  0.0277332  0.23220724],[0.06919206 0.08884435 0.00559158 0.836372  ],0.7831771373748779,0.23220724,0.836372,0.60416476,0.8770060539245605,0.6374531984329224,0.7382837533950806,0.8721019625663757,0.6286005973815918,0.7305961847305298
1470,یک کلاس علم زمین در حال برنامه‌ریزی برای یک سفر میدانی به یک جنگل است. هر دانش‌آموز باید در این سفر چه وسیله‌ای را با خود ببرد؟,"['آتش\u200cنشانی', 'جعبه کمک\u200cهای اولیه', 'آب بطری شده', 'قرص\u200cهای ید']",C,هر دانش‌آموز باید [MASK] را بیاورد تا در صورت بروز حادثه، امکان درمان اولیه وجود داشته باشد.,B,0.946452498435974,B,0.0019332730444148,False,False,False,False,[0.0252221  0.9464525  0.02260895 0.00571644],[7.6462431e-03 9.8979282e-01 1.9332730e-03 6.2764186e-04],0.6223096251487732,0.02260895,0.001933273,-0.020675677,0.6999444961547852,0.5925224423408508,0.6417693495750427,0.6730412244796753,0.5734602808952332,0.6192730665206909
1471,یک ویژگی که مختص آب است این است که,"['ظرفیت حرارتی ویژه پایینی دارد.', 'می\u200cتواند از حالت مایع به حالت جامد تبدیل شود.', 'بسیاری از مواد را حل می\u200cکند.', 'به طور طبیعی در سه حالت در زمین وجود دارد.']",D,آب به طور طبیعی در سه حالت جامد، مایع و گاز در زمین وجود دارد.,A,0.6592550873756409,D,0.8812824487686157,False,True,True,True,[0.6592551  0.2434756  0.00839662 0.08887263],[0.06383989 0.04971855 0.00515905 0.88128245],0.7775413393974304,0.08887263,0.88128245,0.79240982,0.8964911103248596,0.6670272350311279,0.7649210095405579,0.8964911103248596,0.6670271754264832,0.7649209499359131
1472,یک صدف فسیلی بر روی یک کوه یافت شده است. این صدف نشان می‌دهد که این کوه زمانی ___ بوده است.,"['بسیار داغ\u200cتر', 'بسیار سردتر', 'بالای سطح دریا', 'پوشیده از آب']",D,یافتن صدف فسیلی در کوه نشان می‌دهد که آن منطقه زمانی [MASK] بوده است.,A,0.6661615371704102,A,0.0062923883087933,False,False,False,False,[0.66616154 0.31344563 0.00243087 0.01796187],[6.4687508e-01 3.4624729e-01 5.8528327e-04 6.2923883e-03],0.8734428882598877,0.01796187,0.0062923883,-0.0116694817,0.9112657904624939,0.662888765335083,0.7674822211265564,0.9036590456962585,0.6471746563911438,0.7542074918746948
1473,شان احساس کرد که اتاق خنک‌تر می‌شود. بدن او تنظیم شده است تا بتواند زنده بماند. کدام پاسخ به شان کمک کرد تا بدنش به درستی کار کند؟,"['افزایش تنفس سلولی که تولید گرما را افزایش می\u200cدهد', 'تعریق از پوست برای کاهش دمای داخلی', 'باز شدن مویرگ\u200cها در پوست برای کسب گرما بیشتر', 'افزایش متابولیسم که گرما را از سلول\u200cها کاهش می\u200cدهد']",A,بدن شان با تعریق، گرمای اضافی را از طریق تبخیر از بین می‌برد تا دمای داخلی بدن تنظیم شود.,C,0.3761043846607208,B,0.1228528916835784,False,False,False,False,[0.25849253 0.22811884 0.37610438 0.13728434],[0.12285289 0.43216184 0.10841729 0.33656797],0.7040949463844299,0.25849253,0.12285289,-0.13563964,0.6974034309387207,0.5922674536705017,0.6405499577522278,0.6974034309387207,0.5922674536705017,0.6405499577522278
1474,سوال: یک مرد 60 کیلوگرمی و یک پسر 25 کیلوگرمی که هر دو روی اسکیت‌های ریلی هستند، با استفاده از دستان خود به یکدیگر تکان می‌دهند. کدامیک از گزینه‌های زیر حرکت این دو نفر را توصیف می‌کند؟,"['الف) مرد بیش\u200cتر و سریع\u200cتر از پسر حرکت می\u200cکند.', 'ب) پسر بیش\u200cتر و سریع\u200cتر از مرد حرکت می\u200cکند.', 'ج) مرد بیش\u200cتر حرکت می\u200cکند اما با همان سرعت پسر.', 'د) پسر سریع\u200cتر حرکت می\u200cکند اما با همان فاصله مرد.']",B,با توجه به قانون سوم نیوتن، نیروی وارد شده از طرف مرد و پسر به یکدیگر برابر است. به دلیل جرم کمتر، پسر شتاب بیشتری می‌گیرد. بنابراین، مرد بیشتر و سریع‌تر از پسر حرکت می‌کند.,A,0.5109596848487854,A,0.0058799823746085,False,False,False,False,[0.5109597  0.27349702 0.06915087 0.1463924 ],[0.9869315  0.00587998 0.00404125 0.00314733],0.9445504546165466,0.27349702,0.00587998,-0.26761704,0.7863157987594604,0.6924872398376465,0.7364248633384705,0.7863157987594604,0.6924872398376465,0.7364248633384705
1475,کدام گروه در جدول تناوبی شامل عناصری است که کمترین واکنش‌پذیری را دارند؟,"['گروه ۱ (۱A)', 'گروه ۳ (۳B)', 'گروه ۱۶ (۶A)', 'گروه ۱۸ (۸A)']",D,عناصر گروه ۱۸ به دلیل لایه الکترونی کامل، پایدار و کمترین واکنش‌پذیری را دارند.,D,0.634568452835083,D,0.9861871004104614,True,True,True,True,[0.2997489  0.02479787 0.04088477 0.63456845],[9.66823753e-03 1.14331415e-04 4.03032126e-03 9.86187100e-01],0.8180394768714905,0.63456845,0.9861871,0.35161865,0.8438191413879395,0.6615482568740845,0.7416489124298096,0.8438191413879395,0.6615482568740845,0.7416489124298096
1476,کدام یک از تغییرات زیر فعالیت تکتونیکی زمین را پایان می‌دهد؟,"['پوسته زمین به یک جامد سردتر تبدیل می\u200cشود.', 'منطقه گوشته زمین به یک نیمه مایع گرم\u200cتر تبدیل می\u200cشود.', 'منطقه گوشته زمین سردتر و جامدتر می\u200cشود.', 'هسته خارجی زمین گرم\u200cتر می\u200cشود.']",C,اگر گوشته زمین سردتر و جامدتر شود، فعالیت تکتونیکی متوقف می‌شود.,B,0.6565707325935364,B,0.1497902125120163,False,False,False,False,[0.2736994  0.65657073 0.03268873 0.03704119],[0.35932803 0.46138632 0.14979021 0.02949544],0.8240385055541992,0.03268873,0.14979021,0.11710148,0.8392448425292969,0.5828025937080383,0.6879012584686279,0.8392449617385864,0.5828026533126831,0.6879013180732727
1477,هنگامی که دماهای زمستان و تابستان زیر حد نرمال و میزان بارش‌ها بالای حد نرمال باشد، چه چیزی بیشتر احتمال دارد اتفاق بیافتد؟,"['آب ذوب شده کاهش می\u200cیابد و اندازه یخچال کاهش می\u200cیابد.', 'آب ذوب شده کاهش می\u200cیابد و اندازه یخچال افزایش می\u200cیابد.', 'آب ذوب شده افزایش می\u200cیابد و اندازه یخچال کاهش می\u200cیابد.', 'آب ذوب شده افزایش می\u200cیابد و اندازه یخچال افزایش می\u200cیابد.']",B,با دماهای زیر حد نرمال و بارش‌های بالای نرمال، تجمع برف و یخ افزایش می‌یابد و در نتیجه یخچال بزرگ‌تر می‌شود و ذوب کم می‌شود.,A,0.5613563060760498,A,0.3659122884273529,False,False,False,False,[0.5613563  0.34047982 0.07656717 0.02159676],[0.6056486  0.3659123  0.02376036 0.00467869],0.880453884601593,0.34047982,0.3659123,0.02543248,0.8361861705780029,0.7437889575958252,0.7872858643531799,0.8361861705780029,0.7437889575958252,0.7872858643531799
1478,علت اصلی جابجایی قاره‌ها، زلزله‌ها و فوران‌های آتشفشانی چیست؟,"['جریان\u200cهای همرفتی در زیر پوسته زمین.', 'چرخش زمین حول محور خود.', 'سقوط تدریجی پوسته زمین.', 'گرمای خورشید که زمین را گرم می\u200cکند.']",A,حرکت مواد داغ و مذاب در گوشته زمین باعث ایجاد جریان‌های همرفتی می‌شود که منجر به حرکت صفحات تکتونیکی و فعالیت‌های زمین‌شناسی می‌گردد.,A,0.5278836488723755,A,0.9565683603286744,True,True,True,True,[0.52788365 0.4658557  0.00407795 0.00218277],[0.95656836 0.03687349 0.00307443 0.00348378],0.7229324579238892,0.52788365,0.95656836,0.4286847099999999,0.8298072218894958,0.6946578025817871,0.7562417387962341,0.8298072218894958,0.6946578025817871,0.7562417387962341
1479,کدام فعالیت مثال خوبی از یک عادت سلامتی است؟,"['دوچرخه\u200cسواری بدون کلاه ایمنی', 'سیگار کشیدن', 'پوشیدن کلاه در زیر آفتاب', 'خوردن با دست\u200cهای کثیف']",C,[MASK] از پوست در برابر آسیب‌های خورشید محافظت می‌کند و خطر آسیب‌های پوستی و سرطان را کاهش می‌دهد.,C,0.999810755252838,C,0.9983929991722108,True,True,True,False,[1.3604388e-04 3.1994457e-06 9.9981076e-01 5.0047747e-05],[1.4835356e-03 6.9385889e-05 9.9839300e-01 5.4037788e-05],0.7955016493797302,0.99981076,0.998393,-0.00141776,0.9144048690795898,0.6949114799499512,0.7896898984909058,0.9059725999832153,0.6854966282844543,0.7804626822471619
1480,کدامیک از این عبارت‌ها به سفینه‌ای بدون سرنشین اطلاق می‌شود که برای جمع‌آوری اطلاعات در حال گردش به دور سیارات غیر از زمین طراحی شده است؟,"['پروب فضایی', 'شاتل فضایی', 'ایستگاه فضایی', 'تلسکوپ فضایی']",A,سفینه‌ای بدون سرنشین که برای جمع‌آوری اطلاعات به فضا پرتاب شده و به دور سیارات مختلف می‌چرخد.,A,0.9262158274650574,D,0.0673555806279182,True,False,False,False,[0.9262158  0.01317311 0.0015733  0.05903778],[6.7355581e-02 2.4920627e-03 3.3726398e-04 9.2981511e-01],0.7709092497825623,0.9262158,0.067355581,-0.8588602190000001,0.8137744665145874,0.6130008697509766,0.6992613673210144,0.8147448897361755,0.6151983141899109,0.7010484337806702
1481,یک دانش‌آموز یک گیاه زنده و سبز را در یک ظرف شفاف و غیرقابل نفوذ پر از هوای اتاق قرار داد. این ظرف به مدت یک هفته در معرض نور خورشید قرار گرفت. در پایان هفته، دانش‌آموز باید مشخص کند که کدام گازها در غلظت افزایش یافته‌اند. با فرض اینکه به اندازه کافی آب و دی‌اکسید کربن برای رشد مناسب گیاه موجود باشد، کدام گاز را انتظار دارید که در غلظت افزایش یافته باشد؟,"['ج', 'NO_{2}', 'O_{2}', 'CO']",C,در فرآیند فتوسنتز، گیاهان دی‌اکسید کربن و آب را به گلوکز و اکسیژن تبدیل می‌کنند و در نتی[MASK]ه غلظت اکسیژن افزایش می‌یابد.,A,0.4424124360084533,C,0.9758264422416688,False,True,True,True,[0.44241244 0.00440556 0.16275445 0.3904276 ],[2.2949239e-02 2.4709923e-04 9.7582644e-01 9.7729650e-04],0.9115830063819884,0.16275445,0.97582644,0.81307199,0.8795698881149292,0.6930374503135681,0.7752410173416138,0.8863316178321838,0.6968415975570679,0.7802465558052063
1482,برای تعیین اینکه آیا دو اتم اتم‌های مس (Cu) هستند، چه چیزی باید برای هر کدام یکسان باشد؟,"['تعداد الکترون\u200cهای ظرفیت', 'تعداد پروتون\u200cها', 'بار اتم', 'اندازه اتم']",B,[MASK] باید یکسان باشد.,B,0.8723418116569519,B,0.8721714615821838,True,True,True,False,[0.11794339 0.8723418  0.00103648 0.00867834],[0.11849755 0.87217146 0.00352284 0.00580818],0.3246290385723114,0.8723418,0.87217146,-0.0001703399999999,0.732275128364563,0.37112268805503845,0.4925946295261383,0.7640768885612488,0.3531121015548706,0.4830065965652466
1483,همهٔ ماده‌ها در جهان دارای ویژگی‌های قابل اندازه‌گیری هستند. در شرایط مناسب، کدام یک از ویژگی‌های یک نمونه ماده ممکن است برابر با صفر باشد؟,"['جرم آن', 'وزن آن', 'چگالی آن', 'حجم آن']",B,وزن یک ماده در شرایط خاص مانند فضا یا سقوط آزاد می‌تواند صفر باشد.,C,0.5538808703422546,B,0.9880415201187134,False,True,True,True,[0.1798188  0.03540842 0.5538809  0.2308919 ],[1.0805980e-02 9.8804152e-01 3.6976032e-04 7.8278262e-04],0.7826127409934998,0.03540842,0.98804152,0.9526331,0.7872906923294067,0.6314136981964111,0.7007889151573181,0.7872906923294067,0.6314136981964111,0.7007889151573181
1484,کدام یک از فعالیت‌های زیر باید از تحقیق علمی حذف شود؟,"['تغییر داده\u200cها به\u200cمنظور انطباق با نتایج پیش\u200cبینی\u200cشده', 'طراحی و اجرای تحقیقات', 'فرمول\u200cبندی فرضیات دقیق', 'ارتباط نتایج با دیگران']",A,تغییر داده‌ها برای انطباق با نتایج پیش‌بینی‌شده، صداقت و صحت تحقیق را نقض می‌کند.,A,0.8978201150894165,A,0.9908729791641236,True,True,True,True,[0.8978201  0.08351028 0.00415773 0.01451191],[9.9087298e-01 6.7815883e-03 6.3078600e-04 1.7146540e-03],0.6272245049476624,0.8978201,0.99087298,0.09305288,0.6161845922470093,0.5282508134841919,0.5688394904136658,0.6017895340919495,0.5218177437782288,0.5589576363563538
1485,زمانی که یک توده هوای گرم و مرطوب که به سمت شمال حرکت می‌کند با یک توده هوای سرد و قوی که به سمت جنوب حرکت می‌کند برخورد می‌کند، چه مشاهداتی احتمالاً انجام خواهد شد؟,"['م Fog غلیظ شکل می\u200cگیرد.', 'دمای هوا افزایش می\u200cیابد.', 'ابری شروع به تشکیل می\u200cشود.', 'وزش باد آرام می\u200cشود.']",C,هنگامی که هوای گرم و مرطوب به سمت بالا رانده می‌شود و سرد می‌شود، بخار آب آن متراکم شده و ابر تشکیل می‌شود.,A,0.8151162266731262,C,0.6499882340431213,False,True,True,True,[0.8151162  0.05231258 0.12549137 0.00707974],[3.4791365e-01 1.8114755e-03 6.4998823e-01 2.8661705e-04],0.8831586241722107,0.12549137,0.64998823,0.52449686,0.8556971549987793,0.704919695854187,0.7730247974395752,0.8561984896659851,0.7078644037246704,0.7749975323677063
1486,کدام تحقیق نیاز به طولانی‌ترین دوره مشاهده دارد؟,"['تخم\u200cمرغ\u200cهای مرغ هچ شدن', 'رنگ پریدن رنگ به رنگ روشن\u200cتر', 'سیب\u200cها درخت رویاندن', 'سنگ\u200cهای بزرگ در حال فرسایش به شن']",D,فرسایش سنگ‌های بزرگ به شن یک فرآیند بسیار کند و طولانی است که میلیون‌ها سال زمان نیاز دارد.,D,0.5293009877204895,D,0.8979602456092834,True,True,True,True,[0.3637829  0.09270012 0.01421602 0.529301  ],[9.4644308e-02 6.9639776e-03 4.3149505e-04 8.9796025e-01],0.8281725645065308,0.529301,0.89796025,0.36865925,0.9035529494285583,0.6162232756614685,0.7327267527580261,0.9060821533203125,0.6176952123641968,0.7345989346504211
1487,در یک سال چهار فصل وجود دارد. کدام دلیل بیشتر مسئول تغییر فصول در زمین است؟,"['روش کج شدن زمین بر روی محورش', 'روش چرخش زمین بر روی محورش', 'تغییرات در فاصله بین زمین و خورشید', 'تغییرات در میزان انرژی که خورشید تولید می\u200cکند']",A,کج بودن محور زمین نسبت به صفحه مداری آن حول خورشید باعث تغییر فصول می‌شود و در نتیجه مقدار نور خورشید در بخش‌های مختلف زمین متفاوت است.,B,0.7729456424713135,B,0.0667425990104675,False,False,False,False,[0.19466934 0.77294564 0.02655226 0.00583276],[6.6742599e-02 9.2857939e-01 3.8246554e-03 8.5339596e-04],0.8986603021621704,0.19466934,0.066742599,-0.127926741,0.9132964611053467,0.7671591639518738,0.8338735699653625,0.912467896938324,0.7707867622375488,0.8356645703315735
1488,آنا در ۲۰ ثانیه ۱۰۰ متر دوید. سرعت متوسط او چه بود؟,"['۲ متر بر ثانیه', '۵ متر بر ثانیه', '۲۰ متر بر ثانیه', '۲۵ متر بر ثانیه']",B,سرعت متوسط از تقسیم مسافت بر زمان بدست می‌آید که در اینجا ۱۰۰ متر تقسیم بر ۲۰ ثانیه برابر [MASK] است.,B,0.6701677441596985,B,0.5540675520896912,True,True,True,False,[0.27936748 0.67016774 0.020556   0.02990881],[0.43489262 0.55406755 0.00201395 0.00902591],0.8224837183952332,0.67016774,0.55406755,-0.11610019,0.7861881852149963,0.7096903324127197,0.7459832429885864,0.7750403881072998,0.7033652067184448,0.7374653816223145
1489,جان به مدت یک ساعت با سرعت 80 کیلومتر در ساعت کامیون راند. در ساعت بعدی، او با سرعت 100 کیلومتر در ساعت رانندگی کرد. میانگین سرعت او در طول آن دو ساعت چه بود؟,"['80 کیلومتر در ساعت', '90 کیلومتر در ساعت', '100 کیلومتر در ساعت', '180 کیلومتر در ساعت']",B,فاصله طی شده در ساعت اول 80 کیلومتر و در ساعت دوم 100 کیلومتر است. کل مسافت 180 کیلومتر و کل زمان 2 ساعت است. میانگین سرعت برابر است با کل مسافت تقسیم بر کل زمان که [MASK] می شود.,B,0.7533157467842102,B,0.9833109378814696,True,True,True,True,[0.1019502  0.75331575 0.02920922 0.11552472],[9.6400408e-03 9.8331094e-01 4.2355387e-04 6.6254968e-03],0.8140895366668701,0.75331575,0.98331094,0.22999519,0.9069027304649353,0.7463452816009521,0.8188276290893555,0.913443386554718,0.7528978586196899,0.8254366517066956
1490,کدام گزینه بیشتر شبیه به نحوه‌ای است که یک یخچال طبیعی یک دره را تشکیل می‌دهد؟,"['یک بولدوزر توده\u200cای از خاک را هل می\u200cدهد.', 'یک کفش در خاک ردپایی به جا می\u200cگذارد.', 'ریشه یک درخت سنگی را از هم می\u200cشکند.', 'یک مته در یک تخته سوراخی ایجاد می\u200cکند.']",A,یخچال طبیعی با فشار و حرکت، دره را شکل می‌دهد؛ مشابه فرآیندی که یک بولدوزر با هل دادن خاک، زمین را تغییر می‌دهد.,C,0.8120353817939758,A,0.8599784970283508,False,True,True,True,[0.12356056 0.04545539 0.8120354  0.01894863],[0.8599785  0.01373832 0.11684096 0.0094422 ],0.9270573854446412,0.12356056,0.8599785,0.7364179399999999,0.8006573915481567,0.6626877784729004,0.7251684665679932,0.8006573915481567,0.6626877784729004,0.7251684665679932
1491,دانش‌آموزان به‌وسیله‌ی دستور زیر لیموناد تهیه کردند: ۱۰۰ گرم آب‌لیمو، ۱۰۰ گرم شکر و ۱۰۰۰ گرم آب. دانش‌آموزان آب‌لیمو را با شکر و آب در یک ظرف ترکیب کردند. آن‌ها لیموناد را هم زدند تا تمام شکر حل شود. سپس لیموناد را در یک سینی پلاستیکی ریختند و سینی را در فریزر قرار دادند. روز بعد، دانش‌آموزان سینی را از فریزر خارج کردند و مشاهده کردند که لیموناد به حالت جامد درآمده است. کدام عبارت بهترین توضیح را برای این موضوع ارائه می‌دهد که چرا لیموناد به حالت جامد تبدیل شد؟,"['لیموناد به دمای ۱۰۰ درجه سلسیوس سرد شد.', 'لیموناد به دمای ۱۰۰ درجه سلسیوس گرم شد.', 'لیموناد به دمای زیر ۰ درجه سلسیوس سرد شد.', 'لیموناد به دمای بالای ۰ درجه سلسیوس گرم شد.']",C,آب در لیموناد در دمایی زیر ۰ درجه سلسیوس یخ می‌زند. فریزر دمای بسیار پایین‌تری دارد، بنابراین لیموناد با قرار گرفتن در فریزر به حالت جامد درمی‌آید.,C,0.981134295463562,C,0.970080018043518,True,True,True,False,[1.8181928e-02 1.8390758e-04 9.8113430e-01 4.9991265e-04],[2.9293878e-02 2.4564413e-04 9.7008002e-01 3.8046105e-04],0.9233713150024414,0.9811343,0.97008002,-0.0110542799999999,0.8788706064224243,0.7717829942703247,0.8218531012535095,0.8788705468177795,0.7717829942703247,0.8218530416488647
1492,اولین قدمی که دانش‌آموزان احتمالاً برای یک پروژه بازیافت انجام می‌دهند چیست؟,"['مواد را در آتش\u200cسوزی بسوزانند', 'مواد را به یک محل دفن زباله ببرند', 'مواد را در سطل زباله بریزند', 'مواد را به تفکیک پلاستیک، کاغذ و قوطی مرتب کنند']",D,اولین قدم منطقی برای یک پروژه بازیافت، تفکیک مواد مختلف بر اساس نوع و جنس آنهاست تا مراحل بعدی به راحتی انجام شود.,D,0.8140724301338196,D,0.9514721035957336,True,True,True,True,[0.05204191 0.00904353 0.12484206 0.81407243],[0.02005815 0.00271457 0.02575517 0.9514721 ],0.9434583187103271,0.81407243,0.9514721,0.13739967,0.8837922811508179,0.7144137620925903,0.7901276350021362,0.8845399618148804,0.7203026413917542,0.7940173745155334
1493,کدام یک از موارد زیر احتمالاً توسط دانشمندان هنگام مطالعه تعاملات حیوانات در زیستگاه طبیعی آنها انجام می‌شود؟,"['جمع\u200cآوری نمونه\u200cهایی از انواع درختان', 'مشاهده و ثبت رفتارها', 'انجام آزمایش\u200cها در یک آزمایشگاه', 'تغییر محیط و مشاهده واکنش\u200cها']",B,دانشمندان برای مطالعه تعاملات حیوانات در زیستگاه طبیعی، رفتارهای آنها را مشاهده و ثبت می‌کنند تا الگوها و روابط بین آنها را درک کنند.,B,0.7294949889183044,B,0.9977667331695556,True,True,True,True,[0.03205177 0.729495   0.00162089 0.23683235],[1.5177642e-03 9.9776673e-01 2.8075813e-04 4.3484670e-04],0.855110764503479,0.729495,0.99776673,0.26827173,0.9230221509933472,0.7279475927352905,0.8139601349830627,0.923930823802948,0.7371491193771362,0.8200385570526123
1494,کدام یک از موارد زیر باید مواد مغذی را از یک سیستم حمل و نقل دریافت کند؟,"['آمیبا', 'اگلنار', 'سلول پوست', 'سلول باکتری']",C,سلول‌های پوست برای انجام فرآیندهای متابولیک به مواد مغذی نیاز دارند که از طریق سیستم حمل و نقل بدن تامین می‌شود.,A,0.389864981174469,C,0.8017368316650391,False,True,True,True,[0.38986498 0.38986498 0.01159038 0.20867969],[0.17959183 0.01644566 0.80173683 0.00222568],0.9095378518104552,0.01159038,0.80173683,0.79014645,0.8611462712287903,0.7371244430541992,0.7943234443664551,0.8611462712287903,0.7371244430541992,0.7943234443664551
1495,برای حفظ جعبه‌ای سنگین که بر روی یک کفپوش فرش شده با سرعت ثابت سر می‌خورد، یک شخص باید به طور مداوم نیرویی به جعبه وارد کند. این نیرو عمدتاً برای غلبه بر کدام یک از نیروهای زیر استفاده می‌شود؟,"['مقاومت هوا', 'وزن جعبه', 'نیروی اصطکاکی که کف بر جعبه وارد می\u200cکند', 'نیروی گرانشی که زمین بر جعبه وارد می\u200cکند']",C,نیروی وارد شده برای حفظ حرکت جعبه، عمدتاً برای غلبه بر نیرویی که کف در اثر تماس با جعبه و در جهت مخالف حرکت آن وارد می‌کند، استفاده می‌شود.,C,0.8235233426094055,C,0.9774221181869508,True,True,True,True,[0.09912726 0.0681291  0.82352334 0.00922027],[0.01567561 0.00576674 0.9774221  0.00113554],0.7962425351142883,0.82352334,0.9774221,0.1538987599999999,0.8298401832580566,0.7242334485054016,0.773448646068573,0.8270620107650757,0.7239058017730713,0.7720534205436707
1496,مقدار جاذبه گرانشی بین ماه و یک فضانورد که بر روی سطح آن ایستاده است به فاصله فضانورد از مرکز ماه و فضانورد وابسته است؟,"['ارتفاع.', 'جرم.', 'شکل.', 'وزن.']",B,نیروی گرانش بین دو جسم به جرم و فاصله آنها بستگی دارد. در این مورد، جرم فضانورد عامل مرتبط با شخص است. تغییرات نیروی گرانش ناشی از تغییر جرم فضانورد نیست، بلکه به دلیل ویژگی ذاتی اوست.,A,0.7589936852455139,B,0.6745379567146301,False,True,True,True,[0.7589937  0.14945471 0.00090269 0.09064887],[1.9325836e-01 6.7453796e-01 4.1295795e-04 1.3179076e-01],0.8741241097450256,0.14945471,0.67453796,0.52508325,0.847575843334198,0.7304950952529907,0.7846922278404236,0.847575843334198,0.7304950952529907,0.7846922278404236
1497,کدامیک نمونه‌ای از جریان برق در یک مدار برای تولید صدا است؟,"['فشردن دکمه\u200cای برای به صدا درآمدن زنگ در', 'قدم گذاشتن روی یک فرش برای باز شدن در', 'تبدیل کردن یک کلید برای روشن کردن یک چراغ', 'کشیدن اهرم برای روشن کردن یک پتو برقی']",A,با فشردن دکمه، مدار بسته و جریان برق برای تولید صدا عبور می‌کند.,A,0.8998709917068481,A,0.9960429668426514,True,True,True,True,[0.899871   0.01460199 0.07415501 0.01137204],[9.9604297e-01 1.4829373e-03 1.6803881e-03 7.9375913e-04],0.8165995478630066,0.899871,0.99604297,0.09617197,0.8397167921066284,0.6671526432037354,0.743553876876831,0.8397167921066284,0.6671526432037354,0.743553876876831
1498,کدام ویژگی‌ها به احتمال زیاد یک گونه از شکارچیان شب‌زی را در طول زمان برای بقا در طبیعت توسعه می‌دهد؟,"['اندازه کوچک', 'دندان\u200cهای صاف و آسیاب\u200cکننده', 'بینایی و شنوایی تیز', 'مقاومت در برابر تغییرات آب و هوایی']",C,ویژگی‌های شکارچیان شب‌زی برای عملکرد در محیط‌های کم نور، شامل توانایی‌های حسی پیشرفته برای شناسایی و شکار طعمه است.,B,0.374467521905899,C,0.9611324071884156,False,True,True,True,[0.22712603 0.37446752 0.37446752 0.02393891],[3.2378256e-02 5.6264983e-03 9.6113241e-01 8.6285139e-04],0.8570807576179504,0.37446752,0.96113241,0.58666489,0.7273826599121094,0.6322702765464783,0.6764997243881226,0.7270599007606506,0.6334459185600281,0.6770322322845459
1499,چرا یک شهر در بیابان به ندرت نسبت به یک شهر در کنار سواحل، مه صبحگاهی زودهنگام را تجربه می‌کند؟,"['باران در بیابان کمتر است.', 'دما در بیابان بیشتر متغیر است.', 'بخار آب در هوای بیابان کمتر است.', 'گیاهان در بیابان کمتر هستند.']",C,به دلیل کمبود بخار آب در هوای بیابان، شرایط برای تشکیل مه صبحگاهی کمتر فراهم است.,C,0.591585099697113,C,0.9741355180740356,True,True,True,True,[0.16817297 0.19205956 0.5915851  0.04818236],[2.3179522e-02 2.4431036e-03 9.7413552e-01 2.4190002e-04],0.845615804195404,0.5915851,0.97413552,0.38255042,0.8789737820625305,0.6984535455703735,0.7783843278884888,0.8789737820625305,0.6984535455703735,0.7783843278884888
1500,اکثر کشاورزان از کودها در مزارع ذرت خود استفاده می‌کنند. کدام عبارت بهترین توضیح را برای این‌که چرا کشاورزان نباید از مقدار زیاد کود استفاده کنند، ارائه می‌دهد؟,"['کودها ممکن است به درون جویبارها شسته شوند.', 'کودها ممکن است توسط علف\u200cهای هرز مصرف شوند.', 'کودها ممکن است به هوا بخار شوند.', 'کودها ممکن است از مواد طبیعی تهیه شده باشند.']",A,استفاده از مقدار زیاد کود می‌تواند منجر به شسته شدن آن‌ها به درون جویبارها و منابع آب شود و باعث آلودگی آب و آسیب به محیط زیست شود.,B,0.833708643913269,A,0.9914530515670776,False,True,True,True,[0.12835376 0.83370864 0.0286396  0.00929792],[9.9145305e-01 7.4889562e-03 3.6138168e-04 6.9658138e-04],0.9292275905609132,0.12835376,0.99145305,0.86309929,0.9601401686668396,0.7703475952148438,0.8548360466957092,0.9601402282714844,0.7703475952148438,0.854836106300354
1501,کدام یک بیان مربوط به آب و هواست؟,"['میانگین بارش سالانه 51 سانتی\u200cمتر است.', 'میانگین دمای بالای بهار 22 درجه سانتی\u200cگراد است.', 'میانگین دمای روز دوشنبه 17 درجه سانتی\u200cگراد بود.', 'میانگین تعداد روزهای آفتابی در سال 285 روز است.']",C,بارش سالانه یک پارامتر مهم هواشناسی برای توصیف آب و هوا است.,A,0.6238889694213867,A,0.0012904457980766,False,False,False,False,[0.62388897 0.17874719 0.07451291 0.12285102],[0.9764212  0.00841476 0.00129045 0.0138736 ],0.8345323204994202,0.07451291,0.00129045,-0.07322246,0.9077112674713135,0.7082787156105042,0.795688807964325,0.907711386680603,0.7082788348197937,0.7956889271736145
1502,سوال: کدام یک از گزینه‌های زیر به احتمال زیاد نتیجه یک سیستم آب و هوایی با فشار کم خواهد بود؟,"['الف) دماهای گرم', 'ب) شرایط ابری', 'ج) شرایط صاف', 'د) دماهای خنک']",B,سیستم‌های فشار کم معمولاً با شرایط ابری همراه هستند.,B,0.5994521975517273,B,0.958139955997467,True,True,True,True,[0.17309295 0.5994522  0.13480492 0.09264998],[0.01754895 0.95813996 0.01366713 0.01064397],0.7663881182670593,0.5994522,0.95813996,0.35868776,0.8593632578849792,0.5029034614562988,0.6344965100288391,0.8595551252365112,0.5015538930892944,0.6334734559059143
1503,یک دانش‌آموز در حال تحقیق در مورد چگونگی رفتار نور هنگام برخورد با سطوح مختلف است. او یک پنجره شیشه‌ای مات، یک پنجره شیشه‌ای شفاف، یک آینه و یک تکه مقوا دارد. کدام یک از این اشیاء بیشترین نور را پخش می‌کند؟,"['آینه، زیرا بازتابنده است', 'تکه مقوا، زیرا غیرشفاف است', 'شیشه پنجره شفاف، زیرا شفاف است', 'شیشه پنجره مات، زیرا نیمه\u200cشفاف است']",D,سطحی که نور را بیشترین پخش می‌کند، نمی‌تواند نور را به صورت منظم بازتاب دهد یا عبور دهد. تکه مقوا کاملا غیرشفاف است و نور را پراکنده می‌کند، بنابراین بیشترین نور را پخش می‌کند.,C,0.8339493274688721,B,0.0063401041552424,False,False,False,False,[0.09921274 0.02547994 0.8339493  0.04135802],[0.06110051 0.7443566  0.18820281 0.0063401 ],0.7821766138076782,0.04135802,0.0063401,-0.03501792,0.8299518823623657,0.6801064014434814,0.74759441614151,0.8299518823623657,0.6801064014434814,0.74759441614151
1504,یک دانش‌آموز یک تحقیق انجام داد و پی برد که نتایج از فرضیه حمایت می‌کند. برای اطمینان از قابل اعتماد بودن نتایج، دانش‌آموز باید,"['یک نمودار تهیه کند.', 'یک گزارش بنویسد.', 'از رویه\u200cای متفاوت استفاده کند.', 'همان رویه را تکرار کند.']",D,برای اطمینان از قابل اعتماد بودن نتایج، تکرار نتایج با همان رویه ضروری است.,B,0.7476051449775696,D,0.9962553977966307,False,True,True,True,[0.03700361 0.74760514 0.00078008 0.2146112 ],[2.8202236e-03 8.0800755e-04 1.1640453e-04 9.9625540e-01],0.846166729927063,0.2146112,0.9962554,0.7816442,0.8014304041862488,0.5314428210258484,0.639092206954956,0.801430344581604,0.5314427614212036,0.6390920877456665
1505,چگونه یک معادله شیمیایی متعادل، قانون بقاء جرم را تأمین می‌کند؟,"['در طول یک واکنش شیمیایی، مقدار کل ماده ثابت می\u200cماند.', 'در طول یک واکنش شیمیایی، ماده نابود می\u200cشود.', 'در طول یک واکنش شیمیایی، یک یا چند ماده جدید تشکیل می\u200cشود.', 'در طول یک واکنش شیمیایی، تعداد کل اتم\u200cها افزایش می\u200cیابد.']",A,در یک معادله شیمیایی متعادل، تعداد اتم‌های هر عنصر برابر است، پس ماده نابود یا ایجاد نمی‌شود و مقدار کل ماده ثابت می‌ماند.,A,0.9972151517868042,A,0.999019980430603,True,True,True,True,[9.9721515e-01 1.8998652e-03 3.4062707e-04 5.4432050e-04],[9.9901998e-01 7.1504287e-04 1.2425584e-04 1.4080029e-04],0.9012434482574464,0.99721515,0.99901998,0.0018048299999999,0.8953146934509277,0.7168627977371216,0.7962123155593872,0.8953146934509277,0.7168627977371216,0.7962123155593872
1506,از سالی به سال دیگر، کشاورزان محصولات مختلفی را در مزارع می‌چرخانند تا مواد مغذی خاک را بهبود بخشند. چرا چرخش محصولات همچنین یک روش مؤثر مدیریت آفات است؟,"['این امکان را فراهم می\u200cکند که مواد شیمیایی آفات بیشتری را از بین ببرند.', 'این محصولات مقاوم در برابر آفات تولید می\u200cکند.', 'این امر چرخه\u200cهای زندگی آفات را مختل می\u200cکند.', 'این امکان را فراهم می\u200cکند که آفات بیش از حد زیاد شوند.']",C,چرخش محصولات، چرخه‌های زندگی آفات را مختل می‌کند زیرا آفات به میزبان‌های خاصی وابسته هستند و تغییر محصول، میزبان آنها را تغییر می‌دهد.,C,0.9633737802505492,C,0.9588358998298644,True,True,True,False,[2.57735234e-02 1.07440026e-02 9.63373780e-01 1.08674045e-04],[3.7178103e-02 3.9185435e-03 9.5883590e-01 6.7422261e-05],0.857653021812439,0.96337378,0.9588359,-0.0045378799999999,0.8821277022361755,0.6849915385246277,0.7711602449417114,0.8821277022361755,0.6849915385246277,0.7711602449417114
1507,آب‌های سرشار از مواد مغذی که ناشی از بارش‌های شدید است، به خلیج مکزیک سرازیر می‌شوند. این پدیده باعث ایجاد شکوفایی جلبک‌ها در محیط اقیانوس می‌شود. با تجزیه جلبک‌ها، مقادیر زیادی اکسیژن در نوار ساحلی مصرف می‌شود. به عنوان نتیجه، کدام یک از موارد زیر احتمالاً برای منطقه پیش خواهد آمد؟,"['نیترات جایگزین اکسیژن در آب می\u200cشود.', 'دماي آب افزایش می\u200cیابد.', 'حرکت موج جلبک\u200cهای مرده را به اطراف می\u200cبرد.', 'جانوران کف دریا می\u200cمیرند و ماهی\u200cها فرار می\u200cکنند.']",D,کاهش اکسیژن ناشی از تجزیه جلبک‌ها، احتمالاً منجر به مرگ جانوران کف دریا و فرار ماهی‌ها به مناطق با اکسیژن بیشتر می‌شود.,C,0.652434229850769,D,0.892498254776001,False,True,True,True,[0.3081881  0.02866596 0.65243423 0.01071169],[0.09406862 0.00874974 0.0046834  0.89249825],0.8993720412254333,0.01071169,0.89249825,0.88178656,0.7411646842956543,0.6113613247871399,0.6700343489646912,0.7411646842956543,0.6113613247871399,0.6700343489646912
1508,جمعیت شیر دریایی استلر در بخشی از آلاسکا در حال کاهش است. شواهد جدید نشان می‌دهد که شیرهای دریایی استلر برای بقا به ماهی هیرینگ نیاز دارند. ماهی پولوک، نوع دیگری از ماهی، نیز از هیرینگ تغذیه می‌کند. کدام گزینه به احتمال زیاد به افزایش جمعیت شیر دریایی استلر کمک خواهد کرد؟,"['افزایش تعداد ماهی\u200cهای پولوک', 'تغییر رژیم غذایی شیرهای دریایی', 'بهبود زیستگاه\u200cهای هیرینگ', 'تغییر مکان شیرهای دریایی']",C,افزایش دسترسی به منبع غذایی اصلی شیرهای دریایی از طریق [MASK].,A,0.6518435478210449,C,0.6655819416046143,False,True,True,True,[0.65184355 0.06924266 0.2717288  0.00718498],[0.31562915 0.01223827 0.66558194 0.00655067],0.678025484085083,0.2717288,0.66558194,0.39385314,0.7691196799278259,0.5471601486206055,0.6394258141517639,0.8034695982933044,0.5578069686889648,0.6584715247154236
1509,چندین نظریه در مورد نحوه انقراض دایناسورها وجود دارد. اگر شواهد جدیدی پیدا شود که به نظر می‌رسد نظریه خاصی در مورد انقراض دایناسورها را به چالش می‌کشد، چه اتفاقی برای نظریه قدیمی می‌افتد؟,"['جایگزین می\u200cشود.', 'تعدیل می\u200cشود.', 'به قانون تبدیل می\u200cشود.', 'مشکوک می\u200cشود.']",B,با ظهور شواهد جدید، نظریه قدیمی احتمالاً اصلاح می‌شود تا با داده‌های جدید هماهنگ شود، نه اینکه کاملاً رد یا تغییر کند. این فرآیند بخشی از روش علمی برای بازبینی و اصلاح نظریه‌هاست.,D,0.3879936337471008,B,0.941798210144043,False,True,True,True,[0.26666388 0.34240317 0.00293931 0.38799363],[0.05292547 0.9417982  0.00183953 0.00343669],0.7863951921463013,0.34240317,0.9417982,0.59939503,0.7891383171081543,0.6366322040557861,0.704728901386261,0.7924688458442688,0.6378808617591858,0.7068212032318115
1510,یک لایه سنگی حاوی فسیل یک ماهی و فسیل یک دایناسور زمینی در بسیار نزدیکی یکدیگر یافت شده است. توضیح احتمالاً مناسب برای این موضوع چیست؟,"['ماهی و دایناسور هر دو در نزدیکی ساحل زندگی می کردند.', 'ماهی توسط یک موج عظیم به عمق زمین حمل شده است.', 'ماهی و دایناسور در زمان های بسیار متفاوتی فسیل شده اند.', 'دایناسور در حال شنا از یک قاره به قاره دیگر بود که مرد.']",A,احتمالاً ماهی و دایناسور در محیط‌های نزدیک به هم زندگی می‌کردند.,A,0.7539132237434387,A,0.8274815082550049,True,True,True,True,[7.5391322e-01 2.9061606e-02 2.1642204e-01 6.0315442e-04],[0.8274815  0.05970886 0.11155085 0.00125873],0.7600225210189819,0.75391322,0.8274815,0.0735682799999999,0.838456928730011,0.616611897945404,0.7106227874755859,0.838456928730011,0.616611897945404,0.7106227874755859
1511,کودهایی که از طریق آب‌های زائد مزارع به دریا وارد می‌شوند، می‌توانند باعث افزایش در چه چیزی شوند؟,"['بارش باران.', 'جمعیت حیوانات.', 'تولید مثل جلبک\u200cها.', 'تبخیر آب دریا.']",C,افزایش مواد مغزی در آب، موجب رشد جلبک‌ها می‌شود.,C,0.6812670826911926,C,0.9421204924583436,True,True,True,True,[0.2828872  0.01262493 0.6812671  0.02322079],[0.05356767 0.00283898 0.9421205  0.00147284],0.6697829365730286,0.6812671,0.9421205,0.2608534,0.804437518119812,0.6017701625823975,0.6884992718696594,0.8044373989105225,0.6017701625823975,0.6884992718696594
1512,یک دانش‌آموز مشاهده می‌کند که یک گیاه در زمان‌های مختلف با سرعت‌های متفاوتی رشد می‌کند. این دانش‌آموز اعلام می‌کند که این تغییرات باید ناشی از تغییرات در مقدار نوری باشد که گیاه دریافت می‌کند. کدام توصیف از بیان دانش‌آموز دقیق‌ترین است؟,"['این یک نظر است و نه یک واقعیت.', 'این درست است زیرا بر مبنای مشاهده است.', 'این یکی از چندین توضیح ممکن برای شواهد است.', 'این نامعتبر است زیرا بر مبنای روش علمی نیست.']",C,تغییرات رشد گیاه می‌تواند دلایل مختلفی داشته باشد، بنابراین بیان دانش‌آموز یکی از چندین توضیح ممکن است.,C,0.8301206231117249,C,0.9753075838088988,True,True,True,True,[0.0465586  0.07676215 0.8301206  0.0465586 ],[0.01551998 0.00570948 0.9753076  0.00346297],0.8960119485855103,0.8301206,0.9753076,0.145187,0.8404254913330078,0.5840404033660889,0.6891599893569946,0.8404254913330078,0.5840404033660889,0.6891599893569946
1513,در هنگام بررسی اینکه آیا تحقیق علمی صحیح است، همه این موارد مهم هستند به جز,"['سایر شواهد حمایت\u200cکننده از یافته\u200cهای تحقیق.', 'طریقه طراحی تحقیق.', 'زمان انجام تحقیق.', 'احساس نویسنده نسبت به تحقیق.']",D,نظر شخصی نویسنده در صحت علمی تحقیق تاثیری ندارد.,B,0.547684371471405,A,0.1898189187049865,False,False,False,False,[0.426537   0.5476844  0.00152636 0.0242523 ],[4.5535192e-01 3.5462844e-01 2.0079076e-04 1.8981892e-01],0.7491704225540161,0.0242523,0.18981892,0.16556662,0.6999688744544983,0.502219557762146,0.5848301649093628,0.6999688744544983,0.5022196173667908,0.5848302245140076
1514,کدام یک از عبارت‌های زیر بهترین توضیح را برای این که چرا پایین‌ترین لایهٔ گوشتی زمین از لایهٔ بالایی گوشتی بسیار سفت‌تر و متراکم‌تر است، ارائه می‌دهد؟,"['لایهٔ پایین\u200cتر از لایهٔ بالایی قدیمی\u200cتر است.', 'لایهٔ پایین\u200cتر از لایهٔ بالایی سردتر است.', 'لایهٔ پایین\u200cتر تحت فشار بیشتری نسبت به لایهٔ بالایی قرار دارد.', 'لایهٔ پایین\u200cتر از لایهٔ بالایی دورتر از هسته است.']",C,فشار زیاد در عمق‌های بیشتر باعث فشردگی مواد معدنی و در نتیجه، لایه‌های پایین‌تر گوشت سخت‌تر و متراکم‌تر می‌شوند.,C,0.8361995816230774,C,0.9878920316696168,True,True,True,True,[0.14644937 0.00921705 0.8361996  0.00813402],[1.1060563e-02 7.5268076e-04 9.8789203e-01 2.9475405e-04],0.7968756556510925,0.8361996,0.98789203,0.15169243,0.8901469707489014,0.7338799238204956,0.8044953346252441,0.8901469707489014,0.7338799238204956,0.8044953346252441
1515,ماهی‌ها اکسیژنی را که در آبی که شنا می‌کنند، تنفس می‌کنند. بهترین توصیف برای اکسیژنی که ماهی‌ها تنفس می‌کنند کدام است؟,"['A) اکسیژن یک محلول است که آب را حل می\u200cکند.', 'B) اکسیژن یک ماده است که آب را حل می\u200cکند.', 'C) اکسیژن یک حلّال است که در آب حل شده است.', 'D) اکسیژن یک محلول است که در آب حل شده است.']",C,اکسیژن به عنوان یک ماده حل شده در آب حضور دارد.,D,0.5389758348464966,A,0.0190654471516609,False,False,False,False,[0.4197548  0.03017031 0.01109904 0.53897583],[0.79967535 0.02410098 0.01906545 0.15715815],0.6880327463150024,0.01109904,0.01906545,0.00796641,0.9290294051170349,0.6923500299453735,0.7934151887893677,0.9290294051170349,0.6923500299453735,0.7934151887893677
1516,فرآیند تخریب جنگل‌های بارانی بر اکوسیستم‌ها در مقیاس جهانی تأثیر می‌گذارد. حیات وحش، مردم و آب و هوا ممکن است تحت تأثیر قرار گیرند. یکی از اثرات بلندمدت تخریب جنگل این است که,"['ارگانیسم\u200cها ممکن است منقرض شوند.', 'تنوع زیستی به افزایش خود ادامه خواهد داد.', 'پ Plants دارویی بیشتری کشف شود.', 'تعداد ژن\u200cها برای ارگانیسم\u200cهای آینده افزایش خواهد یافت.']",A,تخریب جنگل‌های بارانی منجر به از بین رفتن زیستگاه و انقراض گونه‌های گیاهی و جانوری می‌شود.,A,0.9904587268829346,A,0.9957320094108582,True,True,True,True,[9.9045873e-01 8.4734494e-03 6.9554313e-04 3.7229739e-04],[9.9573201e-01 4.0772851e-03 1.4394577e-04 4.6732348e-05],0.8685629367828369,0.99045873,0.99573201,0.00527328,0.9133903980255127,0.6525945067405701,0.7612762451171875,0.9119753837585449,0.6546443700790405,0.762175440788269
1517,"پیش‌بینی برای ""مخلوط برفی"" نشان می‌دهد که بخار در هوا هم باران و هم برف تشکیل خواهد داد. کدام یک از این اصول به درستی این رویداد را توصیف می‌کند؟","['آب زیادی در جو زمین وجود ندارد.', 'بیشتر آب روی زمین به صورت بخار وجود دارد.', 'آب در تمامی سه حالت در زمین وجود دارد.', 'آب روی زمین به مرور زمان تمایل به تشکیل یک جامد دارد.']",C,آب می‌تواند در سه حالت جامد، مایع، و گاز در جو وجود داشته باشد و تشکیل برف و باران نشان‌دهنده همین موضوع است.,B,0.8753535747528076,B,0.0099330460652709,False,False,False,False,[0.08157974 0.8753536  0.00453106 0.03853554],[0.08316838 0.8941443  0.00993305 0.01275428],0.862053394317627,0.00453106,0.00993305,0.00540199,0.848070502281189,0.657103419303894,0.7404726147651672,0.8488714694976807,0.6649794578552246,0.7457565069198608
1518,فعالیت‌های انسانی به طرق مختلف بر محیط طبیعی تأثیر می‌گذارند. کدام اقدام تأثیر مثبتی بر محیط طبیعی خواهد داشت؟,"['استفاده از گاز طبیعی برای گرم کردن خانه\u200cها', 'ساخت سدها برای تولید برق', 'قطع درختان برای ساخت خانه\u200cهای جدید', 'بازیافت کاغذ برای کاهش قطع درختان']",D,بازیافت کاغذ موجب کاهش نیاز به قطع درختان و حفظ جنگل‌ها می‌شود.,D,0.859953761100769,D,0.9400190711021424,True,True,True,True,[0.13136403 0.00752776 0.00115442 0.85995376],[0.05344819 0.00266103 0.00387177 0.9400191 ],0.9295772314071656,0.85995376,0.9400191,0.0800653399999999,0.8878695964813232,0.605182945728302,0.7197651267051697,0.8878694772720337,0.6051828861236572,0.7197650074958801
1519,اگرچه مدلی برای انتقال ویژگی‌های ژنتیکی در قرن نوزدهم پیشنهاد شد، اما تا قرن بیستم دانشمندان نقش DNA و ژن‌ها در وراثت ویژگی‌ها را یاد نگرفتند. این پیشرفت در درک علمی احتمالاً ناشی از کدام یک از موارد زیر است؟,"['ادامه تحقیقات', 'رد فرضیه\u200cهای قدیمی\u200cتر', 'پیشرفت در روش علمی', 'بحث در مورد نتایج موجود']",A,پیشرفت در روش‌های علمی و آزمایشگاهی منجر به کشف ساختار و عملکرد DNA شد.,B,0.9504231810569764,C,0.0215963702648878,False,False,False,False,[0.0472726  0.9504232  0.00125977 0.00104439],[2.1596370e-02 2.6309764e-01 7.1517354e-01 1.3249309e-04],0.8152205348014832,0.0472726,0.02159637,-0.0256762299999999,0.9176178574562073,0.7263377904891968,0.8108497262001038,0.9187034368515015,0.7233061790466309,0.8093788027763367
1520,بسیاری از مردم آب شیرین را از چاه‌هایی که به آب ذخیره شده در زیر زمین می‌رسند، تأمین می‌کنند. زمانی که بارندگی کم است، آب می‌تواند شروع به کم شدن کند. بهترین راه برای اینکه آب مدت بیشتری دوام بیاورد چیست؟,"['استفاده از sprinklerها به مدت کمتر در هر هفته', 'شستن خودروها در وسط روز', 'پاشیدن آب برای تمیز کردن روغن از پارکینگ\u200cها', 'اجازه دادن به شیرآلات در حین مسواک زدن بر روی آب بریزد']",A,کاهش مصرف آب با استفاده کمتر از سیستم‌های آبیاری، موجب صرفه‌جویی و کمک به حفظ منابع آب می‌شود.,C,0.854947030544281,A,0.9165078997612,False,True,True,True,[0.09028693 0.00643896 0.85494703 0.04832711],[0.9165079  0.03526032 0.01297155 0.03526032],0.7722777128219604,0.09028693,0.9165079,0.82622097,0.768534243106842,0.599806010723114,0.6737672686576843,0.7685343623161316,0.5998060703277588,0.6737673282623291
1521,آب در زیرزمین در بسیاری از مناطق یافت می‌شود. پمپاژ مقادیر زیادی آب از یک ناحیه سنگ آهکی زیرزمینی احتمالاً باعث چه چیزی خواهد شد؟,"['شکستگی در سنگ آهک', 'سیلابی شدن جویبارهای اطراف منطقه', 'فرورفتگی زمین بالای سنگ آهک', 'تغییر در نوع سنگی که در آن منطقه شکل می\u200cگیرد']",C,کاهش سطح آب زیرزمینی باعث کاهش فشار بر سنگ‌های بالایی می‌شود و ممکن است فرورفتگی‌هایی در سطح زمین ایجاد کند.,C,0.9097324013710022,C,0.9143536686897278,True,True,True,True,[7.4675381e-02 1.4936016e-02 9.0973240e-01 6.5624272e-04],[8.4716566e-02 8.3053199e-04 9.1435367e-01 9.9192905e-05],0.8762920498847961,0.9097324,0.91435367,0.00462127,0.8886539340019226,0.7174460887908936,0.7939246892929077,0.8886539936065674,0.7174460887908936,0.7939247488975525
1522,یک دانش‌آموز علوم متوجه می‌شود که محتوای یکی از لوله‌های آزمایش در یک آزمایش به جوش آمده و رنگ آن تغییر می‌کند. قبل از اتمام آزمایش، دانش‌آموز ثبت می‌کند که ماده در این لوله آزمایش خاص در حال انجام یک تغییر شیمیایی است. اظهارنظر دانش‌آموز مثال خوبی از چیست؟,"['یک مشاهده.', 'یک فرضیه.', 'یک نتیجه\u200cگیری.', 'یک استنباط.']",D,دانش‌آموز با مشاهده تغییرات، نتیجه می‌گیرد که تغییر شیمیایی در حال وقوع است؛ این نتیجه‌گیری مبتنی بر مشاهده است.,D,0.7234641313552856,D,0.7891335487365723,True,True,True,True,[0.14162625 0.11029863 0.02461095 0.72346413],[0.19952421 0.00531714 0.00602511 0.78913355],0.8369492292404175,0.72346413,0.78913355,0.0656694199999999,0.8563441038131714,0.6767532825469971,0.7560298442840576,0.8563440442085266,0.6767531633377075,0.7560296654701233
1523,بخشی از زمین در تمام زمان‌ها توسط خورشید گرم می‌شود. اگر زمین تمام انرژی که از خورشید دریافت می‌کند را جذب می‌کرد، شرایط محیطی در سیاره تغییر می‌کند و اکوسیستم‌های موجود پایدار نخواهند بود. کدام یک از راه‌هایی است که زمین انرژی را از خورشید از دست می‌دهد؟,"['اقیانوس\u200cها انرژی را جذب می\u200cکنند.', 'ابرها انرژی را به فضا انعکاس می\u200cدهند.', 'گیاهان انرژی را به شکل مواد شیمیایی ذخیره می\u200cکنند.', 'جو توسط انرژی گرم می\u200cشود.']",B,زمین انرژی خورشید را از طریق بازتابش به فضا پس می‌دهد که ابرها نقش مهمی در این فرآیند دارند.,C,0.4677825570106506,B,0.9904994368553162,False,True,True,True,[0.36430943 0.13402195 0.46778256 0.03388606],[5.8438908e-03 9.9049944e-01 2.7604583e-03 8.9618965e-04],0.8536732196807861,0.13402195,0.99049944,0.8564774900000001,0.7837477326393127,0.7298924922943115,0.7558620572090149,0.7837477326393127,0.7298924922943115,0.7558620572090149
1524,کدام یک از این موارد بهترین توصیف را از زمان وقوع کسوف ماه ارائه می‌دهد؟,"['زمانی که زمین بین ماه و خورشید قرار دارد', 'زمانی که ماه بین زمین و خورشید قرار می\u200cگیرد', 'زمانی که خورشید بین زمین و ماه قرار دارد', 'زمانی که زمین در زاویه ۹۰ درجه\u200cای با ماه و خورشید قرار دارد']",A,زمانی که زمین بین ماه و خورشید قرار می‌گیرد و مانع از رسیدن نور خورشید به ماه می‌شود، کسوف ماه رخ می‌دهد.,C,0.5501667261123657,C,0.0266637168824672,False,False,False,False,[0.20239504 0.13910393 0.5501667  0.10833425],[0.02666372 0.00980903 0.88990635 0.07362089],0.8340632915496826,0.20239504,0.02666372,-0.17573132,0.8802889585494995,0.7029775381088257,0.7817046046257019,0.8842030167579651,0.7096865177154541,0.7873908281326294
1525,در کدام شرایط، یک سازگاری که اجازه می‌دهد قورباغه‌های ریز دوره متابولیسم را کوتاه‌تر طی کنند، مفید خواهد بود؟,"['زمانی که قورباغه\u200cهای ریز نیاز به شنا کردن فوری دارند', 'زمانی که مقدار آب در محیط آن\u200cها محدود است', 'زمانی که تعداد شکارچیان کاهش می\u200cیابد', 'زمانی که قورباغه\u200cهای ریز نیاز به هم\u200cخوانی با محیط اطراف خود دارند']",B,زمانی که کمبود آب وجود دارد، کوتاه کردن دوره متابولیسم به قورباغه‌ها کمک می‌کند تا در مصرف آب صرفه‌جویی کرده و زنده بمانند.,A,0.8192861676216125,B,0.9871180057525636,False,True,True,True,[0.81928617 0.14320724 0.03195386 0.00555275],[1.2281215e-02 9.8711801e-01 3.3767236e-04 2.6297951e-04],0.8537245392799377,0.14320724,0.98711801,0.8439107699999999,0.8289505243301392,0.7039306163787842,0.7613422870635986,0.8289505243301392,0.7039306163787842,0.7613422870635986
1526,یک دانش‌آموز رشد گیاهان را در انواع مختلف خاک مورد مطالعه قرار داد. بهترین روش برای سازماندهی داده‌ها چیست؟,"['تاریخ و زمان.', 'تاریخ و ارتفاع گیاه.', 'ارتفاع گیاه و نوع خاک', 'تاریخ، ارتفاع گیاه و نوع خاک.']",D,ثبت تاریخ، [MASK]، امکان بررسی تغییرات رشد گیاه را در طول زمان و در شرایط مختلف خاک فراهم می‌کند.,C,0.5504716038703918,D,0.6997504830360413,False,True,True,True,[0.05847433 0.09640787 0.5504716  0.29464623],[0.25843135 0.02723846 0.0145797  0.6997505 ],0.7130332589149475,0.29464623,0.6997505,0.40510427,0.818011462688446,0.6733710765838623,0.7386773228645325,0.8322444558143616,0.6688572764396667,0.7416589856147766
1527,کدام یک از واحدها برای بیان مسافت سفر یک هواپیما در ۲ ساعت مناسب‌ترین است؟,"['متر', 'کیلومتر', 'میلی\u200cمتر', 'سانتی\u200cمتر']",B,کیلو[MASK] واحد مناسبی برای بیان مسافت‌های طولانی مانند مسیرهای هوایی است.,B,0.9967719912528992,B,0.9972643852233888,True,True,True,True,[2.2061320e-03 9.9677199e-01 3.4906078e-04 6.7283225e-04],[1.9101914e-03 9.9726439e-01 2.4285358e-04 5.8257545e-04],0.851039469242096,0.99677199,0.99726439,0.0004923999999999,0.8933936953544617,0.6437240242958069,0.7482823133468628,0.8715299963951111,0.6184832453727722,0.7235193252563477
1528,ارتفاع معمولی برای یک درخت کاج سفید شرقی بالغ 100 فوت است، اما در آنتوناجون، میشیگان، یک درخت کاج سفید شرقی وجود دارد که به 150 فوت رسیده است. درخت کاج در میشیگان چند برابر بزرگتر از درخت کاج سفید معمولی است؟,"['1.5 برابر', '2 برابر', '2.5 برابر', '3 برابر']",A,ارتفاع درخت کاج میشیگان 150 فوت است و ارتفاع معمولی 100 فوت، پس 150 تقسیم بر 100 برابر است با 1.5.,B,0.6177599430084229,A,0.9994906187057496,False,True,True,True,[0.1769912  0.61775994 0.08360472 0.12164415],[9.9949062e-01 1.8808163e-04 4.7554480e-05 2.7365715e-04],0.8049052953720093,0.1769912,0.99949062,0.82249942,0.6756280660629272,0.5975924730300903,0.6342188715934753,0.6667644381523132,0.5977045893669128,0.6303486227989197
1529,یک نمونه از یک ماده ناشناخته، حجمی دارد که مستقل از ظرف خود است. چه اطلاعات اضافی برای تعیین وضعیت نمونه مورد نیاز است؟,"['جرم نمونه', 'چگالی نمونه', 'آیا نمونه شکل ثابتی دارد', 'آیا نمونه برق را هدایت می\u200cکند']",C,برای تعیین وضعیت نمونه، دانستن حجم و ثابت بودن آن کافی نیست؛ دانستن [MASK] ضروری است تا چگالی یا ویژگی‌های دیگر آن قابل محاسبه باشد.,B,0.6051636934280396,B,0.145488753914833,False,False,False,False,[0.22437337 0.6051637  0.1542094  0.01625355],[0.11330676 0.73885286 0.14548875 0.00235161],0.8084578514099121,0.1542094,0.14548875,-0.0087206499999999,0.8109129071235657,0.6343199610710144,0.7118275165557861,0.8027480840682983,0.6283639669418335,0.7049314379692078
1530,اگر یک کشاورز تصمیم بگیرد که محصول گندم را با یک آفت‌کش گرد و غبار کند، چه اتفاقی احتمالاً برای این زنجیره غذایی رخ خواهد داد؟ گندم -> حشرات -> گنجشک‌ها -> دلیجان‌ها,"['چمن سبزتر خواهد شد.', 'پرندگان بیشتری به مزارع خواهند آمد.', 'دلیجان\u200cها بیشتر از چمن خواهند خورد.', 'گنجشک\u200cهای کمتری در مزارع دیده خواهند شد.']",D,استفاده از آفت‌کش سبب کاهش حشرات و در نتیجه کاهش جمعیت گنجشک‌ها می‌شود.,A,0.3941031694412231,D,0.713473379611969,False,True,True,True,[0.39410317 0.30692786 0.02810613 0.27086288],[0.22982833 0.04525588 0.01144248 0.7134734 ],0.7925935387611389,0.27086288,0.7134734,0.44261052,0.7333381175994873,0.5490734577178955,0.6279676556587219,0.7333381175994873,0.5490734577178955,0.6279676556587219
1531,جو آن یک بشر بزرگ از آب تمیز برداشت و به آرامی یک قطره رنگ غذای آبی را به لبه سطح آب اضافه کرد. او بشقاب را لمس نکرد و حرکت نداد. در ابتدا، او streakهای آبی را مشاهده کرد که رنگ غذا به تدریج در آب غرق می شد، اما کم کم رنگ تمام بشر آب به طور یکنواخت آبی شد. چه چیزی باعث شد رنگ غذای آبی در سراسر آب ترکیب شود؟,"['مولکول های آب که به مولکول های رنگ غذا برخورد کردند باعث مخلوط شدن شدند.', 'نور که بر روی سطح آب می درخشید باعث مخلوط شدن شد.', 'یک واکنش شیمیایی بین آب و رنگ غذا یک ترکیب جدید و روشن آبی ایجاد کرد.', 'آب با رنگ غذا تعامل کرد و باعث شد رنگ آبی محو شود.']",A,حرکت و برخورد مولکول‌های آب با مولکول‌های رنگ غذا باعث پخش شدن رنگ در سراسر آب می‌شود که به عنوان انتشار شناخته می‌شود.,A,0.9841054081916808,A,0.9994148015975952,True,True,True,True,[9.8410541e-01 1.0313753e-03 1.4237697e-02 6.2556076e-04],[9.9941480e-01 1.7840670e-04 2.7632172e-04 1.3052514e-04],0.8965242505073547,0.98410541,0.9994148,0.01530939,0.8798468112945557,0.7524113655090332,0.8111544251441956,0.8798468112945557,0.7524113655090332,0.8111544251441956
1532,کدام یک از این اشیا نیمه شفاف است؟,"['الف) دفتر یادداشت یک دانش\u200cآموز', 'ب) یک آینه در اتوبوس', 'ج) یک دیوار آجری مدرسه', 'د) لنزهای عینک آفتابی یک دانش\u200cآموز']",D,لنزهای عینک آفتابی نیمه شفاف بوده تا نور را کنترل کنند.,B,0.6658303737640381,D,0.9556400179862976,False,True,True,True,[0.0377106  0.6658304  0.01781323 0.27864572],[0.0224745  0.01544648 0.00643905 0.95564   ],0.8591590523719788,0.27864572,0.95564,0.6769942800000001,0.8194329738616943,0.6345295906066895,0.7152239680290222,0.8194329738616943,0.6345295906066895,0.7152239680290222
1533,سلول‌های گیاهی و سلول‌های انسانی چگونه مشابه هستند؟,"['آن\u200cها می\u200cتوانند اکسیژن خود را تولید کنند.', 'آن\u200cها غذای خود را از نور خورشید می\u200cسازند.', 'آن\u200cها می\u200cتوانند مواد مغذی را از طریق دیواره سلولی دریافت کنند.', 'آن\u200cها از میتوکندری برای آزاد کردن انرژی از قندها استفاده می\u200cکنند.']",D,هر دو نوع سلول از میتوکندری برای آزاد کردن انرژی از قندها استفاده می‌کنند.,C,0.7572497129440308,D,0.814846932888031,False,True,True,True,[0.14795092 0.0050626  0.7572497  0.08973677],[0.14159916 0.00298508 0.04056884 0.81484693],0.7626014947891235,0.08973677,0.81484693,0.72511016,0.88196861743927,0.6097277402877808,0.7210056185722351,0.88196861743927,0.6097277402877808,0.7210056185722351
1534,یک دانش‌آموز می‌خواهد تعیین کند کدام نوع صابون دست باکتری‌های بیشتری را از بین می‌برد. معلم او به او می‌گوید که تنها نوع صابون دست را تغییر دهد. نوع باکتری آزمایش شده باید یکسان باشد. تنها یک متغیر آزمایش می‌شود؛ زیرا این امر,"['تجربه را تسریع می\u200cکند.', 'قابلیت اطمینان نتایج را بهبود می\u200cبخشد.', 'خواندن نمودارها را آسان\u200cتر می\u200cکند.', 'اطمینان حاصل می\u200cکند که دانش\u200cآموزان چیزی یاد می\u200cگیرند.']",B,با تغییر تنها یک متغیر، تأثیر مستقیم آن بر نتیجه مشخص می‌شود و نتایج آزمایش قابل اعتماد می‌شوند.,A,0.5876887440681458,B,0.9571064114570618,False,True,True,True,[0.58768874 0.4039122  0.00187048 0.00652863],[4.2052321e-02 9.5710641e-01 3.8128413e-04 4.5991645e-04],0.8405627012252808,0.4039122,0.95710641,0.55319421,0.7999595403671265,0.6253147125244141,0.701937198638916,0.7999595403671265,0.6253147125244141,0.701937198638916
1535,کدام یک از این مواد گزینه مناسبی برای استفاده به عنوان عایق است؟,"['هوای', 'آهن', 'شیشه', 'آلومینیوم']",A,موادی با ضریب انتقال حرارت پایین، گزینه مناسبی برای استفاده به عنوان عایق هستند.,C,0.7045592665672302,C,0.09938395768404,False,False,False,False,[0.06604821 0.02753299 0.70455927 0.20185961],[0.09938396 0.06027942 0.8353886  0.00494804],0.7787535786628723,0.06604821,0.09938396,0.03333575,0.8162981271743774,0.6112873554229736,0.6990722417831421,0.8162981271743774,0.6112873554229736,0.6990722417831421
1536,یک دانشمند تعداد تخم هایی که یک گونه پرنده در هر سال می گذارد را مطالعه کرد. او متوجه شد که متداول ترین تعداد تخم هایی که در یک سال گذاشته می شود، سه عدد است. این دانشمند کدام اندازه گیری آماری را یافته است؟,"['میانگین تعداد تخم های گذاشته شده در سال', 'میانه تعداد تخم های گذاشته شده در سال', 'مد تعداد تخم های گذاشته شده در سال', 'دامنه تعداد تخم های گذاشته شده در سال']",C,دانشمند مد را یافته است، زیرا عددی که بیشتر تکرار شده است.,C,0.8738933205604553,C,0.9808316826820374,True,True,True,True,[0.03832128 0.08112614 0.8738933  0.00665924],[1.5853668e-02 2.7549544e-03 9.8083168e-01 5.5970292e-04],0.7707492709159851,0.8738933,0.98083168,0.10693838,0.7605167031288147,0.5258826017379761,0.621801495552063,0.7605167627334595,0.5258825421333313,0.6218014359474182
1537,دانش‌آموزان یک تحقیق علمی دربارهٔ انواع خاک‌های موجود در حیاط مدرسه انجام دادند. دانش‌آموزان برای اطمینان از اینکه تحقیق آن‌ها در سال آینده توسط کلاس درک شود، باید چه کاری انجام دهند؟,"['نام\u200cهای دانش\u200cآموزانی که در تحقیق همکاری کرده\u200cاند را درج کنند.', 'همهٔ داده\u200cها را در جداول و نمودارهای خود به\u200cدرستی علامت\u200cگذاری کنند.', 'عکسی از دانش\u200cآموزان در حال انجام مطالعه بگیرند.', 'گزارش را به معلم تحویل دهند.']",B,برای قابل فهم بودن نتایج تحقیق برای دیگران، داده‌ها باید به وضوح در جداول و نمودارها علامت‌گذاری شوند.,D,0.7597545385360718,B,0.99580055475235,False,True,True,True,[1.4931263e-01 9.0562686e-02 3.7010899e-04 7.5975454e-01],[4.1296617e-03 9.9580055e-01 1.0896599e-05 5.8906455e-05],0.6295980215072632,0.090562686,0.99580055,0.905237864,0.7206602096557617,0.6109263300895691,0.6612717509269714,0.7171082496643066,0.6140835285186768,0.6616091728210449
1538,در کلاس علوم، یک دانش‌آموز ۲۰ میلی‌لیتر از یک محلول اسید بدست می‌آورد. مقدار کمی اسید به یک ماده افزوده می‌شود تا وجود مس را تشخیص دهد. چه کار باید با محلول اضافی اسید انجام شود؟,"['الف) اسید را به سطل زباله بریزید.', 'ب) قبل از ریختن آن در سینک، اسید را خنثی کنید.', 'ج) اسید را به بطری اصلی معلم برگردانید.', 'د) اجازه دهید آب از محلول اسید تبخیر شود.']",B,برای جلوگیری از آسیب به محیط زیست، اسید اضافی باید قبل از ریختن در سینک، خنثی شود تا خطرات احتمالی آن از بین برود.,B,0.5096887350082397,B,0.9015496969223022,True,True,True,True,[0.30914184 0.50968874 0.12786663 0.05330274],[0.08353025 0.9015497  0.01013337 0.00478667],0.9441831707954408,0.50968874,0.9015497,0.39186096,0.8736629486083984,0.7228807210922241,0.7911517024040222,0.8736628890037537,0.7228806614875793,0.7911516427993774
1539,برخی از عملیات زغال‌سنگ‌کاری در زیر زمین انجام می‌شود و به زمین‌های بالایی آسیب نمی‌زند. زغال‌سنگ‌کاری که در زیر زمین انجام می‌شود چگونه می‌تواند برای محیط زیست کمتر آسیب‌رسان باشد نسبت به زغال‌سنگ‌کاری سطحی؟,"['زغال\u200cسنگ\u200cکاری زیرزمینی آلودگی را افزایش می\u200cدهد.', 'زغال\u200cسنگ\u200cکاری زیرزمینی باعث کاهش از بین رفتن زیستگاه می\u200cشود.', 'زغال\u200cسنگ\u200cکاری زیرزمینی رشد جنگل را افزایش می\u200cدهد.', 'زغال\u200cسنگ\u200cکاری زیرزمینی جمعیت حیوانات را کاهش می\u200cدهد.']",B,زغال‌سنگ‌کاری زیرزمینی آسیب کمتری به زیستگاه‌های طبیعی وارد می‌کند و باعث حفظ ساختار زمین می‌شود.,B,0.5972737073898315,A,0.2432499378919601,True,False,False,False,[0.11715165 0.5972737  0.2810322  0.00454246],[0.40105134 0.24324994 0.35392657 0.00177219],0.9249650835990906,0.5972737,0.24324994,-0.35402376,0.8728678822517395,0.6761490106582642,0.7620171308517456,0.8728678226470947,0.6761489510536194,0.7620171904563904
1540,یک معلم به یک دانش‌آموز یک مایع ناشناخته می‌دهد و می‌خواهد که دانش‌آموز نقطه جوش این مایع را پیدا کند. دانش‌آموز تحقیق را انجام می‌دهد و متوجه می‌شود که نقطه جوش ۵۰ درجه سانتی‌گراد است و سپس آزمایش را تکرار می‌کند و متوجه می‌شود که نقطه جوش ۷۰ درجه سانتی‌گراد است. بهترین راه شناسایی نقطه جوش چیست؟,"['استفاده از نقطه جوش دوم', 'میانگین دو عدد را حساب کند', 'استفاده از نقطه جوش اول', 'تحقیقات را تکرار کند']",D,برای اطمینان از صحت نتایج، در صورت اختلاف، آزمایش‌ها باید تکرار شوند تا خطاهای احتمالی شناسایی و نتایج دقیق‌تری حاصل شود.,A,0.9227849245071412,A,0.1266601085662841,False,False,False,False,[0.9227849  0.05231478 0.01167301 0.01322725],[0.72320646 0.14352472 0.00660867 0.12666011],0.7824654579162598,0.01322725,0.12666011,0.11343286,0.752038836479187,0.5993604063987732,0.667074978351593,0.752038836479187,0.5993603467941284,0.6670749187469482
1541,کدام یک تغییر شیمیایی است؟,"['عنصر ۱ صیقل داده می\u200cشود تا سطحی صاف تشکیل شود.', 'عنصر ۲ گرم شده و بخار می\u200cشود.', 'عنصر ۳ پس از قرار گرفتن در هوا، سطحی سفید و پودری توسعه می\u200cدهد.', 'عنصر ۴ از یک مخلوط با فرآیند تصفیه جدا می\u200cشود.']",C,عنصر پس از قرار گرفتن در هوا، ترکیبی جدید با سطحی سفید و پودری تشکیل می‌دهد که نشان‌دهنده تغییر شیمیایی است.,A,0.6476091146469116,C,0.9902605414390564,False,True,True,True,[0.6476091  0.1433766  0.18409921 0.02491512],[8.6346278e-03 9.9953078e-04 9.9026054e-01 1.0534976e-04],0.8414129018783569,0.18409921,0.99026054,0.8061613299999999,0.8774290680885315,0.7414505481719971,0.8037290573120117,0.8808518052101135,0.7427108287811279,0.8059045076370239
1542,اعضا و سیستم‌های اعضا در انسان‌ها چه زمانی شروع به توسعه می‌کنند؟,"['قبل از بارور شدن', 'قبل از تولد', 'در دوران کودکی', 'در دوران بزرگسالی']",B,اعضا و سیستم‌های بدن انسان‌ها در دوره جنینی و پیش از تولد شروع به توسعه می‌کنند.,A,0.7704982161521912,B,0.986586093902588,False,True,True,True,[0.7704982  0.04321458 0.1722575  0.01402972],[1.2565681e-02 9.8658609e-01 3.4549375e-04 5.0269044e-04],0.917700469493866,0.04321458,0.98658609,0.94337151,0.9479148983955383,0.7730663418769836,0.8516084551811218,0.9479148387908936,0.7730662822723389,0.8516084551811218
1543,یک شرکت داروسازی دارویی را برای کمک به تسکین سردردها توسعه داده است. اخیراً این شرکت داروسازی متوجه شد که این دارو ممکن است در تعداد کمی از افرادی که ممکن است دارو را مصرف کنند، باعث حالت تهوع شود. بهترین و اخلاقی‌ترین اقداماتی که این شرکت داروسازی می‌تواند انجام دهد چیست؟,"['استفاده از دارو را متوقف کند.', 'مردم را از عوارض جانبی احتمالی آگاه کند.', 'مقدار دارو را که به مردم داده می\u200cشود کاهش دهد.', 'دارو را اصلاح کند تا دارویی که حالت تهوع را جلوگیری می\u200cکند، شامل شود.']",B,شرکت داروسازی باید اطلاعات دقیق در مورد عوارض جانبی احتمالی دارو را در اختیار مردم و جامعه پزشکی قرار دهد تا افراد با آگاهی کامل در مورد مصرف دارو تصمیم بگیرند.,A,0.6593547463417053,B,0.988577127456665,False,True,True,True,[0.65935475 0.31145713 0.01188927 0.01729879],[1.0896636e-02 9.8857713e-01 1.4152260e-04 3.8469833e-04],0.9075838923454284,0.31145713,0.98857713,0.6771199999999999,0.9072906970977783,0.7378764152526855,0.8138606548309326,0.9072906970977783,0.7378764152526855,0.8138606548309326
1544,کدام یک از بلاهای طبیعی زیر بیشترین احتمال را دارد که باعث تخریب در یک نوار باریک در میان جنگل شود؟,"['سیل', 'توفان گردبادی', 'توفان گرمسیری', 'زلزله']",B,توفان‌های شدید با وزش بادهای شدید در یک مسیر باریک خسارت ایجاد می‌کنند.,A,0.502094030380249,B,0.9029263257980348,False,True,True,True,[0.50209403 0.2677038  0.14329152 0.0869107 ],[0.04513    0.9029263  0.04513    0.00681361],0.727731466293335,0.2677038,0.9029263,0.6352225,0.8965945243835449,0.7101175785064697,0.7925346493721008,0.8995057344436646,0.7151035666465759,0.7967745065689087
1545,ترازوی معیاری برای اندازه‌گیری چیست؟,"['جرم.', 'طول.', 'حجم.', 'دمای.']",A,ترازو برای اندازه‌گیری جرم استفاده می‌شود.,B,0.5393000841140747,A,0.9787841439247132,False,True,True,True,[0.42000732 0.5393001  0.00192988 0.03876275],[9.7878414e-01 2.0234820e-02 2.8863418e-04 6.9239747e-04],0.8926158547401428,0.42000732,0.97878414,0.5587768200000001,0.9128875732421875,0.713119387626648,0.800731897354126,0.9128875732421875,0.713119387626648,0.800731897354126
1546,هر دانش‌آموز در کلاس علوم خانم جورדן یک کره شیشه‌ای دریافت کرد که حاوی چندین ماده بود که به‌خوبی هم زده شده بودند. مکسول باید محتویات کره شیشه‌ای خود را به عنوان یک ترکیب یا یک مخلوط طبقه‌بندی کند. کدام یک از موارد زیر نشان می‌دهد که کره شیشه‌ای حاوی یک مخلوط است؟,"['A) مواد اولیه چگالی\u200cهای متفاوتی داشتند.', 'B) محتویات کره شیشه\u200cای واکنش داده و یک ماده جدید تشکیل دادند.', 'C) مواد اولیه دارای جرم بیشتری نسبت به محتویات کره شیشه\u200cای بودند.', 'D) محتویات کره شیشه\u200cای به راحتی می\u200cتوانند به مواد اولیه جدا شوند.']",D,اگر مواد به صورت فیزیکی ترکیب شده و خواص شیمیایی خود را حفظ کنند، می‌توان آنها را به مواد اولیه جدا کرد.,A,0.3669421076774597,B,0.1093267649412155,False,False,False,False,[0.3669421  0.32382527 0.02345782 0.2857748 ],[0.15906951 0.71290004 0.0187036  0.10932676],0.7064703106880188,0.2857748,0.10932676,-0.17644804,0.8384931087493896,0.6633237600326538,0.740692675113678,0.8384931087493896,0.6633237600326538,0.740692675113678
1547,وجود ارگانیسم‌های فسیلی در سنگ‌ها می‌تواند اطلاعاتی درباره محیط در زمان رسوب‌گذاری رسوبات ارائه دهد زیرا,"['فسیل\u200cها تنها در سنگ\u200cهای رسوبی یافت می\u200cشوند.', 'بسیاری از ارگانیسم\u200cها به مدت میلیون\u200cها سال زنده می\u200cمانند.', 'فسیل\u200cها تحت فرسایش شیمیایی یا فیزیکی قرار نمی\u200cگیرند.', 'ارگانیسم\u200cهای مختلف معمولاً در محیط\u200cهای خاصی زندگی می\u200cکنند.']",D,ارگانیسم‌های مختلف در محیط‌های خاصی زندگی می‌کنند، بنابراین فسیل‌های آنها اطلاعاتی درباره شرایط محیطی گذشته ارائه می‌دهد.,D,0.9335336089134216,D,0.9428262710571288,True,True,True,True,[0.02204053 0.0249752  0.0194507  0.9335336 ],[0.03251477 0.0174039  0.00725503 0.9428263 ],0.7764283418655396,0.9335336,0.9428263,0.0092927,0.7234094738960266,0.5986791849136353,0.6551605463027954,0.7210380434989929,0.6000028848648071,0.6549758315086365
1548,یک گروه از دوستان تصمیم گرفتند که در آخر هفته به طبیعت بروند. آن‌ها چند شاخه درخت جمع‌آوری کردند و آتش اردو روشن کردند. چه نوع انرژی از شاخه‌های درخت توسط دوستان استفاده شده است؟,"['انرژی حرارتی', 'انرژی جنبشی', 'انرژی شیمیایی', 'انرژی مکانیکی']",C,انرژی ذخیره شده در پیوندهای مولکولی چوب، هنگام سوختن آزاد می‌شود.,C,0.8800468444824219,C,0.9521399140357972,True,True,True,True,[1.1817454e-01 1.1585423e-03 8.8004684e-01 6.2012300e-04],[4.7404252e-02 3.0958024e-04 9.5213991e-01 1.4623534e-04],0.7769432663917542,0.88004684,0.95213991,0.0720930699999999,0.888369619846344,0.7000722289085388,0.7830603718757629,0.871799111366272,0.6907377243041992,0.7707780599594116
1549,انتقال جنین نوعی بیوتکنولوژی است. این روش در پرورش گاو، گوسفند و بز مورد استفاده قرار می‌گیرد. این روش امکان انتقال یک جنین از مادر طبیعی به یک ماده دیگر را فراهم می‌کند. این امر به مادر طبیعی اجازه می‌دهد تا فرزندان بیشتری نسبت به حالت عادی تولید کند. محتمل‌ترین دلیل انتخاب یک ماده خاص به عنوان مادر طبیعی که جنین‌های زیادی برای انتقال به سایر ماده‌ها تولید کند، چیست؟,"['او یک ویژگی مطلوب دارد.', 'او فرزندان دیگری داشته است.', 'او از یک بیماری بهبودیافته است.', 'او با موفقیت بافت\u200cهای دیگری اهدا کرده است.']",A,دارای ویژگی‌های ژنتیکی مطلوب برای انتقال به فرزندان است.,A,0.94636470079422,A,0.9766227006912231,True,True,True,True,[0.9463647  0.04162099 0.00489385 0.00712051],[0.9766227  0.01578564 0.00545537 0.00213635],0.6080010533332825,0.9463647,0.9766227,0.030258,0.7979108095169067,0.48746973276138306,0.6052019000053406,0.7979108691215515,0.48746970295906067,0.6052019000053406
1550,مینا می‌خواست بداند که در یک روز چقدر آب از یک استوانه مدرج تبخیر می‌شود. در روز اول، مینا استوانه مدرجی را با ۱۵۰ میلی‌لیتر آب پر کرد. در روز دوم، او مشاهده کرد که حجم آب به ۱۴۸.۵ میلی‌لیتر کاهش یافته است. اگر چگالی آب ۱.۰ گرم به ازای میلی‌لیتر باشد، جرم آب تبخیر شده چه مقدار بود؟,"['۱.۰ گرم', '۱.۵ گرم', '۱۴۸.۵ گرم', '۲۹۸.۵ گرم']",B,تفاوت حجم آب در دو روز ۱.۵ میلی‌لیتر است. با توجه به چگالی آب، جرم آب تبخیر شده برابر با [MASK] است که معادل گزینه‌ای نیست که ما انتخاب کردیم.,B,0.6688047647476196,B,0.5900524854660034,True,True,True,False,[0.21543941 0.66880476 0.01398947 0.10176637],[0.24597047 0.5900525  0.012439   0.15153801],0.8151346445083618,0.66880476,0.5900525,-0.07875226,0.7825433015823364,0.6644625067710876,0.71868497133255,0.7685499787330627,0.6520910859107971,0.7055471539497375
1551,سوالی: یک مرد به بالای یک کوه بسیار بلند climbed کرد. هنگامی که در بالای کوه بود، تمام آب در بطری پلاستیکی خود را نوشید و سپس درپوش را دوباره گذاشت. وقتی به کمپ در دره برگشت، متوجه شد که بطری خالی جمع شده است. کدام یک از موارد زیر بهترین توضیح را برای این پدیده ارائه می‌دهد؟,"['الف) دما در دره نسبت به بالا کوه پایین\u200cتر است.', 'ب) دما در دره نسبت به بالا کوه بالاتر است.', 'ج) فشار هوا در دره نسبت به بالا کوه پایین\u200cتر است.', 'د) فشار هوا در دره نسبت به بالا کوه بالاتر است.']",D,با افزایش ارتفاع، فشار هوا کاهش می‌یابد. بازگشت به دره باعث افزایش فشار هوا و جمع شدن بطری خالی می‌شود.,B,0.3710231482982635,D,0.7158129811286926,False,True,True,True,[0.32742676 0.37102315 0.01259691 0.28895313],[0.07544613 0.02775508 0.18098587 0.715813  ],0.8458319902420044,0.28895313,0.715813,0.42685987,0.8260389566421509,0.6623431444168091,0.7351891994476318,0.8260389566421509,0.6623431444168091,0.7351891994476318
1552,کدام عامل بیشتر احتمال دارد که تعداد موش‌ها در یک منطقه را محدود کند؟,"['منابع فراوان', 'آب و هوای پایدار', 'شکارچیان بیشتر', 'رقابت کمتر']",C,افزایش شکارچیان باعث کاهش جمعیت موش‌ها می‌شود.,C,0.943776786327362,C,0.9939325451850892,True,True,True,True,[0.04671336 0.0082454  0.9437768  0.00126447],[5.9101391e-03 9.5528500e-05 9.9393255e-01 6.1677834e-05],0.9305343627929688,0.9437768,0.99393255,0.05015575,0.8381221890449524,0.511104166507721,0.6349827647209167,0.8381221890449524,0.511104166507721,0.6349827647209167
1553,در سال 1879، ماری کُرنو کشف کرد که نور خورشید دارای کاهش در نور فرابنفش (UV) است. دو سال بعد، والتر هارتلی دریافت که اوزون برخی از طول موج‌های نور فرابنفش را جذب می‌کند. چه چیزی چارلز فابری و آنگر بویسون را به انجام تحقیقاتی که منجر به کشف لایه اوزون در جو زمین شد، ترغیب کرد؟,"['بررسی علل پدید\u200cه\u200cهای مشاهده شده', 'یافتن گزینه\u200cهایی برای جایگزینی طول\u200cموج\u200cهای گم\u200cشده نور', 'نگرانی\u200cهای بهداشتی در مورد اثرات تابش فرابنفش', 'پیش\u200cبینی تغییرات آینده در تولید نور فرابنفش']",A,نگرانی‌های بهداشتی در مورد اثرات مضر تابش فرابنفش بر سلامت انسان و محیط زیست، محققان را به مطالعه لایه اوزون و نقش آن در حفاظت از زمین ترغیب کرد.,A,0.618354320526123,C,0.0058646630495786,True,False,False,False,[0.6183543  0.00539177 0.37505087 0.00120307],[5.86466305e-03 1.10824774e-04 9.94020224e-01 4.29714282e-06],0.7816130518913269,0.6183543,0.00586466305,-0.61248963695,0.7366801500320435,0.6292006969451904,0.6787117123603821,0.7206035256385803,0.6234385967254639,0.6685088872909546
1554,دو ورقه کاغذ یکسان در یک آزمایش استفاده می‌شود؛ یکی به شکل توپ در آمده و دیگری صاف است. احتمالاً وقتی هر دو از یک ارتفاع همزمان رها شوند، چه اتفاقی خواهد افتاد؟,"['ورقه صاف به لبه خود خواهد افتاد', 'هر دو با همان سرعت خواهند افتاد', 'ورقه مچاله شده سریع\u200cتر خواهد افتاد', 'ورقه مچاله شده به صورت افقی حرکت خواهد کرد']",C,ورقه مچاله شده به دلیل کاهش سطح تماس با هوا، مقاومت هوا کمتری را تجربه می‌کند و سریع‌تر سقوط خواهد کرد.,A,0.9104719758033752,C,0.6473566889762878,False,True,True,True,[0.910472   0.03097262 0.03976964 0.01878585],[3.4650508e-01 5.6007328e-03 6.4735669e-01 5.3748599e-04],0.9185196161270142,0.03976964,0.64735669,0.6075870499999999,0.8803113698959351,0.702521800994873,0.7814316153526306,0.8803112506866455,0.7025218605995178,0.7814316153526306
1555,کدام یک تغییر شیمیایی را توصیف می‌کند؟,"['حل شدن شکر در چای', 'تابش آفتاب بر روی پیاده\u200cرو', 'قیچی کردن کاغذ به قطعات', 'اسید در معده غذا را هضم می\u200cکند']",D,فرآیند هضم غذا در معده یک تغییر شیمیایی است.,C,0.794336199760437,D,0.9504036903381348,False,True,True,True,[0.10834487 0.01293995 0.7943362  0.08437906],[0.03685115 0.00342769 0.00931743 0.9504037 ],0.6308603286743164,0.08437906,0.9504037,0.86602464,0.7129530906677246,0.6072770953178406,0.6558857560157776,0.6992968916893005,0.6014888286590576,0.6467157006263733
1556,کدام یک از این موارد در چرخه زندگی همه گیاهان رخ می‌دهد؟,"['الف) بارور شدن', 'ب) جوانه\u200cزنی', 'ج) بلوغ', 'د) تولید مثل جنسی']",C,همه گیاهان در چرخه زندگی خود تولید مثل جنسی را تجربه می‌کنند که شامل مراحل مختلفی مانند تشکیل گل، گرده‌افشانی و تولید بذر است.,B,0.4873858392238617,D,0.0025453332345932,False,False,False,False,[0.3336691  0.48738584 0.0398511  0.13909398],[0.42472807 0.02736491 0.00254533 0.54536164],0.8877704739570618,0.0398511,0.00254533,-0.03730577,0.9234839677810669,0.7612559795379639,0.8345593214035034,0.9234839677810669,0.7612559795379639,0.8345593214035034
1557,کدام یک ترتیب صحیح تغییراتی که در بهار برای یک گیاه اتفاق می‌افتد را لیست می‌کند؟,"['بَرخاست، شکوفه\u200cها باز می\u200cشوند، میوه\u200cها رشد می\u200cکنند', 'شکوفه\u200cها می\u200cمیرند، میوه\u200cها رشد می\u200cکنند، برخواست\u200cها شکل می\u200cگیرند', 'بذرها می\u200cریزد، شکوفه\u200cها باز می\u200cشوند، برخواست\u200cها شکل می\u200cگیرند', 'بذرها می\u200cریزد، شکوفه\u200cها می\u200cمیرند، میوه\u200cها رشد می\u200cکنند']",A,گیاهان در بهار ابتدا از خواب زمستانی بیدار می‌شوند، سپس شکوفه‌ها باز و میوه‌ها رشد می‌کنند.,A,0.5554824471473694,A,0.9509430527687072,True,True,True,True,[0.55548245 0.26239133 0.02421627 0.15790989],[0.95094305 0.00921411 0.00717595 0.03266684],0.8616313338279724,0.55548245,0.95094305,0.3954606,0.9142757058143616,0.721749484539032,0.8066844344139099,0.9142757058143616,0.721749484539032,0.8066844344139099
1558,کلاس آقای فرناندز در حال مطالعهٔ محلول‌ها است. کدام جمله بهترین توصیف کنندهٔ یک محلول است؟,"['الف) محلول مخلوطی است که اجزای آن در تمام نقاط مشابه هستند.', 'ب) محلول محصول مایع یک واکنش شیمیایی است.', 'ج) محلول از ترکیب دو یا چند مایع تشکیل می\u200cشود.', 'د) محلول شامل دو جزء با حجم\u200cهای متفاوت است.']",A,مخلوطی همگن که در آن مواد مختلف به طور یکنواخت ترکیب شده و اجزای آن در تمام نقاط مشابه هستند.,A,0.7290847301483154,A,0.9978675842285156,True,True,True,True,[0.72908473 0.04642712 0.12620199 0.0982862 ],[9.9786758e-01 1.3162163e-03 2.6740559e-04 5.4868060e-04],0.733626127243042,0.72908473,0.99786758,0.26878285,0.898429811000824,0.6635991334915161,0.7633626461029053,0.8975882530212402,0.6657021641731262,0.7644471526145935
1559,یک کالسکه با باتری یک بار 800 گرمی را بر روی زمین می کشد. اگر بار به 400 گرم کاهش یابد و نیروی مورد استفاده برای حرکت دادن کالسکه ثابت بماند، کالسکه:,"['کندتر حرکت می کند', 'سریعتر حرکت می کند', 'با همان سرعت حرکت می کند', 'متوقف می شود']",B,با کاهش وزن، نیروی لازم کاهش می یابد و شتاب افزایش می یابد، پس کالسکه [MASK].,A,0.8227768540382385,A,0.4309055507183075,False,False,False,False,[0.82277685 0.06806734 0.08740019 0.02175563],[0.5554592  0.43090555 0.01029351 0.00334181],0.8473908305168152,0.06806734,0.43090555,0.36283821,0.7699939012527466,0.5561659336090088,0.6458413004875183,0.7707096338272095,0.5497413277626038,0.6417366862297058
1560,در یک اکوسیستم جنگلی، جایگاه جمعیت سنجاب چیست؟,"['تجزیه و تحلیل مواد. ', 'گرده\u200cافشانی گل\u200cها. ', 'بازچرخه\u200cسازی مواد مغذی در خاک. ', 'جمع\u200cآوری بلوط\u200cها و دفن آن\u200cها در خاک.']",D,سنجاب‌ها در جمع‌آوری و پنهان کردن دانه‌ها و میوه‌ها نقش دارند که منجر به پراکندگی و گسترش گونه‌های گیاهی در اکوسیستم می‌شود.,C,0.811613142490387,D,0.7999839782714844,False,True,True,True,[0.16012855 0.01324724 0.81161314 0.01501109],[0.1086898  0.05134142 0.03998474 0.799984  ],0.7850677967071533,0.01501109,0.799984,0.78497291,0.819810152053833,0.6605634093284607,0.731621503829956,0.819810152053833,0.6605634093284607,0.731621503829956
1561,کدام واقعیت بهترین توضیح را دربارهٔ اینکه چرا بیشتر تبخیر در اقیانوس‌ها اتفاق می‌افتد، ارائه می‌دهد؟,"['آب اقیانوس\u200cها شور است.', 'در بستر اقیانوس رشته\u200cکوه\u200cهایی وجود دارد.', 'حدود ۹۷ درصد از آب\u200cهای زمین آب اقیانوس است.', 'ابرهای کمتری نور خورشید را بر فراز اقیانوس مسدود می\u200cکنند.']",C,بیشتر آب‌های زمین در اقیانوس‌ها ذخیره شده است.,C,0.8141981959342957,C,0.9900166392326356,True,True,True,True,[0.18238321 0.00202609 0.8141982  0.00139251],[9.5553072e-03 3.3734360e-04 9.9001664e-01 9.0794798e-05],0.7580403685569763,0.8141982,0.99001664,0.17581844,0.9300426244735718,0.6280549168586731,0.7497833371162415,0.9300426244735718,0.6280549168586731,0.7497833371162415
1562,استفاده از کاغذ بازیافتی مهم است زیرا این کاغذ,"['در رنگ\u200cهای مختلف وجود دارد.', 'ظاهر صاف\u200cتری دارد.', 'آلودگی کمتری ایجاد می\u200cکند.', 'تعداد درختان بریده شده را کاهش می\u200cدهد.']",D,استفاده از کاغذ بازیافتی موجب کاهش نیاز به قطع درختان و حفظ منابع طبیعی می‌شود.,C,0.9724392294883728,C,0.0171091668307781,False,False,False,False,[0.01381702 0.01219348 0.9724392  0.00155023],[0.02489369 0.00915788 0.94883925 0.01710917],0.9056620597839355,0.00155023,0.01710917,0.01555894,0.9172128438949585,0.6347303986549377,0.7502630949020386,0.9191603660583496,0.6377554535865784,0.7530266642570496
1563,توسعه یک نیروگاه هسته‌ای در یک مکان دریایی انتظار می‌رود که مقدار بسیار زیادی برق برای یک جمعیت بزرگ تولید کند. آب دریا برای خنک‌کردن نیروگاه استفاده شده و سپس به دریا بازگردانده می‌شود. چه عواقب ناخواسته‌ای باید پیش از آغاز ساخت و ساز مورد تجزیه و تحلیل قرار گیرد؟,"['تعداد کیلووات تولید شده به ازای هر خانه', 'تأثیر آب گرم شده بر زندگی آبزیان', 'تأثیر سایر منابع تولید انرژی', 'مصرف انرژی به ازای هر نفر']",B,افزایش دمای آب دریا می‌تواند تأثیرات منفی بر زندگی آبزیان داشته باشد و زنجیره غذایی دریایی را تحت تأثیر قرار دهد.,B,0.9642577767372132,B,0.9874554872512816,True,True,True,True,[0.03283437 0.9642578  0.00127313 0.00163473],[1.2237517e-02 9.8745549e-01 2.3859361e-04 6.8358211e-05],0.8895474672317505,0.9642578,0.98745549,0.0231976899999999,0.9097866415977478,0.6633855104446411,0.7672895789146423,0.9123347997665405,0.6658732295036316,0.7698596119880676
1564,چرا آب از سفره آب زیرزمینی به احتمال بیشتری تمیزتر از آب از منابع دیگر است؟,"['زیرا در جایی تشکیل می\u200cشود که آب\u200cهای شیرین و شور ملاقات می\u200cکنند', 'زیرا به\u200cطور مستقیم از بارش آب دریافت می\u200cکند', 'زیرا به سطح زمین نزدیک اقیانوس بالا می\u200cآید', 'زیرا آلاینده\u200cها توسط سنگ و خاک در عمق زمین فیلتر می\u200cشوند']",D,زیرا آلاینده‌ها توسط لایه‌های خاک و سنگ فیلتر می‌شوند.,D,0.6514033675193787,D,0.958443820476532,True,True,True,True,[0.30770117 0.02545575 0.01543969 0.65140337],[0.03228769 0.00720436 0.00206408 0.9584438 ],0.5604935884475708,0.65140337,0.9584438,0.3070404299999999,0.7437611818313599,0.48402151465415955,0.5864171385765076,0.7437610626220703,0.48402148485183716,0.5864171385765076
1565,جیک و مالی هرکدام چند شی مختلف دارند. آنها می‌خواهند ببینند کدام اشیاء می‌توانند بر روی آب شناور بمانند. بهترین روش برای مقایسه نتایج تحقیقاتشان با یکدیگر چیست؟,"['هر شی را در مایعات مختلف بیندازید.', 'رفتار هر شی را در یک جدول ثبت کنید.', 'طول و جرم هر شی را اندازه\u200cگیری کنید.', 'اشیاء را از کوچکترین به بزرگترین گروه بندی کنید.']",B,"<answer>[MASK]</answer>
<concise_explanation>
برای مقایسه نتایج، رفتار هر شی باید در شرایط یکسان و به صورت منظم در جدولی ثبت شود تا نتایج به راحتی قابل مقایسه باشند.",A,0.816967785358429,B,0.99688321352005,False,True,True,True,[8.1696779e-01 1.8157947e-01 3.5605091e-04 1.0967139e-03],[2.500154e-03 9.968832e-01 5.578598e-04 5.879799e-05],0.8603909611701965,0.18157947,0.9968832,0.81530373,0.6297924518585205,0.6868870258331299,0.6571018695831299,0.628420889377594,0.6810451149940491,0.6536756157875061
1566,کدام سازگاری به یک کرم کمک می‌کند تا در خاک حرکت کند؟,"['پوست مرطوب', 'بدن لوله\u200cای شکل', 'پوستی که تنفس می\u200cکند', 'دهان بسیار کوچک']",B,شکل لوله‌ای بدن کرم‌ها مقاومت در برابر حرکت در خاک را کاهش می‌دهد.,B,0.9086632132530212,B,0.996408998966217,True,True,True,True,[0.07429683 0.9086632  0.01157321 0.0054668 ],[3.2212930e-03 9.9640900e-01 1.2886792e-04 2.4075700e-04],0.8611798882484436,0.9086632,0.996409,0.0877457999999999,0.82798171043396,0.6493236422538757,0.7278496623039246,0.8225045204162598,0.6492117643356323,0.7256556153297424
1567,کدام یک از موارد زیر بهترین نمایش درصد هشت عنصر فراوان در قشر زمین را ارائه می‌دهد؟,"['نمودار خطی', 'نمودار دایره\u200cای', 'نمودار میله\u200cای', 'جدول داده\u200cها']",D,[MASK] برای نمایش درصد سهم هر عنصر از کل مناسب است.,B,0.9611097574234008,B,0.0288409106433391,False,False,False,False,[2.5813589e-02 9.6110976e-01 8.8329252e-04 1.2193477e-02],[0.02246132 0.9476473  0.00105053 0.02884091],0.7696071267127991,0.012193477,0.02884091,0.016647433,0.7728775143623352,0.5785677433013916,0.6617538332939148,0.7356617450714111,0.5565848350524902,0.6337152123451233
1568,یک دانش‌آموز در تلاش است تا ۲۰ گرم شکر را در یک لیوان حاوی ۲۵۰ میلی‌لیتر آب در دمای اتاق حل کند. چه کاری می‌تواند انجام دهد تا شکر سریع‌تر در آب حل شود؟,"['دماي آب را کاهش دهد', 'از قطعات بزرگتر شکر استفاده کند', 'به سرعت هم بزند', 'از آب کمتری استفاده کند']",C,با هم زدن، مولکول‌های آب سریع‌تر حرکت می‌کنند و شکر سریع‌تر حل می‌شود.,B,0.9392960667610168,C,0.9880830645561218,False,True,True,True,[0.05257908 0.93929607 0.00431595 0.00380882],[9.2432341e-03 2.3370553e-03 9.8808306e-01 3.3668472e-04],0.7704882621765137,0.00431595,0.98808306,0.98376711,0.7989576458930969,0.6201909780502319,0.6983148455619812,0.7989577054977417,0.6201910972595215,0.6983150243759155
1569,در فرایند طراحی، یک معامله زمانی رخ می‌دهد که یک مشکل حل می‌شود اما یک ویژگی قربانی می‌شود. کدامیک از موارد زیر مثالی از یک معامله است؟,"['مصرف سوخت یک خودرو افزایش یافته و قدرت موتور کمتر می\u200cشود.', 'یک هواپیما از موتور کارآمدتری استفاده می\u200cکند و عملکرد بالاتری دارد.', 'طعم یک نوشیدنی ورزشی بهبود یافته و محتواهای تغذیه\u200cای همانند باقی می\u200cماند.', 'یک شرکت کامپیوتری سخت\u200cافزار را ارتقاء می\u200cدهد و قیمت ثابت می\u200cماند.']",A,زمانی که مصرف سوخت خودرو افزایش می‌یابد و در نتیجه قدرت موتور کاهش می‌یابد، یک معامله رخ داده است.,A,0.9804463982582092,A,0.9826136231422424,True,True,True,True,[9.8044640e-01 9.5543760e-04 1.4040054e-02 4.5581381e-03],[0.9826136  0.00145582 0.01381241 0.0021182 ],0.7291587591171265,0.9804464,0.9826136,0.0021671999999999,0.8455585837364197,0.6434807181358337,0.7308076024055481,0.8418892621994019,0.645754873752594,0.7308925986289978
1570,یک ستاره‌شناس داده‌هایی از مشاهدات یک ستاره جمع‌آوری می‌کند. ستاره‌شناس بر این باور است که داده‌ها نشان می‌دهند که یک سیاره بزرگ به دور آن ستاره می‌چرخد. ستاره‌شناس چگونه باید نتایج را گزارش کند تا به بهترین نحو از اعتبار علمی داده‌ها حمایت کند؟,"['با نوشتن یک پست در یک وبلاگ علمی مرتبط با ستاره\u200cشناسی', 'با ارسال یک مقاله به یک نشریه علمی معتبر در زمینه ستاره\u200cشناسی', 'با ایجاد یک وب\u200cسایت شخصی که بر روی ستاره\u200cشناسی متمرکز باشد', 'با بحث درباره داده\u200cها با یک خبرنگار که ستاره\u200cشناسی را درک می\u200cکند']",B,با انتشار در یک نشریه علمی معتبر، فرآیند داوری همتا طی شده و اعتبار داده‌ها و روش‌های تحقیقاتی تایید می‌شود.,B,0.9719346761703492,B,0.9975528120994568,True,True,True,True,[2.2768600e-02 9.7193468e-01 2.1634786e-04 5.0803609e-03],[2.3047971e-03 9.9755281e-01 5.5924236e-05 8.6617154e-05],0.710155189037323,0.97193468,0.99755281,0.0256181299999999,0.8416026830673218,0.6968461275100708,0.7624141573905945,0.8416026830673218,0.6968461275100708,0.7624141573905945
1571,ساحل‌های شنی در بسیاری از رودها به دلیل چه چیزی تشکیل می‌شوند؟,"['فرسایش صخره\u200cها.', 'آب که به دریاچه\u200cای می\u200cریزد.', 'سدهایی که توسط بیورها ساخته می\u200cشوند.', 'رسوباتی که توسط آب به پایین دست منتقل می\u200cشوند.']",D,به دلیل ته‌نشین شدن رسوبات منتقل شده توسط آب در بستر رودخانه‌ها هنگام کاهش سرعت آب، ساحل‌های شنی تشکیل می‌شوند.,A,0.6569215059280396,D,0.8743555545806885,False,True,True,True,[0.6569215  0.24072574 0.01379468 0.08855806],[1.1833116e-01 6.9961646e-03 3.1714761e-04 8.7435555e-01],0.8877631425857544,0.08855806,0.87435555,0.78579749,0.7923088073730469,0.6682769656181335,0.7250264883041382,0.7923088073730469,0.6682769656181335,0.7250264883041382
1572,به چه شکلی بهترین توصیف برای هر مشاهدهٔ واحد از سرعت باد است؟,"['این یک اشاره به وضعیت آب و هوای آینده است.', 'این یک اشاره به میزان رطوبت است.', 'این یک اشاره به وضعیت آب و هوا در یک زمان مشخص است.', 'این یک اشاره به اقلیم موجود است.']",C,هر مشاهده واحد از سرعت باد، وضعیت آب و هوا را در یک زمان مشخص نشان می‌دهد.,C,0.9603885412216188,C,0.986257016658783,True,True,True,True,[0.0326707  0.00390196 0.96038854 0.00303885],[1.24637345e-02 7.48505467e-04 9.86257017e-01 5.30769874e-04],0.9125826954841614,0.96038854,0.986257017,0.025868477,0.8502199649810791,0.699791669845581,0.7677062749862671,0.8502199649810791,0.699791669845581,0.7677062749862671
1573,ماهی‌های استرژن خلیجی، نوعی ماهی، در آب‌های شور در امتداد سواحل خلیج فلوریدا زندگی می‌کنند. آنها برای تولید مثل به آب‌های شیرین و سالم در بالای رودخانه شنا می‌کنند. پس از گذشت چند سال، استرژن‌های جوان به محیط‌های آبی شور ساحلی مهاجرت می‌کنند. اگر سدهایی در امتداد این رودها ساخته شوند، احتمالاً چه تأثیری بر روی استرژن‌های خلیجی خواهد داشت؟,"['A) استرژن\u200cهای خلیجی در طول زمان به یک گونه جدید تبدیل خواهند شد.', 'B) استرژن\u200cهای خلیجی از رودخانه\u200cهای ساحلی به اقیانوس منتقل خواهند شد.', 'C) جمعیت استرژن خلیجی به دلیل از دست دادن زیستگاه کاهش خواهد یافت.', 'D) جمعیت استرژن خلیجی به تولید مثل در آب\u200cهای شور سازگار خواهد شد.']",C,احداث سد، دسترسی ماهیان به آب‌های شیرین برای تولید مثل را محدود می‌کند و منجر به کاهش جمعیت آنها می‌شود.,C,0.8679080605506897,C,0.8773430585861206,True,True,True,True,[0.10406253 0.02049113 0.86790806 0.00753827],[1.18272565e-01 3.86173604e-03 8.77343059e-01 5.22629183e-04],0.8019891381263733,0.86790806,0.877343059,0.009434999,0.7699664831161499,0.5786935091018677,0.6607664227485657,0.7699664831161499,0.5786935091018677,0.6607664227485657
1574,پرندگان در رنگ‌ها، اشکال و اندازه‌های متفاوتی وجود دارند. چه چیزی معمولاً رنگ، شکل و اندازه‌ی یک پرنده را تعیین می‌کند؟,"['زمانی که به دنیا آمده است', 'نوع غذایی که پرنده می\u200cخورد', 'الگوهای مهاجرتی پرنده', 'چیستی که پرنده از والدین خود به ارث برده است']",D,ژن‌های به ارث رسیده از والدین، رنگ، شکل و اندازه پرنده را تعیین می‌کنند.,B,0.7438226342201233,D,0.9947404265403748,False,True,True,True,[0.03696049 0.74382263 0.00652391 0.21269293],[4.9036597e-03 2.7664556e-04 7.9260280e-05 9.9474043e-01],0.8938049077987671,0.21269293,0.99474043,0.7820475,0.7253140211105347,0.5441113114356995,0.6217798590660095,0.7227293848991394,0.5409303903579712,0.6187524795532227
1575,پرسش: جاذبه و مغناطیس هر دو,"['الف) نیروهای مشترک', 'ب) چرخه\u200cهای طبیعی', 'ج) حالت\u200cهای ماده', 'د) اشکال انرژی']",A,هر دو می‌توانند به عنوان اشکال مختلف انرژی ظاهر شوند و با انواع مختلف انرژی مرتبط هستند.,A,0.5823449492454529,D,0.0628862231969833,True,False,False,False,[0.58234495 0.03693835 0.3117068  0.06900994],[0.06288622 0.0094944  0.06288622 0.8647331 ],0.6918558478355408,0.58234495,0.06288622,-0.51945873,0.8222228288650513,0.6151283979415894,0.7037564516067505,0.8222228288650513,0.6151283979415894,0.7037564516067505
1576,در سال ۲۰۱۴، یک ترکیدگی در لوله آب طوفانی هزاران گالن خاکستر زغال سنگ را از یک نیروگاه الکتریکی بازنشسته به یک رودخانه ریخت. این spill در بالادست کارخانه‌های تصفیه آب که به جوامع در沿 رود خدمت می‌کنند، رخ داد. خاکستر زغال سنگ شامل چندین فلز خطرناک از جمله آرسنیک است. کدام مرحله از فرآیند تصفیه آب بیشتر احتمال دارد که فلزات خطرناک را از آب حذف کند؟,"['الف) هوازی شدن', 'ب) لخته\u200cسازی', 'ج) ضدعفونی', 'د) اسمز معکوس']",B,فرآیند اسمز معکوس به دلیل استفاده از غشای نیمه‌تراوا، قادر به حذف موثر فلزات سنگین و خطرناک مانند آرسنیک از آب است.,B,0.6144627928733826,D,0.0036442733835428,True,False,False,False,[0.17467654 0.6144628  0.05670916 0.1541515 ],[0.04725965 0.00364427 0.0072475  0.9418486 ],0.637301504611969,0.6144628,0.00364427,-0.61081853,0.7925539016723633,0.6193495988845825,0.695327877998352,0.7925539016723633,0.6193495988845825,0.695327877998352
1577,مصریان باستان فکر می‌کردند که منظومه شمسی یک جعبه مستطیلی‌است. مردم در یونان باستان جهان را به شکل یک مجموعه کره‌های شفاف تصور می‌کردند. بعد از آن، منظومه شمسی به عنوان یک مجموعه سیارات در حال گردش به دور خورشید دیده شد. چرا مدل منظومه شمسی در طول قرن‌ها تغییر کرده است؟,"['دانشمندان مدل\u200cهای جدیدتر را ترجیح می\u200cدادند.', 'شواهد جدید باعث تجدیدنظر شد.', 'مدل\u200cهای جدیدتر رسم کردن را آسان\u200cتر بودند.', 'اطلاعات در نهایت در کتاب\u200cها گردآوری شد.']",B,کشف شواهد جدید و اطلاعات تازه باعث تجدیدنظر در مدل منظومه شمسی شد و تصورات قبلی را اصلاح کرد.,B,0.9789772033691406,B,0.9931973218917848,True,True,True,True,[2.0042129e-02 9.7897720e-01 2.9496057e-04 6.8580394e-04],[6.6790534e-03 9.9319732e-01 5.6007269e-05 6.7557659e-05],0.8563593029975891,0.9789772,0.99319732,0.01422012,0.8269083499908447,0.6673299670219421,0.7385979294776917,0.8269084095954895,0.6673299670219421,0.7385980486869812
1578,کدام موقعیت می‌تواند به‌طور مثبت بر نیش یک موجود زنده تأثیر بگذارد؟,"['کاهش در زیستگاه مناسب', 'کاهش در دمای عادی', 'افزایش در مقدار طعمه\u200cهای در دسترس', 'افزایش در تعداد رقبای غذایی']",C,افزایش منابع غذایی می‌تواند به بهبود تغذیه و توانایی زنده ماندن کمک کند.,C,0.941721260547638,C,0.9909103512763976,True,True,True,True,[0.05302461 0.00141306 0.94172126 0.00384109],[8.5063381e-03 2.7343581e-04 9.9091035e-01 3.0984337e-04],0.7525157928466797,0.94172126,0.99091035,0.04918909,0.8085346221923828,0.6347918510437012,0.7112059593200684,0.812333345413208,0.6367248296737671,0.7138882875442505
1579,عفونتی که ناشی از زخم در پوست است، نتیجه مستقیم کدام یک است؟,"['موتاسیون ژنی.', 'یک واکنش آلرژیک.', 'افزایش بیش از حد بافت.', 'نفوذ سلول\u200cهای خارجی.']",D,عفونت ناشی از زخم در پوست به دلیل ورود عوامل بیماری‌زا یا سلول‌های خارجی به داخل زخم است.,B,0.5114122033119202,D,0.987486720085144,False,True,True,True,[0.2406322  0.5114122  0.00732345 0.2406322 ],[8.4935213e-03 3.5406265e-03 4.7917169e-04 9.8748672e-01],0.8983214497566223,0.2406322,0.98748672,0.7468545200000001,0.91123366355896,0.7535091042518616,0.8248996734619141,0.91123366355896,0.7535091042518616,0.8248996734619141
1580,یک گیاه در ناحیه‌ای مرطوب و باتلاقی که پر از گیاهان غیرعروقی و گیاهان عروقی بدون دانه است، رشد می‌کند. کدام ویژگی نشان می‌دهد که این گیاه به عنوان یک گیاه عروقی بدون دانه طبقه‌بندی می‌شود؟,"['قد آن ۱۸ سانتیمتر است.', 'اسپور تولید می\u200cکند.', 'در خاک فقیر رشد می\u200cکند.', 'گامتوفیت آن صاف است.']",A,تولید اسپور نشان‌دهنده ویژگی گیاهان عروقی بدون دانه است.,B,0.856308102607727,B,0.0007730097859166,False,False,False,False,[0.01214322 0.8563081  0.00099678 0.1305519 ],[7.7300979e-04 9.9884439e-01 9.8277174e-05 2.8437443e-04],0.8456219434738159,0.01214322,0.00077300979,-0.01137021021,0.8119511604309082,0.561296284198761,0.6637480854988098,0.8119510412216187,0.5612962245941162,0.6637479662895203
1581,در طول یک آزمایش، یک کلاس یک بادکنک را که محیط اولیه آن ۲۵ سانتی‌متر بود گرم کرد. محیط بادکنک به ۲۷ سانتی‌متر افزایش یافت. بهترین نتیجه‌ای که می‌توان از این آزمایش گرفت چیست؟,"['الف) مولکول\u200cهای درون بادکنک انرژی خود را به بیرون از دست دادند.', 'ب) مولکول\u200cهای درون بادکنک از حرارت انرژی کسب کردند.', 'ج) انرژی مولکول\u200cهای درون بادکنک همان\u200cطور که بود باقی ماند.', 'د) مولکول\u200cهای درون بادکنک به بیرون فرار کردند.']",B,مولکول‌های هوا درون بادکنک با گرم شدن انرژی کسب کرده و سریع‌تر حرکت می‌کنند.,A,0.7756533622741699,B,0.9375016093254088,False,True,True,True,[0.77565336 0.15363276 0.02669737 0.04401653],[0.05993247 0.9375016  0.00096872 0.00159715],0.7967075109481812,0.15363276,0.9375016,0.78386884,0.8389155864715576,0.5815742611885071,0.6869344711303711,0.8389156460762024,0.5815742611885071,0.6869344711303711
1582,باکتری‌ها موجوداتی هستند که به صورت غیرجنسی تولید مثل می‌کنند. ویژگی‌های به ارث رسیده توسط یک باکتری تازه تولید شده چگونه خواهد بود؟,"['مختلف از ویژگی\u200cهای والد تنها', 'مشابه ویژگی\u200cهای والد تنها', 'مختلف از ویژگی\u200cهای دو والد', 'مشابه ویژگی\u200cهای دو والد']",B,به دلیل تولید مثل غیرجنسی، ویژگی‌های باکتری تازه تولید شده مشابه والد است.,D,0.46552175283432,B,0.9550321698188782,False,True,True,True,[0.17058823 0.17058823 0.19330178 0.46552175],[1.5649155e-02 9.5503217e-01 5.3548464e-04 2.8783200e-02],0.8102444410324097,0.17058823,0.95503217,0.78444394,0.7773674726486206,0.614313006401062,0.6862882375717163,0.7773675322532654,0.614313006401062,0.6862882375717163
1583,بسیاری از کشورها به انرژی حاصل از سوخت‌های فسیلی وابسته‌اند. برخی از دانشمندان پیشنهاد می‌کنند که به جای آن، از منابع انرژی تجدیدپذیر استفاده شود. چرا دانشمندان احتمالاً پیشنهاد می‌کنند که از منابع انرژی تجدیدپذیر استفاده شود؟,"['آنها برای محیط زیست ایمن\u200cتر هستند.', 'آنها ارزان\u200cتر برای توسعه هستند.', 'نقل و انتقال آن\u200cها راحت\u200cتر است.', 'آنها انرژی بیشتری تولید می\u200cکنند.']",A,آنها تأثیر کمتری بر محیط زیست دارند و به تولید گازهای گلخانه‌ای و آلودگی هوا منجر نمی‌شوند.,A,0.9969134330749512,A,0.9976429343223572,True,True,True,True,[9.9691343e-01 1.3098312e-03 9.4883857e-05 1.6818566e-03],[9.9764293e-01 1.9109164e-03 8.1376638e-05 3.6470479e-04],0.49066823720932,0.99691343,0.99764293,0.0007295,0.8122667670249939,0.5272210836410522,0.6394148468971252,0.8122667074203491,0.5272210836410522,0.6394147872924805
1584,یک دانشمند در حال حفاری برای استخوان‌های دایناسور در بستر یک رودخانه خشک بود. باران شروع به باریدن کرد و دانشمند مجبور شد منطقه را ترک کند. اگر دانشمند دیگری بخواهد حفاری را در همان محل ادامه دهد، او باید,"['بداند رودخانه در هنگام بارش به چه عمق می\u200cرسد.', 'بداند بستر رودخانه چقدر از یک شهر فاصله دارد.', 'یادداشت\u200cهای دقیقی درباره مکان داشته باشد.', 'گزارش\u200cهای آب و هوایی چند ماه گذشته را داشته باشد.']",C,دانشمند دوم برای ادامه حفاری نیاز به اطلاعات دقیق مکان دارد تا بتواند محل استخوان‌ها را پیدا کند.,A,0.990177571773529,A,0.1650120615959167,False,False,False,False,[0.9901776  0.00664575 0.00101916 0.00215756],[8.3147901e-01 2.9754448e-03 1.6501206e-01 5.3346786e-04],0.8540748953819275,0.00101916,0.16501206,0.1639929,0.7346954345703125,0.6205123662948608,0.6727936863899231,0.7346954941749573,0.6205123662948608,0.6727936267852783
1585,توری درباره یک ملخ که در یک پیاده‌روی طبیعت دید مشاهده‌هایی انجام داد. کدام یک از عبارات زیر درباره ملخ یک مشاهده علمی است؟,"['ملخ زیبا است.', 'ملخ خطرناک است.', 'ملخ از عنکبوت بهتر است.', 'ملخ از برگ کوچک\u200cتر است.']",D,مقایسه اندازه ملخ با برگ یک مشاهده علمی است زیرا قابل اندازه‌گیری و مشاهده مستقیم است.,A,0.4734401106834411,D,0.972582221031189,False,True,True,True,[0.4734401  0.13458729 0.10481668 0.28715596],[2.5817392e-02 1.2853722e-03 3.1499402e-04 9.7258222e-01],0.8534806966781616,0.28715596,0.97258222,0.6854262600000001,0.7458097338676453,0.6171360611915588,0.6753989458084106,0.7318239808082581,0.6154771447181702,0.6686269640922546
1586,پوست چگونه به بدن در حفظ هومئوستاز کمک می کند؟,"['الف) پوست اکسیژن را منتقل می کند.', 'ب) پوست ویروس ها را تجزیه می کند.', 'ج) پوست پیام هایی به مغز ارسال می کند.', 'د) پوست دما را تثبیت می کند.']",D,پوست با تنظیم تعریق، جریان خون و تولید گرما، دمای بدن را تثبیت می‌کند.,D,0.6808158755302429,D,0.950303554534912,True,True,True,True,[0.22102855 0.0263981  0.07175747 0.6808159 ],[0.04159065 0.00306026 0.00504552 0.95030355],0.7565743327140808,0.6808159,0.95030355,0.2694876499999999,0.8302126526832581,0.6395676136016846,0.7225258946418762,0.8302125930786133,0.6395676136016846,0.7225258350372314
1587,پروژه آن برای نمایشگاه علمی درباره انرژی تجدیدپذیر است. او می‌خواهد فعالیتی را توصیف کند که از یک منبع انرژی تجدیدپذیر استفاده می‌کند. کدام فعالیت را باید در پروژه‌اش توصیف کند؟,"['سوخت\u200cگیری یک خودرو با بنزین', 'گرمایش یک خانه با نفت', 'پرواز یک بادبادک در باد', 'کباب کردن غذا بر روی ذغال']",C,بادبادک در حال پرواز، نمونه‌ای از استفاده از انرژی باد است.,C,0.9878900647163392,C,0.994403600692749,True,True,True,True,[1.0953054e-02 7.4536464e-04 9.8789006e-01 4.1162947e-04],[5.2181510e-03 2.7655187e-04 9.9440360e-01 1.0173776e-04],0.8222862482070923,0.98789006,0.9944036,0.00651354,0.7578222751617432,0.6596114635467529,0.7053144574165344,0.7578222751617432,0.6596114635467529,0.7053144574165344
1588,کدام دو حس به بهترین نحو می‌توانند به یک فرد در اندازه‌گیری طول مو کمک کنند؟,"['چشایی و بویایی', 'لامس و بینایی', 'بینایی و شنوایی', 'بویایی و شنوایی']",B,حس بینایی برای ارزیابی بصری طول و حس لامس برای اندازه‌گیری دقیق‌تر با تماس فیزیکی کمک می‌کنند.,C,0.7073450088500977,B,0.9947665929794312,False,True,True,True,[0.20265774 0.06579334 0.707345   0.02420401],[4.0337467e-03 9.9476659e-01 5.8111630e-04 6.1859511e-04],0.7973193526268005,0.06579334,0.99476659,0.92897325,0.7697710990905762,0.5698223114013672,0.6548744440078735,0.7697710990905762,0.5698223114013672,0.6548744440078735
1589,در باغ خود، می‌خواهید گل‌های همیشه‌بهار را در اطراف گیاهان فلفل خود بکارید زیرا خوانده‌اید که این گل مگس‌های سفید را دفع می‌کند. چگونه می‌توانید آزمایش کنید که آیا حقیقتاً گل‌های همیشه‌بهار مگس‌های سفید را دفع می‌کنند؟,"['تعداد مگس\u200cهای سفید روی فلفل\u200cها را قبل و بعد از کاشت گل\u200cهای همیشه\u200cبهار بشمارید.', 'تعداد مگس\u200cهای سفید روی گل\u200cهای همیشه\u200cبهار نزدیک فلفل\u200cها را بشمارید.', 'مگس\u200cهای سفید روی سایر گیاهان در باغ را بکشید به جز روی فلفل\u200cها.', 'مگس\u200cهای سفید را روی سایر گیاهان باغ قرار دهید و ببینید چه اتفاقی می\u200cافتد.']",A,تعداد مگس‌های سفید روی فلفل‌ها را قبل و بعد از کاشت گل‌های همیشه‌بهار مقایسه کنید تا اثر دفع‌کنندگی مشخص شود.,A,0.7283996939659119,A,0.9979548454284668,True,True,True,True,[0.7283997  0.26901203 0.00076153 0.00182681],[9.9795485e-01 1.9246256e-03 5.4597425e-05 6.5857072e-05],0.8008101582527161,0.7283997,0.99795485,0.2695551499999999,0.7690160274505615,0.6387597918510437,0.6978617906570435,0.7690160274505615,0.6387597918510437,0.6978617906570435
1590,کدام ویژگی‌های فیزیکی بخشی از حیوانی است که احتمالاً به‌عنوان یک خزنده طبقه‌بندی می‌شود؟,"['پشم و چنگال', 'پوست خشک و فلس\u200cها', 'بال\u200cها، پرها و چنگال', 'فلس\u200cها، پوست مرطوب و باله\u200cها']",B,پوست خشک و فلس‌دار، شاخصه‌های اصلی خزندگان هستند.,A,0.7794182300567627,B,0.997983455657959,False,True,True,True,[0.77941823 0.03404518 0.08167014 0.10486653],[1.7135190e-03 9.9798346e-01 1.2806711e-04 1.7504700e-04],0.7487726211547852,0.03404518,0.99798346,0.96393828,0.8873223662376404,0.5795708298683167,0.7011637091636658,0.882233738899231,0.5813126564025879,0.7008368372917175
1591,سوالی: سلولی که هسته خود را از دست داده است دیگر قادر به,"['تولید غذا.', 'انتقال اطلاعات ژنتیکی.', 'حرکت در بدن.', 'استفاده از انرژی.']",B,سلولی که هسته خود را از دست داده است، نمی‌تواند اطلاعات ژنتیکی را منتقل کند زیرا هسته حاوی DNA و ذخیره اطلاعات ژنتیکی است.,B,0.6477451920509338,B,0.9961625337600708,True,True,True,True,[0.3071707  0.6477452  0.00383662 0.04124753],[3.5857128e-03 9.9616253e-01 6.1695595e-05 1.9003582e-04],0.9384167790412904,0.6477452,0.99616253,0.3484173299999999,0.877593994140625,0.7002893090248108,0.7789798974990845,0.877593994140625,0.7002893090248108,0.7789798974990845
1592,رسوبات عموماً بر اساس اندازه ذرات طبقه‌بندی می‌شوند. یک دانش‌آموز می‌خواهد رسوبات را بر اساس منبع آن‌ها طبقه‌بندی کند. کدام بیان بهترین توصیف را از این طبقه‌بندی جایگزین ارائه می‌دهد؟,"['قابل قبول است اگر رسوبات همچنین بر اساس اندازه ذرات شناسایی شوند', 'قابل قبول است اگر عوامل استفاده شده برای طبقه\u200cبندی ارائه شوند', 'غیرقابل قبول است زیرا دیگران ممکن است سیستم طبقه\u200cبندی را درک نکنند', 'غیرقابل قبول است زیرا این روش معمول طبقه\u200cبندی رسوبات توسط دانشمندان نیست']",B,طبقه‌بندی جایگزین [MASK] تا روش درک شود.,B,0.5192729234695435,A,0.2240052670240402,True,False,False,False,[0.40441015 0.5192729  0.00658795 0.06972906],[0.5373607  0.22400527 0.06417859 0.17445548],0.6495822668075562,0.5192729,0.22400527,-0.29526763,0.6401214599609375,0.4214569330215454,0.5082688331604004,0.6259510517120361,0.4060136675834656,0.4925452470779419
1593,کدام منبع انرژی تجدیدپذیر توسط جریان‌های همرفتی هوا تولید می‌شود؟,"['الف) انرژی باد', 'ب) انرژی خورشیدی', 'ج) انرژی سوخت\u200cهای فسیلی', 'د) انرژی زمین\u200cگرمایی']",A,انرژی باد از جریان‌های همرفتی هوا ناشی از گرمای نابرابر زمین توسط خورشید تولید می‌شود.,A,0.9551259875297546,B,0.1329131722450256,True,False,False,False,[0.955126   0.01769995 0.0094741  0.01769995],[0.13291317 0.59567547 0.02309684 0.24831447],0.90466970205307,0.955126,0.13291317,-0.82221283,0.879438042640686,0.6366855502128601,0.7386277914047241,0.8794379234313965,0.6366854906082153,0.7386277318000793
1594,شواهد به دست آمده از یک فعالیت طراحی اغلب برای جمع آوری اطلاعات درباره یک مشکل فناوری استفاده می‌شود. یک فعالیت طراحی زمانی معتبرتر است که,"['شامل مراحل زیادی باشد.', 'توسط یک تیم از دانشمندان ثبت شود.', 'شامل آزمایش\u200cهای تکراری باشد.', 'در یک آزمایشگاه انجام شود.']",C,تکرار آزمایش‌ها امکان ارزیابی دقیق‌تر و اطمینان بیشتر از نتایج را فراهم می‌کند.,A,0.6689635515213013,C,0.982631266117096,False,True,True,True,[0.66896355 0.05469779 0.24706112 0.02927762],[1.6069977e-02 1.1641051e-03 9.8263127e-01 1.3475496e-04],0.7913813591003418,0.24706112,0.98263127,0.7355701499999999,0.9247111082077026,0.5899395942687988,0.7203294038772583,0.9247109889984131,0.589939534664154,0.7203292846679688
1595,اشباع سنگ‌های سطحی با اکسیژن در اوایل تاریخ زمین نشان‌دهنده تغییر در جو زمین بود. این تغییر به طور مستقیم کدام فرآیند زندگی را ممکن کرد؟,"['فتوسنتز', 'نیتروژن\u200cزدایی', 'کاهش گوگرد', 'تنفس هوازی']",D,افزایش اکسیژن در جو زمین امکان بهره‌برداری انرژی از مواد غذایی به شیوه‌ای کارآمدتر را برای موجودات زنده فراهم کرد و منجر به تغییر در فرآیندهای متابولیک آنها شد.,A,0.9652674198150636,A,0.0022073751315474,False,False,False,False,[9.6526742e-01 8.4413933e-03 6.9291174e-04 2.5598207e-02],[9.9733365e-01 3.8358429e-04 7.5532225e-05 2.2073751e-03],0.8732757568359375,0.025598207,0.0022073751,-0.0233908319,0.8031628727912903,0.6668967008590698,0.7287141680717468,0.7943912744522095,0.6581679582595825,0.7198920249938965
1596,بزرگترین عضو در بدن انسان چیست؟,"['معده', 'مغز', 'پوست', 'کبد']",C,[MASK] با مساحت حدود ۱.۵ تا ۲ متر مربع، بزرگترین عضو بدن است که از بدن در برابر عوامل خارجی محافظت می‌کند.,B,0.9947911500930786,C,0.7696951627731323,False,True,True,True,[4.5955633e-03 9.9479115e-01 2.3606252e-04 3.7722682e-04],[0.05532263 0.17308919 0.76969516 0.00189304],0.8232049942016602,0.00023606252,0.76969516,0.7694590974800001,0.8896099328994751,0.7596287727355957,0.819497287273407,0.8876514434814453,0.7564595341682434,0.816821277141571
1597,یک دانش آموز مدلی ساخته است که در آن ورق‌های چوب‌پنبه به عنوان صفحات تکتونیکی در یک گودال آب شناور هستند. برای اینکه ورق نمایانگر صفحه اقیانوسی در سیستم مدل دقیقتری باشد، دانش آموز باید,"['چندین سوراخ در آن ایجاد کند.', 'وزن\u200cهای کوچکی به آن متصل کند.', 'آن را به شکل کوچکتری برش دهد.', 'آن را با یک ورق نازک مسی جایگزین کند.']",B,برای شبیه‌سازی دقیق‌تر صفحه اقیانوسی، باید وزن‌های کوچکی به ورق چوب‌پنبه متصل کرد تا چگالی آن افزایش یابد.,A,0.5723773837089539,B,0.9834607243537904,False,True,True,True,[0.5723774  0.20974495 0.00813269 0.20974495],[1.6020836e-02 9.8346072e-01 1.0462636e-04 4.1380528e-04],0.8689965605735779,0.20974495,0.98346072,0.7737157699999999,0.6725587248802185,0.5763537883758545,0.6207508444786072,0.6654559373855591,0.5813460350036621,0.6205639243125916
1598,آنتونیا در حال آزمایش ویژگی‌های بلوک A است. • او بلوک A را روی یک بلوک فلزی داغ می‌گذارد و سپس با انگشت خود به بلوک A تماس می‌گیرد. • او انگشت خود را به مدت چند دقیقه روی بلوک A نگه می‌دارد، اما بلوک A هنوز داغ نمی‌شود. آنتونیا می‌تواند چه نتیجه‌ای درباره بلوک A بگیرد؟,"['این یک هادی خوب است.', 'این یک هادی ضعیف است.', 'این به شدت مغناطیسی است.', 'این غیرمغناطیسی است.']",B,بلوک A گرما را به خوبی منتقل نمی‌کند؛ بنابراین، آنتونیا می‌تواند نتیجه بگیرد که بلوک A در هدایت گرما ضعیف عمل می‌کند.,B,0.7274008989334106,B,0.988757073879242,True,True,True,True,[0.23523182 0.7274009  0.00553212 0.03183517],[1.0834947e-02 9.8875707e-01 9.0856571e-05 3.1712058e-04],0.865121066570282,0.7274009,0.98875707,0.26135617,0.827498197555542,0.6910957098007202,0.7531710267066956,0.827498197555542,0.6910957098007202,0.7531710267066956
1599,پومیس زمانی تشکیل می‌شود که ماگما از یک آتش‌فشان بیرون می‌زند و به سرعت خنک می‌شود. پومیس تنها سنگی است که روی آب شناور می‌شود زیرا پومیس,"['یک ماده معدنی سخت است.', 'روزی مایع بود.', 'یک سنگ آذرینی است.', 'حباب\u200cهای هوایی دارد.']",D,پومیس به دلیل داشتن حباب‌های هوایی که در آن به دام می‌افتند، سبک و شناور است.,A,0.4945571422576904,D,0.931440770626068,False,True,True,True,[0.49455714 0.49455714 0.00058133 0.01030438],[2.1819986e-02 4.6192911e-02 5.4625265e-04 9.3144077e-01],0.8439808487892151,0.01030438,0.93144077,0.92113639,0.9031640887260437,0.697602391242981,0.7871847152709961,0.9031640887260437,0.697602391242981,0.7871847152709961
1600,مونیکا در باغ خود گیاهان سبزیجات می‌کارد. گیاهان دارای سوراخ‌هایی در برگ‌هایشان هستند و به نظر بیمار می‌آیند. مونیکا برای حل این مشکل باید چه کار اولی را انجام دهد؟,"['کود به خاک اضافه کند.', 'باغ را بیشتر آبیاری کند.', 'سبزیجات متفاوتی در باغ بکارد.', 'به گیاهان نظاره کند تا منبع آسیب را شناسایی کند.']",D,ابتدا باید مشکل را شناسایی کند تا راه حل مناسبی پیدا کند.,D,0.9127180576324464,D,0.9684029817581176,True,True,True,True,[0.0658593  0.00255364 0.01886901 0.91271806],[2.9015662e-02 7.2639290e-04 1.8549094e-03 9.6840298e-01],0.6578214764595032,0.91271806,0.96840298,0.05568492,0.8676760196685791,0.5637502074241638,0.6834477782249451,0.8676761388778687,0.5637502670288086,0.6834478378295898
1601,یک دانشمند به مطالعه تنفس سلولی می‌پردازد. او نرخ تنفس سلولی را در افرادی که فعالیت‌های مختلفی انجام می‌دهند اندازه‌گیری می‌کند. کدامیک از این فعالیت‌ها بیشترین افزایش را در تنفس سلولی به همراه دارد؟,"['خوابیدن', 'تنفس کردن', 'پرش با طناب', 'هضم غذا']",C,فعالیت‌های فیزیکی شدید نیاز به انرژی زیادی دارند و باعث افزایش تنفس سلولی می‌شوند.,D,0.5845217108726501,C,0.94341242313385,False,True,True,True,[0.03297646 0.16746828 0.21503353 0.5845217 ],[0.00640652 0.00284288 0.9434124  0.04733812],0.857938826084137,0.21503353,0.9434124,0.72837887,0.8101179599761963,0.6243808269500732,0.705224871635437,0.8152700662612915,0.6462182998657227,0.7209669351577759
1602,یک دانش‌آموز نمک طعام، NaCl، را در آب مقطر حل می‌کند. کدام واژه بهترین توصیف کنندهٔ آب در این شرایط است؟,"['عامل واکنش', 'محصول', 'حل\u200cشونده', 'حلال']",D,آب در این شرایط به عنوان ماده حل‌کننده عمل می‌کند.,C,0.6818354725837708,C,0.000675784132909,False,False,False,False,[0.22135957 0.00524671 0.6818355  0.0915583 ],[4.7376126e-02 3.7320342e-04 9.5157492e-01 6.7578413e-04],0.7872192859649658,0.0915583,0.00067578413,-0.09088251587,0.8705676794052124,0.6851165890693665,0.7667884230613708,0.8154141306877136,0.66712486743927,0.733853280544281
1603,کدام عمل می‌تواند نقطه ذوب یخ را تغییر دهد؟,"['گرم کردن آب قبل از یخ زدن', 'اضافه کردن نمک به آب قبل از یخ زدن', 'تغییر مقدار آبی که باید یخ بزند', 'تغییر ظرفی که آب باید در آن یخ بزند']",B,افزودن نمک به آب، نقطه ذوب یخ را کاهش می‌دهد.,B,0.9556620121002196,B,0.9929515719413756,True,True,True,True,[4.2318180e-02 9.5566201e-01 5.9427792e-04 1.4255986e-03],[5.8583580e-03 9.9295157e-01 2.9167047e-04 8.9840835e-04],0.9022539258003236,0.95566201,0.99295157,0.03728956,0.8139486908912659,0.6327323317527771,0.7119906544685364,0.8139486908912659,0.6327323317527771,0.7119906544685364
1604,محور افقی در یک نمودار محور x است. چه چیزی احتمالاً در امتداد این محور قرار می‌گیرد؟,"['خطوط عددی', 'اعداد تصادفی', 'متغیرهای وابسته', 'متغیرهای مستقل']",D,در نمودارها، محور افقی معمولاً برای نمایش متغیرهایی که کنترل یا تغییر داده می‌شوند، استفاده می‌شود.,A,0.9878286123275756,C,0.0005360865034162,False,False,False,False,[0.9878286  0.00218847 0.00865558 0.00132738],[6.7381826e-03 4.7309467e-04 9.9225265e-01 5.3608650e-04],0.8056538105010986,0.00132738,0.0005360865,-0.0007912934999999,0.7741311192512512,0.6875976324081421,0.7283029556274414,0.7715896368026733,0.6853214502334595,0.7259014844894409
1605,مارتا در حال مطالعه یک نمودار از چرخه سنگ است. او می‌خواست بداند چه عواملی می‌توانند موجب شوند که یک سنگ رسوبی به یک سنگ دگرگونی تبدیل شود. چه فرآیندهایی باید رخ دهند تا یک سنگ رسوبی به یک سنگ دگرگونی تبدیل شود؟,"['فشردگی و سیمان\u200cکاری', 'حرارت و فشار', 'ذوب و خنک شدن', 'بلند شدن و فرسایش']",B,برای تبدیل سنگ رسوبی به دگرگونی، [MASK] باید اعمال شوند.,B,0.5849227905273438,B,0.8802008628845215,True,True,True,True,[0.16823909 0.5849228  0.0039566  0.24288149],[0.09205053 0.88020086 0.00410811 0.02364053],0.796146035194397,0.5849228,0.88020086,0.29527806,0.7508353590965271,0.5633827447891235,0.6437405347824097,0.728760838508606,0.5392910242080688,0.6198708415031433
1606,دانش‌آموزان می‌خواهند دمای آب را در یک شیشه شفاف افزایش دهند. این شیشه بر روی یک میز در زیر نور کامل آفتاب قرار دارد. سریع‌ترین راه برای افزایش دما بدون استفاده از صفحه داغ این است که,"['یک نی در آب قرار دهند.', 'یک پوشش پلاستیکی شفاف دور شیشه بکشند.', 'یک دماسنج در آب قرار دهند.', 'یک ماده سیاه دور شیشه بپیچند.']",D,برای افزایش سریع دمای آب، جذب انرژی خورشیدی با ماده سیاه افزایش می‌یابد.,D,0.50510174036026,D,0.6621614694595337,True,True,True,True,[0.39337364 0.09946043 0.00206424 0.50510174],[1.4774820e-01 1.8971245e-01 3.7785657e-04 6.6216147e-01],0.8788546323776245,0.50510174,0.66216147,0.15705973,0.7739433646202087,0.5902373790740967,0.6697210669517517,0.773943305015564,0.5902373790740967,0.6697210669517517
1607,کدام ویژگی باعث امکان چرخه آب بر روی زمین می‌شود؟,"['آب می\u200cتواند فاز خود را تغییر دهد.', 'آب می\u200cتواند توسط گیاهان جذب شود.', 'آب در واکنش\u200cهای شیمیایی مهم است.', 'آب حلال جهانی است.']",A,تغییر فاز آب به شکل‌های مختلف، امکان چرخه آب را بر روی زمین فراهم می‌کند.,A,0.906749665737152,A,0.9995885491371156,True,True,True,True,[0.90674967 0.04536538 0.04536538 0.00251966],[9.9958855e-01 2.8570011e-04 8.1854458e-05 4.3813536e-05],0.8114616274833679,0.90674967,0.99958855,0.09283888,0.9156886339187622,0.6137146353721619,0.7348899841308594,0.915688693523407,0.6137145757675171,0.7348899245262146
1608,وقتی شما برای رفتن به مدرسه در لوئیزیانا از خواب بیدار می‌شوید، دانش‌آموزی در سمت دیگر زمین برای خواب آماده می‌شود. دلیل این موضوع چیست؟,"['زمین به دور خورشید می\u200cچرخد.', 'زمین حول محور خود می\u200cچرخد.', 'خورشید حول محور خود می\u200cچرخد.', 'ماه به دور زمین می\u200cچرخد.']",B,زمین حول محور خود می‌چرخد و باعث می‌شود نقاط مختلف آن به طور متناوب در معرض نور خورشید قرار بگیرند و زمان‌های متفاوتی از روز را تجربه کنند.,B,0.5907081365585327,B,0.9044077396392822,True,True,True,True,[0.40440455 0.59070814 0.00089157 0.00399574],[9.5323868e-02 9.0440774e-01 1.5495899e-04 1.1337043e-04],0.7707260251045227,0.59070814,0.90440774,0.3136995999999999,0.9467271566390991,0.751373291015625,0.8378131985664368,0.9467271566390991,0.751373291015625,0.8378131985664368
1609,Stem درخت و ساقه گل از چه نظر بیشترین شباهت را دارند؟,"['هر دو نرم هستند.', 'هر دو خار دارند.', 'هر دو از گیاه حمایت می\u200cکنند.', 'هر دو پوست چوبی دارند.']",C,هر دو قسمت از گیاه به عنوان تکیه‌گاه اصلی برای ساختارهای دیگر عمل می‌کنند و از گیاه حمایت می‌کنند.,D,0.5310990214347839,C,0.9663854241371156,False,True,True,True,[0.32212785 0.13428286 0.01249025 0.531099  ],[0.02281616 0.0083936  0.9663854  0.00240481],0.7831324934959412,0.01249025,0.9663854,0.95389515,0.8150396943092346,0.6056052446365356,0.6948848366737366,0.8150396943092346,0.6056052446365356,0.6948848366737366
1610,کدام ویژگی زمین احتمالاً نتیجه یک یخچال طبیعی است؟,"['صحرای بزرگ و خشک', 'دریاچه عمیق و کاسه\u200cای شکل', 'شکاف طولانی در زمین', 'رشته\u200cکوه آتشفشانی']",B,حرکت و فرسایش یخچال‌ها می‌تواند دره‌ها را به دریاچه‌های عمیق و کاسه‌ای شکل تبدیل کند.,C,0.9049109816551208,B,0.8741708397865295,False,True,True,True,[0.0836781  0.00606162 0.904911   0.00534936],[6.6743768e-03 8.7417084e-01 1.1830616e-01 8.4855180e-04],0.7820878028869629,0.00606162,0.87417084,0.86810922,0.8311353921890259,0.5593581199645996,0.6686868071556091,0.8297755718231201,0.5573515295982361,0.6668122410774231
1611,زمانی که از نقشه جهان استفاده می‌شود، یک دانشمند باید تشخیص دهد که نقشه یک است,"['نمایش دوبعدی از یک سطح یک\u200cبعدی است.', 'نمایش دوبعدی از یک سطح سه\u200cبعدی است.', 'نمایش یک\u200cبعدی از یک سطح دوبعدی است.', 'نمایش سه\u200cبعدی از یک سطح دوبعدی است.']",B,نمایش دوبعدی یک سطح سه‌بعدی که نیازمند درک تفاوت ابعاد است.,A,0.5272991061210632,A,0.4260063469409942,False,False,False,False,[0.5272991  0.3198231  0.10383135 0.04904646],[0.547003   0.42600635 0.00544708 0.02154361],0.5845339894294739,0.3198231,0.42600635,0.1061832499999999,0.6645017862319946,0.548565149307251,0.6009932160377502,0.6648234128952026,0.5609166622161865,0.6084659099578857
1612,کدام یک به ذرات مثبت بار در یک اتم جاذبه الکتریکی دارد؟,"['نوترون\u200cها', 'الکترون\u200cها', 'پروتون\u200cها', 'هسته']",B,ذرات دارای بار منفی به ذرات مثبت بار جاذبه الکتریکی دارند.,C,0.8756880164146423,B,0.9342684745788574,False,True,True,True,[0.03368988 0.0808178  0.875688   0.00980431],[0.01533885 0.9342685  0.04651449 0.00387827],0.841553270816803,0.0808178,0.9342685,0.8534507,0.8284326791763306,0.6233802437782288,0.71142578125,0.83259117603302,0.6269047856330872,0.7152542471885681
1613,چه مقدار انرژی برای افزایش دمای ۵.۰ گرم سرب از ۲۵ درجه سلسیوس به ۳۵ درجه سلسیوس نیاز است؟ [ظرفیت حرارتی ویژه (c) = 0.129 J/(g °C)] q = c × m × ΔT,"['۶.۴۵ J/(g °C)', '۶.۴۵ J', '۱۶.۱ J/(g °C)', '۱۶.۱ J']",B,با استفاده از فرمول q = c × m × ΔT، انرژی مورد نیاز برای افزایش دمای ۵ گرم سرب به میزان ۱۰ درجه سلسیوس، با ظرفیت حرارتی ویژه ۰.۱۲۹ J/(g °C) محاسبه می‌شود: ۶.۴۵ ژول.,D,0.8332407474517822,B,0.9824452996253968,False,True,True,True,[0.01550167 0.14479554 0.00646206 0.83324075],[0.00849982 0.9824453  0.00243524 0.00661966],0.8117505311965942,0.14479554,0.9824453,0.8376497599999999,0.6836175918579102,0.6754010915756226,0.679484486579895,0.6836175918579102,0.6754010915756226,0.679484486579895
1614,گوزن‌ها به یک اکوسیستم مرتع معرفی می‌شوند و جمعیت آن‌ها به طور قابل توجهی افزایش می‌یابد. اگر جمعیت گوزن‌ها به رشد خود ادامه دهد، محتمل‌ترین نتیجه برای اکوسیستم چیست؟,"['الف) تنوع زیستی کاهش می\u200cیابد و پایداری کاهش می\u200cیابد.', 'ب) تنوع زیستی کاهش می\u200cیابد و پایداری افزایش می\u200cیابد.', 'ج) تنوع زیستی افزایش می\u200cیابد و پایداری افزایش می\u200cیابد.', 'د) تنوع زیستی افزایش می\u200cیابد و پایداری کاهش می\u200cیابد.']",A,افزایش جمعیت گوزن‌ها منجر به چرای بیش از حد و کاهش تنوع زیستی و پایداری اکوسیستم می‌شود.,C,0.5554677248001099,A,0.9830251932144164,False,True,True,True,[0.33822682 0.02145385 0.5554677  0.08485164],[0.9830252  0.00131963 0.00460597 0.01104915],0.9196849465370178,0.33822682,0.9830252,0.6447983800000001,0.8713152408599854,0.6387538909912109,0.7371264696121216,0.8713152408599854,0.6387538909912109,0.7371264696121216
1615,زمانی که ۱ گرم آب تبخیر می‌شود، حجم بخار آب افزایش می‌یابد اما جرم ثابت باقی می‌ماند. چرا جرم آب ثابت باقی می‌ماند؟,"['دمای آب ثابت باقی می\u200cماند.', 'فشاری که بر روی آب وارد می\u200cشود ثابت باقی می\u200cماند.', 'تعداد اتم\u200cها در آب ثابت باقی می\u200cماند.', 'فاصله بین مولکول\u200cهای آب ثابت باقی می\u200cماند.']",C,تبخیر آب بدون تغییر تعداد اتم‌ها اتفاق می‌افتد، بنابراین جرم ثابت باقی می‌ماند.,C,0.4480095207691192,C,0.9513035416603088,True,True,True,True,[0.30791214 0.0324537  0.44800952 0.21162471],[0.02828151 0.01178949 0.95130354 0.00862537],0.7214572429656982,0.44800952,0.95130354,0.50329402,0.7034893035888672,0.5714476108551025,0.6306308507919312,0.7034893035888672,0.5714476108551025,0.6306308507919312
1616,کدام فرایند به احتمال زیاد منجر به قبول علمی یک فرضیه خواهد شد؟,"['تکرار نتایج یک آزمایش', 'بازنگری در فرضیه اصلی', 'توسعه یک نظریه بر اساس داده\u200cها', 'تغییر روش\u200cهای آزمایشی']",A,تکرار نتایج آزمایش، یافته‌ها را قابل اعتماد و پایدار نشان می‌دهد و به تأیید فرضیه کمک می‌کند.,C,0.7233632802963257,A,0.9013190269470216,False,True,True,True,[0.16140416 0.11093136 0.7233633  0.00430128],[0.901319   0.03102268 0.06567502 0.00198321],0.8336018919944763,0.16140416,0.901319,0.73991484,0.7962175011634827,0.642848551273346,0.7113603353500366,0.7950339913368225,0.6439214944839478,0.7115431427955627
1617,زمانی که یک ترکیب از اکسیژن و هیدروژن در یک لوله آزمایش مشتعل می‌شود، واکنش نشان داده شده رخ می‌دهد. هیدروژن + اکسیژن -> آب + انرژی. چه اتفاقی برای جرم کل محتویات لوله آزمایش می‌افتد؟,"['جرم کل افزایش می\u200cیابد.', 'جرم کل کاهش می\u200cیابد.', 'جرم کل ثابت می\u200cماند.', 'بخشی از جرم به انرژی گرمایی تبدیل می\u200cشود.']",C,بر اساس قانون بقای جرم، جرم کل مواد در یک واکنش شیمیایی تغییر نمی‌کند. انرژی تولید شده در واکنش، جرم قابل چشم‌پوشی را تشکیل می‌دهد.,B,0.573471188545227,C,0.904327392578125,False,True,True,True,[0.3057603  0.5734712  0.08828886 0.03247965],[0.08395142 0.00287266 0.9043274  0.00884841],0.8276836276054382,0.08828886,0.9043274,0.81603854,0.9102380275726318,0.712570309638977,0.7993655800819397,0.9102380275726318,0.712570309638977,0.7993655800819397
1618,کدام دستگاه احتمالاً فناوری لازم برای اختراع اولین سمعک را فراهم کرده است؟,"['تلفن', 'میکروسکوپ', 'گرامافون', 'میکروفن']",A,[MASK] با تبدیل صدا به سیگنال‌های الکتریکی و تبدیل مجدد آن به صدا، فناوری لازم برای ساخت سمعک‌ها را فراهم کرد، چرا که سمعک‌ها نیز صدا را تقویت می‌کنند.,D,0.846820592880249,C,0.037366759032011,False,False,False,False,[0.02542237 0.0138219  0.11393516 0.8468206 ],[0.03736676 0.00254284 0.65207297 0.30801746],0.8506608605384827,0.02542237,0.03736676,0.01194439,0.8956615924835205,0.6860553622245789,0.7769701480865479,0.8953334093093872,0.6807704567909241,0.7734471559524536
1619,کلاس علوم آقای گارسیا در حال مطالعه انرژی و روش‌های کاهش هزینه‌های انرژی بود. هر دانش‌آموز باید صورتحساب برق خود را برای ماه اکتبر با صورتحسابی که برای نوامبر دریافت می‌کند مقایسه کند. هر دانش‌آموز فهرستی از نکات صرفه‌جویی در انرژی را خواهد داشت که در طول نوامبر دنبال خواهد کرد. کدام یک از این عوامل غیرقابل کنترل‌ترین عامل در تحقیق آنان خواهد بود؟,"['فهرست نکات صرفه\u200cجویی در انرژی که باید دنبال شود', 'دمای بیرون در نوامبر', 'مقدار زمانی که برای تحقیق داده می\u200cشود', 'دقت صورتحساب\u200cهای اکتبر و نوامبر']",B,[MASK] یک عامل غیرقابل کنترل است که بر مصرف انرژی تأثیر مستقیمی دارد و نمی‌توان آن را دستکاری کرد.,B,0.9616290926933287,B,0.97445946931839,True,True,True,True,[0.01747579 0.9616291  0.01361016 0.00728499],[0.01556717 0.97445947 0.00833251 0.00164077],0.6603440046310425,0.9616291,0.97445947,0.0128303699999999,0.8514577746391296,0.5955507755279541,0.7008753418922424,0.8396468162536621,0.581474781036377,0.6871100068092346
1620,یک مرد به مدت ۱۸۰۰ ثانیه بر روی تردمیل دوید. در پایان دویدنش، تردمیل انرژی تولیدی او را ۲۴۰۰۰۰ ژول نشان داد. او چه توان متوسطی تولید کرد؟,"['۶۶۶ وات', '۱۳۳ وات', '۶۶ وات', '۷ وات']",B,توان متوسط از تقسیم انرژی بر زمان به دست می‌آید. با تقسیم ۲۴۰۰۰۰ ژول بر ۱۸۰۰ ثانیه، نتیجه ۱۳۳.۳۳ وات است که نزدیک‌ترین گزینه به آن نیست، اشتباه محاسباتی منجر به انتخاب گزینه دیگر می‌شود.,A,0.9942417144775392,B,0.6778265237808228,False,True,True,True,[0.9942417  0.00215797 0.00115508 0.0024453 ],[0.32018256 0.6778265  0.00072263 0.00126825],0.8525186777114868,0.00215797,0.6778265,0.67566853,0.7531816363334656,0.6601673364639282,0.703613817691803,0.7541936635971069,0.6673676371574402,0.7081291079521179
1621,یک اتم قلع دارای عدد اتمی 50 و عدد جرمی 119 است. در یک اتم خنثی قلع چه تعداد پروتون، الکترون و نوترون وجود دارد؟,"['50 پروتون، 69 الکترون، 50 نوترون', '50 پروتون، 50 الکترون، 69 نوترون', '69 پروتون، 50 الکترون، 69 نوترون', '69 پروتون، 69 الکترون، 50 نوترون']",B,اتم خنثی قلع دارای 50 پروتون و الکترون است. با عدد جرمی 119، تعداد نوترون‌ها 119 - 50 = 69 است.,B,0.4820238053798675,B,0.9827629327774048,True,True,True,True,[0.42538452 0.4820238  0.00882857 0.08376317],[1.6009470e-02 9.8276293e-01 2.3561185e-04 9.9196297e-04],0.8722243905067444,0.4820238,0.98276293,0.50073913,0.8522573709487915,0.730532169342041,0.7867141366004944,0.8522573709487915,0.730532169342041,0.7867141366004944
1622,در موجودات، ماکرومولکول‌ها از زیرواحدها ساخته شده‌اند. کدام یک از این جفت‌ها به درستی توصیف می‌کند که یک ماکرومولکول چگونه ساخته می‌شود؟,"['DNA از اسیدهای نوکلئیک ساخته شده است.', 'پروتئین از اسیدهای آمینه ساخته شده است.', 'اسیدهای نوکلئیک از DNA ساخته شده\u200cاند.', 'اسیدهای آمینه از پروتئین ساخته شده\u200cاند.']",B,پروتئین‌ها از ترکیب اسیدهای آمینه به عنوان واحدهای سازنده کوچک‌تر تشکیل می‌شوند.,B,0.8102269768714905,B,0.9684093594551086,True,True,True,True,[0.12352642 0.810227   0.05834975 0.00789678],[0.0293006  0.96840936 0.00128738 0.00100261],0.6129100918769836,0.810227,0.96840936,0.1581823599999999,0.7653713226318359,0.5618451833724976,0.6480030417442322,0.7653713226318359,0.5618451833724976,0.6480030417442322
1623,کاهش درخت بلوط به اثرات قارچ‌های پاتوژن، ریزش برگ‌های حشرات، تنش شیمیایی خاک و فعالیت میکروارگانیسم‌ها مربوط می‌شود. کدامیک از این عوامل یک شرایط غیرزنده است که بر کاهش درخت بلوط تأثیر می‌گذارد؟,"['قارچ\u200cهای پاتوژن', 'ریز\u200cش برگ\u200cهای حشرات', 'تنش شیمیایی خاک', 'فعالیت میکروارگانیسم\u200cها']",C,[MASK] یک شرایط غیرزنده است که بر کاهش درخت تأثیر می‌گذارد و شامل تغییرات ترکیب شیمیایی خاک می‌شود.,A,0.5553635954856873,C,0.8072685599327087,False,True,True,True,[0.5553636  0.1404179  0.18030016 0.12391837],[0.15896061 0.01898514 0.80726856 0.01478564],0.8572153449058533,0.18030016,0.80726856,0.6269684,0.8842822313308716,0.7012152671813965,0.7821799516677856,0.8850834369659424,0.6881110072135925,0.7742661833763123
1624,سؤال: یکی از والدین دارای چشمان قهوه‌ای (BB) است و با والد دیگری که دارای چشمان آبی (bb) است، فرزندی می‌آورند. احتمال اینکه یکی از فرزندان آنها دارای چشمان آبی باشد چقدر است؟,"['الف) ۰%', 'ب) ۲۵%', 'ج) ۵۰%', 'د) ۱۰۰%']",A,والدین دارای ژن‌های متفاوت برای رنگ چشم هستند. والد اول دارای ژن غالب قهوه‌ای (BB) و والد دوم دارای ژن مغلوب آبی (bb) است. فرزندان دارای ژنوتیپ Bb خواهند بود و چشمان قهوه‌ای خواهند داشت. احتمال داشتن فرزند با چشمان آبی در این نسل صفر است زیرا ژن غالب قهوه‌ای بر ژن مغلوب آبی غلبه دارد و تنها در صورت ترکیب دو ژن مغلوب می‌توان چشمان آبی داشت. بنابراین، احتمال ۲۵ درصدی مربوط به نسل بعدی است.,B,0.5753150582313538,B,0.0035191013012081,False,False,False,False,[0.02527758 0.57531506 0.3954079  0.00399949],[0.0035191  0.9911151  0.00398766 0.0013781 ],0.9453397393226624,0.02527758,0.0035191,-0.02175848,0.8439912796020508,0.724408745765686,0.7796412110328674,0.8439912796020508,0.724408745765686,0.7796412110328674
1625,کدام یک از سلول‌های گیاهی نیمی از DNA را از یک گیاه والد شامل می‌شوند؟,"['چوب و آبکشی', 'گرده و تخمک', 'اپیدرم و مزوفیل', 'پیش و کامبیوم']",B,سلول‌های هاپلوئید در تولید مثل جنسی گیاهان نقش دارند و نیمی از DNA یک گیاه والد را شامل می‌شوند.,B,0.5272318720817566,B,0.8426745533943176,True,True,True,True,[0.15046555 0.5272319  0.17183705 0.15046555],[0.03267404 0.84267455 0.01060771 0.1140436 ],0.9098575115203856,0.5272319,0.84267455,0.31544265,0.8869518637657166,0.7382367849349976,0.8057901859283447,0.8853497505187988,0.7396130561828613,0.8059461116790771
1626,کدام شئ در منظومه شمسی توسط یک کمربند از سیارک‌ها احاطه شده است؟,"['پلوتو', 'زحل', 'خورشید', 'ماه']",C,[MASK] مرکز منظومه شمسی است و کمربند سیارک‌ها بین مریخ و مشتری در اطراف آن قرار دارد.,C,0.7730592489242554,C,0.9694046974182128,True,True,True,True,[0.17215626 0.03389958 0.77305925 0.02088493],[0.02603638 0.00242176 0.9694047  0.0021372 ],0.8683707118034363,0.77305925,0.9694047,0.19634545,0.9203460216522217,0.7537400126457214,0.8287526369094849,0.902333676815033,0.7345322370529175,0.809831976890564
1627,چنگال از لبه یک میز می‌افتد. کدام نیرو چنگال را به سمت زمین حرکت می‌دهد؟,"['کشیدگی گرانش زمین', 'کشیدگی چرخش زمین', 'فشار میز', 'فشار هوای فشرده']",A,نیروی گرانش زمین باعث کشیده شدن اجسام به سمت زمین می‌شود.,A,0.976444125175476,A,0.995481252670288,True,True,True,True,[0.9764441  0.00517419 0.01593763 0.00244412],[9.9548125e-01 1.0326544e-03 3.1807993e-03 3.0525206e-04],0.8745236992835999,0.9764441,0.99548125,0.0190371499999999,0.8566284775733948,0.7229629755020142,0.7841402888298035,0.85662841796875,0.7229629158973694,0.7841402888298035
1628,یک نمونه از یک موجود زنده چیست؟,"['الف) هوا', 'ب) آب', 'ج) سنگ', 'د) کرم']",D,موجودی که رشد می‌کند، تولید مثل می‌کند و به محیط واکنش نشان می‌دهد.,D,0.3920651078224182,A,0.3691350817680359,True,False,False,False,[0.30773544 0.27157557 0.02862385 0.3920651 ],[0.36913508 0.19758378 0.06414606 0.36913508],0.7231329679489136,0.3920651,0.36913508,-0.0229300199999999,0.828044056892395,0.6693969964981079,0.7403165102005005,0.828044056892395,0.6693969964981079,0.7403165102005005
1629,کشف صخره‌های مرجانی فسیل شده در خشکی نشان‌دهنده این است که,"['آب شور مرجان را به فسیل تبدیل می\u200cکند.', 'صخره\u200cها در یک دریاچه آب شیرین شکل گرفته\u200cاند.', 'سطح دریا در طول زمان تغییر کرده است.', 'صخره\u200cهای مرجانی می\u200cتوانند بر روی زمین خشک تشکیل شوند.']",C,این کشف نشان می‌دهد که مناطق مذکور قبلاً زیر آب بوده‌اند و سطح دریا تغییر کرده است.,C,0.95522540807724,C,0.9550127983093262,True,True,True,False,[0.03711052 0.00560285 0.9552254  0.00206117],[4.1960336e-02 2.8554366e-03 9.5501280e-01 1.7148230e-04],0.7215363383293152,0.9552254,0.9550128,-0.0002126,0.762553334236145,0.5820594429969788,0.66019207239151,0.7642412185668945,0.5860702991485596,0.6634011268615723
1630,صدا در مواد جامد سریع‌تر از هوا حرکت می‌کند زیرا مولکول‌ها در یک جامد,"['نسبت به مولکول\u200cهای هوا به هم نزدیک\u200cتر هستند.', 'بیشتر از مولکول\u200cهای هوا به آسانی جابجا می\u200cشوند.', 'سریع\u200cتر از مولکول\u200cهای هوا حرکت می\u200cکنند.', 'بزرگ\u200cتر از مولکول\u200cهای هوا هستند.']",A,مولکول‌ها در جامدات نزدیک‌تر هستند.,C,0.94786137342453,A,0.9917610883712769,False,True,True,True,[4.6915535e-02 4.3638246e-03 9.4786137e-01 8.5928803e-04],[9.9176109e-01 1.9145493e-03 5.8972272e-03 4.2719368e-04],0.537085771560669,0.046915535,0.99176109,0.944845555,0.7194092869758606,0.5446503758430481,0.619949460029602,0.7129047513008118,0.5470125675201416,0.6190372705459595
1631,یک دانشمند از یک نشانگر شیمیایی خاص برای برچسب‌گذاری برخی از آمینو اسیدها استفاده می‌کند. او نشانگر را دنبال می‌کند تا اینکه بخشی از یک مولکول بزرگ در یک سلول شود. او کدام مولکول را با نشانگر شیمیایی پیدا می‌کند؟,"['یک لیپید در غشاء', 'یک آنزیم در لیزوزوم', 'یک پلی\u200cساکارید در دیواره سلولی', 'یک مولکول DNA در میتوکندری']",B,از آنجایی که نشانگر شیمیایی برای برچسب‌گذاری آمینو اسیدها استفاده می‌شود، در مولکول‌های حاوی آمینو اسیدها یعنی پروتئین‌ها یافت می‌شود. آنزیم‌ها پروتئین‌هایی هستند که در لیزوزوم‌ها وجود دارند.,A,0.3887146413326263,B,0.9811413288116456,False,True,True,True,[0.38871464 0.08605899 0.34303945 0.18218689],[0.01410499 0.9811413  0.00230258 0.00245108],0.864618718624115,0.08605899,0.9811413,0.89508231,0.9010828733444214,0.7269773483276367,0.8047206401824951,0.9046140909194946,0.7269784212112427,0.8061264157295227
1632,کدام فعالیت انسانی به‌طور مستقیم بر کیفیت منابع آب شیرین تأثیر می‌گذارد؟,"['کاهش لایه اوزون', 'سوزاندن بنزین در موتورهای خودرو', 'پرتاب زباله از پنجره\u200cهای خودرو', 'اجازه دادن به روان آب از مزارع کشاورزی']",D,رواناب مزارع کشاورزی می‌تواند مستقیماً به آلودگی منابع آب شیرین منجر شود و باعث eutrophication گردد.,D,0.849129855632782,C,0.3749618232250213,True,False,False,False,[0.07882727 0.01786572 0.05417714 0.84912986],[0.06515859 0.01431344 0.5455662  0.37496182],0.8311582803726196,0.84912986,0.37496182,-0.47416804,0.8826557993888855,0.6612430810928345,0.7560729384422302,0.8826557993888855,0.6612430810928345,0.7560729384422302
1633,نور خورشید مورد استفاده برای گرمایش خورشیدی منبعی است که بهتر است به عنوان,"['مصنوعی.', 'تجدیدپذیر.', 'بی\u200cپایان.', 'غیر تجدیدپذیر.']",C,منبعی که به طور مداوم و پیوسته در دسترس است و قابل تجدید است.,B,0.9259328246116638,B,1.1735640327970032e-05,False,False,False,False,[1.4929816e-02 9.2593282e-01 8.8775931e-05 5.9048567e-02],[1.4897751e-03 9.9819571e-01 1.1735640e-05 3.0266616e-04],0.5141121745109558,8.8775931e-05,1.173564e-05,-7.7040291e-05,0.8203712701797485,0.5979106426239014,0.6916942000389099,0.8203712105751038,0.5979105234146118,0.6916941404342651
1634,کدام خاصیت یک شیء اجازه می‌دهد تا آن خم شود؟,"['الف) رنگ', 'ب) انعطاف\u200cپذیری', 'ج) جرم', 'د) اندازه']",B,خاصیتی که اجازه می‌دهد یک شیء خم شود بدون شکستن، انعطاف‌پذیری است.,B,0.992464542388916,B,0.9958810806274414,True,True,True,True,[0.00182817 0.99246454 0.00207159 0.00363575],[0.0010052  0.9958811  0.00155689 0.00155689],0.8027734756469727,0.99246454,0.9958811,0.00341656,0.7335548400878906,0.5425278544425964,0.6237431168556213,0.7335548996925354,0.5425279140472412,0.6237432956695557
1635,کدام یک از منابع طبیعی تجدیدپذیر است که می‌تواند در طول زمان دوباره تأمین شود؟,"['نفت', 'زغال\u200cسنگ', 'درختان', 'گاز طبیعی']",C,منابع طبیعی تجدیدپذیر با مدیریت صحیح قابل بازسازی هستند.,C,0.998525321483612,C,0.9988080263137816,True,True,True,True,[1.3209481e-03 7.4522803e-05 9.9852532e-01 7.9329111e-05],[1.0401605e-03 9.6750002e-05 9.9880803e-01 5.5126489e-05],0.7394042015075684,0.99852532,0.99880803,0.0002827099999999,0.7651829719543457,0.5669279098510742,0.6513025164604187,0.7729038000106812,0.5721732378005981,0.6575606465339661
1636,بهترین راه برای ایجاد سایه بر روی دیوار نشیمن این است که,"['یک لامپ را نزدیک به زمین نگه دارید', 'چراغ\u200cهای اتاق را خاموش کنید', 'نزدیک به دیوار در کنار یک پنجره نشسته باشید', 'بین یک منبع نور و دیوار بایستید']",D,با قرار گرفتن بین منبع نور و دیوار، سایه ایجاد می‌شود.,C,0.4829800426959991,D,0.948250412940979,False,True,True,True,[0.17629573 0.00877725 0.48298004 0.33194703],[0.02507336 0.00160289 0.02507336 0.9482504 ],0.8043611645698547,0.33194703,0.9482504,0.61630337,0.7868033647537231,0.6648627519607544,0.7207114696502686,0.7868033647537231,0.6648627519607544,0.7207114696502686
1637,گیاهی که به خاک خوب زهکشی شده نیاز دارد، بهترین رشد را در خاکی که عمدتاً از آن ساخته شده است خواهد داشت:,"['سیلت.', 'رس.', 'شن.', 'هوموس.']",C,گیاهانی که به زهکشی خوب نیاز دارند، در خاکی با نفوذپذیری بالا رشد بهتری دارند؛ خاکی که ذرات بزرگ و فاصله بین آنها زیاد است، زهکشی خوبی دارد.,A,0.3809747099876404,C,0.4517465829849243,False,True,True,True,[0.3809747  0.3809747  0.0069778  0.23107284],[0.12942757 0.39866495 0.45174658 0.02016093],0.8622574210166931,0.0069778,0.45174658,0.44476878,0.8305798768997192,0.6274687051773071,0.7148772478103638,0.8305798768997192,0.6274687051773071,0.7148772478103638
1638,دانشمندان کشف کردند که اگرچه باکتری‌های عفونی ممکن است نسبت به داروهای آنتی‌بیوتیکی ایمنی پیدا کنند، برخی باکتری‌ها نمی‌توانند در برابر برخی پپتیدها مقاومت کنند که به‌عنوان مواد آنتی‌بیوتیک طبیعی در بدن انسان عمل می‌کنند. این کشف منجر به توسعه کدام فناوری جدید شد؟,"['مواد مصنوعی که مشابه پپتیدهای انسانی هستند', 'آنتی\u200cبیوتیک\u200cهایی که می\u200cتوانند از طریق پوست جذب شوند', 'باکتری\u200cهایی که به ارگانیسم\u200cهای مقاوم به آنتی\u200cبیوتیک حمله می\u200cکنند', 'آنتی\u200cبیوتیک\u200cهایی که در پاسخ به ایمنی باکتری\u200cها سازگار می\u200cشوند']",A,کشف پپتیدهای طبیعی در بدن انسان منجر به توسعه مواد مصنوعی مشابه شد که به عنوان آنتی‌بیوتیک‌های جدید عمل می‌کنند.,A,0.9895407557487488,A,0.9960466027259828,True,True,True,True,[9.8954076e-01 6.6642184e-03 2.2803701e-04 3.5670991e-03],[9.9604660e-01 3.1286776e-03 3.3687127e-05 7.9105358e-04],0.8988772630691528,0.98954076,0.9960466,0.0065058399999999,0.9140434265136719,0.6856813430786133,0.783562958240509,0.9140434265136719,0.6856813430786133,0.783562958240509
1639,پیشرفت‌های فناوری در صنعت چوب‌بری اثرات منفی و مثبتی بر اکوسیستم‌های جنگلی داشته است. محتمل‌ترین اثر منفی تکنیک‌های مؤثرتر چوب‌بری چیست؟,"['افزایش زمان مورد نیاز برای حمل و نقل چوب.', 'محیط\u200cهای کاری امن\u200cتر برای کارگران چوب\u200cبری.', 'تغییر در ترکیب شیمیایی و فیزیکی زمین و آب.', 'کاهش هزینه چوب و محصولات کاغذی.']",C,فناوری‌های جدید در چوب‌بری می‌توانند خاک و آب جنگل‌ها را تحت تأثیر قرار دهند و منجر به تغییراتی در ترکیب شیمیایی و فیزیکی زمین و آب شوند.,C,0.9934377074241638,C,0.9922170639038086,True,True,True,False,[5.9564351e-03 4.3148271e-04 9.9343771e-01 1.7433477e-04],[6.7643123e-03 8.0788194e-04 9.9221706e-01 2.1074859e-04],0.7578219175338745,0.99343771,0.99221706,-0.00122065,0.7715581655502319,0.6395672559738159,0.6993897557258606,0.7715582251548767,0.6395671963691711,0.6993897557258606
1640,کدام یک از این موارد در خلال فتوسنتز تولید می‌شود؟,"['اسید آمینه', 'گلوکز', 'گلیسرول', 'دی\u200cاکسید کربن']",B,در فتوسنتز، گیاهان انرژی نور خورشید را به انرژی شیمیایی تبدیل کرده و [MASK] تولید می‌کنند.,B,0.9537076950073242,B,0.9920141100883484,True,True,True,True,[0.00813915 0.9537077  0.00110151 0.03705155],[2.4782429e-03 9.9201411e-01 2.6120487e-04 5.2464404e-03],0.8284633159637451,0.9537077,0.99201411,0.0383064099999999,0.8852462768554688,0.6695677638053894,0.7624478936195374,0.9002149105072021,0.6711701154708862,0.7689996957778931
1641,یک دانش آموز جرم یک نمونه را روی ترازوی سه میله‌ای تعیین می‌کند. قبل از تعیین جرم نمونه بعدی، دانش آموز چه کاری باید انجام دهد؟,"['ارتفاع سینی را تنظیم کند', 'همه سوارها را به صفر جابه\u200cجا کند', 'میله\u200cها را به سرعت بالا و پایین ببرد', 'محل نشانه\u200cهای جرم را تنظیم کند']",B,قبل از اندازه‌گیری بعدی، دانش‌آموز باید سوارها را به صفر جابه‌جا کند.,B,0.6312692761421204,B,0.983295738697052,True,True,True,True,[0.33657676 0.6312693  0.00084743 0.03130652],[1.5800642e-02 9.8329574e-01 1.1692770e-04 7.8666763e-04],0.7462269067764282,0.6312693,0.98329574,0.3520264399999999,0.7982684373855591,0.5669021606445312,0.6629795432090759,0.7982684373855591,0.5669021606445312,0.6629795432090759
1642,فیلیپه یک مدل بصری از یک اکوسیستم دهانه رودخانه روی یک پوستر درست کرد. او آب اقیانوس را آبی و آب رودخانه را زرد رنگ کرد. بهترین رنگ برای نمایش بصری دهانه رودخانه چیست؟,"['زرد', 'آبی', 'نارنجی', 'سبز']",D,رنگی که ترکیبی از [MASK] و [MASK] باشد، مناسب است؛ زیرا در دهانه رودخانه، آب رودخانه و اقیانوس با هم ترکیب می‌شوند.,A,0.7590211629867554,A,0.0337654836475849,False,False,False,False,[0.75902116 0.14887744 0.01241305 0.07968836],[0.76251835 0.19129449 0.01242163 0.03376548],0.8325043320655823,0.07968836,0.03376548,-0.04592288,0.7258661389350891,0.6331886649131775,0.676367461681366,0.709275484085083,0.612107515335083,0.6571188569068909
1643,سؤال: کدام ترتیب مراحل چرخه زندگی یک گیاه را نشان می‌دهد؟,"['الف) گیاه جوان -> دانه -> گیاه بالغ', 'ب) دانه -> گیاه بالغ -> گیاه جوان', 'ج) گیاه بالغ -> گیاه جوان -> دانه', 'د) دانه -> گیاه جوان -> گیاه بالغ']",D,ترتیب مراحل چرخه زندگی یک گیاه شامل دانه، گیاه جوان و سپس گیاه بالغ است که به ترتیب منطقی رشد یک گیاه اشاره دارد.,D,0.951440930366516,D,0.9784802198410034,True,True,True,True,[4.7092710e-02 1.2549782e-03 2.1137283e-04 9.5144093e-01],[2.0627510e-02 6.6307018e-04 2.2915092e-04 9.7848022e-01],0.9500761032104492,0.95144093,0.97848022,0.02703929,0.8002226948738098,0.7501262426376343,0.7743650674819946,0.8002227544784546,0.7501262426376343,0.7743650674819946
1644,عناصر خاصی با خواص شیمیایی و فیزیکی مشابه در یک ستون در جدول تناوبی عناصر یافت می‌شوند. این مواد شیمیایی,"['در همان دوره قرار دارند.', 'در همان خانواده قرار دارند.', 'تعداد الکترون\u200cهای یکسانی دارند.', 'دارای شماره جرمی یکسان هستند.']",B,عناصر با خواص مشابه در یک ستون جدول تناوبی قرار دارند و به عنوان خانواده شناخته می‌شوند.,B,0.8528793454170227,B,0.9659423828125,True,True,True,True,[0.13028337 0.85287935 0.01230908 0.00452826],[1.7900398e-02 9.6594238e-01 1.5797045e-02 3.6008071e-04],0.8824865221977234,0.85287935,0.96594238,0.1130630299999999,0.8748816251754761,0.6884516477584839,0.7705506086349487,0.8767918348312378,0.6970767974853516,0.7766737937927246
1645,امروزه بسیاری از خودروها برای به دست آوردن مصرف سوخت بهتر نسبت به خودروهای ساخته شده در گذشته طراحی شده‌اند. این تغییر ناشی از نیاز به,"['بازیافت مواد', 'بهبود ایمنی', 'تولید مواد شیمیایی', 'صرفه\u200cجویی در منابع']",D,نیاز به مدیریت منابع سوخت محدود و کاهش هزینه‌های آن، منجر به طراحی خودروهای جدید با مصرف سوخت بهتر شده است.,A,0.4497087597846985,D,0.9550358653068542,False,True,True,True,[0.44970876 0.2397733  0.00264291 0.307875  ],[3.7321195e-02 7.3489789e-03 2.9399613e-04 9.5503587e-01],0.8605998754501343,0.307875,0.95503587,0.64716087,0.7799181938171387,0.6540735960006714,0.7114739418029785,0.7780567407608032,0.6528455018997192,0.7099727988243103
1646,کدام یک از این موارد بهترین توضیح را برای تأثیر بزرگ اقیانوس‌ها بر آب و هوا در قاره‌ها ارائه می‌دهد؟,"['موج\u200cهای اقیانوس راحت\u200cتر از سنگ\u200cهای قاره\u200cای حرکت می\u200cکنند.', 'اقیانوس\u200cها تنوع بیشتری از موجودات نسبت به قاره\u200cها دارند.', 'اقیانوس\u200cها بیشتر از قاره\u200cها حرارت را ذخیره و انتقال می\u200cدهند.', 'آب اقیانوس\u200cها نمک بیشتری نسبت به بیشتر آب\u200cهای دریاچه\u200cای قاره\u200cای دارد.']",C,ظرفیت حرارتی ویژه بالا، اقیانوس‌ها را قادر می‌سازد گرمای زیادی را جذب و ذخیره کنند و تغییرات دمایی را تعدیل کنند.,C,0.9847338795661926,C,0.9880237579345704,True,True,True,True,[0.01259118 0.0015038  0.9847339  0.00117116],[1.0848079e-02 6.5147778e-04 9.8802376e-01 4.7663134e-04],0.8260587453842163,0.9847339,0.98802376,0.0032898599999999,0.7837502956390381,0.5750606656074524,0.663379967212677,0.7837502956390381,0.5750606656074524,0.663379967212677
1647,کدامیک نشان‌دهنده این است که مجموعه‌ای از فسیل‌ها نمایانگر تحولات اسب هستند؟,"['همه فسیل\u200cها در لایه\u200cهای مشابه سنگ مانند فسیل\u200cهای اسب یافت شده\u200cاند.', 'همه فسیل\u200cها کاملاً شبیه به استخوان\u200cهای اسب هستند.', 'همه فسیل\u200cها ساختارهای مشابهی با اسب\u200cهای امروزی دارند.', 'همه فسیل\u200cها در همان مکان زمین که اسب\u200cها قرار دارند، واقع شده\u200cاند.']",C,نشان‌دهنده تحولات تدریجی در ساختار فسیل‌ها با شباهت به اسب‌های امروزی در لایه‌های مختلف سنگی است.,C,0.7708736062049866,C,0.6493556499481201,True,True,True,False,[0.22042805 0.00676117 0.7708736  0.00193711],[0.34487018 0.00491931 0.64935565 0.00085485],0.8406223058700562,0.7708736,0.64935565,-0.1215179500000001,0.7482367157936096,0.5878481864929199,0.658415675163269,0.7441948652267456,0.585861325263977,0.65560382604599
1648,باران شدید می‌تواند باعث شود خاک سریعاً به سمت پایین سرازیر شود. این تغییر را چه می‌نامند؟,"['هاریکن', 'سیل', 'زمین لغزش', 'زمین\u200cلرزه']",C,وقتی باران شدید باعث حرکت سریع خاک به سمت پایین می‌شود، این پدیده به عنوان لغزش زمین شناخته می‌شود.,C,0.8238207101821899,B,0.1916546076536178,True,False,False,False,[0.11192838 0.05991094 0.8238207  0.00433993],[0.04845787 0.75800866 0.19165461 0.00187892],0.8805003762245178,0.8238207,0.19165461,-0.6321660899999999,0.7735396027565002,0.6414976716041565,0.7013580203056335,0.7727181911468506,0.6413050889968872,0.7009051442146301
1649,کدام ویژگی صفتی است که از گیاهان والد به فرزندان آن‌ها منتقل نمی‌شود؟,"['شکل برگ', 'رنگ گل', 'ارتفاع گیاه', 'نرخ بقا']",D,صفتی که از گیاهان والد به فرزندان آن‌ها منتقل نمی‌شود، تحت تأثیر عوامل محیطی و شرایط زندگی قرار دارد.,B,0.4168750345706939,D,0.5589513182640076,False,True,True,True,[0.19691782 0.41687503 0.01831621 0.36789092],[0.1247189  0.2991851  0.01714467 0.5589513 ],0.6524863839149475,0.36789092,0.5589513,0.19106038,0.773830235004425,0.6447871923446655,0.7034395337104797,0.7723946571350098,0.6459701061248779,0.703548014163971
1650,بسیاری از حیوانات به گیاهان برای ___ وابسته هستند.,"['پناهگاه', 'گرده\u200cافشانی', 'انتشار دانه', 'نور خورشید']",A,حیوانات در فرآیند تولید مثل گیاهان از طریق کمک به [MASK] نقش دارند.,C,0.9596294164657592,C,0.0174988657236099,False,False,False,False,[0.02537424 0.00933466 0.9596294  0.00566176],[0.01749887 0.0106136  0.9704512  0.00143639],0.8277192115783691,0.02537424,0.01749887,-0.00787537,0.8433479070663452,0.6755509972572327,0.7501809000968933,0.7832097411155701,0.6360831260681152,0.7020207047462463
1651,یک نمونه از تغییر حالت یک جامد به مایع چیست؟,"['بخار به آب تبدیل می\u200cشود.', 'آب به بخار تبدیل می\u200cشود.', 'یخ به آب تبدیل می\u200cشود.', 'آب به یخ تبدیل می\u200cشود.']",C,ذوب جامد به مایع نمونه آن است که یخ در اثر افزایش دما به آب تبدیل می‌شود.,C,0.9645305275917052,C,0.9939550757408142,True,True,True,True,[0.02025416 0.01392047 0.9645305  0.00129481],[4.6029249e-03 1.0270515e-03 9.9395508e-01 4.1496629e-04],0.8486567735671997,0.9645305,0.99395508,0.02942458,0.815362811088562,0.6999733448028564,0.7532747387886047,0.815362811088562,0.6999733448028564,0.7532747387886047
1652,دانش‌آموزی به سرعت کف دست‌های خود را به هم می‌مالد. کدام توالی به‌درستی تحولات انرژی را که رخ می‌دهد توصیف می‌کند؟,"['شیمیایی -> مکانیکی -> حرارت', 'مکانیکی -> حرارت -> شیمیایی', 'حرارت -> مکانیکی -> شیمیایی', 'مکانیکی -> هسته\u200cای -> حرارت']",A,دانش‌آموز با مالش دست‌ها، انرژی شیمیایی بدن را به انرژی مکانیکی تبدیل می‌کند و سپس این انرژی مکانیکی به حرارت تبدیل می‌شود. این فرآیند تبدیل انرژی، توالی منطقی انرژی شیمیایی به مکانیکی به حرارت را نشان می‌دهد.,A,0.8022906184196472,A,0.9987697005271912,True,True,True,True,[0.8022906  0.07520994 0.10942982 0.01306953],[9.987697e-01 4.264480e-04 1.834130e-04 6.204782e-04],0.8960399627685547,0.8022906,0.9987697,0.1964791,0.8034089803695679,0.6194748878479004,0.6995534896850586,0.7999235391616821,0.6179918646812439,0.6972859501838684
1653,چه چیزی باعث می‌شود که یک کشتی حامل بار سنگین بیشتر از یک کشتی مشابه حامل بار سبک در همان سرعت به توقف برسد؟,"['افزایش اصطکاک', 'زخامت بیشتر', 'شتاب بیشتر', 'سرعت بیشتر ثابت']",B,وزن بیشتر کشتی حامل بار سنگین، نیروی گرانش و در نتیجه نیروی اصطکاک را افزایش می‌دهد و باعث توقف سریع‌تر آن می‌شود.,A,0.799066960811615,A,0.0662446394562721,False,False,False,False,[0.79906696 0.12206315 0.05765855 0.0212114 ],[0.91447896 0.06624464 0.00472435 0.01455202],0.9421195387840272,0.12206315,0.06624464,-0.05581851,0.8057067394256592,0.6957666277885437,0.7467117309570312,0.8057066798210144,0.6957666277885437,0.7467116713523865
1654,یک ظرف با مخلوطی از شن و یک ماده ناشناس پر شده است. دانش آموز برای تعیین اینکه آیا ذرات آهن در مخلوط وجود دارد یا خیر، چه کاری باید انجام دهد؟,"['مخلوط را حرارت دهد', 'مخلوط را فیلتر کند', 'آب به مخلوط اضافه کند', 'یک آهنربا را از میان مخلوط بکشاند']",D,با استفاده از خاصیت مغناطیسی آهن، اگر ذرات به آهنربا جذب شوند، می‌توان نتیجه گرفت که ذرات آهن در مخلوط وجود دارد.,B,0.9012346267700196,D,0.9803844690322876,False,True,True,True,[0.02726813 0.9012346  0.00608434 0.06541286],[1.5846439e-02 3.5358185e-03 2.3321252e-04 9.8038447e-01],0.8522353768348694,0.06541286,0.98038447,0.91497161,0.8740819692611694,0.7482572793960571,0.8062902688980103,0.8781182169914246,0.7585813403129578,0.8139845728874207
1655,کدام یک از موارد زیر یک قاعده ایمنی مهم است که هنگام استفاده از مواد شیمیایی باید رعایت شود؟,"['موهای بلند را به عقب ببندید.', 'تمام مواد شیمیایی را در یخچال نگه دارید.', 'تمام لوله های آزمایش و بطری ها را به درستی برچسب گذاری کنید.', 'فندک های خاموش شده را به درستی دور بریزید.']",C,برچسب زدن صحیح تجهیزات و مواد آزمایشگاهی از اشتباهات خطرناک جلوگیری می‌کند.,C,0.7295536994934082,C,0.9945679903030396,True,True,True,True,[0.12677743 0.12677743 0.7295537  0.01689146],[4.5699212e-03 6.7925820e-04 9.9456799e-01 1.8281984e-04],0.905021905899048,0.7295537,0.99456799,0.26501429,0.8947163820266724,0.6625515818595886,0.761327862739563,0.8947163820266724,0.6625515222549438,0.761327862739563
1656,یک دانش‌آموز به بررسی وقوع لاله‌های گوش پیوسته در مقابل لاله‌های گوش جدا پرداخته است. کدام عنوان ممکن است بهترین بازتاب‌دهنده محتوای گزارش باشد؟,"['هم\u200cراستایی انواع لاله\u200cهای گوش', 'نوع لاله گوش و زیست\u200cشناسی', 'قابلیت وراثتی انواع لاله\u200cهای گوش', 'نوع لاله گوش و تشکیل پروتئین']",C,بررسی لاله‌های گوش نشان‌دهنده قابلیت وراثت صفات ژنتیکی است.,A,0.8119102716445923,C,0.9874566197395324,False,True,True,True,[0.8119103  0.05881459 0.01939499 0.1098801 ],[1.0969652e-02 1.4845809e-03 9.8745662e-01 8.9156012e-05],0.7980387806892395,0.01939499,0.98745662,0.96806163,0.7913225293159485,0.5415956974029541,0.6430655717849731,0.7918372750282288,0.542954683303833,0.6441929340362549
1657,کدام جمله مثالی از چگونگی تغییر انسان‌ها در محیط طبیعی است؟,"['باد و باران، گیاهان گندم را نابود می\u200cکنند.', 'انرژی خورشید به گیاه گندم کمک می\u200cکند تا رشد کند.', 'یک جنگل برای ایجاد فضایی برای کشت گندم پاک\u200cسازی می\u200cشود.', 'بذرهای گیاه گندم توسط باد پراکنده می\u200cشوند.']",C,انسان‌ها با پاک‌سازی جنگل، محیط طبیعی را برای کشاورزی تغییر می‌دهند.,C,0.7000377774238586,C,0.9901435375213624,True,True,True,True,[0.2565255  0.01639913 0.7000378  0.02703759],[8.5664205e-03 1.0231129e-03 9.9014354e-01 2.6689496e-04],0.747816264629364,0.7000378,0.99014354,0.29010574,0.6711238622665405,0.5170050859451294,0.5840687155723572,0.6712589859962463,0.5196002721786499,0.5857725739479065
1658,دانشمندان توانسته‌اند ژن‌هایی از یک عنکبوت را به ژنوم یک بز خانگی وارد کنند. وقتی بز بالغ می‌شود، شیری تولید می‌کند که حاوی پروتئینی است که در تارهای عنکبوت وجود دارد. این پروتئین سپس می‌تواند استخراج شده و برای ساخت مواد قوی اما سبک برای جلیقه‌های ضد گلوله، اتومبیل‌ها و هواپیماها استفاده شود. این تغییر هیچ دردی برای بز ایجاد نمی‌کند، اما برخی از مردم فکر می‌کنند که اضافه کردن ژن‌ها از ژنوم یک حیوان به حیوان دیگری درست نیست. کدام کلمه بهترین توصیف را از این نگرانی ارائه می‌دهد؟,"['اقتصادی', 'زیست\u200cشناسی', 'اخلاقی', 'عملی']",C,نگرانی در مورد دستکاری ژنتیکی و انتقال ژن‌ها بین گونه‌ها، ریشه در ارزش‌ها و اصول [MASK] دارد.,C,0.9888774752616882,C,0.9947972893714904,True,True,True,True,[0.00590309 0.00405713 0.9888775  0.00116239],[4.5888652e-03 4.8366282e-04 9.9479729e-01 1.3017608e-04],0.8945513367652893,0.9888775,0.99479729,0.0059197899999999,0.8360112905502319,0.644952118396759,0.7281574010848999,0.8440074324607849,0.6382147073745728,0.7268248796463013
1659,یک پردیس کالج به قدری فضای پارکینگ کمی دارد که ماشین‌ها معمولاً در ساعات کلاس در انتظار پارک شدن صف می‌بندند. کدام یک از گزینه‌های زیر بهترین راه حل کالج برای نیاز به فضاي پاركينگ بيشتر را با استفاده از مدل سيستم‌های جهانی توصیف می‌کند؟,"['کالج می\u200cتواند یک پارکینگ اضافی بسازد، داده\u200cهای مربوط به پارکینگ را جمع\u200cآوری کند و سپس از دیدگاه\u200cهای جامعه استفاده کند.', 'کالج می\u200cتواند در ساعات شلوغ دسترسی به پارکینگ\u200cها را محدود کند، مأموران امنیتی استخدام کند تا به محدود کردن پارک کمک کنند و سپس داده\u200cهای مربوط به پارکینگ را جمع\u200cآوری کند.', 'کالج می\u200cتواند داده\u200cهای مربوط به پارکینگ را جمع\u200cآوری کند، از دیدگاه\u200cهای جامعه استفاده کند، یک پارکینگ اضافی بسازد و سپس داده\u200cهای بیشتری درباره پارکینگ جمع\u200cآوری کند.', 'کالج می\u200cتواند مأموران امنیتی استخدام کند تا به محدود کردن پارک کمک کنند، داده\u200cهای مربوط به پارکینگ را جمع\u200cآوری کند، از دیدگاه\u200cهای جامعه استفاده کند و سپس داده\u200cهای بیشتری جمع\u200cآوری کند.']",C,مدل سيستم‌های جهانی شامل جمع‌آوری داده‌ها، ارزیابی راه حل‌ها با دیدگاه‌های جامعه، پیاده‌سازی و ارزیابی مجدد است. کالج باید داده‌ها را جمع‌آوری کند، راه حل‌ها را ارزیابی کند، پارکینگ بسازد و مجدداً ارزیابی کند.,B,0.4550068378448486,C,0.9292442798614502,False,True,True,True,[0.2759756  0.45500684 0.24354762 0.02546997],[0.05894231 0.01024264 0.9292443  0.00157076],0.8304335474967957,0.24354762,0.9292443,0.6856966800000001,0.7551376819610596,0.5932356715202332,0.6644667387008667,0.7551376819610596,0.5932356715202332,0.6644667387008667
1660,در کدام بخش از جدول تناوبی مواد براق و انعطاف‌پذیر که در ساخت جواهرات استفاده می‌شوند، یافت می‌شوند؟,"['گروه ۱ (۱A)', 'گروه ۴ (۴A)', 'گروه ۱۱ (۱B)', 'گروه ۱۷ (۷A)']",C,فلزات گرانبها مانند طلا و نقره در گروه یازده جدول تناوبی قرار دارند.,C,0.4482780694961548,A,0.3247916102409363,True,False,False,False,[0.21175157 0.10002436 0.44827807 0.23994596],[0.3247916  0.15342069 0.3247916  0.19699608],0.7191206812858582,0.44827807,0.3247916,-0.1234864699999999,0.9378239512443542,0.7319231629371643,0.8221784830093384,0.9378239512443542,0.7319231629371643,0.8221784830093384
1661,تغییر ناگهانی در آب و هوا در یک مکان خاص عمدتاً به سبب کدام یک است؟,"['ورود یک توده هوایی', 'زلزله\u200cای شدید', 'توده آب دریا', 'خورشیدگرفتگی']",A,ورود توده هوای جدید با ویژگی‌های متفاوت سبب تغییر ناگهانی آب و هوا می‌شود.,A,0.5825413465499878,A,0.9916868805885316,True,True,True,True,[0.58254135 0.40194145 0.00165553 0.01386155],[9.9168688e-01 6.7871585e-03 7.1536127e-04 8.1061054e-04],0.7812541127204895,0.58254135,0.99168688,0.4091455300000001,0.7025812864303589,0.5757076740264893,0.6328482031822205,0.695433497428894,0.5764697194099426,0.630388081073761
1662,سوال: ساقه‌ها برای گیاهان چه کار می‌کنند؟,"['الف) آب را جذب می\u200cکنند', 'ب) غذا تولید می\u200cکنند', 'پ) حمایت فراهم می\u200cکنند', 'ت) گرده\u200cافشان\u200cها را جذب می\u200cکنند']",C,ساقه‌ها ساختار گیاه را حمایت می‌کنند تا به خوبی رشد کند و از عوامل خارجی محافظت شود.,A,0.618588924407959,C,0.9688917994499208,False,True,True,True,[0.6185889  0.04516188 0.15763046 0.17861871],[0.0260226  0.00374891 0.9688918  0.00133672],0.8853790163993835,0.15763046,0.9688918,0.8112613399999999,0.8867242932319641,0.6982535123825073,0.7812832593917847,0.8867242932319641,0.6982535123825073,0.7812832593917847
1663,هر دو یوگلنا و ولواکس به عنوان پروتیست‌های شبیه به گیاه طبقه‌بندی می‌شوند. اما ولواکس ساختارهای مشترک بیشتری با گیاهان نسبت به یوگلنا دارد. کدام ساختار که در سلول‌های گیاهی یافت می‌شود، همچنین در ولواکس وجود دارد ولی در یوگلنا وجود ندارد؟,"['نقطه چشمی', 'دیواره سلولی', 'کلروپلاست', 'واکول مرکزی']",B,ولکس و گیاهان [MASK] دارند ولی یوگلنا ندارد؛ این ساختار در سلول‌های گیاهی و برخی جانداران دیگر وجود دارد.,C,0.7375731468200684,C,0.0777821987867355,False,False,False,False,[0.07834935 0.16457482 0.73757315 0.0195027 ],[0.0777822  0.0777822  0.83623743 0.00819818],0.9147329330444336,0.16457482,0.0777822,-0.08679262,0.8444091081619263,0.712378740310669,0.7727952003479004,0.8331010341644287,0.7034213542938232,0.7627888321876526
1664,کدام تغییر به زیستگاه سنجاب آسیب می‌زند؟,"['رشد گیاهان جدید', 'تغییر فصل\u200cها', 'قطع درختان برای ساخت خانه\u200cها', 'کاشت نهال\u200cهای کاج']",C,تخریب زیستگاه طبیعی و کاهش منابع غذایی و سرپناه، آسیب جدی به جمعیت سنجاب وارد می‌کند.,C,0.9583266377449036,C,0.9916571378707886,True,True,True,True,[0.02543897 0.01383093 0.95832664 0.00240346],[5.9196879e-03 1.9218412e-03 9.9165714e-01 5.0134218e-04],0.770399272441864,0.95832664,0.99165714,0.0333305,0.6876683235168457,0.5595438480377197,0.6170250773429871,0.6921688318252563,0.5603005886077881,0.6192927360534668
1665,دانش‌آموزان در حال مطالعه فرایند فتوسنتز در گیاهان هستند. کدامیک از موارد زیر محصول فتوسنتز است؟,"['دی\u200cاکسید کربن', 'نیتروژن', 'کلرید سدیم', 'شکر']",D,گیاهان با تبدیل انرژی نور خورشید، [MASK] و آب را به [MASK] و اکسیژن تبدیل می‌کنند.,A,0.5213925838470459,A,0.1319942325353622,False,False,False,False,[0.5213926  0.01770223 0.00077778 0.46012732],[8.6407924e-01 3.5729201e-03 3.5376698e-04 1.3199423e-01],0.6946181058883667,0.46012732,0.13199423,-0.32813309,0.8337027430534363,0.6495947241783142,0.7302228808403015,0.8108193874359131,0.6312606930732727,0.7098613381385803
1666,کدام یک از موارد زیر تغییر آب از حالت مایع به حالت جامد را توصیف می‌کند؟,"['تشکیل یخ روی دریاچه', 'تشکیل شبنم روی چمن', 'ذوب شدن برف به یک چاله آب', 'تبخیر آب از حوض']",A,آب مایع در اثر کاهش دما به یخ تبدیل می‌شود که نمونه آن یخ زدن دریاچه است.,A,0.94925194978714,A,0.9991067051887512,True,True,True,True,[9.4925195e-01 2.6429221e-03 4.7584649e-02 5.2042224e-04],[9.9910671e-01 3.5887575e-04 3.1670675e-04 2.1766915e-04],0.7678926587104797,0.94925195,0.99910671,0.04985476,0.8512506484985352,0.7295403480529785,0.7857100367546082,0.8516805171966553,0.7338497042655945,0.7883867025375366
1667,تولیدکنندگان می‌توانند از فتوسنتز برای جذب انرژی برای شبکه‌های غذایی در بیشتر اکوسیستم‌ها استفاده کنند. در کدام اکوسیستم تولیدکنندگان باید انرژی را از گازهایی مانند متان و سولفید هیدروژن جذب کنند؟,"['صخره مرجانی', 'بیابان مرتفع', 'خندق اقیانوسی', 'جنگل همیشه\u200cسبز']",C,در اکوسیستم‌های [MASK] به دلیل کمبود نور، تولیدکنندگان از فرآیندهای شیمیوسنتزی برای جذب انرژی از گازهایی مانند متان و سولفید هیدروژن استفاده می‌کنند.,C,0.7903298139572144,C,0.5964733362197876,True,True,True,False,[0.17669117 0.0268856  0.7903298  0.00609346],[0.36319533 0.03378243 0.59647334 0.00654902],0.8992482423782349,0.7903298,0.59647334,-0.19385646,0.9543354511260986,0.7855187654495239,0.8617370128631592,0.9468193054199219,0.7766956090927124,0.8533612489700317
1668,سیاره‌ها مدار می‌زنند,"['زمین.', 'ماه.', 'کهکشان.', 'خورشید.']",D,سیارات حول یک ستاره مرکزی می‌چرخند.,C,0.783572256565094,A,0.16177998483181,False,False,False,False,[0.07274136 0.13589875 0.78357226 0.00778762],[0.7250476  0.01504788 0.09812452 0.16177998],0.6438747048377991,0.00778762,0.16177998,0.15399236,0.6697311997413635,0.504239559173584,0.5753208994865417,0.6750777959823608,0.5184923410415649,0.5865138173103333
1669,دانش‌آموزان یک تحقیق طراحی می‌کنند تا تأثیر سطوح مختلف بر سرعت یک توپ که از شیب پایین می‌لغزد را مطالعه کنند. کدام یک از این موارد متغیر مستقل است؟,"['زمان برای پایین\u200cآمدن از شیب', 'جرم توپ', 'قطر توپ', 'نوع سطح روی شیب']",D,عاملی که محقق برای بررسی تأثیر آن تغییر می‌دهد، متغیر مستقل است؛ در اینجا، تغییر در نوع سطح شیب.,B,0.8338468074798584,D,0.8605061173439026,False,True,True,True,[7.7711463e-02 8.3384681e-01 3.8308545e-04 8.8058628e-02],[4.8546433e-02 9.0696678e-02 2.5079880e-04 8.6050612e-01],0.7576655149459839,0.088058628,0.86050612,0.7724474920000001,0.6963025331497192,0.6517466306686401,0.6732882857322693,0.6950958967208862,0.6528854370117188,0.673329770565033
1670,گاهی اوقات، شهاب‌سنگ‌های بزرگ به جو زمین وارد شده و به سطح زمین می‌رسند. دانشمندان نقاط احتمال برخورد را زمانی شناسایی می‌کنند که آنها پیدا کنند,"['رسوبات کربن.', 'مواد آتشفشانی.', 'گسل\u200cهای لغزشی.', 'دهانه\u200cهای کاسه\u200cای.']",D,دانشمندان با شناسایی دهانه‌های بزرگی که به شکل کاسه‌ای هستند، نقاط احتمال برخورد شهاب‌سنگ‌ها را پیدا می‌کنند.,B,0.7459230422973633,D,0.9705543518066406,False,True,True,True,[0.12861326 0.74592304 0.0119629  0.11350081],[0.01998646 0.00833159 0.00112756 0.97055435],0.878541111946106,0.11350081,0.97055435,0.85705354,0.8807257413864136,0.6934093832969666,0.7759225964546204,0.8807257413864136,0.6934093832969666,0.7759225964546204
1671,سال‌هاست که دانشمندان در لایه‌های سنگی در تمامی نقاط جهان فسیل‌هایی یافته‌اند. در نهایت، دانشمندان کشف کردند که بسیاری از لایه‌های سنگی الگوی مشابهی را نشان می‌دهند که بر اساس آن فسیل‌های قدیمی‌تر در لایه‌های عمیق‌تر و فسیل‌های جوان‌تر در لایه‌های سطحی‌تر قرار دارند. این کشف نمونه‌ای از این است که چگونه دانش علمی در حال تغییر است,"['فسیل\u200cها به روش\u200cهای مختلف حفظ می\u200cشوند.', 'نتایج درباره فسیل\u200cها به سوالات تجدید نظر می\u200cشود.', 'فسیل\u200cها در مناطق مختلف تشکیل می\u200cشوند.', 'مدارک جدید فسیل بازبینی می\u200cشود.']",D,نتایج علمی قبلی درباره فسیل‌ها با کشف شواهد جدید می‌توانند تغییر کنند و به سوالات جدیدی پاسخ دهند.,B,0.9888848066329956,B,0.0008086248999461,False,False,False,False,[8.5680718e-03 9.8888481e-01 9.2254217e-05 2.4547935e-03],[9.8510683e-03 9.8925775e-01 8.2606239e-05 8.0862490e-04],0.736358106136322,0.0024547935,0.0008086249,-0.0016461686,0.6700879335403442,0.5180875062942505,0.58436518907547,0.6700879335403442,0.5180875062942505,0.58436518907547
1672,دو دختر در انتهای مخالف یک طناب ضخیم کش می‌آورند. هر دو دختر با نیروی یکسان اما در جهت‌های مخالف به طناب کشیده‌اند. اگر هر دو دختر به کشیدن با همان نیرو ادامه دهند، احتمالاً چه اتفاقی خواهد افتاد؟,"['یک دختر دیگری را به سمت خود می\u200cکشد.', 'هر دو دختر در همان مکان باقی می\u200cمانند.', 'نیروی جاذبه باعث می\u200cشود طناب آویزان شود.', 'طناب پاره خواهد شد.']",B,نیروهای وارد شده به طناب یکدیگر را خنثی می‌کنند؛ بنابراین هیچ نیروی خالصی برای حرکت دادن دختران وجود ندارد.,B,0.6454444527626038,B,0.9888837337493896,True,True,True,True,[0.12759298 0.64544445 0.09936951 0.12759298],[9.8473439e-03 9.8888373e-01 5.5554917e-04 7.1333919e-04],0.9039501547813416,0.64544445,0.98888373,0.34343928,0.8655818700790405,0.6443904638290405,0.7387853264808655,0.866649866104126,0.6454073190689087,0.7398425936698914
1673,سوال: کدام نوع انتقال انرژی هنگامیکه یک دانش‌آموز سوت می‌زند رخ می‌دهد؟,"['الف) الکتریکی به صوت', 'ب) نور به الکتریکی', 'ج) حرارت به مکانیکی', 'د) مکانیکی به صوت']",D,انرژی مکانیکی تولید شده توسط حرکت لب‌ها به انرژی صوت تبدیل می‌شود.,C,0.5675420165061951,D,0.9561006426811218,False,True,True,True,[0.14462255 0.07741088 0.567542   0.21042459],[0.02864706 0.00172039 0.01353191 0.95610064],0.7887576222419739,0.21042459,0.95610064,0.7456760499999999,0.8630791306495667,0.6217845678329468,0.7228263020515442,0.8630791902542114,0.6217846274375916,0.722826361656189
1674,هسته داخلی زمین به دلیل چه چیزی جامد است؟,"['نرخ چرخش.', 'دماهای شدید.', 'مقدار فشار.', 'میدان مغناطیسی.']",C,فشار بسیار زیاد ناشی از وزن لایه‌های بالای زمین، هسته داخلی را جامد نگه داشته است.,C,0.926504909992218,C,0.9730386734008788,True,True,True,True,[0.05876855 0.01175445 0.9265049  0.00297199],[2.3063157e-02 3.5368495e-03 9.7303867e-01 3.6131192e-04],0.8699684143066406,0.9265049,0.97303867,0.04653377,0.7747056484222412,0.6520753502845764,0.708120584487915,0.7747056484222412,0.6520753502845764,0.708120584487915
1675,تلویزیون برخی مزایا را ارائه می‌دهد. یکی از روش‌هایی که تلویزیون به مردم کمک کرده است چیست؟,"['تولید تلویزیون از بسیاری مواد شیمیایی سمی استفاده می\u200cکند.', 'تبلیغات تلویزیون بسیاری از اسباب\u200cبازی\u200cهای محبوبی را که کودکان می\u200cخواهند نشان می\u200cدهد.', 'تلویزیون اطلاعاتی درباره شرایط فعلی آب و هوا ارائه می\u200cدهد.', 'برق مورد استفاده برای کارکرد تلویزیون\u200cها یکی از کاربردهای منابع طبیعی است.']",C,تلویزیون با ارائه اطلاعات درباره شرایط فعلی آب و هوا، به مردم کمک می‌کند تا از وضعیت جوی آگاه باشند.,B,0.6248224973678589,C,0.9817938804626464,False,True,True,True,[0.03470357 0.6248225  0.3344434  0.00603058],[1.5993683e-02 2.1645096e-03 9.8179388e-01 4.7820249e-05],0.9020260572433472,0.3344434,0.98179388,0.6473504800000001,0.7465425133705139,0.6241480112075806,0.679880678653717,0.7465425133705139,0.6241480112075806,0.679880678653717
1676,فسیل‌های انتقالی بهترین حمایت را از چه چیزی می‌کنند؟,"['نظریه\u200cی تکامل زیستی', 'قانون سوپرامد', 'نظریه\u200cی تکامل زمین\u200cشناختی', 'نظریه\u200cی حرکت قاره\u200cها']",A,فسیل‌های انتقالی با نشان دادن تبدیل یک گروه از جانداران به گروه دیگر، از نظریه تکامل زیستی حمایت می‌کنند.,A,0.5521286129951477,A,0.9984230995178224,True,True,True,True,[0.5521286  0.17924991 0.0078144  0.2608071 ],[9.9842310e-01 1.3054250e-03 1.6085993e-04 1.1055730e-04],0.8767729997634888,0.5521286,0.9984231,0.4462945,0.7702165842056274,0.6360684633255005,0.6967442035675049,0.7702165842056274,0.6360684633255005,0.6967442035675049
1677,بر اساس موقعیت آن در جدول تناوبی عناصر، فسفر (عدد اتمی ۱۵) چند الکترون ظرفیت دارد؟,"['3', '5', '8', '15']",B,الکترون های ظرفیت فسفر برابر با تعداد الکترون های گروه آن است.,C,0.6008370518684387,C,0.0202192738652229,False,False,False,False,[0.11831183 0.03038499 0.60083705 0.25046614],[0.09061649 0.02021927 0.8597454  0.02941887],0.780613899230957,0.03038499,0.02021927,-0.01016572,0.5447495579719543,0.46744251251220703,0.503143846988678,0.5447494983673096,0.46744251251220703,0.503143846988678
1678,تصفیه آب شور نمک را از آب خارج می‌کند. حذف نمک از آب می‌تواند خطرناک باشد زیرا این فرایند هزینه‌بر و کند است. گاهی اوقات تکنولوژی آن کار نمی‌کند. آب‌های سطحی و زیرزمینی یک جامعه ساحلی در حال کاهش بود. این جامعه تصمیم گرفت یک کارخانه بزرگ‌مقیاس برای حذف نمک از آب خلیج بسازد. طرح ساخت کارخانه تصفیه نمک پذیرفته شد زیرا جامعه,"['به منابع بیشتری نیاز داشت.', 'به تکنولوژی پیشرفته دسترسی داشت.', 'منابع مالی نامحدودی داشت.', 'به کاهش فشارهای اجتماعی نیاز داشت.']",A,جامعه با کاهش منابع آب مواجه بود و نیاز به منابع آبی بیشتر برای رفع نیازهای خود داشت.,B,0.962491810321808,A,0.9935965538024902,False,True,True,True,[3.3192970e-02 9.6249181e-01 8.7084877e-04 3.4442737e-03],[9.9359655e-01 5.8193849e-03 2.5568591e-04 3.2830721e-04],0.7735635042190552,0.03319297,0.99359655,0.96040358,0.9459375143051147,0.6541324853897095,0.7734267115592957,0.9459373950958252,0.6541324257850647,0.7734267115592957
1679,حرارت به یک ماده اعمال شد. ابتدا این ماده منبسط شد و سپس ذوب شد. این ماده در ابتدا چه حالتی از ماده داشت؟,"['گاز', 'جامد', 'مایع', 'پلاسما']",B,[MASK]ات با افزایش دما ابتدا منبسط شده و در صورت ادامه افزایش دما، ذوب می‌شوند.,B,0.5573813915252686,C,0.3176004290580749,True,False,False,False,[0.3380689  0.5573814  0.08547721 0.01907254],[0.21828336 0.31760043 0.46210587 0.00201032],0.8383458256721497,0.5573814,0.31760043,-0.23978097,0.9099745750427246,0.708398699760437,0.7966330647468567,0.9079139232635498,0.7061585187911987,0.7944267392158508
1680,عناصر کربن، هیدروژن و اکسیژن جزئی از ترکیبات متفاوتی هستند. کدام یک توضیح می‌دهد که چرا این سه عنصر می‌توانند ترکیبات متفاوت زیادی بسازند؟,"['آنها می\u200cتوانند جامد، مایع یا گاز باشند.', 'آنها در اندازه\u200cها و شکل\u200cهای مختلف وجود دارند.', 'آنها در تعداد و نسبت\u200cهای مختلف ترکیب می\u200cشوند.', 'آنها می\u200cتوانند پروتون، نوترون یا الکترون باشند.']",C,تنوع ترکیبات به دلیل ترکیب شدن در تعداد و نسبت‌های مختلف است.,C,0.9945245981216432,C,0.990667998790741,True,True,True,False,[5.1630246e-03 1.6596516e-04 9.9452460e-01 1.4646375e-04],[8.638181e-03 6.064955e-04 9.906680e-01 8.737395e-05],0.6658720374107361,0.9945246,0.990668,-0.0038565999999999,0.8521328568458557,0.6544367671012878,0.740313708782196,0.8521327972412109,0.6544367074966431,0.7403135895729065
1681,به مرجان‌های فسیل‌شده، ماهی‌ها و دیگر موجودات دریایی گرمابی در مناطق کوهستانی نیو انگلند برخورد شده است. کدام یک از گزینه‌های زیر بهترین توضیح درباره اینکه چگونه این ممکن است رخ داده باشد، ارائه می‌دهد؟,"['آب و هوای این منطقه و زمین\u200cشناسی آن در طول زمان تغییر کرده است.', 'این موجودات در یک زمان بهتر به آب و هوای سرد سازگار بودند.', 'فرایند فسیل\u200cشدن به شدت ماده اصلی را تغییر داده است.', 'لاشه\u200cخواران بقایای این موجودات را به مناطق بالاتر حمل کرده\u200cاند.']",A,این منطقه ممکن است در گذشته زیر آب بوده و با تغییر زمین‌شناسی و آب و هوا، فسیل‌های دریایی در مناطق کوهستانی نیو انگلند قرار گرفته‌اند.,A,0.9743790030479432,A,0.998680293560028,True,True,True,True,[9.7437900e-01 1.7872535e-02 2.9805274e-04 7.4503813e-03],[9.98680294e-01 1.15910207e-03 4.93605185e-05 1.11235655e-04],0.8529780507087708,0.974379,0.998680294,0.024301294,0.7972705960273743,0.6702925562858582,0.7282882928848267,0.7927745580673218,0.6704701781272888,0.7265110015869141
1682,واحد اندازه‌گیری که برای توصیف نقطه ذوب یک ماده استفاده می‌شود چیست؟,"['لیتر', 'گرم', 'درجه', 'سانتیمتر']",C,برای توصیف نقطه ذوب، از واحد اندازه‌گیری [MASK] استفاده می‌شود.,C,0.992392897605896,C,0.9966889023780824,True,True,True,True,[5.8722408e-03 1.4847349e-03 9.9239290e-01 2.5007018e-04],[2.7560918e-03 3.6152056e-04 9.9668890e-01 1.9350802e-04],0.8959748148918152,0.9923929,0.9966889,0.0042959999999999,0.9086036682128906,0.6356709003448486,0.7480183839797974,0.9026781320571899,0.6161640882492065,0.7323970794677734
1683,بریانا فکر می‌کند که دانه‌های کدو تنبل بزرگتر سریع‌تر از دانه‌های کوچک‌تر جوانه می‌زنند. او با کاشت چهار دانه از هر اندازه در یک ظرف واحد این موضوع را بررسی می‌کند. چه اصطلاحی برای توصیف آنچه که بریانا فکر می‌کند رخ خواهد داد، استفاده می‌شود؟,"['آزمایش', 'نتیجه', 'متغیر', 'فرضیه']",D,گزاره‌ای که پیش از [MASK] وجود دارد و بیانگر انتظارات یا پیش‌بینی‌ها است، [MASK] نام دارد.,D,0.9651280045509338,D,0.973974108695984,True,True,True,True,[3.3154123e-02 1.4566904e-03 2.6117018e-04 9.6512800e-01],[2.3085328e-02 2.5901019e-03 3.5053215e-04 9.7397411e-01],0.5031450390815735,0.965128,0.97397411,0.00884611,0.8690944910049438,0.5450295209884644,0.6699301600456238,0.8516780138015747,0.5270335674285889,0.6511338949203491
1684,سوالی: یک میله فلزی ضربه می‌خورد و شروع به لرزش می‌کند. کدام یک از این موارد ممکن است بعداً اتفاق بیفتد؟,"['الف) میله فلزی به مایع تبدیل می\u200cشود.', 'ب) میله فلزی سنگین\u200cتر می\u200cشود.', 'ج) میله فلزی فلزات دیگر را جذب می\u200cکند.', 'د) میله فلزی صدا تولید می\u200cکند.']",D,لرزش میله فلزی می‌تواند باعث تولید صوت شود.,D,0.4830962121486664,D,0.8777621388435364,True,True,True,True,[0.4263309  0.03965495 0.05091796 0.4830962 ],[0.10565596 0.00675436 0.00982753 0.87776214],0.8178108930587769,0.4830962,0.87776214,0.39466594,0.8353584408760071,0.5606546401977539,0.6709787845611572,0.8377667665481567,0.5644104480743408,0.6744430065155029
1685,کدام یک از موارد زیر بهترین توضیح را درباره رفتار آموخته‌شده ارائه می‌دهد؟,"['جغدها در جستجوی غذا در شب', 'پروانه\u200cهای مونوارک که به سمت جنوب مهاجرت می\u200cکنند', 'گربه\u200cها در حال پنجه\u200cکشیدن روی جایی که قرار است بخوابند', 'ماهی\u200cها به سمت بالای آکواریوم شنا می\u200cکنند تا غذا بگیرند']",D,رفتار آموخته‌شده از طریق تجربه و تکرار ایجاد می‌شود، مانند آماده‌سازی محل خواب توسط گربه‌ها برای راحت‌تر خوابیدن.,C,0.4285537004470825,C,0.0006959218299016,False,False,False,False,[0.29454038 0.20243444 0.4285537  0.07447147],[1.5839107e-02 3.5341827e-03 9.7993088e-01 6.9592183e-04],0.8245895504951477,0.07447147,0.00069592183,-0.07377554817,0.7822306156158447,0.630624532699585,0.6982935667037964,0.7822306156158447,0.630624532699585,0.6982935667037964
1686,تخریب قابل توجهی از زیستگاه جنگلی موجب افزایش کدام گاز در جو خواهد شد؟,"['CO_{2}', 'NO_{2}', 'O_{2}', 'N_{2}']",A,تخریب جنگل‌ها باعث آزاد شدن کربن ذخیره شده و افزایش دی اکسید کربن در جو می‌شود.,A,0.9368780851364136,A,0.9993027448654176,True,True,True,True,[0.9368781  0.06024458 0.00108631 0.00179102],[9.9930274e-01 5.5594672e-04 7.0680690e-05 7.0680690e-05],0.8511624932289124,0.9368781,0.99930274,0.0624246399999999,0.8603267669677734,0.6759937405586243,0.757101833820343,0.8603269457817078,0.675993800163269,0.7571019530296326
1687,سؤال: گیاهان سرخس در کجا بیشتر احتمال دارد که رشد کنند؟,"['الف) در یک بیابان', 'ب) در کنار یک رودخانه', 'ج) در کف اقیانوس', 'د) در وسط دشتی']",B,گیاهان سرخس در محیط‌های مرطوب با رطوبت بالا رشد می‌کنند که کنار رودخانه‌ها چنین شرایطی را فراهم می‌کند.,B,0.5768564343452454,B,0.9893049001693726,True,True,True,True,[0.30876902 0.57685643 0.07806903 0.03630547],[9.6609918e-03 9.8930490e-01 7.6862378e-04 2.6562926e-04],0.9305071234703064,0.57685643,0.9893049,0.41244847,0.8099358081817627,0.6741191148757935,0.7358126640319824,0.8099358081817627,0.6741191148757935,0.7358126640319824
1688,تونیا یک توستر را به برق وصل کرد. او دو برش نان را در توستر قرار داد، اهرم را پایین فشار داد و کویل‌های حرارتی درخشیدند. او متوجه شد که فقط یک نوع انرژی نان را تست کرد. کدام نوع انرژی در این فرآیند هدر رفت؟,"['انرژی حرارتی فرابنفش', 'انرژی نور مرئی', 'انرژی شیمیایی', 'انرژی الکتریکی']",B,هنگامی که تونیا فقط یک برش نان را تست کرد، [MASK] که برای آماده کردن توستر و گرم کردن کویل‌ها برای تست نان دوم استفاده شد، هدر رفت زیرا به گرما تبدیل شده بود ولی به هدف مورد نظر نرسید.,A,0.8964556455612183,A,0.0006403638399206,False,False,False,False,[0.89645565 0.0068245  0.00251059 0.09420932],[9.0258044e-01 6.4036384e-04 1.7406894e-03 9.5038421e-02],0.9058086276054382,0.0068245,0.00064036384,-0.00618413616,0.8575111627578735,0.7391051650047302,0.7939176559448242,0.8511848449707031,0.7442169189453125,0.7941149473190308
1689,سوالی: یک دانش‌آموز مقداری پودر زرد گوگرد را با مقداری براده آهن مخلوط کرد. او توانست با استفاده از یک آهن‌ربا، آهن را از گوگرد جدا کند. سپس او آهن و گوگرد را در یک لوله آزمایش دوباره مخلوط کرده و آن را گرم کرد. پس از اینکه خنک شد، او ماده را از لوله آزمایش خارج کرد اما نتوانست آهن را با استفاده از آهن‌ربا از گوگرد جدا کند. چه نوع تغییری در ماده هنگام گرم شدن اتفاق افتاده است؟,"['الف) تغییر فیزیکی زیرا آهن با گوگرد واکنش نشان داد', 'ب) تغییر شیمیایی زیرا یک ماده جدید تشکیل شد', 'ج) تغییر فیزیکی زیرا یک ترکیب تشکیل شد', 'د) تغییر شیمیایی زیرا باید از آهن\u200cربا استفاده شود']",B,آهن و گوگرد ابتدا به صورت مخلوط فیزیکی بودند، اما پس از گرم شدن و سرد شدن، یک ماده جدید تشکیل شد که با آهن‌ربا جدا نمی‌شود.,C,0.470389574766159,B,0.8632314801216125,False,True,True,True,[0.2517814  0.19608754 0.47038957 0.08174145],[0.08029304 0.8632315  0.03347111 0.02300434],0.880171000957489,0.19608754,0.8632315,0.66714396,0.7855913639068604,0.6513032913208008,0.712172269821167,0.7855913639068604,0.6513032913208008,0.712172269821167
1690,pH آب خالص چه مقدار است؟,"['1.6', '2.3', '7.0', '11.2']",C,آب خالص در حالت استاندارد خاصیت خنثی دارد.,C,0.9857155680656432,C,0.9980904459953308,True,True,True,True,[1.2215954e-02 7.8093982e-04 9.8571557e-01 1.2875522e-03],[1.7003667e-03 8.2051673e-05 9.9809045e-01 1.2708412e-04],0.7590970396995544,0.98571557,0.99809045,0.0123748799999999,0.9100879430770874,0.619986891746521,0.7375359535217285,0.9100879430770874,0.619986891746521,0.7375359535217285
1691,کدام یک از موارد زیر احتمالاً یک رفتار آموخته شده است؟,"['استفاده از چنگال برای خوردن', 'پرش در برابر صدای بلند', 'تنگ کردن چشم\u200cها در نور شدید', 'عطسه کردن هنگام بو کردن یک گل']",A,استفاده از ابزارها برای خوردن، رفتاری است که از طریق تجربه و یادگیری حاصل می‌شود.,A,0.6738329529762268,A,0.9985460042953492,True,True,True,True,[0.67383295 0.10333563 0.00406985 0.21876153],[9.9854600e-01 5.6042976e-04 7.8253528e-05 8.1542053e-04],0.7401935458183289,0.67383295,0.998546,0.32471305,0.7693413496017456,0.6132524609565735,0.6824859976768494,0.7602124810218811,0.6095935702323914,0.6766222715377808
1692,کمیسیون حفاظت از ماهی و حیات وحش فلوریدا (FWC) به توسعه بیش از 300 صخره مصنوعی در اقیانوس اطلس و خلیج مکزیک کمک کرده است. کدام یک از نتایج منفی غیرمنتظره تأسیس این صخره‌ها است؟,"['این باعث افزایش فرصت\u200cهای تفریحی و غواصی شد.', 'این باعث افزایش مطالعه بر روی مرجان\u200cها و دیگر ارگانیسم\u200cها شد.', 'این باعث افزایش صید بی\u200cرویه و تخریب اکوسیستم\u200cها شد.', 'این باعث افزایش تعداد ماهی\u200cها و دیگر ارگانیسم\u200cهای آبی شد.']",C,افزایش فشار بر مناطق دریایی و تخریب اکوسیستم‌ها به دلیل جذب ماهیگیران و غواصان به صخره‌های مصنوعی.,C,0.9673457145690918,C,0.9544509053230286,True,True,True,False,[0.02909742 0.00166742 0.9673457  0.00188943],[0.04209978 0.00209602 0.9544509  0.0013533 ],0.8733342289924622,0.9673457,0.9544509,-0.0128947999999999,0.7926396131515503,0.6358993649482727,0.7056706547737122,0.7926396131515503,0.6358993649482727,0.7056706547737122
1693,کدام ماده بیشتر می‌تواند یک غذای اسیدی را خنثی کند؟,"['لبنیات (pH 5-7)', 'آب (pH 6-7)', 'میوه\u200cهای Citrus (pH 2-3)', 'جوش شیرین (pH 8-9)']",D,جوش شیرین با خاصیت بازی قوی، قادر به خنثی کردن اسیدها است؛ زیرا غذاهای اسیدی به ماده‌ای با pH بالا نیاز دارند.,A,0.6209244132041931,D,0.8043267726898193,False,True,True,True,[0.6209244  0.06595824 0.08469206 0.22842534],[0.12286662 0.06576576 0.00704082 0.8043268 ],0.9129791855812072,0.22842534,0.8043268,0.57590146,0.7745683193206787,0.6446558237075806,0.7036661505699158,0.7745683193206787,0.6446559429168701,0.7036662101745605
1694,تغییرات انرژی شکل می‌گیرد یا از طریق عمل نیروها منتقل می‌شود. مثالی از تبدیل انرژی جنبشی به انرژی پتانسیل چیست؟,"['یک سنگ بزرگ نشسته بر لبه\u200cی صخره', 'یک فرد در حال دویدن در اطراف پیست', 'یک خودرو که به سمت بالا تپه می\u200cرود و پارک می\u200cشود', 'یک کش لاستیکی که کشیده می\u200cشود و پاره می\u200cشود']",C,تبدیل انرژی جنبشی به پتانسیل هنگام افزایش ارتفاع جسم نسبت به سطح زمین رخ می‌دهد.,A,0.671897292137146,C,0.5707826018333435,False,True,True,True,[0.6718973  0.00954674 0.16921993 0.14933605],[0.39229277 0.01184621 0.5707826  0.02507844],0.8235389590263367,0.16921993,0.5707826,0.40156267,0.7778117656707764,0.6339114308357239,0.6985275745391846,0.7778117656707764,0.6339113712310791,0.6985275149345398
1695,تمام کهکشان‌ها در جهان,"['از ستاره\u200cهای بسیاری تشکیل شده\u200cاند.', 'دارای چرخش ساعت\u200cگرد هستند.', 'شکل نامنظمی دارند.', 'تعداد ستاره\u200cهای یکسانی دارند.']",A,کهکشان‌ها مجموعه‌های عظیمی از ستاره‌ها هستند که تحت نیروی گرانش به یکدیگر متصل شده‌اند.,A,0.9607251286506652,A,0.9969762563705444,True,True,True,True,[0.9607251  0.01988088 0.01754482 0.00184921],[9.9697626e-01 2.1723742e-03 6.2239566e-04 2.2896657e-04],0.7383207678794861,0.9607251,0.99697626,0.0362511599999999,0.9263603687286377,0.6139112710952759,0.7384451627731323,0.9249091148376465,0.6215808987617493,0.7434976100921631
1696,یک تأثیر منفی احتمالی ساخت سد بر روی یک رودخانه این است که سد,"['جریان رسوب را از حرکت به سمت پایین جلوگیری می\u200cکند.', 'مقدار آب موجود برای مزارع را افزایش می\u200cدهد.', 'از سیلاب\u200cهای فصلی در پایین\u200cدست جلوگیری می\u200cکند.', 'نرخ از دست رفتن آب از یک دریاچه را افزایش می\u200cدهد.']",A,ساخت سد می‌تواند جریان رسوب را متوقف کند و موجب تغییرات در بستر رودخانه شود.,A,0.8209092617034912,A,0.9803584814071656,True,True,True,True,[0.82090926 0.031768   0.14237429 0.0049485 ],[9.8035848e-01 6.6574118e-03 1.2437683e-02 5.4647366e-04],0.7563493251800537,0.82090926,0.98035848,0.15944922,0.8726345896720886,0.6216601133346558,0.7260711789131165,0.8726345300674438,0.6216599941253662,0.7260710000991821
1697,کدام یک تغییر شیمیایی است؟,"['سرخ کردن یک تخم\u200cمرغ', 'جوشاندن آب', 'شکستن یک لیوان شیشه\u200cای', 'خرد کردن یک تکه نان']",A,سرخ کردن تخم‌مرغ ساختار داخلی آن را به طور غیرقابل برگشت تغییر می‌دهد.,A,0.9309260249137878,A,0.995517909526825,True,True,True,True,[0.930926   0.03602549 0.01958672 0.01346174],[0.9955179  0.00193687 0.00150844 0.00103673],0.7477627396583557,0.930926,0.9955179,0.0645918999999999,0.7015928626060486,0.5600818395614624,0.6229013800621033,0.6975047588348389,0.5588606595993042,0.6205328106880188
1698,کدام مورد بهترین توصیف کنندهٔ تغییر شکل انرژی در یک چراغ قوه است؟,"['انرژی شیمیایی به انرژی صوتی', 'انرژی شیمیایی به انرژی تابشی', 'انرژی الکتریکی به انرژی هسته\u200cای', 'انرژی الکتریکی به انرژی مکانیکی']",B,انرژی شیمیایی ذخیره شده در باتری‌ها به انرژی نورانی و گرما تبدیل می‌شود.,B,0.8270458579063416,B,0.9970411658287048,True,True,True,True,[0.05991101 0.82704586 0.00111459 0.11192849],[2.4569794e-03 9.9704117e-01 3.1236987e-04 1.8946189e-04],0.7431091070175171,0.82704586,0.99704117,0.16999531,0.9223418235778809,0.690149188041687,0.7895280718803406,0.9239481091499329,0.6934916973114014,0.7923019528388977
1699,کرم شب‌پره کاکتوس به‌طور عمدی در سال ۱۹۲۶ به استرالیا معرفی شد تا به‌عنوان کنترل زیستی برای یک کاکتوس خاردار مهاجم عمل کند. تا اوایل دهه ۱۹۹۰، این کرم شب‌پره نیز از آمریکای جنوبی به جزایر فلوریدا مهاجرت کرده و به زودی بیشتر کاکتوس‌های سیمافور در منطقه را از بین برد. از آن زمان، این کرم شب‌پره به خوردن دیگر گیاهان در جزایر عادت کرده و به رشد خود ادامه داده است. کدام روش احتمالاً جمعیت کرم شب‌پره کاکتوس را کاهش خواهد داد؟,"['آزاد کردن کرم\u200cهای شب\u200cپره عقیم برای محدود کردن تولید مثل.', 'استفاده از سموم الحاقی به\u200cطور گسترده.', 'معرفی یک شکارچی برای کاکتوس\u200cها.', 'متوقف کردن واردات تمام انواع گیاهان.']",A,رهاسازی کرم‌های عقیم، تولید مثل را محدود و به کنترل جمعیت کمک می‌کند.,A,0.932629942893982,A,0.986491858959198,True,True,True,True,[0.93262994 0.02197623 0.03623268 0.00916106],[9.8649186e-01 3.5198308e-03 9.5678922e-03 4.2038385e-04],0.7270692586898804,0.93262994,0.98649186,0.05386192,0.6681568622589111,0.5362587571144104,0.5949856042861938,0.6681568622589111,0.5362587571144104,0.5949856042861938
1700,سوالی: یک دانش‌آموز در دور یک پیست دایره‌ای دوید. کدام بیان بهترین توصیف را از حرکت دانش‌آموز در حین دویدن ارائه می‌دهد؟,"['الف) سرعت ثابت بود.', 'ب) سرعت تغییر ناپذیر بود.', 'ج) سرعت همواره در حال تغییر بود.', 'د) شتاب همواره در حال تغییر بود.']",D,جهت حرکت دانش‌آموز در مسیر دایره‌ای دائماً تغییر می‌کند، پس سرعت او همواره در حال تغییر است.,D,0.7706573605537415,C,0.0740590915083885,True,False,False,False,[0.08059458 0.01587001 0.13287799 0.77065736],[0.02088933 0.00282706 0.9022245  0.07405909],0.9018291234970092,0.77065736,0.07405909,-0.69659827,0.902445375919342,0.777032196521759,0.8350562453269958,0.902445375919342,0.777032196521759,0.8350562453269958
1701,بهترین ظرف برای نگهداری یک مایع ناشناخته چیست؟,"['ظرف پلاستیکی ماست.', 'شیشهٔ شفاف با برچسب مشخص.', 'ظرف کاغذی آب\u200cپرتقال.', 'بطری پلاستیکی سبز نوشابه.']",B,ظرفی مناسب است که اطلاعاتش مشخص و با مایع واکنش ندهد. شیشه شفاف با برچسب مشخص بهترین گزینه است زیرا مقاوم و دارای اطلاعات لازم است.,B,0.9825224876403807,B,0.9956484436988832,True,True,True,True,[1.5726663e-02 9.8252249e-01 2.8804390e-04 1.4628075e-03],[4.10090107e-03 9.95648444e-01 1.05922954e-04 1.44779508e-04],0.7256082892417908,0.98252249,0.995648444,0.0131259539999999,0.7611677050590515,0.5967172384262085,0.6689843535423279,0.7611677050590515,0.5967172980308533,0.6689844131469727
1702,کدام مورد می‌تواند در تحقیق علمی دیگری دوباره مورد استفاده قرار گیرد؟,"['دستکش\u200cهای لاتکس', 'یک لوله آزمایش شیشه\u200cای', 'مخلوطی از آب و شکر', 'یک حوله کاغذی که برای تمیز کردن استفاده شده است']",B,لوله آزمایش شیشه‌ای پس از تمیز کردن و ضدعفونی می‌تواند دوباره استفاده شود.,A,0.70830899477005,B,0.9908102750778198,False,True,True,True,[0.708309   0.10819922 0.00370237 0.1797895 ],[0.00596102 0.9908103  0.00103587 0.00219294],0.6757780909538269,0.10819922,0.9908103,0.88261108,0.7580059170722961,0.5568115711212158,0.6420153379440308,0.7487608194351196,0.554742693901062,0.6373125910758972
1703,سه دانه یکسان در گلدان‌های خاک یکسان کاشته و رشد می‌کنند. همه سه گلدان مقدار یکسانی از نور خورشید دریافت می‌کنند. گیاهان هر روز یک بار آبیاری می‌شوند. گیاه A 10 میلی‌لیتر آب دریافت می‌کند. گیاه B 20 میلی‌لیتر آب دریافت می‌کند. گیاه C 30 میلی‌لیتر آب دریافت می‌کند. ارتفاع هر گیاه بعد از ده روز اندازه‌گیری و ثبت می‌شود. کدام سوال می‌تواند از این آزمایش پاسخ داده شود؟,"['یک گیاه به چه مقدار فضا برای رشد نیاز دارد؟', 'یک گیاه به چه مقدار خاک برای رشد نیاز دارد؟', 'چقدر آب باعث می\u200cشود یک گیاه بلندترین رشد را داشته باشد؟', 'چقدر نور خورشید باعث می\u200cشود یک گیاه بلندترین رشد را داشته باشد؟']",C,این آزمایش می‌تواند تاثیر میزان آب بر رشد گیاه را تعیین کند.,A,0.6570257544517517,A,0.4579050540924072,False,False,False,False,[0.65702575 0.01557295 0.05351226 0.27388906],[0.5148365  0.00950352 0.45790505 0.01775491],0.7338510751724243,0.05351226,0.45790505,0.40439279,0.7272284030914307,0.49140387773513794,0.5864983201026917,0.7272284030914307,0.49140387773513794,0.5864983201026917
1704,کدام یک از موارد زیر دربارهٔ ظاهر یک سیب اطلاعاتی ارائه می‌دهد؟,"['نرم است.', 'آبی است.', 'مکعبی است.', 'صاف است.']",D,سیب پوستی صاف دارد.,B,0.504338264465332,D,0.9887080192565918,False,True,True,True,[0.26995283 0.50433826 0.01546953 0.21023947],[9.8072095e-03 1.2468467e-03 2.3796488e-04 9.8870802e-01],0.755260705947876,0.21023947,0.98870802,0.77846855,0.824927806854248,0.5230250358581543,0.6401676535606384,0.824927806854248,0.5230250358581543,0.6401676535606384
1705,دو نوع بور به طور طبیعی وجود دارد، بور-10 و بور-11. چه تفاوتی بین یک اتم بور با 10 واحد جرم اتمی (amu) و یک اتم بور با 11 واحد جرم اتمی (amu) وجود دارد؟,"['مقدار نوترون\u200cها', 'تعداد الکترون\u200cها', 'اندازه پروتون\u200cها و نوترون\u200cها', 'اندازه الکترون\u200cها و ابر الکترونی']",A,تفاوت در تعداد نوترون‌ها است، زیرا عدد اتمی بور 5 است و اتم‌های با جرم 10 و 11 دارای پروتون‌های یکسان ولی نوترون‌های متفاوت هستند.,A,0.9557769894599916,A,0.9886356592178344,True,True,True,True,[0.955777   0.00305692 0.03724089 0.00392516],[0.98863566 0.00311603 0.00582151 0.00242677],0.9008382558822632,0.955777,0.98863566,0.03285866,0.7506319284439087,0.7115943431854248,0.7305920124053955,0.7506319284439087,0.7115943431854248,0.7305920124053955
1706,کدام یک ناشی از کج شدن زمین بر روی محور خود است؟,"['روز و شب', 'هواهای طوفانی', 'جزر و مد بالا و پایین', 'تغییرات فصلی']",D,کج شدن زمین بر روی محور خود موجب [MASK] و تغییر شدت نور خورشید می‌شود.,A,0.5556439757347107,A,0.0017832885496318,False,False,False,False,[0.555644   0.00617265 0.43273598 0.00544734],[0.67584187 0.00312977 0.3192451  0.00178329],0.8456108570098877,0.00544734,0.00178329,-0.00366405,0.8579601049423218,0.650328516960144,0.7398529648780823,0.8517160415649414,0.6459852457046509,0.7347205877304077
1707,کدام یک از حیوانات زیر بی‌مهره است؟,"['سنجاب', 'مرغ دریایی', 'جرجیرک', 'میش']",C,حشرات فاقد ستون فقرات هستند و از حیوانات بی‌مهره محسوب می‌شوند.,A,0.5808722376823425,A,0.0471827238798141,False,False,False,False,[0.58087224 0.2754585  0.08942829 0.054241  ],[0.7409507  0.1646839  0.04718272 0.04718272],0.7273039817810059,0.08942829,0.04718272,-0.0422455699999999,0.7750695943832397,0.6209083199501038,0.689476728439331,0.7763034701347351,0.6206808090209961,0.6898240447044373
1708,کدام یک از موارد زیر به عنوان نتیجه کاهش انرژی حرارتی یک گاز ممکن است رخ دهد؟,"['به هم پیوستگی', 'تبخیر', 'تابش', 'بخارشدن']",A,کاهش انرژی حرارتی گاز منجر به کاهش جنب و جوش مولکول‌ها و در نتیجه به هم پیوستن آن‌ها می‌شود.,C,0.8268205523490906,A,0.9866926074028016,False,True,True,True,[0.12754217 0.03654144 0.82682055 0.00909588],[0.9866926  0.00578742 0.00510738 0.00241256],0.9112139344215392,0.12754217,0.9866926,0.85915043,0.8914413452148438,0.6948887705802917,0.7809882164001465,0.8782283067703247,0.6885828971862793,0.7719283699989319
1709,ماه به دور زمین می‌چرخد. این باعث می‌شود,"['زمین در شب گرمتر شود.', 'زمین سریع\u200cتر بچرخد.', 'ماه نسبت به سایر اشیاء در آسمان درخشان\u200cتر به نظر برسد.', 'ماه در طول ماه به اشکال مختلفی ظاهر شود.']",D,موقعیت‌های مختلف ماه در مدارش باعث تغییر در نور منعکس شده و ظهور اشکال مختلف ماه در آسمان می‌شود.,C,0.4478954970836639,D,0.957435131072998,False,True,True,True,[0.21157084 0.03269992 0.4478955  0.3078338 ],[0.0157192  0.00397444 0.0228713  0.95743513],0.8266309499740601,0.3078338,0.95743513,0.6496013300000001,0.7790749669075012,0.611686110496521,0.6853072047233582,0.7785627841949463,0.6109404563903809,0.6846410632133484
1710,شهرها میزان آلودگی مجاز ناشی از خودروها را کنترل می‌کنند. این موضوع چگونه بیشتر به نفع مردم است؟,"['هوای پاک\u200cتری باقی می\u200cماند.', 'خودروها می\u200cتوانند با سرعت\u200cهای بیشتری حرکت کنند.', 'مهارت\u200cهای رانندگان بهبود می\u200cیابد.', 'رانندگی در جاده\u200cها ایمن\u200cتر می\u200cشود.']",A,کنترل آلودگی هوا باعث بهبود کیفیت هوا و افزایش سلامت عمومی مردم می‌شود و از بروز مشکلات تنفسی و بیماری‌های مرتبط با آلودگی هوا جلوگیری می‌کند.,A,0.9969521760940552,A,0.9918935298919678,True,True,True,False,[9.9695218e-01 1.7000870e-03 1.7918783e-04 1.1684515e-03],[0.99189353 0.00403784 0.0021613  0.00190734],0.7981848120689392,0.99695218,0.99189353,-0.0050586499999999,0.8252803087234497,0.6099050045013428,0.7014321684837341,0.8252803087234497,0.6099050045013428,0.7014321684837341
1711,کدامیک از موارد زیر باعث ایجاد کمترین جاذبه گرانشی خواهد شد؟,"['دو جسم ۲ گرمی که ۲ متر از هم فاصله دارند', 'دو جسم ۲ گرمی که ۴ متر از هم فاصله دارند', 'دو جسم ۱ گرمی که ۶ متر از هم فاصله دارند', 'دو جسم ۱ گرمی که ۸ متر از هم فاصله دارند']",D,نیروی گرانش به جرم و مربع فاصله بین اجسام بستگی دارد. با کاهش جرم و افزایش فاصله، نیروی گرانش ضعیف‌تر می‌شود. گزینه‌ای با جرم کمتر و فاصله بیشتر، جاذبه کمتری خواهد داشت. با توجه به مقادیر داده شده، گزینه C کمترین جاذبه گرانشی را ایجاد می‌کند.,B,0.3923657238483429,C,0.0322645641863346,False,False,False,False,[0.26966876 0.39236572 0.09998367 0.23798184],[0.02217509 0.01726998 0.92829037 0.03226456],0.9180458188056946,0.23798184,0.03226456,-0.20571728,0.7641122341156006,0.661479115486145,0.7091012001037598,0.7641122341156006,0.661479115486145,0.7091012001037598
1712,مغز انسان نیاز قطعی به گلوکز دارد. گلوکز یک نیاز قطعی است زیرا مغز نمی‌تواند از هیچ منبع انرژی دیگری استفاده کند. سایر موجودات معمولاً نیازهای قطعی به منابع انرژی خاص دارند. کدام پروتیست را می‌توان انتظار داشت که نیاز قطعی به نور خورشید داشته باشد؟,"['ولوکز', 'آمبیا', 'یوگلنا', 'پارا\u200cمیشیوم']",A,[MASK] قادر به فتوسنتز است و می‌تواند انرژی خود را از نور خورشید تأمین کند.,B,0.7851189970970154,B,0.1287276595830917,False,False,False,False,[0.17586938 0.785119   0.00868788 0.03032368],[0.12872766 0.8394097  0.00611548 0.02574715],0.7625356912612915,0.17586938,0.12872766,-0.04714172,0.9425747394561768,0.659496545791626,0.7760263681411743,0.9460227489471436,0.6473077535629272,0.7686639428138733
1713,سؤال: یک سلول یوگلنا ساختاری به نام لکه چشم دارد که نور را تشخیص می‌دهد. یک پارامسیوم لکه چشم ندارد و بنابراین نمی‌تواند نور را تشخیص دهد. چرا پارامسیوم به لکه چشم نیاز ندارد؟,"['الف) پارامسیوم در جایی زندگی نمی\u200cکند که نور وجود داشته باشد.', 'ب) پارامسیوم غذا را خود به صورت فتوسنتز تولید نمی\u200cکند.', 'ج) پارامسیوم در آب کم\u200cعمق\u200cتری نسبت به یوگلنا زندگی می\u200cکند.', 'د) پارامسیوم به جای مژک از فلگلا برای حرکت استفاده می\u200cکند.']",B,پارامسیوم به عنوان یک جانور تغذیه‌کننده، غذای خود را از محیط اطرافش به دست می‌آورد و نه از طریق فتوسنتز، پس نیازی به تشخیص نور ندارد.,C,0.5685344934463501,A,0.235635444521904,False,False,False,False,[0.23700044 0.03157725 0.5685345  0.16288787],[0.44022495 0.23563544 0.30256188 0.02157771],0.918370008468628,0.03157725,0.23563544,0.20405819,0.8538933396339417,0.7098540663719177,0.775239884853363,0.8538932800292969,0.709854006767273,0.7752397656440735
1714,تقریبا ۱۰۰ سال پیش، یک آتشفشان بزرگ در اقیانوس آرام جنوبی فوران کرد. سال بعد، بوسطن هر ماه سال برف قابل اندازه‌گیری ثبت کرد و بیشتر نیمکره شمالی تابستان سردی را تجربه کرد. کدام یک توضیح می‌دهد که چگونه این دو رویداد مرتبط بودند؟,"['فوران تأثیر گرمایش جهانی را تشدید کرد.', 'جریان لاوا ناشی از فوران باعث افزایش موقت دمای کل زمین شد.', 'فوران به لایه اوزون آسیب زد.', 'آلودگی هوا ناشی از فوران منجر به کاهش مقدار انرژی خورشیدی رسیدن به زمین شد.']",D,آلودگی هوا ناشی از فوران آتشفشان می‌تواند با مسدود کردن نور خورشید، انرژی خورشیدی را کاهش دهد و منجر به کاهش موقت دمای زمین شود.,B,0.7539772391319275,D,0.8986029028892517,False,True,True,True,[2.4478057e-01 7.5397724e-01 5.4388749e-04 6.9836539e-04],[0.09508274 0.00411288 0.00220146 0.8986029 ],0.7804616689682007,0.00069836539,0.8986029,0.89790453461,0.786571741104126,0.688936710357666,0.7345239520072937,0.786571741104126,0.688936710357666,0.7345239520072937
1715,پوشش پشمالوی ضخیم بر روی یک پستاندار، گرما را نزدیک به بدن حیوان نگه می‌دارد. یک پستاندار با پوشش پشمالوی ضخیم بهترین سازگاری را با کدام نوع محیط دارد؟,"['دشت نمکی', 'دشت یخ\u200cزده', 'ساحل شنی', 'جنگل بارانی مرطوب']",B,پوشش پشمالوی ضخیم گرما را نزدیک بدن نگه می‌دارد و از اتلاف حرارت در محیط‌های سرد جلوگیری می‌کند.,B,0.928068995475769,B,0.9754564166069032,True,True,True,True,[2.4877541e-02 9.2806900e-01 5.7599309e-04 4.6477366e-02],[8.4064500e-03 9.7545642e-01 4.3181813e-04 1.5705315e-02],0.8127593398094177,0.928069,0.97545642,0.0473874199999999,0.8805849552154541,0.7050619721412659,0.7831087112426758,0.8776503205299377,0.711154580116272,0.7856786251068115
1716,کدام منبع تجدیدپذیر است؟,"['A) نفت', 'B) زغال سنگ', 'C) گاز طبیعی', 'D) آب']",D,آب به دلیل چرخه مداوم در طبیعت، منبع تجدیدپذیر محسوب می‌شود.,D,0.6527861952781677,D,0.99021977186203,True,True,True,True,[0.30835435 0.02531127 0.01354815 0.6527862 ],[8.5336799e-03 1.0192028e-03 2.2741487e-04 9.9021977e-01],0.756727397441864,0.6527862,0.99021977,0.33743357,0.7564730048179626,0.6198596358299255,0.6813862919807434,0.7564729452133179,0.6198595762252808,0.6813862323760986
1717,یک بیماری عفونی باعث افزایش دمای بدن و کاهش سطح گلوکز خون در یک گوزن می‌شود. اثر احتمالی این بیماری چیست؟,"['اختلال در هموستاز گوزن', 'تغییر در ساختار ژنتیکی گوزن', 'افزایش سطح انرژی گوزن', 'افزایش نرخ تولیدمثل گوزن']",A,بیماری عفونی می‌تواند هموستاز بدن گوزن را مختل کند، زیرا تغییرات فیزیولوژیکی مانند افزایش دما و کاهش گلوکز خون، تعادل داخلی بدن را بر هم می‌زند.,A,0.6481053829193115,A,0.9957555532455444,True,True,True,True,[0.6481054  0.34555334 0.00075589 0.00558535],[9.9575555e-01 3.6088335e-03 2.3070502e-04 4.0489988e-04],0.9146689176559448,0.6481054,0.99575555,0.34765015,0.8214786052703857,0.7054486870765686,0.7590551376342773,0.8214786648750305,0.7054486870765686,0.7590551376342773
1718,زغال‌سنگ از چه چیزی تشکیل می‌شود؟,"['دریاهایی که تبخیر شده\u200cاند.', 'گاز طبیعی که تحت حرارت قرار گرفته است.', 'سنگ\u200cهای دگرگون که ذوب و سرد شده\u200cاند.', 'قیدهای گیاهی که تحت فشار تجزیه شده\u200cاند.']",D,زغال‌سنگ از تجمع و فشردگی مواد آلی گیاهی تحت فشار و حرارت طی میلیون‌ها سال تشکیل می‌شود.,A,0.4613826870918274,C,0.0027243648655712,False,False,False,False,[0.4613827  0.07075533 0.4613827  0.00647924],[0.1054762  0.00865801 0.8831414  0.00272436],0.9083055853843688,0.00647924,0.00272436,-0.00375488,0.9015050530433655,0.6863788366317749,0.7793692946434021,0.9015050530433655,0.6863788366317749,0.7793692946434021
1719,یک معلم علوم دو ماده مختلف را در یک کیسه پلاستیکی مخلوط می‌کند و کیسه را می‌بندد. کیسه متورم می‌شود و می‌شکند. دلیل احتمالی اینکه کیسه پس از مخلوط شدن دو ماده متورم شد، چیست؟,"['مواد خنک شده و متورم شدند.', 'مواد به صورت فیزیکی پلاستیک را تغییر دادند.', 'مواد گرم شده و کیسه را کشیدند.', 'مواد به صورت شیمیایی واکنش داده و گاز تولید کردند.']",D,دو ماده مختلف با هم واکنش شیمیایی داشته و گاز تولید کردند که باعث تورم کیسه شد.,D,0.9611665606498718,D,0.964715540409088,True,True,True,True,[0.02591615 0.00450355 0.00841374 0.96116656],[3.2753859e-02 1.9670222e-03 5.6356128e-04 9.6471554e-01],0.8305124044418335,0.96116656,0.96471554,0.00354898,0.7771009206771851,0.610338568687439,0.6836978197097778,0.7771009206771851,0.610338568687439,0.6836978197097778
1720,کدام فعالیت نمونه ای از حفظ منابع غیرقابل تجدید است؟,"['ماشین سواری مشترک به محل کار', 'کود دادن به چمن های کوتاه شده', 'استفاده از ماشین حساب خورشیدی', 'آب دادن به چمن در صبح']",A,استفاده مشترک از ماشین، مصرف سوخت را کاهش می‌دهد و منابع غیرقابل تجدید را حفظ می‌کند.,C,0.6117779016494751,A,0.5145854949951172,False,True,True,True,[0.32618445 0.05668236 0.6117779  0.00535531],[0.5145855  0.13010758 0.3536691  0.00163781],0.786436915397644,0.32618445,0.5145855,0.18840105,0.6964401006698608,0.575489342212677,0.6302139163017273,0.707562267780304,0.5834926962852478,0.6395660042762756
1721,سوالی: یک دانش‌آموز نور یک چراغ قوه را بر روی رنگ‌های مختلف کاغذ می‌تاباند. کدام رنگ کاغذ بیشترین نور را جذب خواهد کرد؟,"['الف) قرمز', 'ب) سیاه', 'پ) سفید', 'ت) زرد']",B,سیاه تمام نورها را جذب می‌کند.,C,0.7512052655220032,B,0.9159770011901855,False,True,True,True,[0.07917645 0.11520106 0.75120527 0.05441713],[0.02744486 0.915977   0.03993203 0.01664615],0.8027956485748291,0.11520106,0.915977,0.8007759400000001,0.8664291501045227,0.6790004372596741,0.7613492012023926,0.8664291501045227,0.6790004372596741,0.7613492012023926
1722,کدام ویژگی از حرکت می‌تواند بدون تغییر سرعت یک جسم تغییر کند؟,"['سرعت', 'موقعیت', 'جهت', 'شتاب']",B,تغییر [MASK] حرکت می‌تواند بدون تغییر [MASK] جسم رخ دهد.,C,0.8964494466781616,C,0.0913438498973846,False,False,False,False,[0.0445445  0.0445445  0.89644945 0.01446148],[0.02658257 0.09134385 0.8734435  0.0086301 ],0.8022884726524353,0.0445445,0.09134385,0.04679935,0.7679545879364014,0.5974164605140686,0.672035276889801,0.7438772320747375,0.5754091143608093,0.6488867998123169
1723,کدامیک ذخیره کوتاه‌مدت کربن را نمایندگی می‌کند؟,"['مرجان\u200cهایی که از کربنات کلسیم تشکیل شده\u200cاند.', 'زغال\u200cسنگی که از گیاهانی که مدت\u200cها پیش می\u200cزیسته\u200cاند، تشکیل شده است.', 'سنگ\u200cهای آهکی که از سطح زمین استخراج می\u200cشوند.', 'کربوهیدرات\u200cهای ذخیره شده در میوه\u200cها و سبزیجات.']",D,ذخیره کوتاه‌مدت کربن در مواد آلی قابل تجزیه بسرعت، مانند مواردی که در موجودات زنده یا بخش‌های خاصی از گیاهان ذخیره می‌شود، مشاهده می‌شود.,B,0.5382465720176697,D,0.8095833659172058,False,True,True,True,[0.3699311  0.5382466  0.00863224 0.08319018],[0.04603179 0.14178789 0.00259694 0.80958337],0.8650863766670227,0.08319018,0.80958337,0.72639319,0.7835734486579895,0.6471461057662964,0.7088552117347717,0.7835734486579895,0.6471461057662964,0.7088552117347717
1724,دانش‌آموزان برخی سنجاقک‌ها را در یک مخزن در کلاس نگه‌داشتند. این مخزن در منطقه‌ای قرار داشت که روزانه چندین ساعت نور خورشید دریافت می‌کرد. مخزن شامل یک منطقه با آب و منطقه‌ای دیگر با خاک بود که گیاهان در آن رشد می‌کردند. سنجاقک‌ها تمام انرژی خود را از کدام منبع به دست آوردند؟,"['خاک', 'آب', 'گیاهان', 'نور خورشید']",C,سنجاقک‌ها انرژی خود را به طور غیرمستقیم از [MASK]، از طریق حشرات کوچکتر که از [MASK] تغذیه می‌کنند، به دست می‌آورند.,D,0.9469033479690552,A,0.0197385549545288,False,False,False,False,[0.04691391 0.00436367 0.00181905 0.94690335],[0.94181436 0.03203884 0.01973855 0.00640817],0.904981017112732,0.00181905,0.01973855,0.0179195,0.8676409721374512,0.7186190485954285,0.7861300110816956,0.862389087677002,0.7004594802856445,0.7730354070663452
1725,نحوه‌ی مداخلۀ یک فوران آتش‌فشان در توانایی تولیدکنندگان برای به‌دست‌آوردن انرژی مورد نیازشان برای تولید غذا چیست؟,"['با استفاده از انرژی حرارتی ذخیره شده در هسته\u200cی زمین', 'با آزاد کردن انرژی اضافی از درون زمین', 'با مصرف حجم زیادی از اکسیژن جو نزدیک', 'با آزاد کردن گرد و غباری که مانع رسیدن نور خورشید به زمین می\u200cشود']",D,با مسدود کردن نور خورشید، فوران آتشفشانی توانایی تولیدکنندگان برای تولید غذا از طریق فتوسنتز را مختل می‌کند.,B,0.8988856077194214,A,0.2166827172040939,False,False,False,False,[0.09474184 0.8988856  0.00094344 0.00542914],[0.5890047  0.19122182 0.00309081 0.21668272],0.8111021518707275,0.00542914,0.21668272,0.21125358,0.8099356889724731,0.5912368297576904,0.6835187077522278,0.8099356889724731,0.5912368297576904,0.6835187077522278
1726,دو گونه مختلف که از یک نیای مشترک توسعه می‌یابند، بیشتر احتمال دارد که در کجا رخ دهد؟,"['در سه نسل.', 'در طول مدت زمان طولانی.', 'هنگامی که یک گونه جمعیت زیادی داشته باشد.', 'هنگامی که منابع فراوانی وجود داشته باشد.']",B,تکامل تدریجی دو گونه از یک نیای مشترک نیاز به زمان کافی برای تغییرات ژنتیکی و تمایزات قابل توجه دارد.,A,0.5893124938011169,B,0.9866503477096558,False,True,True,True,[0.5893125  0.14842062 0.24662349 0.01564342],[1.2505289e-02 9.8665035e-01 7.0550013e-04 1.3892121e-04],0.881181001663208,0.14842062,0.98665035,0.83822973,0.870715320110321,0.6478016972541809,0.7428969740867615,0.870715320110321,0.6478016376495361,0.7428969144821167
1727,دانش‌آموزان در حیاط مدرسه یک لاک‌پشت را مشاهده کردند. آن‌ها فاصله‌ای را که لاک‌پشت در مدت 30 دقیقه طی کرده بود اندازه‌گیری کردند. اگر لاک‌پشت در آن زمان 40 متر راه رفته باشد، متوسط سرعت آن چقدر بوده است؟,"['0.75 متر در ساعت', '20 متر در ثانیه', '80 متر در ساعت', '1,200 متر در ساعت']",C,لاک‌پشت در 30 دقیقه 40 متر راه رفته است. با تبدیل 30 دقیقه به 0.5 ساعت، سرعت متوسط برابر 40 متر / 0.5 ساعت = [MASK] است.,A,0.6418259739875793,C,0.7729936838150024,False,True,True,True,[0.641826   0.16227902 0.14321074 0.05268428],[0.17247821 0.03848509 0.7729937  0.01604297],0.9678868055343628,0.14321074,0.7729937,0.62978296,0.8835858702659607,0.7490499019622803,0.8107746839523315,0.8768776059150696,0.7384302020072937,0.8017207980155945
1728,آرتورو در یک مسابقه 3000 متری شرکت کرد. زمان دویدن او از ابتدا تا انتها 10 دقیقه بود. سرعت متوسط آرتورو چه بود؟,"['5 متر بر ثانیه', '50 متر بر ثانیه', '100 متر بر ثانیه', '300 متر بر ثانیه']",A,با تبدیل 10 دقیقه به 600 ثانیه، سرعت متوسط 3000 متر بر 600 ثانیه برابر [MASK] است.,A,0.9166935086250304,A,0.6216716766357422,True,True,True,False,[0.9166935  0.0463582  0.02189806 0.0150503 ],[0.6216717  0.33275688 0.03095121 0.01462032],0.8561446666717529,0.9166935,0.6216717,-0.2950218,0.715394914150238,0.5903308391571045,0.6468734741210938,0.7149717807769775,0.5883882641792297,0.6455330848693848
1729,نیک در حال ساخت نمونه‌ای است تا نشان دهد چگونه پوست انسان بدن را می‌پوشاند. بهترین ماده برای این کار کدام است؟,"['یک ورق لاستیک', 'یک ورق کاغذ', 'یک ورق فلز', 'یک ورق چوب']",A,ماده‌ای انعطاف‌پذیر و شکل‌پذیر، مناسب‌ترین گزینه برای شبیه‌سازی پوست است.,A,0.7628019452095032,A,0.9957097768783568,True,True,True,True,[0.76280195 0.1507925  0.04320277 0.04320277],[9.9570978e-01 3.1815295e-03 1.9713078e-04 9.1152347e-04],0.6196902990341187,0.76280195,0.99570978,0.23290783,0.5882835388183594,0.4839577376842499,0.5310453176498413,0.5882835984230042,0.4839577078819275,0.5310453772544861
1730,در یک جمعیت از عنکبوت‌ها سه اندازه مختلف وجود دارد: کوچک، متوسط و بزرگ. عنکبوت‌های بزرگ به راحتی توسط شکارچیان دیده می‌شوند. عنکبوت‌های کوچک در پیدا کردن غذا به مشکل برمی‌خورند. بعد از چند نسل چه اتفاقی برای این جمعیت خواهد افتاد؟,"['عنکبوت\u200cهای متوسط بیشتر از همه خواهند بود.', 'عنکبوت\u200cهای بزرگ یاد می\u200cگیرند که از شکارچیان مخفی شوند.', 'عنکبوت\u200cهای کوچک و متوسط کمترین تعداد را خواهند داشت.', 'عنکبوت\u200cهای کوچک و بزرگ جهش پیدا خواهند کرد.']",A,عنکبوت‌های متوسط به دلیل داشتن اندازه مناسب، کمتر تحت فشارهای انتخابی قرار دارند؛ بنابراین، احتمالاً بعد از چند نسل، فراوانی آنها بیشتر خواهد بود.,A,0.6446856260299683,A,0.9921899437904358,True,True,True,True,[0.6446856  0.16173357 0.03184723 0.16173357],[0.99218994 0.00354362 0.00167389 0.00259257],0.6898924112319946,0.6446856,0.99218994,0.3475043400000001,0.7397953271865845,0.615530252456665,0.6719660758972168,0.7396329641342163,0.61790931224823,0.6733139753341675
1731,کدام یک از این فعالیت‌ها منجر به تشکیل نوع دیگری از ماده می‌شود؟,"['یک میخ در خارج گذاشته می\u200cشود و زنگ می\u200cزند.', 'یک لیوان افتاده و به تکه\u200cهای کوچک شکسته می\u200cشود.', 'یک کش لاستیکی کشیده می\u200cشود تا بشکند.', 'یک مداد به نوک تیز می\u200cشود.']",A,واکنش شیمیایی میخ با اکسیژن و رطوبت هوا منجر به تشکیل اکسید آهن می‌شود.,A,0.3582379817962646,D,0.2084558308124542,True,False,False,False,[0.35823798 0.24621314 0.1493358  0.24621314],[0.20845583 0.12643485 0.09846756 0.5666417 ],0.6813151836395264,0.35823798,0.20845583,-0.14978215,0.8254265785217285,0.6320596933364868,0.7159159779548645,0.8254265785217285,0.6320596933364868,0.7159159779548645
1732,یک ورزشکار می‌تواند در 1 ساعت 9 کیلومتر بدود. اگر ورزشکار با همان سرعت متوسط به مدت 30 دقیقه بدود، او چه مسافتی را طی خواهد کرد؟,"['18 کیلومتر', '9 کیلومتر', '4.5 کیلومتر', '3.3 کیلومتر']",C,مسافت طی شده در نیم ساعت، نصف مسافت طی شده در 1 ساعت است، یعنی ۹ / ۲ = ۴.۵ کیلومتر.,C,0.7486065626144409,C,0.9862662553787231,True,True,True,True,[0.14973073 0.01084646 0.74860656 0.09081628],[1.2415260e-02 6.1811943e-04 9.8626626e-01 7.0042105e-04],0.690528392791748,0.74860656,0.98626626,0.2376596999999999,0.737173318862915,0.6817198991775513,0.7083629965782166,0.7372058033943176,0.6859788298606873,0.7106703519821167
1733,کدام یک از موارد زیر در هنگام باروری در حیوانات اتفاق می‌افتد؟,"['تولید اسپرم و تخمک', 'پیوند اسپرم و تخمک', 'تقسیم تخمک', 'توسعه جنین']",B,ترکیب اسپرم و تخمک در فرآیند لقاح,A,0.5190436840057373,B,0.9706103801727296,False,True,True,True,[0.5190437  0.35812938 0.00655937 0.11626758],[2.3186034e-02 9.7061038e-01 3.4122955e-04 5.8623478e-03],0.6743583679199219,0.35812938,0.97061038,0.612481,0.8138536810874939,0.597408652305603,0.6890330910682678,0.8138536810874939,0.597408652305603,0.6890330910682678
1734,کدام یک از گزینه‌های زیر بهترین توصیف کننده عملکرد یک مقاومت در یک مدار الکتریکی است؟,"['مدار را باز می\u200cکند.', 'میدان الکتریکی ایجاد می\u200cکند.', 'مقدار جریان را کنترل می\u200cکند.', 'منبع انرژی برای مدار فراهم می\u200cکند.']",C,مقاومت با کنترل جریان الکتریکی، از افزایش بیش از حد آن جلوگیری کرده و نقش مهمی در حفاظت از مدار و تجهیزات دارد.,C,0.948894739151001,C,0.9912818670272828,True,True,True,True,[0.04169153 0.0063936  0.94889474 0.00302012],[7.4803545e-03 6.9578132e-04 9.9128187e-01 5.4187502e-04],0.7850685119628906,0.94889474,0.99128187,0.04238713,0.86165452003479,0.6940886378288269,0.7688474655151367,0.8602288961410522,0.6970080733299255,0.7700645923614502
1735,کدامیک بیشترین تأثیر را بر سرعت باد دارد؟,"['بارش', 'پوشش ابر', 'جهت باد', 'فشار هوا']",D,اختلاف فشار بین دو منطقه باعث ایجاد و تعیین سرعت باد می‌شود.,A,0.417541354894638,D,0.8703961372375488,False,True,True,True,[0.41754135 0.07199316 0.28697172 0.22349378],[0.11825635 0.00856646 0.00278112 0.87039614],0.8239783644676208,0.22349378,0.87039614,0.64690236,0.8511423468589783,0.6252381801605225,0.7209072113037109,0.8568720817565918,0.6333293914794922,0.7283341288566589
1736,کدامیک از ابزارهای زیر دقیق‌ترین اندازه‌گیری ۱۵ میلی‌لیتر آب را ارائه می‌دهد؟,"['یک بالن ۵۰ میلی\u200cلیتری', 'یک سیلندر مدرج ۵۰ میلی\u200cلیتری', 'یک بالن ۵۰۰ میلی\u200cلیتری', 'یک سیلندر مدرج ۵۰۰ میلی\u200cلیتری']",B,ابزاری با حجم کم و مدرج شده دقیق‌ترین اندازه‌گیری را ارائه می‌دهد.,B,0.8038797974586487,B,0.8526468276977539,True,True,True,True,[0.17936984 0.8038798  0.00355223 0.01319812],[0.13075763 0.8526468  0.00302745 0.01356809],0.6560618877410889,0.8038798,0.8526468,0.048767,0.7845072746276855,0.5538275241851807,0.6492870450019836,0.7845072746276855,0.5538274645805359,0.6492869853973389
1737,برخی از حیوانات رنگ‌ها و الگوهایی را تطبیق داده‌اند که به آن‌ها اجازه می‌دهد در محیط خود مخفی شوند. احتمالاً این خصوصیت را حیوانات برای,"['سرد کردن خود.', 'نگه داشتن خود در خفا.', 'جذب جفت.', 'محافظت از پوست.']",B,حیوانات این خصوصیت را برای پنهان کردن خود در برابر شکارگران و کمک به بقای خود توسعه داده‌اند.,B,0.4961119294166565,B,0.5576413869857788,True,True,True,True,[0.38486603 0.49611193 0.02171266 0.09730937],[0.29848394 0.5576414  0.00288087 0.14099382],0.755526065826416,0.49611193,0.5576414,0.0615294699999999,0.7973812818527222,0.6534479260444641,0.7182748913764954,0.7973814010620117,0.6534479856491089,0.7182750701904297
1738,یک دانش‌آموز زمان لازم برای رول شدن یک گلوله شیشه‌ای را در یک سراشیبی چهار بار مشاهده می‌کند. کدام یک از این نمایش‌ها بهترین انتقال دهنده مشاهدات دانش‌آموز خواهد بود؟,"['نمودار دایره\u200cای با چهار قسمت مختلف', 'نمودار خطی با نقاط داده پیوسته', 'نمودار میله\u200cای با یک میله برای هر آزمایش', 'جدولی با چهار ردیف و چهار ستون']",C,نتایج چهار آزمایش با نمودار میله‌ای که هر میله نمایانگر یک آزمایش است، به وضوح قابل مقایسه و نمایش تغییرات هستند.,A,0.6167397499084473,A,0.337808758020401,False,False,False,False,[0.61673975 0.05062508 0.17669891 0.15593623],[0.5569525  0.04607601 0.33780876 0.05916277],0.5022597312927246,0.17669891,0.33780876,0.16110985,0.6062127947807312,0.5391492247581482,0.5707176327705383,0.6067618131637573,0.5403029918670654,0.5716071724891663
1739,در کدام مرحله از میوز، جداسازی کروموزوم‌های همولوگ صورت می‌گیرد؟,"['الف) پروفاز', 'ب) آنفاز', 'ج) متافاز', 'د) تلوفاز']",B,آنفاز مرحله جداسازی کروموزوم‌های همولوگ است.,D,0.9373338222503662,D,0.0074230246245861,False,False,False,False,[0.0320738  0.02830503 0.0022874  0.9373338 ],[1.5714545e-02 7.4230246e-03 8.3284033e-04 9.7602957e-01],0.8032277226448059,0.02830503,0.0074230246,-0.0208820054,0.7134963870048523,0.5328824520111084,0.6101029515266418,0.7134963870048523,0.5328824520111084,0.6101029515266418
1740,دو ظرف یکسان هر کدام یک لیتر آب دارند. یکی از ظرف‌ها در دمای اتاق به شکل مایع نگهداری می‌شود. ظرف دیگر در فریزر قرار گرفته و به شکل جامد نگهداری می‌شود. کدام ویژگی احتمالاً در هر دو حالت ماده یکسان است؟,"['چگالی', 'جرم', 'شکل', 'حجم']",B,تغییر حالت فیزیکی تاثیری بر [MASK] نمی‌گذارد.,A,0.8181398510932922,A,0.0151345357298851,False,False,False,False,[0.81813985 0.00908871 0.01167014 0.1611013 ],[0.8263176  0.01513454 0.05985825 0.09868956],0.5497688055038452,0.00908871,0.01513454,0.00604583,0.8271695375442505,0.4372186064720154,0.5720615983009338,0.8301403522491455,0.42727696895599365,0.5641720294952393
1741,همهٔ ستاره‌ها در جهان یک چرخهٔ زندگی را پشت سر می‌گذارند. چه عاملی تعیین می‌کند که ستاره‌ها چگونه از این چرخه عبور کنند؟,"['تشعشع موجود در ستاره', 'مقدار انرژی که ستاره مصرف می\u200cکند', 'مقدار جرمی که ستاره با آن شروع کرد', 'مکان ستاره در جهان']",C,جرم اولیه ستاره تعیین‌کننده مسیر چرخه زندگی آن است و مشخص می‌کند که ستاره چگونه تکامل می‌یابد و به چه سرنوشتی دچار می‌شود.,C,0.8999745845794678,C,0.9790924787521362,True,True,True,True,[0.08371068 0.01015526 0.8999746  0.00615947],[2.0005379e-02 8.0031576e-04 9.7909248e-01 1.0174873e-04],0.8015628457069397,0.8999746,0.97909248,0.07911788,0.6544541120529175,0.5659089684486389,0.6069692373275757,0.6544541120529175,0.5659089684486389,0.6069692373275757
1742,چه چیزی می‌تواند باعث شود که یک نسل ویژگی فیزیکی داشته باشد که هیچ‌یک از والدین آن را ندارند؟,"['جهش در سلول\u200cهای بدنی والد', 'جهش در سلول\u200cهای جنسی والد', 'انتخاب طبیعی یک ویژگی', 'انتخاب مصنوعی یک ویژگی']",B,[MASK] باعث ایجاد ویژگی‌های جدید در فرزندان می‌شود.,B,0.8770882487297058,B,0.5841763615608215,True,True,True,False,[0.11939853 0.87708825 0.00218686 0.0013264 ],[0.40149817 0.58417636 0.01231512 0.00201039],0.8088697791099548,0.87708825,0.58417636,-0.29291189,0.8825478553771973,0.6379236578941345,0.7405573129653931,0.8725972771644592,0.6242018342018127,0.7277888059616089
1743,کدام نوع سنگ بر اثر فرسایش تشکیل می‌شود؟,"['سنگ آتش\u200cفشانی', 'سنگ خارجی', 'سنگ رسوبی', 'سنگ دگرگونی']",C,[MASK] از فرسایش و تجمع مواد معدنی و آلی در طول زمان به وجود می‌آید.,A,0.9288675785064696,A,0.2565535008907318,False,False,False,False,[0.9288676  0.01337961 0.01717976 0.04057316],[0.6154399  0.02105919 0.2565535  0.10694741],0.7163624167442322,0.01717976,0.2565535,0.23937374,0.8937231302261353,0.6723005771636963,0.7673582434654236,0.9051998853683472,0.6572463512420654,0.7615485787391663
1744,کدام جمله نظر شخصی درباره عنصر مس است؟,"['مس یک هادی خوب برای برق است.', 'مس مخلوط با نقره گران است.', 'مس می\u200cتواند به اشکال مختلف کوبیده شود.', 'مس یک هادی عالی برای حرارت است.']",B,گزینه‌ای که به عنوان نظر شخصی درباره مس قابل شناسایی نیست، بلکه یک واقعیت علمی است، گزینه A است. سایر گزینه‌ها به ویژگی‌ها یا کاربردهای مس اشاره دارند، اما A یک واقعیت عینی است.,A,0.7142583131790161,A,0.0019488033140078,False,False,False,False,[0.7142583  0.1406458  0.03556083 0.10953506],[9.9677014e-01 1.9488033e-03 9.2054956e-04 3.6049238e-04],0.7886292934417725,0.1406458,0.0019488033,-0.1386969967,0.7493053674697876,0.6049692630767822,0.6694457530975342,0.7493053674697876,0.6049692630767822,0.6694457530975342
1745,چه اتفاقی برای یک جمعیت و رقابت رخ می‌دهد وقتی که فضای زندگی کاهش پیدا کند؟,"['جمعیت گسترش می\u200cیابد و رقابت تشدید می\u200cشود.', 'رقابت تقویت می\u200cشود در حالی که جمعیت کاهش می\u200cیابد.', 'جمعیت افزایش می\u200cیابد در حالی که رقابت کاهش می\u200cیابد.', 'رقابت تضعیف می\u200cشود و جمعیت کاهش می\u200cیابد.']",B,کاهش فضای زندگی موجب محدود شدن منابع و افزایش رقابت می‌شود که به کاهش جمعیت می‌انجامد.,D,0.4786688387393951,B,0.978852927684784,False,True,True,True,[0.25621298 0.25621298 0.00890519 0.47866884],[1.2394351e-02 9.7885293e-01 2.3421654e-04 8.5185040e-03],0.9266790151596068,0.25621298,0.97885293,0.72263995,0.7144438624382019,0.6089397668838501,0.6574863195419312,0.7144439220428467,0.6089397072792053,0.6574862599372864
1746,یک گروه از دانش‌آموزان روزانه بارش برف را در طول زمستان ثبت می‌کنند. داده‌ها به ترتیب تاریخ نگهداری می‌شوند و هر روز به‌طور دقیق اندازه‌گیری می‌شوند. بهترین راه دیگر برای سازماندهی این داده‌ها چیست؟,"['بر اساس تعداد سانتی\u200cمتر برف در روز رتبه\u200cبندی شود', 'طبق علت بارش برف ترتیب داده شود', 'بر اساس مدت زمانی که برف بر روی زمین باقی ماند مرتب شود', 'با دمای هوا در زمان بارش برف مطابقت داده شود']",A,داده‌ها باید بر اساس مقدار بارش برف روزانه رتبه‌بندی شوند تا مقایسه و تحلیل دقیق‌تری از الگوی بارش برف در طول زمستان ممکن شود.,A,0.9448972940444946,A,0.9931533336639404,True,True,True,True,[0.9448973  0.03649481 0.00339455 0.0152133 ],[9.9315333e-01 5.1710336e-03 6.5742317e-04 1.0182369e-03],0.8899389505386353,0.9448973,0.99315333,0.0482560299999998,0.8690617084503174,0.708106517791748,0.7803711295127869,0.8690617084503174,0.708106517791748,0.7803711295127869
1747,یک درخت هلو خاص، هلوهایی تولید می کند که در برابر بیماری مقاوم تر از هلوهای دیگر هستند. کدام روش این هلوهای خاص را بازتولید می کند؟,"['استفاده از زنبورها برای گرده افشانی گل\u200cها', 'بازتولید از طریق گرده افشانی متقابل درختان هلو مختلف', 'افزایش تنوع در درخت هلو', 'دست\u200cیابی به تولید مثلی غیرجنسی در درخت هلو']",D,برای حفظ ویژگی مقاومت در برابر بیماری، باید از روشی استفاده شود که ژن‌های مطلوب به طور کامل منتقل شوند که این امر با تولید مثلی غیرجنسی امکان‌پذیر است.,B,0.9744299054145812,D,0.744465172290802,False,True,True,True,[0.01590476 0.9744299  0.00215247 0.00751287],[1.3635356e-02 2.4169245e-01 2.0704193e-04 7.4446517e-01],0.73502516746521,0.00751287,0.74446517,0.7369523,0.9330886602401733,0.7761010527610779,0.8473852872848511,0.9330886602401733,0.7761010527610779,0.8473852872848511
1748,در خلال بخشی از چرخه آب، آب به صورت بارش به سطح زمین می‌افتد. برخی از این آب‌ها به داخل کانال‌ها جریان می‌یابند و ادامه می‌یابند تا اینکه به اقیانوس می‌رسند. کدام گزینه بهترین توصیف را از آب موجود در کانال‌ها ارائه می‌دهد؟,"['دریاچه', 'رودخانه', 'آبخوان', 'منطقه مرطوب']",B,آب در کانال‌ها به عنوان جریان‌های سطحی آب توصیف می‌شود که به سمت بدنه‌های آبی بزرگتر حرکت می‌کنند.,B,0.9527437090873718,B,0.9751616716384888,True,True,True,True,[4.1534878e-02 9.5274371e-01 7.6073775e-04 4.9606333e-03],[2.0397572e-02 9.7516167e-01 8.9620671e-04 3.5445662e-03],0.8884120583534241,0.95274371,0.97516167,0.0224179599999999,0.7888808846473694,0.6546913981437683,0.7155492305755615,0.7878855466842651,0.653124213218689,0.7142034769058228
1749,در استرالیا، دماهای میانه‌ی روز می‌تواند به بیش از ۱۱۰ درجه فارنهایت (۴۳ درجه سانتی‌گراد) برسد. برای خنک نگه‌داشتن بدن خود، کانگروها بازوهای خود را لیس می‌زنند و آن‌ها را با یک لایه ضخیم از بزاق می‌پوشانند. هنگامی که بزاق تبخیر می‌شود، به عنوان یک مکانیزم خنک کننده عمل می‌کند و دمای بدن کانگرو را کاهش می‌دهد. کدام اصطلاح بهترین توصیف‌کننده‌ی این فعالیت است؟,"['انتخاب طبیعی', 'مکانیزم دفاعی', 'سازگاری ساختاری', 'سازگاری رفتاری']",D,کانگروها با لیس زدن بازوهای خود و استفاده از بزاق برای خنک شدن، رفتاری را نشان می‌دهند که به آن‌ها کمک می‌کند در دماهای بالا زنده بمانند.,B,0.9759845733642578,B,0.0159581322222948,False,False,False,False,[0.01554592 0.9759846  0.00112614 0.00734337],[0.01096785 0.9719881  0.00108596 0.01595813],0.9141581058502196,0.00734337,0.01595813,0.00861476,0.876220703125,0.7529205083847046,0.8099046945571899,0.8714362382888794,0.7501760721206665,0.8062723875045776
1750,برای یک پروژه نمایشگاه علوم، جردن داده‌هایی را جمع‌آوری می‌کند که کدام نوع حشرات در مناطق مختلف محله زندگی می‌کنند. او حشرات را جمع‌آوری کرده و از یک راهنمای میدانی برای شناسایی آن‌ها استفاده می‌کند. جردن باید برای هر حشره‌ای که جمع‌آوری کرده چه اطلاعاتی را در دفترچه‌اش ثبت کند؟,"['اندازه حشره و تعداد پاها', 'نام حشره و مکان یافتن آن', 'وزن حشره و زمانی که جمع\u200cآوری شده', 'رنگ حشره و تعداد قطعات بدن']",B,جردن باید نام حشره و محل زندگی آن را ثبت کند تا پراکندگی حشرات در مناطق مختلف را درک کند.,B,0.975218951702118,B,0.988832712173462,True,True,True,True,[2.3092270e-02 9.7521895e-01 2.1267246e-04 1.4762394e-03],[1.0856961e-02 9.8883271e-01 1.4548335e-04 1.6485424e-04],0.7660905122756958,0.97521895,0.98883271,0.0136137599999999,0.7899891138076782,0.6370157599449158,0.7053031921386719,0.7918190956115723,0.639785885810852,0.7077296376228333
1751,زیستگاه‌های مصب (استواری) اکوسیستم‌های پویایی هستند که در آن‌ها آب شور و آب شیرین مخلوط می‌شوند. معمولاً این اتفاق هنگامی رخ می‌دهد که آب شیرین از یک رودخانه به سمت اقیانوس جریان دارد. در کدام یک از شرایط زیر انتظار می‌رود که غلظت نمک در آب مصب در نزدیکی دهانه رودخانه کمترین مقدار باشد؟,"['وقتی جریان رودخانه کم و جزر و مد کم باشد', 'وقتی جریان رودخانه زیاد و جزر و مد کم باشد', 'وقتی جریان رودخانه کم و جزر و مد زیاد باشد', 'وقتی جریان رودخانه زیاد و جزر و مد زیاد باشد']",B,هنگامی که جریان رودخانه زیاد و جزر و مد کم باشد، حجم زیادی از آب شیرین به سرعت به سمت اقیانوس حرکت می‌کند و غلظت نمک را کاهش می‌دهد.,B,0.5876403450965881,A,0.2057256549596786,True,False,False,False,[0.3564219  0.58764035 0.02278529 0.0331524 ],[0.29699966 0.20572565 0.26415697 0.23311771],0.858148992061615,0.58764035,0.20572565,-0.3819147,0.8696887493133545,0.7253314256668091,0.7909775376319885,0.8696887493133545,0.7253314256668091,0.7909775376319885
1752,پرندگان غیرتهاجمی به نام مارتین‌های بنفش هر بهار برای تخم‌گذاری لانه‌سازی می‌کنند. ستارگان، پرندگان تهاجمی هستند که تخم‌ها و جوجه‌های مارتین بنفش را می‌خورند. تأثیر احتمالی بر هر دو جمعیت پس از حمله ستارگان چه خواهد بود؟,"['مارتین\u200cهای بنفش افزایش خواهند یافت و ستارگان کاهش خواهند یافت.', 'مارتین\u200cهای بنفش افزایش خواهند یافت و ستارگان نیز افزایش خواهند یافت.', 'مارتین\u200cهای بنفش کاهش خواهند یافت و ستارگان نیز کاهش خواهند یافت.', 'مارتین\u200cهای بنفش کاهش خواهند یافت و ستارگان افزایش خواهند یافت.']",D,کاهش جمعیت مارتین‌ها به دلیل تغذیه ستارگان از تخم و جوجه‌های آنها، و افزایش جمعیت ستارگان به دلیل منبع غذایی خوب.,A,0.7848978638648987,D,0.5163078904151917,False,True,True,True,[0.78489786 0.15425397 0.00365616 0.05719194],[0.4556401  0.01059079 0.01746126 0.5163079 ],0.8760141730308533,0.05719194,0.5163079,0.45911596,0.7271372079849243,0.5951000452041626,0.6545260548591614,0.7271372079849243,0.5951001048088074,0.6545261740684509
1753,کدام ویژگی یک کش لاستیکی هنگام کشیده شدن ثابت می‌ماند؟,"['شکل', 'طول', 'جرم', 'عرض']",C,در اثر کشیده شدن، [MASK] کش لاستیکی تغییر نمی کند.,B,0.670531153678894,A,0.0023339884355664,False,False,False,False,[0.31797615 0.67053115 0.00189076 0.00960205],[0.64211416 0.34369895 0.00233399 0.01185297],0.7658452391624451,0.00189076,0.00233399,0.00044323,0.6753712892532349,0.5586808919906616,0.6115090250968933,0.6483743190765381,0.5388607978820801,0.5885666608810425
1754,کدام یک ترکیب است؟,"['نیتروژن (N₂)', 'نئون (Ne)', 'ازن (O₃)', 'آمونیاک (NH₃)']",D,آمونیاک از دو عنصر نیتروژن و هیدروژن تشکیل شده است.,A,0.6109588742256165,D,0.97171288728714,False,True,True,True,[0.6109589  0.12030493 0.09369358 0.17504266],[2.5996624e-02 1.8831891e-03 4.0726821e-04 9.7171289e-01],0.8856722116470337,0.17504266,0.97171289,0.79667023,0.9458353519439697,0.7449543476104736,0.833461582660675,0.9495021104812622,0.7515051364898682,0.8389801979064941
1755,جوش شیرین مخلوط شده با سرکه دی اکسید کربن و آب تولید می‌کند. بهترین راه برای اثبات اینکه هیچ جرمی در طول این واکنش از بین نرفته است، چیست؟,"['از توده\u200cهای برابر جوش شیرین و سرکه استفاده کنید', 'توده\u200cهای همه مواد را قبل و بعد از واکنش تعیین کنید', 'توده دی اکسید کربن و آب تولید شده را تعیین کنید', 'توده سرکه و آب را مقایسه کنید تا مطمئن شوید که برابر هستند']",B,برای اطمینان از عدم از بین رفتن جرم، باید توده‌های مواد قبل و بعد از واکنش اندازه‌گیری و مقایسه شوند.,B,0.8977207541465759,B,0.6107510328292847,True,True,True,False,[0.09480406 0.89772075 0.00596666 0.00150861],[0.37043923 0.61075103 0.00603455 0.01277515],0.8330496549606323,0.89772075,0.61075103,-0.28696972,0.7726403474807739,0.587622880935669,0.6675489544868469,0.7726403474807739,0.587622880935669,0.6675489544868469
1756,زغال‌سنگ معمولاً در زیر زمین یافت می‌شود، فشرده در لایه‌ای بین انواع دیگر سنگ‌ها. زغال‌سنگ به چه فرآیند سنگ‌سازی تولید می‌شود؟,"['A) کریستالیزاسیون از سنگ ذوب شده', 'B) تشکیل رسوبات از فرسایش', 'C) رسوب\u200cگذاری و دفن مواد گیاهی مرده', 'D) فوران خاک آتش\u200cفشان و سپس نشستن در یک لایه']",C,زغال‌سنگ از دفن و فشار مواد گیاهی مرده در طول زمان، تحت شرایط خاصی تشکیل می‌شود.,C,0.7008198499679565,C,0.9925912618637084,True,True,True,True,[0.25731415 0.01474528 0.70081985 0.02712071],[5.9021637e-03 1.3169507e-03 9.9259126e-01 1.8972473e-04],0.8437565565109253,0.70081985,0.99259126,0.2917714099999999,0.7663423418998718,0.6172246932983398,0.6837477087974548,0.7663423418998718,0.6172246932983398,0.6837477087974548
1757,"سال نوری واحد اندازه‌گیری مسافتی است که نور در یک سال می‌تواند طی کند. نور یک ستاره که ۱۲۵,۰۰۰ سال نوری با ما فاصله دارد، چه مدت برای رسیدن به زمین در حال حرکت بوده است؟","['۱۲.۵ سال', '۱۲۵ سال', '۱۲۵,۰۰۰ سال', '۱۲۵,۰۰۰,۰۰۰ سال']",C,نور ستاره‌ای که [MASK] نوری دور است، به همان تعداد سال در حال حرکت بوده است.,B,0.4240045249462127,C,0.5874365568161011,False,True,True,True,[0.0946082  0.42400452 0.42400452 0.05738277],[0.12904269 0.27748537 0.58743656 0.00603541],0.7853550910949707,0.42400452,0.58743656,0.16343204,0.7737923860549927,0.6656061410903931,0.7156336307525635,0.7647057175636292,0.6566399931907654,0.706564724445343
1758,کدام یک از این زمینه‌های تحقیقاتی در قرن بیستم با استفاده از میکروسکوپ بیشترین پیشرفت را داشته است؟,"['پرواز فضایی', 'تغییر ژنتیکی', 'انرژی جایگزین', 'پیش\u200cبینی طوفان\u200cهای گردبادی']",B,تحقیقات [MASK] با کمک میکروسکوپ‌های پیشرفته در قرن بیستم به طور قابل توجهی پیشرفت کرد و امکان مطالعه ساختار و عملکرد مولکول‌ها و سلول‌ها با دقت بالا فراهم شد.,B,0.857775092124939,A,0.3952195644378662,True,False,False,False,[0.09094013 0.8577751  0.00832761 0.04295707],[0.507472   0.39521956 0.06867886 0.02862961],0.8674253821372986,0.8577751,0.39521956,-0.46255554,0.8887844681739807,0.7352750897407532,0.8047747611999512,0.891381025314331,0.7254906296730042,0.799925684928894
1759,نقطه انجماد آب چیست؟,"['خاصیت فیزیکی.', 'خاصیت شیمیایی.', 'تغییر شیمیایی.', 'تغییر فیزیکی.']",A,تغییر حالت آب از مایع به جامد بدون تغییر ترکیب شیمیایی، یک خاصیت فیزیکی است.,A,0.8268921971321106,A,0.999133050441742,True,True,True,True,[0.8268922  0.00918594 0.0010971  0.16282474],[9.9913305e-01 5.5571663e-04 5.6770026e-05 2.5442563e-04],0.8532291650772095,0.8268922,0.99913305,0.17224085,0.8282447457313538,0.6648905873298645,0.7376319169998169,0.828244686126709,0.6648905873298645,0.7376319169998169
1760,کدام یک نمونه‌ای از تغییر فیزیکی است؟,"['شکستن یک جسم به تکه\u200cهای کوچکتر با استفاده از چکش', 'اجازه دادن به زنجیر آهنی که در آب نمک بماند تا زنگ بزند', 'گرم کردن یک ماده قهوه\u200cای تا به پودری خاکستری تغییر پیدا کند', 'واکنش سرکه و جوش شیرین برای تولید فوم سفید و گاز']",A,هنگامی که جسمی به تکه‌های کوچکتر می‌شکند، شکل و اندازه آن تغییر می‌کند ولی ترکیب شیمیایی آن ثابت می‌ماند.,C,0.8297644853591919,A,0.7393266558647156,False,True,True,True,[0.1640298  0.00495327 0.8297645  0.00125238],[0.73932666 0.01725199 0.24002422 0.00339712],0.7191419005393982,0.1640298,0.73932666,0.57529686,0.6841145157814026,0.6681743860244751,0.6760504245758057,0.6863595247268677,0.6737210750579834,0.6799815893173218
1761,کدامیک از این تغییرات فیزیکی در یک باغ اتفاق می‌افتد؟,"['حشرات برگ\u200cهای یک گیاه را برای غذا می\u200cخورند.', 'گل\u200cها پس از باران تابستانی رشد می\u200cکنند.', 'کرم\u200cهای خاکی در حین حرکت در خاک آن را شل می\u200cکنند.', 'برگ\u200cها نور خورشید را به قند از طریق فتوسنتز تبدیل می\u200cکنند.']",C,رشد گل‌ها پس از باران، تغییر فیزیکی ناشی از شرایط محیطی است.,B,0.4511004984378814,B,0.0016200646059587,False,False,False,False,[0.14645089 0.4511005  0.00435387 0.3980948 ],[0.01197075 0.9640449  0.00162006 0.0223643 ],0.8976450562477112,0.00435387,0.00162006,-0.00273381,0.8088691234588623,0.6242666244506836,0.7046785354614258,0.8088691234588623,0.6242665648460388,0.7046784162521362
1762,یک اتم کروم دارای ۲۴ پروتون، ۲۸ نوترون و ۲۴ الکترون است. چند ذره زیراتمی در هسته یک اتم کروم وجود دارد؟,"['24', '28', '48', '52']",D,با جمع پروتون‌ها و نوترون‌ها، تعداد ذرات زیراتمی در هسته اتم کروم برابر با ۵۲ بدست می‌آید.,B,0.971627116203308,D,0.993047058582306,False,True,True,True,[0.00268679 0.9716271  0.01364464 0.01204136],[4.5987200e-03 6.6250848e-04 1.6917747e-03 9.9304706e-01],0.8082001209259033,0.01204136,0.99304706,0.9810057,0.7823985815048218,0.6639419198036194,0.7183194160461426,0.7823985815048218,0.6639419198036194,0.7183194160461426
1763,بهترین توصیف از پوست چیست؟,"['سخت', 'انعطاف\u200cپذیر', 'شکننده', 'سخت']",B,پوست قابلیت انعطاف و مقاومت در برابر حرکات بدن را دارد.,B,0.6199879050254822,B,0.9931502938270568,True,True,True,True,[0.25744182 0.6199879  0.01441085 0.10815942],[6.7179850e-03 9.9315029e-01 6.3834486e-05 6.7951449e-05],0.7772239446640015,0.6199879,0.99315029,0.3731623899999999,0.8043346405029297,0.6410348415374756,0.7134597897529602,0.7920737266540527,0.6346883773803711,0.7047005295753479
1764,عملکرد اصلی کلروپلاست‌ها در سلول گیاهی چیست؟,"['برای جذب انرژی نور و تولید غذا', 'برای حذف مواد زائد به وسیله حمل و نقل فعال', 'برای تولید انرژی شیمیایی از غذا', 'برای کنترل شکل سلول']",A,کلروپلاست‌ها انرژی نورانی خورشید را به انرژی شیمیایی تبدیل کرده و به تولید گلوکز و اکسیژن منجر می‌شوند.,A,0.8777918219566345,A,0.9190579056739808,True,True,True,True,[8.7779182e-01 3.2093914e-03 1.1856441e-01 4.3434391e-04],[9.190579e-01 5.507780e-03 7.485378e-02 5.805157e-04],0.7934096455574036,0.87779182,0.9190579,0.0412660799999999,0.8195682168006897,0.6064963340759277,0.6971145272254944,0.8195683360099792,0.6064963340759277,0.6971144676208496
1765,یک کلاس علوم به دو گروه تقسیم شده است. گروه اول موسیقی بلندی را در اتاقی که روی سقف، دیوارها و زمین فرش ضخیمی وجود دارد، پخش می‌کند. گروه دوم در خارج از اتاق است اما موسیقی را نمی‌شنود زیرا صدا,"['توسط فرش جذب شده است.', 'توسط فرش شکست یافته است.', 'توسط فرش بازتابیده است.', 'توسط فرش تقویت شده است.']",A,فرش ضخیم انرژی صوتی را جذب می‌کند و از انتقال آن به بیرون از اتاق جلوگیری می‌کند.,A,0.994407057762146,A,0.9955742359161376,True,True,True,True,[0.99440706 0.00214572 0.00130144 0.00214572],[0.99557424 0.00191255 0.00148949 0.00102371],0.7754899859428406,0.99440706,0.99557424,0.00116718,0.9013488292694092,0.6206004619598389,0.7350803017616272,0.8991372585296631,0.6231919527053833,0.7361549735069275
1766,بسیاری از باکتری‌ها در دمای اتاق حدود ۲۰ درجه سانتیگراد به سرعت رشد می‌کنند. دمای داخل یخچال معمولاً در حدود ۴ درجه سانتیگراد نگه داشته می‌شود. کدام یک از جملات به بهترین وجه توضیح می‌دهد که چگونه استفاده از یخچال به جامعه کمک کرده است؟,"['این یخچال\u200cها در تابستان آشپزخانه\u200cها را خنک\u200cتر نگه می\u200cدارند.', 'این یخچال\u200cها فضای بیشتری برای ذخیره سازی غذا فراهم می\u200cکنند.', 'این یخچال\u200cها غذا را برای مدت زمان طولانی\u200cتری ایمن\u200cتر برای خوردن می\u200cکنند.', 'این یخچال\u200cها استفاده از برق در آشپزخانه را ایمن\u200cتر می\u200cکنند.']",C,کاهش دما باعث کند شدن رشد باکتری‌ها و افزایش زمان نگهداری و ایمنی مواد غذایی می‌شود و از فساد و خطرات ناشی از مصرف غذاهای فاسد جلوگیری می‌کند.,C,0.857269287109375,C,0.9832817912101746,True,True,True,True,[0.13069844 0.00748962 0.8572693  0.00454268],[1.6017921e-02 6.4079749e-04 9.8328179e-01 5.9603452e-05],0.8004881143569946,0.8572693,0.98328179,0.12601249,0.8500502109527588,0.6738049387931824,0.751735508441925,0.8500502109527588,0.6738049387931824,0.751735508441925
1767,برخی از گیاهان در ناحیه‌ای رشد می‌کنند که تعداد زیادی حیوان برگ‌خوار وجود دارد. کدام ویژگی می‌تواند به بهترین نحو به گیاهان کمک کند تا در اطراف این حیوانات به بقای خود ادامه دهند؟,"['میوه\u200cهای بزرگ', 'ساقه\u200cهای بلند', 'خارهای تیز', 'گل\u200cهای رنگارنگ']",C,وجود ویژگی‌های دفاعی مانند [MASK] می‌تواند مانع از تغذیه حیوانات از برگ‌های گیاه شود و به بقای گیاه کمک کند.,A,0.3206666111946106,C,0.8415974974632263,False,True,True,True,[0.3206666  0.3206666  0.3206666  0.03800013],[0.07828076 0.07828076 0.8415975  0.00184099],0.8165506720542908,0.3206666,0.8415975,0.5209309,0.8079049587249756,0.5886263847351074,0.6810504794120789,0.7929962873458862,0.5750865936279297,0.66668701171875
1768,کدام یک از ترکیب‌های زیر مخلوط است و نه ترکیب شیمایی؟,"['اکسیژن و نیتروژن در هوا', 'سدیم و کلر در نمک', 'هیدروژن و اکسیژن در آب', 'نیتروژن و هیدروژن در آمونیوم']",A,[MASK] به نسبت‌های متغیر و نامشخص وجود دارند، بنابراین مخلوط هستند نه ترکیب شیمیایی.,A,0.736160159111023,A,0.7580979466438293,True,True,True,True,[0.73616016 0.06820661 0.12742671 0.06820661],[0.75809795 0.09089626 0.08021567 0.07079007],0.8335363864898682,0.73616016,0.75809795,0.02193779,0.6980441808700562,0.5563453435897827,0.6191914081573486,0.6696033477783203,0.5322569012641907,0.5930823087692261
1769,اتم کدام عنصر یک پروتون بیشتر از یک اتم کلر (Cl) دارد؟,"['گوگرد (S)', 'آرگون (Ar)', 'فلوئور (F)', 'برم (Br)']",B,عنصری که دارای 18 پروتون است، یک پروتون بیشتر از کلر با 17 پروتون دارد و این عنصر همان برم است.,A,0.5193064212799072,D,0.0057068485766649,False,False,False,False,[0.5193064  0.00845964 0.01394759 0.45828632],[0.01551282 0.00570685 0.00392226 0.9748581 ],0.8005962371826172,0.00845964,0.00570685,-0.0027527899999999,0.8098338842391968,0.7213889360427856,0.7630571126937866,0.8103291988372803,0.7218897342681885,0.7635571360588074
1770,سوال: یک شرکت داروسازی داده‌های تجربی منتشر کرده است که نشان می‌دهد یک داروی جدید سطح کلسترول را در افرادی که در این مطالعه شرکت کرده‌اند بهبود بخشیده است. کدام یک از این حرفه‌ها احتمالاً در توسعه این دارو کمک نکرده است؟,"['الف) یک شیمی\u200cدان', 'ب) یک زیست\u200cشناس', 'ج) یک زمین\u200cشناس', 'د) یک پزشک']",C,زمین‌شناس‌ها بیشتر با زمین و مواد معدنی کار می‌کنند و دانش و تخصص آن‌ها ارتباطی با توسعه دارو ندارد.,C,0.6822401881217957,C,0.7085544466972351,True,True,True,True,[0.13381732 0.0919712  0.6822402  0.0919712 ],[0.08528848 0.09664451 0.70855445 0.10951258],0.6716477274894714,0.6822402,0.70855445,0.0263142499999999,0.7080855369567871,0.5234670639038086,0.6019384860992432,0.7080855369567871,0.5234670639038086,0.6019384860992432
1771,سیستم تعلیق یک کامیون شامل کدام یک از موارد زیر است؟,"['موتور و کاربراتور.', 'چرخ\u200cها و محور\u200cها.', 'ترمزها و اگزوز.', 'فرمان و سرعت\u200cسنج.']",B,سیستم تعلیق شامل قطعاتی است که کامیون را بر روی جاده پایدار نگه می دارد و ضربات جاده را جذب می کند.,B,0.7148716449737549,B,0.9988206028938292,True,True,True,True,[0.05868024 0.71487164 0.04570021 0.18074785],[9.2154281e-04 9.9882060e-01 1.3697510e-04 1.2088011e-04],0.8409513831138611,0.71487164,0.9988206,0.2839489599999999,0.7538359761238098,0.6322816014289856,0.687729001045227,0.7538359761238098,0.6322816014289856,0.687729001045227
1772,میخایل ادعا می‌کند که می‌تواند از باندهای روی یک کرم ابریشم پشمالو برای پیش‌بینی زمستان استفاده کند. او می‌گوید باندهای مشکی بلند به معنای زمستانی سخت و باندهای مشکی کوتاه به معنای زمستانی ملایم هستند. هفته گذشته او سه کرم ابریشم پشمالو با باندهای مشکی بلند پیدا کرد. کدام یک از موارد زیر مشاهدات او را نشان می‌دهد؟,"['دلیل این که ادعای او درست است', 'دلیل این که ادعای او غلط است', 'مدرکی که نشان دهد زمستان سختی در پیش است', 'نه مدرکی به نفع و نه مدرکی علیه ادعای او']",D,مشاهدات میخایل نشان می‌دهد که زمستان سختی در پیش است زیرا کرم‌های ابریشم باندهای مشکی بلند دارند.,C,0.802419126033783,C,0.0159841105341911,False,False,False,False,[0.14053316 0.0167843  0.8024191  0.04026343],[0.28778687 0.00855568 0.68767333 0.01598411],0.807310163974762,0.04026343,0.01598411,-0.02427932,0.8499276638031006,0.7017291784286499,0.7687512040138245,0.8499276638031006,0.7017291784286499,0.7687512040138245
1773,یک دانش‌آموز در حال هل دادن یک جعبه ۲۰ کیلوگرمی به سمت بالا روی شیب است. کدام تغییر نیاز به این دارد که دانش‌آموز نیروی کمتری برای هل دادن جعبه استفاده کند؟,"['افزایش جرم جعبه', 'کاهش طول شیب', 'کاهش شیب شیب', 'افزایش اصطکاک روی سطح جعبه']",C,کاهش شیب، نیروی گرانش مؤثر بر جعبه را کاهش می‌دهد.,B,0.6424325704574585,B,0.0807683765888214,False,False,False,False,[0.20694424 0.6424326  0.02510518 0.12551802],[0.03314727 0.86834186 0.08076838 0.01774246],0.828452467918396,0.02510518,0.08076838,0.0556631999999999,0.7730105519294739,0.5754544734954834,0.6597611308097839,0.7657469511032104,0.5740995407104492,0.6562169194221497
1774,رودی به مدت هزاران سال سواحل خود را فرسایش می‌دهد و مواد فرسوده شده را در دهانه خود جمع می‌کند. این رود چه دو پدیده‌ی طبیعی را ایجاد کرده است؟,"['یک تپه و یک دلتا', 'یک دلتا و یک دره', 'یک دره و یک دشت', 'یک دشت و یک دلتا']",B,فرسایش رودخانه‌ای منجر به ایجاد دره می‌شود و ته‌نشین شدن مواد حمل شده در دهانه رود، باعث تشکیل دلتا می‌شود.,A,0.780993640422821,B,0.8175195455551147,False,True,True,True,[7.8099364e-01 6.4358771e-02 2.5894184e-04 1.5438867e-01],[1.8170211e-01 8.1751955e-01 4.1567197e-05 7.3679618e-04],0.8931721448898315,0.064358771,0.81751955,0.753160779,0.8679724335670471,0.6798375844955444,0.7624711394309998,0.8679723739624023,0.6798375248908997,0.7624711990356445
1775,کدام یک به بهترین شکل ترتیب مراحلی را که باید هنگام حل مشکلات فناوری دنبال شود، نشان می‌دهد؟,"['شناسایی مشکل، ارزیابی راه\u200cحل، بررسی راه\u200cحل\u200cهای ممکن و انتخاب یک راه\u200cحل.', 'شناسایی مشکل، بررسی راه\u200cحل\u200cهای ممکن، انتخاب یک راه\u200cحل و ارزیابی راه\u200cحل.', 'شناسایی مشکل، انتخاب یک راه\u200cحل، بررسی راه\u200cحل\u200cهای ممکن و ارزیابی راه\u200cحل.', 'شناسایی مشکل، ارزیابی راه\u200cحل، انتخاب یک راه\u200cحل و بررسی راه\u200cحل\u200cهای ممکن.']",B,برای حل مشکلات فناوری، ابتدا مشکل شناسایی، سپس راه‌حل‌های ممکن بررسی، یک راه‌حل انتخاب و در نهایت ارزیابی می‌شود.,A,0.9333037734031676,B,0.5612896680831909,False,True,True,True,[0.9333038  0.06001474 0.00109921 0.00558224],[4.3713284e-01 5.6128967e-01 3.6865726e-04 1.2087807e-03],0.9683828353881836,0.06001474,0.56128967,0.50127493,0.8739444017410278,0.7181441187858582,0.7884210348129272,0.8739444017410278,0.7181441187858582,0.7884210348129272
1776,در یک رابطه کاملاً همکاری، هر موجود زنده به طور یکسان بهره‌مند می‌شود. کدام توالی این روابط را به ترتیب افزایش همکاری فهرست می‌کند؟,"['همزیستی، دوجانبه\u200cگرایی، انگل\u200cزایی، شکار', 'انگل\u200cزایی، همزیستی، شکار، دوجانبه\u200cگرایی', 'شکار، انگل\u200cزایی، همزیستی، دوجانبه\u200cگرایی', 'دوجانبه\u200cگرایی، همزیستی، انگل\u200cزایی، شکار']",C,در روابط متقابل زیستی، همکاری از کمترین به بیشترین به ترتیب شامل شکار، انگل‌زایی، همزیستی و دوجانبه‌گرایی است. این توالی بر اساس میزان بهره‌مندی و آسیب به طرفین رابطه است. در شکار، یک طرف سود می‌برد و طرف دیگر آسیب می‌بیند. در انگل‌زایی، انگل سود می‌برد و میزبان آسیب می‌بیند. در همزیستی، یک طرف سود می‌برد و طرف دیگر آسیبی نمی‌بیند و در دوجانبه‌گرایی، هر دو طرف سود می‌برند.,D,0.7230378985404968,D,0.1240881159901619,False,False,False,False,[0.06778047 0.1625969  0.04658479 0.7230379 ],[0.20458671 0.18054715 0.12408812 0.49077803],0.916556179523468,0.04658479,0.12408812,0.07750333,0.7746320962905884,0.6829678416252136,0.7259177565574646,0.7746320962905884,0.6829678416252136,0.7259177565574646
1777,به منظور مقایسه نتایج یک آزمایش در میان گروه‌های مختلف، هر گروه باید,"['آزمایش را در همان زمان شروع کند.', 'اعضای مختلفی داشته باشد تا نتایج را ثبت کنند.', 'از همان تجهیزات و رویه\u200cها استفاده کند.', 'تعداد متفاوتی از آزمایش\u200cها را انجام دهد.']",C,برای مقایسه دقیق نتایج، کنترل شرایط و تجهیزات آزمایش ضروری است تا نتایج به دلیل تفاوت در روش یا ابزارها متفاوت نباشد.,C,0.9009600281715392,C,0.9815806746482848,True,True,True,True,[0.04476864 0.03950818 0.90096    0.01476313],[1.6115623e-02 1.9247367e-03 9.8158067e-01 3.7900312e-04],0.8713679909706116,0.90096,0.98158067,0.08062067,0.8980120420455933,0.7121902108192444,0.794378936290741,0.8980120420455933,0.7121902108192444,0.794378936290741
1778,یک دانش‌آموز یک صبح به مدرسه می‌رود و متوجه می‌شود که چمن‌ها خیس هستند اما خیابان‌ها خشک‌اند. کدام یک از این فرآیندها احتمالاً باعث خیس شدن چمن‌ها شده است؟,"['چگالش', 'فرسایش', 'تبخیر', 'بارش']",A,کاهش دما در شب باعث تبدیل بخار آب به شبنم روی چمن‌ها می‌شود که این فرآیند [MASK] نام دارد.,D,0.7676777839660645,A,0.6970608234405518,False,True,True,True,[0.13340239 0.0556104  0.04330942 0.7676778 ],[0.6970608  0.09360279 0.01117926 0.1981571 ],0.7673590183258057,0.13340239,0.6970608,0.56365841,0.7859441041946411,0.6276792287826538,0.6979522705078125,0.7612938284873962,0.6022076606750488,0.6724700331687927
1779,زمانی که هوای نزدیک به سطح زمین به وسیله نور خورشید گرم می‌شود، کدام یک از موارد زیر اتفاق می‌افتد؟,"['هوای گرم تابش می\u200cکند و دوباره خنک می\u200cشود.', 'هوای گرم به هوای خنک تبخیر می\u200cشود.', 'هوای گرم متسع شده و بالا می\u200cرود و باعث جابجایی هوایی می\u200cشود.', 'هوای گرم توانایی خود برای نگه داشتن آب را از دست داده و بارش می\u200cکند.']",C,هوای گرم شده، متسع و کم‌چگال می‌شود، بالا می‌رود و با جابجایی خود، جریان‌های هوایی را ایجاد می‌کند.,C,0.9675769805908204,C,0.9901992678642272,True,True,True,True,[2.9447455e-02 2.1000949e-03 9.6757698e-01 8.7544974e-04],[8.6004324e-03 1.0271752e-03 9.9019927e-01 1.7300452e-04],0.7795311212539673,0.96757698,0.99019927,0.0226222899999999,0.6830922365188599,0.578758955001831,0.6266123056411743,0.6830922365188599,0.578758955001831,0.6266123056411743
1780,کدام یک از این موارد، ویژگی مشترک موجودات یک‌سلولی و چند سلولی است؟,"['تولید مثل جنسی', 'سلول\u200cهای تخصصی', 'سیستم\u200cهای اندامی', 'تولید زباله']",D,همه موجودات زنده در نتیجه فعالیت‌های زیستی خود زباله تولید می‌کنند.,B,0.5344705581665039,D,0.9824166297912598,False,True,True,True,[0.0936055  0.53447056 0.00458809 0.3673359 ],[1.3877236e-02 3.0964301e-03 6.0972321e-04 9.8241663e-01],0.8525086641311646,0.3673359,0.98241663,0.6150807300000001,0.9367774128913879,0.6624804139137268,0.7761058807373047,0.9367773532867432,0.6624804139137268,0.7761058807373047
1781,یک ماشین ساده کار را آسان‌تر می‌کند زیرا استفاده از آن ___.,"['نیاز به نیروی کمتری برای جابجایی چیزی سنگین دارد', 'وزن چیزی سنگین را تغییر می\u200cدهد', 'ظاهر چیزی را بهبود می\u200cبخشد', 'اجازه می\u200cدهد چیزی به شکل متفاوتی تبدیل شود']",A,استفاده از ماشین ساده نیروی مورد نیاز برای جابجایی اجسام سنگین را کاهش می‌دهد.,A,0.993051528930664,A,0.9987778067588806,True,True,True,True,[9.9305153e-01 1.9358532e-03 9.1443234e-04 4.0982012e-03],[9.98777807e-01 6.20483246e-04 1.18421296e-04 4.83232812e-04],0.7610406875610352,0.99305153,0.998777807,0.0057262769999999,0.6981641054153442,0.5422075390815735,0.6103813052177429,0.698164165019989,0.5422074794769287,0.6103813052177429
1782,کود از یک منطقه کشاورزی به رودخانه ریخته می‌شود. این رودخانه مواد مغذی ناشی از این کود را حمل کرده و آنها را در یک خلیج اقیانوسی deposits می‌کند. پس از ورود مواد مغذی به خلیج، دانشمندان نظارت کننده بر روی آب احتمالاً کاهش کدام یک از این گازهای حل شده را مشاهده خواهند کرد؟,"['اکسیژن', 'نیتروژن', 'دی\u200cاکسید کربن', 'منواکسید کربن']",A,افزودن مواد مغذی باعث رشد جلبک‌ها و در نتیجه کاهش [MASK] محلول در آب می‌شود.,B,0.8561316132545471,B,0.034395981580019,False,False,False,False,[0.04858348 0.8561316  0.09076589 0.00451897],[3.439598e-02 8.922971e-01 7.281629e-02 4.906324e-04],0.8279253840446472,0.04858348,0.03439598,-0.0141874999999999,0.7857506275177002,0.6177868843078613,0.6917185187339783,0.760714054107666,0.5958821773529053,0.6682842373847961
1783,نقش تجزیه‌کنندگان در شبکه غذایی چیست؟,"['الف) تجزیه\u200cکنندگان از نور خورشید برای تولید غذا استفاده می\u200cکنند.', 'ب) تجزیه\u200cکنندگان منبع غذایی برای گیاهان هستند.', 'ج) تجزیه\u200cکنندگان گیاهان و حیوانات مرده را تجزیه می\u200cکنند.', 'د) تجزیه\u200cکنندگان فقط گیاهانی را می\u200cخورند که در زیر زمین رشد می\u200cکنند.']",C,تجزیه‌کنندگان مواد آلی مرده را به مواد مغذی تبدیل می‌کنند و چرخه مواد در اکوسیستم را حفظ می‌کنند.,C,0.8410481214523315,C,0.9343040585517884,True,True,True,True,[0.04203721 0.11426898 0.8410481  0.00264569],[0.05270983 0.00808331 0.93430406 0.00490278],0.7404113411903381,0.8410481,0.93430406,0.09325596,0.8579006791114807,0.6467461585998535,0.7375072836875916,0.8595855832099915,0.6504555940628052,0.7405390739440918
1784,ریشه‌های گیاهان در کدام جهت رشد می‌کنند؟,"['در جهت رطوبت فقط', 'در جهت کشش جاذبه فقط', 'در جهت آب و کشش جاذبه', 'در جهت آب و دور از کشش جاذبه']",C,ریشه‌های گیاهان به سمت آب و تحت تأثیر نیروی جاذبه زمین رشد می‌کنند.,C,0.9916559457778932,C,0.9857821464538574,True,True,True,False,[6.7538884e-03 1.0357423e-03 9.9165595e-01 5.5439293e-04],[1.1080138e-02 2.4723129e-03 9.8578215e-01 6.6541397e-04],0.8712212443351746,0.99165595,0.98578215,-0.0058737999999999,0.9449235796928406,0.6334323287010193,0.7584412693977356,0.9449236392974854,0.6334323883056641,0.7584413886070251
1785,کدام مثال بهترین نمایش‌دهندهٔ فرآیند انتقال حرارت است؟,"['یک تکه کاغذ به دو نیم تقسیم می\u200cشود.', 'هواي گرم بالای شمع روشن بالا می\u200cرود.', 'یک قاشق فلزی هنگام هم زدن سوپ داغ گرم می\u200cشود.', 'نور خورشید اتاق تاریک را روشن می\u200cکند.']",C,انتقال حرارت زمانی اتفاق می‌افتد که انرژی گرمایی از یک جسم به جسم دیگر منتقل شود.,B,0.9219276905059814,B,0.0414412729442119,False,False,False,False,[0.02155499 0.9219277  0.05170774 0.00480957],[0.00635523 0.9505966  0.04144127 0.00160685],0.7969723343849182,0.05170774,0.04144127,-0.01026647,0.9219955205917358,0.6633663177490234,0.7715851068496704,0.9266976714134216,0.6699962615966797,0.7777119278907776
1786,یک قطب‌نما می‌تواند با مغناطیسی کردن یک سوزن و قرار دادن آن بر روی یک چوب‌پنبه شناور ساخته شود. چوب‌پنبه در حالتی قرار می‌گیرد که سوزن به سمت شمال باشد. کدام جمله توضیح می‌دهد که چرا سوزن به سمت شمال اشاره می‌کند؟,"['سوزن دماي هوا را اندازه\u200cگیری می\u200cکند.', 'سوزن جهت باد را نشان می\u200cدهد.', 'سوزن با قطب\u200cهای مغناطیسی زمین هم\u200cراستا می\u200cشود.', 'سوزن به هسته مغناطیسی زمین اشاره می\u200cکند.']",C,زمین میدان مغناطیسی دارد که سوزن مغناطیسی شده را به سمت قطب‌های مغناطیسی خود می‌کشاند، بنابراین سوزن به سمت شمال مغناطیسی زمین اشاره می‌کند.,C,0.9324544072151184,C,0.8774176239967346,True,True,True,False,[0.05281137 0.00433502 0.9324544  0.01039918],[1.1690459e-01 5.1364293e-03 8.7741762e-01 5.4137560e-04],0.8415383100509644,0.9324544,0.87741762,-0.05503678,0.7931203246116638,0.6470566987991333,0.7126816511154175,0.7931203246116638,0.6470566987991333,0.7126816511154175
1787,چه فرآیندی باعث می‌شود که سنگ آذرین به سنگ دگرگونی تبدیل شود؟,"['نشست در آب', 'خنک شدن و بلوری شدن تدریجی', 'هوازدگی و فرسایش', 'مواجهه با حرارت و فشار بالا']",D,تغییر ساختار و ترکیب کانیایی سنگ در اثر حرارت و فشار بالا.,B,0.7593560218811035,D,0.9802418947219848,False,True,True,True,[0.06221012 0.759356   0.06221012 0.1162238 ],[0.0122434  0.00241087 0.00510381 0.9802419 ],0.6119232773780823,0.1162238,0.9802419,0.8640181,0.7972420454025269,0.6292376518249512,0.7033464312553406,0.7667546272277832,0.6223318576812744,0.6870354413986206
1788,در تابستان، خورشید به طور مستقیم بر روی نقاط مختلف زمین تابش می‌کند در حالی که زمین می‌چرخد. در چه ساعتی از روز خورشید در آسمان تابستانی ماین در بالاترین نقطه خود قرار دارد؟,"['6:00 صبح', '10:00 صبح', '1:00 بعدازظهر', '3:00 بعدازظهر']",C,در تابستان، زمان اوج خورشید در آسمان معمولا نزدیک به ۱ بعدازظهر است، بنابراین خورشید در این زمان در بالاترین نقطه خود قرار دارد.,B,0.4025265276432037,C,0.7330553531646729,False,True,True,True,[0.2766522  0.40252653 0.19014007 0.13068123],[0.07726347 0.07726347 0.73305535 0.11241768],0.7566168308258057,0.19014007,0.73305535,0.54291528,0.8678130507469177,0.6526408195495605,0.7450015544891357,0.8678130507469177,0.6526408195495605,0.7450015544891357
1789,کدام دو ساختار سلولی گیاه مسئول ذخیره انرژی حاصل از نور خورشید و سپس آزاد کردن آن برای استفاده سلول‌ها هستند؟,"['کلروپلاست و میتوکندری', 'میتوکندری و دیواره سلولی', 'کلروپلاست و هسته', 'هسته و دیواره سلولی']",A,کلروپلاست‌ها انرژی نور خورشید را به انرژی شیمیایی تبدیل می‌کنند و میتوکندری‌ها انرژی را برای سلول‌ها آزاد می‌کنند.,A,0.621596097946167,A,0.9990537762641908,True,True,True,True,[6.2159610e-01 9.4186160e-04 3.7701708e-01 4.4490388e-04],[9.9905378e-01 7.1227929e-04 1.5893100e-04 7.5073694e-05],0.8536678552627563,0.6215961,0.99905378,0.37745768,0.8809044361114502,0.6695067882537842,0.7607936263084412,0.8809044361114502,0.6695067882537842,0.7607936263084412
1790,کدام قسمت از پوست به گرم نگه‌داشتن افراد کمک می‌کند؟,"['غدد عرق', 'عصب\u200cها', 'موها', 'ناخن\u200cها']",C,[MASK] با ایجاد لایه‌ای از هوای گرم نزدیک پوست، به حفظ گرما کمک می‌کنند.,B,0.7698137164115906,B,0.0007453735452145,False,False,False,False,[0.2209865  0.7698137  0.00247419 0.00672555],[6.7096390e-02 9.2986232e-01 7.4537355e-04 2.2959122e-03],0.8887873888015747,0.00247419,0.00074537355,-0.0017288164499999,0.9253583550453186,0.7180849313735962,0.80865079164505,0.9158819317817688,0.7017693519592285,0.7946556806564331
1791,حیوانات از چندین اتم تشکیل شده‌اند. پس از مرگ یک حیوان چه بر سر اتم‌ها می‌آید؟,"['اتم\u200cها حرکت را متوقف می\u200cکنند.', 'اتم\u200cها دوباره به محیط بازمی\u200cگردند.', 'اتم\u200cها به بخش\u200cهای ساده\u200cتر تقسیم می\u200cشوند و سپس با هم ترکیب می\u200cشوند تا اتم\u200cهای دیگر تشکیل دهند.', 'پس از تجزیه حیوان، اتم\u200cها دیگر وجود ندارند.']",B,اتم‌ها پس از مرگ حیوان، از طریق تجزیه به محیط بازمی‌گردند.,B,0.8831248879432678,B,0.9820671081542968,True,True,True,True,[0.082304   0.8831249  0.01836451 0.01620662],[0.0157809  0.9820671  0.00114316 0.00100884],0.7675312161445618,0.8831249,0.9820671,0.0989421999999999,0.8694789409637451,0.5623555183410645,0.6829787492752075,0.8694789409637451,0.5623555183410645,0.6829787492752075
1792,کدام مرحله در هر دو چرخه زندگی درخت و چرخه زندگی قورباغه رخ می‌دهد؟,"['رشد', 'خواب زمستانی', 'خواب عمیق', 'تکامل']",A,هر دو چرخه شامل مرحله‌ای از افزایش اندازه و نمو است.,B,0.6628167033195496,A,0.975305199623108,False,True,True,True,[0.31309244 0.6628167  0.01204544 0.01204544],[9.7530520e-01 8.4628006e-03 4.2133802e-04 1.5810592e-02],0.5365225672721863,0.31309244,0.9753052,0.66221276,0.6246546506881714,0.5044591426849365,0.5581594109535217,0.6281328201293945,0.5054974555969238,0.5601818561553955
1793,سوالی: یک دانش‌آموز برای نشان‌دادن نحوه تغییرات آب بر روی سطح زمین، یک ارائه آماده کرده است. کدام ارائه بهترین مثال برای نشان‌دادن نحوه تغییرات آب بر روی سطح زمین است؟,"['الف) نموداری از شبکه غذایی یک رودخانه', 'ب) نموداری از مقدار بارش باران بر روی یک دریاچه', 'ج) تصویری از مه\u200cای که در یک دره کوهستانی را پوشانده است', 'د) مدلی از جویباری که از یک تپه جاری است']",D,مدلی از جویبار در حال جریان از یک تپه، تغییرات مسیر آب بر روی سطح زمین را به خوبی نشان می‌دهد.,B,0.4782422482967376,D,0.9428672790527344,False,True,True,True,[0.10754721 0.47824225 0.29234362 0.12186696],[0.02552225 0.00269002 0.0289205  0.9428673 ],0.8559390902519226,0.12186696,0.9428673,0.82100034,0.8317923545837402,0.7215195894241333,0.7727416753768921,0.8317923545837402,0.7215195894241333,0.7727416753768921
1794,کدام یک از موارد زیر نمونه‌ای از ارگانیسم‌هایی است که خواب زمستانی می‌شوند؟,"['پرندگان در زمستان به سمت جنوب پرواز می\u200cکنند', 'گیاهان در تابستان گل می\u200cدهند', 'درختان در پاییز برگ\u200cهای خود را از دست می\u200cدهند', 'کرم\u200cهای خاکی در طول سال در زیر زمین زندگی می\u200cکنند']",C,کرم‌های خاکی با زندگی در زیر زمین، شرایط مناسبی برای زمستان‌گذرانی دارند.,A,0.8818564414978027,D,0.0016589525621384,False,False,False,False,[0.88185644 0.02652594 0.00991202 0.08170564],[0.02290113 0.00165895 0.00165895 0.973781  ],0.7290000915527344,0.00991202,0.00165895,-0.00825307,0.9334637522697449,0.6017052531242371,0.7317371368408203,0.9334637522697449,0.6017053127288818,0.7317371368408203
1795,فیلیپ در حال درست کردن چای داغ بود. هنگامی که او آب داغ را در یک لیوان ریخت، لیوان شکست. احتمالا دلیل این که لیوان شکست چیست؟,"['آب داغ به آرامی ریخته شد', 'آب داغ به آرامی بخار شد', 'لیوان بسیار سریع منقبض شد', 'لیوان بسیار سریع منبسط شد']",D,تماس ناگهانی با آب داغ باعث انبساط سریع لیوان و ایجاد فشار زیاد شد.,D,0.7539001107215881,D,0.8678954839706421,True,True,True,True,[0.10163151 0.01397093 0.13049744 0.7539001 ],[0.11654282 0.0065749  0.00898682 0.8678955 ],0.693489134311676,0.7539001,0.8678955,0.1139954,0.8193786144256592,0.6196111440658569,0.705628514289856,0.819378674030304,0.6196112036705017,0.7056286334991455
1796,یک بیماری ژنتیکی نادر باعث کوتاهی قد و نقص ایمنی می‌شود. کدام یک از موارد زیر احتمال بیشتری دارد که علت این بیماری باشد؟,"['عفونت انگلی', 'جهش در DNA', 'بیماری باکتریایی', 'مقدار زیاد ATP']",B,این بیماری ژنتیکی نادر احتمالاً ناشی از جهش ژنتیکی است که بر رشد و سیستم ایمنی تأثیر می‌گذارد و منجر به کوتاهی قد و نقص ایمنی می‌شود.,B,0.8750880360603333,B,0.975695013999939,True,True,True,True,[1.19126245e-01 8.75088036e-01 5.51663979e-04 5.23404218e-03],[2.2767581e-02 9.7569501e-01 4.7252601e-04 1.0648539e-03],0.9295387864112854,0.875088036,0.97569501,0.100606974,0.8108610510826111,0.6838112473487854,0.7419363856315613,0.813829779624939,0.6880078315734863,0.745648205280304
1797,کدام یک از موارد زیر یک چالش فناوری کنونی است که هنوز حل نشده است؟,"['نشستن یک انسان بر روی مریخ', 'استفاده از انرژی خورشیدی برای تولید برق', 'جایگزینی اعضای بدن انسان با اعضای مصنوعی', 'استفاده از DNA برای شناسایی یک مجرم']",A,فرود و سکونت انسان بر روی مریخ به دلیل مشکلات فنی و ایمنی، همچنان یک چالش بزرگ فناوری است.,A,0.9771727919578552,A,0.8623549938201904,True,True,True,False,[0.9771728  0.00278382 0.01247621 0.0075672 ],[0.862355   0.07051044 0.02939312 0.03774152],0.8441292643547058,0.9771728,0.862355,-0.1148177999999999,0.8003802299499512,0.6449265480041504,0.7142933011054993,0.8003803491592407,0.6449266076087952,0.714293360710144
1798,غذا تا سطح مولکولی هضم می‌شود، جذب می‌شود و سپس به سلول‌ها منتقل می‌گردد. مولکول‌های زائد حل شده که توسط سلول‌ها تولید می‌شوند، عمدتاً از خون توسط کدام یک از موارد زیر حذف می‌شوند؟,"['پوست.', 'ریه\u200cها.', 'کلیه\u200cها.', 'روده بزرگ.']",C,مولکول‌های زائد حل شده از طریق خون به اندامی که مسئول فیلتر کردن و حذف مواد زائد است، منتقل می‌شوند.,B,0.623197615146637,C,0.9669109582901,False,True,True,True,[0.03968437 0.6231976  0.33487922 0.00223884],[3.4872254e-03 2.9198181e-02 9.6691096e-01 4.0367566e-04],0.8643686175346375,0.33487922,0.96691096,0.63203174,0.8491411805152893,0.6917934417724609,0.7624338269233704,0.8491412401199341,0.6917934417724609,0.7624338269233704
1799,جاذبه در زمین ناشی از,"['جرم زمین است.', 'چرخش زمین است.', 'تحرک زمین است.', 'الگوهای آب و هوایی در زمین است.']",A,نیروی گرانش زمین به دلیل وجود جرم در این سیاره ایجاد می‌شود و اجسام را به سمت خود می‌کشاند.,B,0.983161687850952,A,0.9957861304283142,False,True,True,True,[1.3976197e-02 9.8316169e-01 1.1009690e-04 2.7520761e-03],[9.9578613e-01 4.0319702e-03 2.5521224e-05 1.5633645e-04],0.7647982239723206,0.013976197,0.99578613,0.981809933,0.8842283487319946,0.7331054210662842,0.8016064167022705,0.8832405209541321,0.7351040840148926,0.8023924231529236
1800,یک کلاس در حال یادگیری دربارهٔ الگوی روز و شب در زمین بود. کدام بخش از زمین به طور همزمان شب را تجربه می‌کند؟,"['کمتر از ۱/۴', 'حدود ۱/۲', 'حدود ۳/۴', 'تقریباً همه']",B,زمین به دو نیم تقسیم می‌شود؛ یک نیم در سمت خورشید و نیم دیگر در سمت مخالف، که باعث تجربه همزمان روز و شب می‌شود.,D,0.7572340965270996,B,0.7910691499710083,False,True,True,True,[0.07919078 0.13056353 0.03301163 0.7572341 ],[8.7879840e-03 7.9106915e-01 1.2933301e-04 2.0001361e-01],0.8415650129318237,0.13056353,0.79106915,0.66050562,0.8620885610580444,0.6987935304641724,0.7718992829322815,0.862088680267334,0.6987935304641724,0.7718993425369263
1801,یک کلاس علوم زمین در حال برنامه‌ریزی یک سفر میدانی به یک معدن برای جستجوی فسیل‌ها است. کدام یک از موارد زیر برای دانش‌آموزان در طول سفر میدانی مهم خواهد بود تا از آسیب ناشی از تابش خورشیدی جلوگیری کنند؟,"['ضدعفونی\u200cکننده', 'کرم ضد آفتاب', 'عینک ایمنی', 'پوشش گوش']",B,محافظت از پوست در برابر اشعه‌های مضر خورشید برای جلوگیری از آسیب و سوختگی ضروری است، بنابراین استفاده از محافظت کننده مناسب اهمیت دارد.,C,0.6740989089012146,B,0.9697601795196532,False,True,True,True,[0.16911253 0.14924128 0.6740989  0.0075473 ],[2.9513899e-02 9.6976018e-01 4.0804056e-04 3.1778231e-04],0.768625020980835,0.14924128,0.96976018,0.8205188999999999,0.8407794237136841,0.7392270565032959,0.786739706993103,0.8351981043815613,0.7360475659370422,0.7824944853782654
1802,در کدام رویداد بیولوژیکی انرژی شیمیایی به انرژی مکانیکی تبدیل می‌شود؟,"['فتوسنتز', 'حرکت عضلانی', 'زیست\u200cنورانی', 'انتقال پیام عصبی']",B,در فرآیند حرکت، انرژی شیمیایی ذخیره شده در ATP به انرژی مکانیکی تبدیل می‌شود و موجب حرکت می‌گردد.,B,0.6178816556930542,B,0.9891088008880616,True,True,True,True,[0.37623096 0.61788166 0.00118814 0.00469919],[9.7729359e-03 9.8910880e-01 2.0926933e-04 9.0902456e-04],0.882830798625946,0.61788166,0.9891088,0.37122714,0.8768560290336609,0.7586991190910339,0.8135095834732056,0.8610342144966125,0.7473618984222412,0.8001812100410461
1803,کدام مرحله باید در یک تحقیق علمی ابتدا انجام شود؟,"['نتیجه\u200cگیری را آماده کنید', 'سوالی مطرح کنید', 'آزمایش را انجام دهید', 'انتخاب تجهیزات مناسب']",B,ابتدا باید یک سوال یا مسئله مشخص مطرح شود تا روند تحقیق شکل گیرد.,B,0.993775486946106,B,0.9987459182739258,True,True,True,True,[0.00167166 0.9937755  0.0035389  0.00101391],[1.0239707e-03 9.9874592e-01 1.0792572e-04 1.2229585e-04],0.8725123405456543,0.9937755,0.99874592,0.0049704199999999,0.8932691812515259,0.6183696985244751,0.7308235168457031,0.8932691812515259,0.6183696985244751,0.7308235168457031
1804,کدام جفت ابزار میتوانند برای اندازه‌گیری احساس سرما ناشی از باد استفاده شوند؟,"['بارومتر و نشانگر باد', 'نشانگر باد و آنemometer', 'ترمومتر و بارومتر', 'آنemometer و ترمومتر']",D,برای اندازه‌گیری احساس سرما ناشی از باد، باید سرعت باد و دما را اندازه گرفت که با دو ابزار خاص امکان‌پذیر است.,D,0.7343279123306274,D,0.8420923352241516,True,True,True,True,[0.18566717 0.07739759 0.00260734 0.7343279 ],[6.8853661e-02 8.8409856e-02 6.4410624e-04 8.4209234e-01],0.8876455426216125,0.7343279,0.84209234,0.1077644399999999,0.7957123517990112,0.6922736167907715,0.7403976917266846,0.7957123517990112,0.6922736167907715,0.7403976917266846
1805,بایسون‌ها حیوانات چراکننده هستند. آن‌ها در دشت‌ها حرکت می‌کنند و علف می‌خورند. اگر تعداد زیادی بایسون در یک منطقه وجود داشته باشد، احتمالاً,"['شکارچیان کمتری برای بایسون\u200cها وجود خواهند داشت.', 'حیوانات بزرگ چراکننده\u200cی دیگری نیز وجود خواهد داشت.', 'درختچه\u200cهای بلند و درختان زیادی موجود خواهد بود.', 'علف کمتری و خاک خالی بیشتری وجود خواهد داشت.']",D,با افزایش تعداد بایسون‌ها، مقدار علف‌ها کاهش یافته و خاک خالی بیشتری در منطقه ایجاد می‌شود.,A,0.3878985643386841,D,0.9597977995872498,False,True,True,True,[0.38789856 0.08655187 0.18323031 0.34231928],[3.7142783e-02 2.7329852e-03 3.2640854e-04 9.5979780e-01],0.7189961075782776,0.34231928,0.9597978,0.61747852,0.7103990316390991,0.6348974108695984,0.6705295443534851,0.7126842737197876,0.6464571952819824,0.6779572367668152
1806,کدام یک احتمالاً نتیجه افزایش جریان بالایی در یک منطقه ساحلی خواهد بود؟,"['زندگی آبی بیشتر', 'مواد مغذی کمتر در آب', 'دمای بالاتر آب', 'نیتروات\u200cهای کمتر']",A,افزایش جریان بالایی در مناطق ساحلی معمولاً منجر به تغییراتی در دمای آب می‌شود. با آوردن آب سردتر به سطح، این جریان‌ها اغلب باعث کاهش دما می‌شوند؛ بنابراین، افزایش دمای آب در نتیجه این فرآیند چندان محتمل نیست و گزینه‌ای که دمای بالاتر را پیشنهاد می‌دهد، صحیح است.,A,0.9590053558349608,C,0.0471883714199066,True,False,False,False,[0.95900536 0.00835393 0.02915809 0.00348244],[4.7188371e-02 9.9478615e-04 9.5151341e-01 3.0339265e-04],0.8765437006950378,0.95900536,0.047188371,-0.911816989,0.8198591470718384,0.7126938104629517,0.7625296711921692,0.8130565285682678,0.7085729837417603,0.7572275400161743
1807,کدام یک از بیانات به بهترین وجه فرایند تنفس را توصیف می‌کند؟,"['اکسیژن و قند در فرایندی که انرژی را به سلول\u200cها می\u200cدهد استفاده می\u200cشوند؛ آب و دی\u200cاکسید کربن محصولات زائد آن هستند.', 'آب و قند در فرایندی که انرژی را به سلول\u200cها می\u200cدهد استفاده می\u200cشوند؛ اکسیژن و دی\u200cاکسید کربن محصولات زائد آن هستند.', 'اکسیژن و دی\u200cاکسید کربن در فرایندی که انرژی را به سلول\u200cها می\u200cدهد استفاده می\u200cشوند؛ قند و آب محصولات زائد آن هستند.', 'دی\u200cاکسید کربن و قند در فرایندی که انرژی را به سلول\u200cها می\u200cدهد استفاده می\u200cشوند؛ آب و اکسیژن محصولات زائد آن هستند.']",A,تنفس سلولی فرآیندی است که در آن اکسیژن و قند برای تولید انرژی استفاده می‌شوند و آب و دی‌اکسید کربن تولید می‌شوند.,A,0.9217608571052552,A,0.9984207153320312,True,True,True,True,[0.92176086 0.06638204 0.00805305 0.00380399],[9.9842072e-01 7.1881345e-04 6.3435070e-04 2.2618470e-04],0.8786765933036804,0.92176086,0.99842072,0.07665986,0.8947039842605591,0.6870948076248169,0.7772751450538635,0.8958854675292969,0.694502592086792,0.7824439406394958
1808,سؤالی: شخصی که در یک چرخ و فلک در حال حرکت سوار است به طور مداوم در حال تغییر است,"['A) جرم.', 'B) سرعت.', 'C) نیروی خالص.', 'D) نرخ چرخش.']",C,سرعت شخص در چرخ و فلک به دلیل تغییر جهت حرکت، مداوماً تغییر می‌کند.,B,0.6100571751594543,B,0.0036588478833436,False,False,False,False,[0.05027254 0.6100572  0.01440332 0.32526702],[0.01858116 0.8848601  0.00365885 0.09289997],0.8274133205413818,0.01440332,0.00365885,-0.01074447,0.834822416305542,0.671890377998352,0.7445468902587891,0.8348224759101868,0.671890377998352,0.7445468902587891
1809,کدام عمل باعث می‌شود که شکر به یک ماده جدید تبدیل شود؟,"['پختن شکر روی اجاق', 'ریختن شکر از طریق توری', 'حل کردن یک قند در آب', 'خرد کردن یک قند به قطعات']",A,حرارت دادن شکر باعث تجزیه و تبدیل آن به ترکیبات جدید می‌شود.,C,0.8183637261390686,A,0.9700461626052856,False,True,True,True,[0.06717539 0.09773961 0.8183637  0.01672128],[0.97004616 0.01218725 0.01564874 0.00211783],0.7846227288246155,0.06717539,0.97004616,0.90287077,0.7954149842262268,0.6510204076766968,0.716010332107544,0.8005359172821045,0.6559890508651733,0.7210900187492371
1810,بیماری‌های عفونی می‌توانند از موجودی به موجود دیگر منتقل شوند، به جز موارد زیر:,"['گزش حشرات.', 'غذای آسیب دیده.', 'به\u200cصورت ژنتیکی از والدین.', 'پاتوژن\u200cها در هوا.']",C,انتقال بیماری‌های عفونی از طریق عوامل بیماری‌زا مانند باکتری‌ها و ویروس‌ها است، نه از طریق ژنتیک.,A,0.6027942299842834,C,0.9819797277450562,False,True,True,True,[0.60279423 0.08221917 0.28473982 0.03024674],[1.4910574e-02 2.6733188e-03 9.8197973e-01 4.3640728e-04],0.8301593661308289,0.28473982,0.98197973,0.6972399100000001,0.8458288311958313,0.6049808263778687,0.705413281917572,0.8458288311958313,0.6049808263778687,0.705413281917572
1811,کدام روش امن‌ترین راه برای تماشای کسوف خورشید است؟,"['بعد از دو یا سه دقیقه به سمت دیگری بچرخید.', 'به خورشید از طریق یک تلسکوپ بلند نگاه کنید.', 'تصویری را از طریق یک سوراخ سوزنی بر روی یک صفحه نمایش بیندازید.', 'به طور مرتب پلک بزنید تا چشمانتان به نور عادت کند.']",C,استفاده از تصویر سوراخ سوزنی روی صفحه نمایش، روشی امن برای تماشای کسوف است زیرا چشم‌ها در معرض خطر آسیب قرار نمی‌گیرند.,A,0.8260753154754639,C,0.9732397198677064,False,True,True,True,[0.8260753  0.12594263 0.03608317 0.01189897],[2.2977985e-02 3.1097324e-03 9.7323972e-01 6.7252677e-04],0.8018215894699097,0.03608317,0.97323972,0.93715655,0.8576031923294067,0.676594614982605,0.7564210295677185,0.8576031923294067,0.676594614982605,0.7564210295677185
1812,گل‌های صبح‌گاهی از گیاهانی هستند که تنوع زیادی در ژن‌های رنگ گل دارند. هنگامی که یک گل سفید در یک جمعیت به‌طور مستقل از صفت رنگ گل سفید ظاهر می‌شود، محتمل‌ترین منبع آن چیست؟,"['جهش ژنتیکی', 'پرورش انتخابی', 'دوبرابری ژنوم', 'هماهنگی جنسی']",A,ظهور گل سفید در جمعیتی که قبلاً چنین صفت رنگی نداشت، احتمالاً نتیجه [MASK] است که منجر به تغییر در تولید یا نوع رنگدانه‌های گل شده و به دلیل خطاهای تصادفی در تکثیر DNA یا عوامل جهش‌زا رخ می‌دهد.,A,0.9232163429260254,A,0.987166702747345,True,True,True,True,[9.2321634e-01 7.5634345e-02 3.0910029e-04 8.4022165e-04],[9.8716670e-01 1.2426595e-02 1.1444498e-04 2.9224547e-04],0.8224145770072937,0.92321634,0.9871667,0.0639503599999999,0.900865912437439,0.7452476620674133,0.8157009482383728,0.8908281326293945,0.7357720136642456,0.8059096932411194
1813,زمانی که نور سفید بر روی پیراهن پیتر می‌تابد، پیراهن آبی به نظر می‌رسد. چرا پیراهن آبی به نظر می‌رسد؟,"['تمام نور سفید را جذب کرده و بیشتر آن را به نور آبی تبدیل می\u200cکند.', 'قسمت آبی نور را بازتاب می\u200cدهد و بیشتر بقایای نور را جذب می\u200cکند.', 'فقط قسمت آبی نور را جذب می\u200cکند.', 'نور آبی مخصوص به خود را ساطع می\u200cکند.']",B,پیراهن آبی به نظر می‌رسد زیرا نور آبی را بازتاب می‌دهد و بیشتر نورهای دیگر را جذب می‌کند.,A,0.837838888168335,B,0.7529543042182922,False,True,True,True,[0.8378389  0.14645016 0.01362199 0.002089  ],[2.4444847e-01 7.5295430e-01 1.8663872e-03 7.3088770e-04],0.7830771803855896,0.14645016,0.7529543,0.60650414,0.697385311126709,0.5582805871963501,0.62012779712677,0.6979952454566956,0.556291937828064,0.6191390752792358
1814,پرسش: کدام فرایند زمانی رخ می‌دهد که آب مایع به بخار آب تبدیل شود؟,"[' الف) تراکم', 'ب) حمل و نقل', 'ج) تبخیر', 'د) انباشت']",C,تبخیر زمانی رخ می‌دهد که آب مایع به بخار تبدیل شود.,C,0.9788230061531068,C,0.9815519452095032,True,True,True,True,[0.00654393 0.00240738 0.978823   0.01222568],[0.00743592 0.00146422 0.98155195 0.00954791],0.8271613121032715,0.978823,0.98155195,0.0027289499999999,0.8340226411819458,0.606253981590271,0.7021283507347107,0.8340226411819458,0.606253981590271,0.7021283507347107
1815,کدام بیومولوکول دارای پیوند کربن-نیتروژن نیست؟,"['پروتئین', 'پپتید', 'اسید نوکلئیک', 'کربوهیدرات']",D,[MASK]‌ها فقط از کربن، هیدروژن و اکسیژن تشکیل شده‌اند.,C,0.7377477884292603,C,0.0738801211118698,False,False,False,False,[0.05344227 0.02227805 0.7377478  0.18653186],[0.25786695 0.04481056 0.62344235 0.07388012],0.6442872285842896,0.18653186,0.07388012,-0.11265174,0.820259690284729,0.6102041006088257,0.6998091340065002,0.8169746398925781,0.5989317893981934,0.6911644339561462
1816,کدام یک از موارد زیر ویژگی عناصر است؟,"['آنها در هنگام واکنش با اسیدها تجزیه می\u200cشوند.', 'آنها می\u200cتوانند با جریان الکتریکی تغییر کنند.', 'آنها همیشه فلزات هستند.', 'آنها نمی\u200cتوانند به مواد کوچکتر تقسیم شوند.']",D,عناصر مواد خالصی هستند که به مواد کوچکتر قابل تقسیم نیستند.,A,0.7923269867897034,D,0.9673946499824524,False,True,True,True,[0.792327   0.17817864 0.00538053 0.02411386],[2.9557139e-02 2.7492421e-03 2.9896622e-04 9.6739465e-01],0.8274177312850952,0.02411386,0.96739465,0.94328079,0.8211030960083008,0.6172775030136108,0.7047487497329712,0.8211030960083008,0.6172775030136108,0.7047487497329712
1817,با رشد جمعیت انسانی، تقاضا برای منابع طبیعی افزایش می‌یابد. کدام فعالیت منابع طبیعی را هدر می‌دهد؟,"['خاموش کردن چراغ\u200cها', 'استفاده از حمل و نقل عمومی', 'دور انداختن قوطی\u200cهای آلومینیومی', 'باز کردن پنجره\u200cها برای خنک کردن خانه']",C,دور انداختن بی‌رویه برخی مواد، منابع طبیعی را هدر می‌دهد و موجب افزایش زباله و آلودگی می‌شود.,B,0.5311794281005859,C,0.4496651589870453,False,True,True,True,[0.3665028  0.5311794  0.03862911 0.06368864],[0.24068843 0.27273571 0.44966516 0.03691076],0.7467586398124695,0.03862911,0.44966516,0.41103605,0.7039809226989746,0.5959962010383606,0.6455036401748657,0.7029159069061279,0.598388671875,0.6464542150497437
1818,کدام مثال بهترین تصویر از ساختارهایی را نشان می‌دهد که سیستم گوارشی در بدن انسان را تشکیل می‌دهند؟,"['قلب، خون، رگ\u200cها', 'بینی، نای، ریه\u200cها', 'مغز، نخاع، اعصاب', 'مری، معده، روده\u200cها']",D,ساختارهایی که در هضم و جذب مواد غذایی نقش دارند، شامل مری، معده و روده‌ها می‌شوند.,D,0.8445433378219604,D,0.9920267462730408,True,True,True,True,[1.2951492e-01 2.5503000e-02 4.3880334e-04 8.4454334e-01],[5.1651676e-03 2.7647149e-03 4.3312568e-05 9.9202675e-01],0.8423119783401489,0.84454334,0.99202675,0.1474834099999999,0.8766822814941406,0.7463635802268982,0.8062910437583923,0.8766822814941406,0.7463635802268982,0.8062910437583923
1819,کدام‌یک از این عبارات بهترین توصیف‌کننده‌ی اتم‌هاست؟,"['دو یا چند عنصر ترکیب شده', 'کوچک\u200cترین واحدهای یک عنصر', 'ذرات درون هسته', 'اشکال مختلف یک عنصر']",B,[MASK] که خواص آن را حفظ می‌کنند.,B,0.5833629965782166,A,0.2928975224494934,True,False,False,False,[0.40250838 0.583363   0.0018786  0.01225003],[0.7026246  0.29289752 0.00156119 0.00291669],0.5108450651168823,0.583363,0.29289752,-0.2904654799999999,0.766447126865387,0.44539743661880493,0.5633950233459473,0.7571081519126892,0.4311068654060364,0.5493863224983215
1820,چندین گونه ماهی در یک آکواریوم کلاس درس زندگی می‌کنند. دانش‌آموزان متوجه می‌شوند که آبشش‌های یک نوع ماهی سریع‌تر از آبشش‌های سایر ماهی‌ها حرکت می‌کند. کدام یک از این بیانیه‌ها بهترین فرضیه برای این مشاهده است؟,"['ماهی\u200cها دارای قلب دو محفظه\u200cای هستند.', 'برخی از ماهی\u200cها بسیار بزرگتر از سایرین هستند.', 'ماهی\u200cها به مقدارهای مختلفی از اکسیژن نیاز دارند.', 'در آکواریوم شش نوع ماهی وجود دارد.']",C,نیاز متفاوت ماهی‌ها به اکسیژن، دلیل مناسبی برای مشاهده حرکت سریع‌تر آبشش‌های یک نوع ماهی است.,A,0.5516818761825562,C,0.6216641068458557,False,True,True,True,[0.5516819  0.00416307 0.43133187 0.01282316],[3.7705836e-01 8.8489387e-04 6.2166411e-01 3.9266926e-04],0.8660826086997986,0.43133187,0.62166411,0.1903322399999999,0.7642508149147034,0.609684944152832,0.6782736778259277,0.7647475004196167,0.6131967306137085,0.6806381344795227
1821,زمانی که یک شاتل فضایی به دور زمین می‌چرخد و به خانه برمی‌گردد، نیرویی در برابر حرکت آن وجود دارد. منبع این نیروی مخالف چیست؟,"['اصطکاک ناشی از جو', 'سرعت شاتل', 'جرم شاتل', 'گراویته زمین']",A,نیروی مخالف حرکت شاتل فضایی هنگام بازگشت به زمین، ناشی از اصطکاک با جو زمین است که باعث کاهش سرعت آن می‌شود.,D,0.7537634968757629,A,0.9976595640182496,False,True,True,True,[2.4471118e-01 1.4551058e-03 7.0216542e-05 7.5376350e-01],[9.9765956e-01 1.3416962e-04 4.0919422e-05 2.1653881e-03],0.963658571243286,0.24471118,0.99765956,0.75294838,0.8674165606498718,0.7014977931976318,0.7756838798522949,0.8688454627990723,0.7019656896591187,0.7765411138534546
1822,کم‌خونی گوشه‌ای حالتی است که شکل گلبول‌های قرمز خون را تحت تأثیر قرار می‌دهد. فردی که تحت تأثیر قرار نگرفته است می‌تواند با ژنوتیپ AA نشان داده شود. فردی که تحت تأثیر قرار گرفته است می‌تواند با ژنوتیپ SS نشان داده شود. افرادی که ناقل هستند، ژنوتیپ AS دارند. بهترین توصیف از کم‌خونی گوشه‌ای چیست؟,"['آلل\u200cهای متعدد', 'عدم تسلط کامل', 'هتروزیگوت غالب', 'هتروزیگوت مغلوب']",B,نشان‌دهنده [MASK] است، زیرا فرد ناقل علائمی از بیماری را نشان نمی‌دهد ولی می‌تواند آن را منتقل کند.,D,0.4736824333667755,C,0.0063645751215517,False,False,False,False,[0.36890426 0.03857964 0.11883365 0.47368243],[0.11459136 0.00636458 0.846722   0.03232198],0.537628173828125,0.03857964,0.00636458,-0.03221506,0.8516225814819336,0.561631977558136,0.6768752336502075,0.8431344628334045,0.5490950345993042,0.6650640964508057
1823,در ابتدای یک کلاس علوم، معلم یک شیشه کوچک مهر و موم شده را باز کرد و آن را روی میزی قرار داد. محتوای شیشه در طول کلاس در اتاق پخش شد. کدام یک از موارد زیر احتمالاً در شیشه وجود داشت؟,"['الیاف پارچه\u200cای', 'گاز اکسیژن', 'آب نمک', 'برفک\u200cها']",B,محتویات باید به شکل گاز یا بخار بوده باشد تا در اتاق پخش شود.,A,0.9299770593643188,B,0.9657586812973022,False,True,True,True,[0.92997706 0.02485576 0.03616492 0.00900216],[0.01536802 0.9657587  0.01356223 0.00531105],0.713411808013916,0.02485576,0.9657587,0.94090294,0.8618951439857483,0.6996390223503113,0.7723371982574463,0.8623541593551636,0.6978362798690796,0.7714212536811829
1824,دو دانش‌آموز متوجه می‌شوند که صورت فلکی عقرب درست بالای سر آن‌هاست هنگامی که وارد یک ساختمان می‌شوند. وقتی چند ساعت بعد ساختمان را ترک می‌کنند، عقرب دیگر درست بالای سرشان نیست. کدام یک از این جملات توضیح می‌دهد که چرا عقرب در موقعیت متفاوتی به نظر می‌رسد؟,"['زمین حول محور خود می\u200cچرخد.', 'زمین به دور خورشید می\u200cچرخد.', 'ستاره\u200cها در حال حرکت در فضا هستند.', 'جاذبه ماه ستاره\u200cها را جذب می\u200cکند.']",A,چرخش زمین حول محور خود باعث تغییر موقعیت ظاهری ستارگان در آسمان می‌شود، بنابراین صورت فلکی عقرب در موقعیت متفاوتی به نظر می‌رسد.,A,0.9948908090591432,A,0.999652862548828,True,True,True,True,[9.9489081e-01 1.3049417e-03 2.5695824e-04 3.5471993e-03],[9.99652863e-01 1.82859483e-04 4.62341195e-05 1.18062955e-04],0.8825106620788574,0.99489081,0.999652863,0.0047620529999999,0.8210158944129944,0.70746248960495,0.7600211501121521,0.8210158944129944,0.70746248960495,0.7600211501121521
1825,در چرخه زندگی قورباغه، کدام یک از موارد زیر بهترین توصیف را بعد از مرحله لارو ارائه می‌دهد؟,"['دم رشد می\u200cکند و آبشش\u200cها ناپدید می\u200cشوند.', 'آبشش\u200cها شکل می\u200cگیرند و پاهای جلو ظاهر می\u200cشوند.', 'پاهای عقبی رشد می\u200cکنند و ریه\u200cها ناپدید می\u200cشوند.', 'ریه\u200cها شکل می\u200cگیرند و دم کوتاه\u200cتر می\u200cشود.']",D,در مرحله بعد از لارو، [MASK],B,0.7301561832427979,B,0.0204184502363204,False,False,False,False,[0.20919326 0.7301562  0.04119259 0.019458  ],[0.28407872 0.68146944 0.01403338 0.02041845],0.5537081956863403,0.019458,0.02041845,0.00096045,0.696077823638916,0.48618680238723755,0.5725010633468628,0.7136976718902588,0.48201969265937805,0.5754141807556152
1826,سوال: کدام جفت از موجودات بیشترین نفع را از یکدیگر می‌برند؟,"['الف) پرندگان بر روی یک درخت آشیانه می\u200cسازند', 'ب) کرم\u200cها ریشه\u200cهای یک گیاه را می\u200cخورند', 'ج) سنجاب\u200cها دانه\u200cها را از یک درخت دفن می\u200cکنند', 'د) گوزن\u200cها شاخ\u200cهای خود را بر روی یک درخت خراشیده می\u200cکنند']",C,سنجاب‌ها با دفن کردن دانه‌ها، به پراکندگی درختان کمک می‌کنند و در عین حال دانه‌ها را برای آینده ذخیره می‌کنند.,A,0.4621168375015259,C,0.8892093300819397,False,True,True,True,[0.46211684 0.11593217 0.06205402 0.35989696],[0.07242273 0.01448546 0.88920933 0.02388248],0.8208128213882446,0.06205402,0.88920933,0.82715531,0.9262769222259521,0.7131445407867432,0.8058565855026245,0.9262768626213074,0.7131445407867432,0.8058565855026245
1827,زمانی که یک اکوسیستم از جانشینی اولیه به جانشینی ثانویه گونه‌های گیاهی منتقل می‌شود، چه چیزی احتمالاً کاهش می‌یابد؟,"['نرخ فرسایش', 'تنوع گیاهی', 'فعالیت حیوانات', 'ضخامت خاک']",A,با افزایش پوشش گیاهی و ریشه‌ها، فرسایش خاک کاهش می‌یابد.,B,0.7506126761436462,A,0.9940873384475708,False,True,True,True,[0.2427382  0.7506127  0.00213317 0.00451592],[9.9408734e-01 3.1255742e-03 2.8785544e-05 2.7583095e-03],0.5699285268783569,0.2427382,0.99408734,0.75134914,0.6885623931884766,0.5176187753677368,0.5909772515296936,0.6858932971954346,0.5199371576309204,0.5914950966835022
1828,دانش‌آموزان طراحی‌های مختلف بال‌های هواپیمای مدل را آزمایش می‌کنند تا تعیین کنند کدام طراحی اجازه می‌دهد که بیشترین فاصله پرواز حاصل شود. آزمایش‌های پرواز در یک سالن ورزشی انجام می‌شود. کدام یک از واحدهای SI زیر برای اندازه‌گیری فاصله پرواز مناسب‌ترین است؟,"['پا', 'متر', 'مایل', 'کیلومتر']",B,برای اندازه‌گیری فاصله پرواز در یک سالن ورزشی، واحدی مناسب است که متناسب با ابعاد کوچک آنجا باشد، نه واحدهای خیلی بزرگ یا غیر SI.,B,0.9965993762016296,B,0.7781644463539124,True,True,True,False,[2.8047152e-03 9.9659938e-01 2.6087917e-04 3.3497543e-04],[2.2121286e-01 7.7816445e-01 3.5960480e-04 2.6309249e-04],0.9126136302947998,0.99659938,0.77816445,-0.21843493,0.8191251754760742,0.6948316097259521,0.7518762350082397,0.8200187683105469,0.6995701193809509,0.755020797252655
1829,هنگام برآورد کردن مقدار مصالح ساختمانی، بهتر است برای برخی از ضایعات و خطاها مجوز داده شود تا اینکه به ازای عدم سفارش کافی مصالح، تأخیر ایجاد شود. یک مهندس در حال برآورد تعداد بسته‌های شیروانی مورد نیاز برای یک منطقه سقف به مساحت تقریباً ۲۰۰۰ فوت مربع است. در شیروانی، یک مربع معادل ۱۰۰ فوت مربع است و هر بسته یک سوم یک مربع را پوشش می‌دهد. کدام یک از گزینه‌های زیر به نزدیک‌ترین تعداد بسته‌هایی که مهندس باید سفارش دهد، نزدیک‌تر است؟,"['23', '43', '63', '۸۳ ۳۳۱']",C,مساحت سقف ۲۰۰۰ فوت مربع یا ۲۰ مربع است. هر بسته یک سوم یک مربع را پوشش می‌دهد، پس به ۶۰ بسته نیاز است. با افزودن مقداری برای ضایعات و خطاها، ۶۳ نزدیک‌ترین گزینه به ۶۰ است.,A,0.4025265276432037,C,0.9963195323944092,False,True,True,True,[0.40252653 0.13068123 0.2766522  0.19014007],[2.7123571e-03 3.2394487e-04 9.9631953e-01 6.4424123e-04],0.9128694534301758,0.2766522,0.99631953,0.7196673299999999,0.8623231053352356,0.673021137714386,0.7560020089149475,0.8623231053352356,0.673021137714386,0.7560020089149475
1830,سام روی توده‌ای از خاک آب ریخت و مشاهده کرد که مقداری از خاک از آن توده فرسایش پیدا کرد. کدام سؤال را می‌تواند بررسی کند تا اطلاعات بیشتری درباره‌ی فرسایش بیاموزد؟,"['چقدر مدت طول می\u200cکشد تا خاک خیس بماند؟', 'کدام نوع حیوانات در خاک زندگی می\u200cکنند؟', 'آیا افزودن آب بیشتر نوع خاک را تغییر می\u200cدهد؟', 'آیا انواع مختلف خاک با سرعت\u200cهای متفاوتی شسته می\u200cشوند؟']",D,سام می‌تواند با بررسی تفاوت در فرسایش انواع خاک، اطلاعات بیشتری درباره عوامل مؤثر بر فرسایش کسب کند.,D,0.7848131656646729,D,0.9780791997909546,True,True,True,True,[0.17580087 0.02675013 0.01263587 0.78481317],[2.0458598e-02 6.1779609e-04 8.4442709e-04 9.7807920e-01],0.7883944511413574,0.78481317,0.9780792,0.1932660300000001,0.7447287440299988,0.613371729850769,0.6726977229118347,0.7447287440299988,0.613371729850769,0.6726977229118347
1831,کدام یک از بیانات ویژگی فیزیکی ماه را به درستی توصیف می‌کند؟,"['الف) ماه از گازهای داغ تشکیل شده است.', 'ب) ماه با بسیاری از حفره\u200cها پوشیده شده است.', 'ج) ماه دارای بسیاری از توده\u200cهای آب مایع است.', 'د) ماه توانایی ساطع کردن نور خود را دارد.']",B,سطح ماه پوشیده از حفره‌های برخوردی ناشی از برخورد شهاب‌سنگ‌ها است.,A,0.8263653516769409,B,0.9834801554679872,False,True,True,True,[0.82636535 0.05962832 0.04643859 0.06756775],[1.41386185e-02 9.83480155e-01 5.83570509e-04 1.79752370e-03],0.7946948409080505,0.05962832,0.983480155,0.923851835,0.8157808184623718,0.5587494373321533,0.66323322057724,0.815780758857727,0.5587493777275085,0.6632331609725952
1832,یک خودروی ۱۵۰۰ کیلوگرمی سرعت خود را به میزان ۲ متر بر ثانیه برای هر ثانیه سفر افزایش می‌دهد. نیروی خالص وارد بر خودرو چیست؟,"['۷۵۰ نیوتن', '۱۵۰۰ نیوتن', '۳۰۰۰ نیوتن', '۶۰۰۰ نیوتن']",C,نیروی خالص وارد بر خودرو برابر با جرم خودرو ضربدر شتاب آن است. با جرم ۱۵۰۰ کیلوگرم و شتاب ۲ متر بر ثانیه مربع، نیروی خالص [MASK] است.,A,0.3632122874259949,C,0.5543789863586426,False,True,True,True,[0.3632123  0.13361834 0.2202994  0.28287002],[0.0836987  0.06518462 0.554379   0.2967377 ],0.9116870760917664,0.2202994,0.554379,0.3340795999999999,0.875252366065979,0.6101646423339844,0.7190546989440918,0.8693894147872925,0.6073668003082275,0.7151325941085815
1833,ملیندا یک شب از پنجره اش بیرون نگاه کرد و یک ستاره بسیار درخشان را درست بالای درختی دید. در اواخر آن شب دوباره به بیرون نگاه کرد و ستاره ناپدید شده بود. کدام گزینه بهترین توضیح را برای آنچه که اتفاق افتاده ارائه می‌دهد؟,"['زمین می\u200cچرخد تا ستاره\u200cها به نظر برسند که حرکت می\u200cکنند.', 'برخی از ستاره\u200cها فقط به مدت چند ساعت در هر شب درخشان هستند.', 'ستاره حتماً سوخته است.', 'برخی از ستاره\u200cها سریع\u200cتر از دیگران حرکت می\u200cکنند.']",A,زمین می‌چرخد و باعث می‌شود ستاره‌ها در آسمان به نظر برسند که حرکت می‌کنند و از دید ناظر ناپدید شوند.,B,0.9888985753059388,A,0.9985905289649964,False,True,True,True,[1.1044835e-02 9.8889858e-01 2.6535094e-05 3.0068200e-05],[9.9859053e-01 1.3158843e-03 4.0997627e-05 5.2641994e-05],0.800065279006958,0.011044835,0.99859053,0.987545695,0.8626142144203186,0.666923999786377,0.7522507905960083,0.8626142144203186,0.666923999786377,0.7522507905960083
1834,کدام بیان یک نظر است؟,"['برخی از ارگانیسم\u200cهای چندسلولی گیاهان هستند.', 'بیشتر ارگانیسم\u200cها چندسلولی هستند.', 'برخی از ارگانیسم\u200cهای چندسلولی سمی هستند.', 'بیشتر ارگانیسم\u200cهای چندسلولی خطرناک هستند.']",D,بیان نظر شخصی درباره ویژگی برخی ارگانیسم‌ها است.,B,0.9046541452407836,B,0.0073574432171881,False,False,False,False,[0.05123685 0.90465415 0.0399033  0.00420578],[0.10316581 0.8637967  0.02568    0.00735744],0.5780027508735657,0.00420578,0.00735744,0.0031516599999999,0.6206134557723999,0.43990957736968994,0.5148663520812988,0.6206134557723999,0.43990957736968994,0.5148663520812988
1835,کدام شکل انرژی می‌تواند از طریق خلاء سفر کند؟,"['حرارتی', 'خورشیدی', 'مکانيکی', 'شیمیایی']",B,انرژی به شکل امواج الکترومغناطیسی نیاز به محیط مادی ندارد.,A,0.5730552077293396,A,0.2413094490766525,False,False,False,False,[0.5730552  0.30673435 0.08788086 0.03232956],[0.7491151  0.24130945 0.0039004  0.00567505],0.846798837184906,0.30673435,0.24130945,-0.0654248999999999,0.8881499767303467,0.6382672786712646,0.7427550554275513,0.8993374109268188,0.6515684723854065,0.7556614279747009
1836,کدام نوع ظرف نوشیدنی بهترین حفاظت از منابع طبیعی را انجام می‌دهد؟,"['بطری شیشه\u200cای', 'فنجان قابل استفاده مجدد', 'کارتن کاغذی', 'بطری یک\u200cبار مصرف']",B,استفاده مجدد از فنجان‌ها موجب کاهش نیاز به تولید و استفاده از منابع طبیعی و کاهش زباله‌های پلاستیکی و کاغذی می‌گردد.,B,0.9676132798194884,B,0.9968550205230712,True,True,True,True,[0.02284515 0.9676133  0.00212493 0.00741673],[2.7781709e-03 9.9685502e-01 1.8905691e-04 1.7760253e-04],0.8747738599777222,0.9676133,0.99685502,0.02924172,0.8690678477287292,0.6614072918891907,0.7511495351791382,0.8690678477287292,0.6614072322845459,0.7511494159698486
1837,یک ظرف آب مایع در طول روز که دما ۳ درجه سانتیگراد بود، در فضای باز قرار داده شد. در شب، دمای خارج به -۲ درجه سانتیگراد کاهش یافت. این تغییر دما احتمالاً باعث شد که آب,"['متراکم شود', 'تبخیر شود', 'به صورت مایع باقی بماند', 'به حالت جامد تبدیل شود']",D,کاهش دما به زیر صفر، باعث کند شدن حرکت مولکول‌ها و تبدیل آب به یخ می‌شود.,D,0.8131199479103088,D,0.8756961822509766,True,True,True,True,[0.10982911 0.07548437 0.00156663 0.81311995],[0.10540728 0.00463127 0.01426532 0.8756962 ],0.8300005197525024,0.81311995,0.8756962,0.06257625,0.727848470211029,0.5738886594772339,0.6417639851570129,0.7278485894203186,0.5738887190818787,0.6417640447616577
1838,دانش‌آموزان به مطالعهٔ انقلاب زمین حول خورشید پرداختند. در کدام ماه فلوریدا بیشترین انرژی نور خورشید را خواهد داشت؟,"['مارس', 'ژوئن', 'سپتامبر', 'دسامبر']",B,زمین در [MASK] نسبت به خورشید کج شده و فلوریدا در معرض تابش مستقیم نور خورشید قرار دارد.,B,0.8921933770179749,B,0.6854873895645142,True,True,True,False,[0.03445922 0.8921934  0.01653372 0.05681365],[0.13498047 0.6854874  0.02657923 0.15295291],0.7965527772903442,0.8921934,0.6854874,-0.206706,0.7142173647880554,0.6141915321350098,0.660438597202301,0.7107517123222351,0.6031644344329834,0.6525532603263855
1839,نقص اصلی استفاده از انرژی خورشیدی برای تولید برق چیست؟,"['دی اکسید کربن تولید می\u200cکنند.', 'آلودگی آب تولید می\u200cکنند.', 'عملیات آن\u200cها هزینه\u200cبر است.', 'خرید آن\u200cها هزینه\u200cبر است.']",D,هزینه‌های نصب و راه‌اندازی سیستم‌های خورشیدی بسیار بالا است.,A,0.9596636295318604,C,0.0040918001905083,False,False,False,False,[0.9596636  0.03283788 0.0030544  0.00444412],[0.20025869 0.003611   0.7920385  0.0040918 ],0.710253894329071,0.00444412,0.0040918,-0.00035232,0.8638822436332703,0.6136652231216431,0.7175871133804321,0.8638822436332703,0.6136652231216431,0.7175871133804321
1840,یک دانشمند درپوش بطری آمونیاک را گم کرد، بنابراین آمونیاک را به یک ظرف تمیز با درب منتقل کرد. برای ایمنی بیشتر باید چه کاری انجام دهد؟,"['بطری آمونیاک قدیمی را بازیافت کند.', 'ظرف جدید را به وضوح علامت گذاری کند.', 'ظرف جدید را گرم کند تا درب آن محکم شود.', 'ظرف جدید را در یخچال نگهداری کند.']",B,برای جلوگیری از حوادث، باید محتویات ظرف جدید به وضوح علامت گذاری شود.,B,0.9771388173103333,B,0.9923452734947203,True,True,True,True,[0.02000449 0.9771388  0.00099596 0.00186071],[7.47376774e-03 9.92345273e-01 7.10159511e-05 1.09991655e-04],0.7157045602798462,0.9771388,0.992345273,0.0152064729999999,0.8309497237205505,0.6010292768478394,0.6975313425064087,0.8309497833251953,0.6010292172431946,0.6975313425064087
1841,در طی فتوسنتز، گیاهان نور خورشید را به چه ماده‌ای برای استفاده به عنوان انرژی تبدیل می‌کنند؟,"['الف) اکسیژن', 'ب) دی\u200cاکسید کربن', 'ج) سولفید آهن', 'د) گلوکز']",D,گیاهان نور خورشید را به گلوکز تبدیل می‌کنند که منبع اصلی انرژی برای رشد و توسعه آن‌ها است.,D,0.848519504070282,D,0.6616783142089844,True,True,True,False,[0.0892588  0.06134661 0.00087506 0.8485195 ],[2.5456397e-02 3.1255469e-01 3.1058956e-04 6.6167831e-01],0.8470063209533691,0.8485195,0.66167831,-0.18684119,0.9041754007339478,0.6867684125900269,0.7806172370910645,0.9041754007339478,0.6867684125900269,0.7806172370910645
1842,برخی از گونه‌های قورباغه اگر محیط بسیار خشک شود، خود را در گل دفن می‌کنند. قورباغه‌ها به نوعی از خواب زمستانی می‌روند. کدامیک از گزینه‌های زیر احتمالاً علامت خروج قورباغه‌ها از گل خواهد بود؟,"['کاهش ساعات روز', 'افزایش دما هوا', 'افزایش بارندگی', 'کاهش فشار هوا']",C,افزایش رطوبت محیطی که با بارندگی همراه است، نشان‌دهنده پایان دوره خشکی و بهبود شرایط برای خروج قورباغه‌ها از حالت خواب زمستانی است.,A,0.624431848526001,C,0.9954166412353516,False,True,True,True,[0.62443185 0.07516267 0.2949607  0.00544477],[4.1971738e-03 3.6674496e-04 9.9541664e-01 1.9436769e-05],0.8570571541786194,0.2949607,0.99541664,0.7004559399999999,0.7123953700065613,0.6153146028518677,0.6603057980537415,0.7067148685455322,0.6138505935668945,0.6570175290107727
1843,کدام ویژگی احتمال کمتری دارد که تحت تأثیر محیط فرد قرار گیرد؟,"['الف) قد', 'ب) وزن', 'ج) رنگ پوست', 'د) رنگ چشم']",D,رنگ چشم بیشتر تحت تأثیر ژنتیک است و کمتر تحت تأثیر عوامل محیطی تغییر می‌کند.,A,0.31180340051651,C,0.2780389189720154,False,False,False,False,[0.3118034  0.10122775 0.27516553 0.3118034 ],[0.07965948 0.04907678 0.5932249  0.27803892],0.8388724327087402,0.3118034,0.27803892,-0.0337644799999999,0.8301703929901123,0.6142393350601196,0.7060646414756775,0.8301703333854675,0.6142393350601196,0.7060646414756775
1844,یک معلم در حال انجام یک تحقیق است و از تجهیزات خاصی برای نگه‌داشتن یک نوار منیزیم (Mg) بر روی شعله یک مشعل بونسون استفاده می‌کند. کدام مشاهده نشان‌دهنده وقوع یک واکنش شیمیایی است؟,"['دمای نوار منیزیم افزایش یافت.', 'شکل نوار منیزیم تغییر کرد.', 'منیزیم سوخت و نور تولید کرد.', 'منیزیم به نظر می\u200cرسد بخار شود.']",C,تولید نور و حرارت هنگام سوختن منیزیم، نشان‌دهنده وقوع یک واکنش شیمیایی است.,C,0.9498619437217712,C,0.9358984231948853,True,True,True,False,[0.03704658 0.01044947 0.94986194 0.00264204],[6.0299236e-02 2.9555785e-03 9.3589842e-01 8.4678747e-04],0.8799210786819458,0.94986194,0.93589842,-0.01396352,0.7464118003845215,0.6329245567321777,0.6849995255470276,0.748471736907959,0.634812593460083,0.6869726777076721
1845,پروپان (C₃H₈) در دمای اتاق گازی است. کدام یک از جملات زیر بهترین توصیف کننده ویژگی های فیزیکی یک نمونه پروپان در دمای اتاق است؟,"['این ماده حجم معینی دارد و شکل ظرف خود را به خود می\u200cگیرد.', 'این ماده حجم نامعینی دارد و شکل ظرف خود را به خود می\u200cگیرد.', 'این ماده حجم معینی دارد و شکل آن وابسته به ظرف خود نیست.', 'این ماده حجم نامعینی دارد و شکل آن وابسته به ظرف خود نیست.']",B,گازها حجم نامعین دارند و شکل ظرف را می‌گیرند.,B,0.3245247602462768,B,0.8683913350105286,True,True,True,True,[0.25274014 0.32452476 0.2863921  0.13634308],[0.012582   0.86839134 0.00150271 0.11752398],0.6309177279472351,0.32452476,0.86839134,0.54386658,0.7798395752906799,0.5430936217308044,0.6402831077575684,0.7798395156860352,0.5430936217308044,0.6402831077575684
1846,دنيس معتقد است که پوسته زمین در همه جای جهان به طور یکنواخت ضخیم است. چارلی می‌گوید که دنيس اشتباه می‌کند، اما او هیچ واقعیتی نمی‌داند که به او در پیروزی در این بحث کمک کند. کدام واقعیت به چارلی کمک خواهد کرد؟,"['زمین به دلیل چرخش خود در قطب\u200cها کمی صاف است.', 'قاره\u200cها توده\u200cهای سنگی ضخیم هستند، بر خلاف بستر اقیانوس\u200cها.', 'زمین دارای یک هسته داخلی جامد و کروی است که عمدتاً از آهن ساخته شده است.', 'صفحات زمین به طور مداوم با سرعت بسیار کمی در حال حرکت هستند.']",B,اگر ضخامت پوسته در قاره‌ها و بستر اقیانوس‌ها متفاوت باشد، می‌توان ثابت کرد که ضخامت پوسته زمین یکنواخت نیست.,A,0.710088849067688,B,0.9557029604911804,False,True,True,True,[0.71008885 0.10932186 0.14037204 0.04021726],[0.03270236 0.95570296 0.00936938 0.00222542],0.8352169990539551,0.10932186,0.95570296,0.8463811,0.8224651217460632,0.6753189563751221,0.7416639924049377,0.8229768872261047,0.6756600141525269,0.7420777678489685
1847,سوار کردن قایق به جلو نیاز به نیرویی دارد که بر نیروی اصطکاک ناشی از آب و باد غلبه کند. کدام عامل بیشتر به غلبه بر نیروهای عمل‌کننده در برابر قایق کمک می‌کند؟,"['طول قایق', 'ارتفاع دیواره\u200cهای قایق', 'وزن پاروزنان در قایق', 'تعداد افرادی که در قایق پارو می\u200cزنند']",D,نیروی محرکه تولیدی با تعداد پاروزنان رابطه مستقیم دارد؛ بنابراین، افزایش تعداد پاروزنان کمک بیشتری به غلبه بر نیروهای مخالف حرکت می‌کند.,C,0.3677917718887329,D,0.7472463250160217,False,True,True,True,[0.25277933 0.09299232 0.36779177 0.28643653],[0.02874841 0.00823656 0.21576877 0.7472463 ],0.6484430432319641,0.28643653,0.7472463,0.46080977,0.6179026961326599,0.5853829979896545,0.601203441619873,0.6193214654922485,0.5876175761222839,0.6030531525611877
1848,حرکت صفحات پوسته زمین به بهترین شکل به عنوان,"['گرایش به افزایش حرکت پوسته در طول زمان.', 'مجموعه\u200cای از رویدادها که به سرعت رخ می\u200cدهند.', 'فرآیند درازمدت و ادامه\u200cدار.', 'فرآیندی که الگوی قابل پیش\u200cبینی دارد.']",C,حرکت صفحات پوسته زمین فرآیندی تدریجی و درازمدت است که در طول میلیون‌ها سال رخ می‌دهد و به تغییرات بزرگی در سطح زمین منجر می‌شود.,A,0.543344259262085,C,0.9829251766204834,False,True,True,True,[0.54334426 0.1544593  0.29083124 0.0113652 ],[1.5887506e-02 8.9631177e-04 9.8292518e-01 2.9098982e-04],0.8443939685821533,0.29083124,0.98292518,0.6920939399999999,0.9353811740875244,0.7756707668304443,0.8480722904205322,0.9357728958129883,0.7840525507926941,0.8532204627990723
1849,برخی مناطق مقدار زیادی انرژی زمین‌گرمایی تولید می‌کنند. تولید این انرژی نشان‌دهنده این است که پوسته در این مناطق:,"['ذخایر بزرگ نفتی دارد.', 'به عمق زمین نفوذ می\u200cکند.', 'غنی از فلزات گرانبهاست.', 'توسط ماگماهای نزدیک گرم می\u200cشود.']",D,گرمای داخلی زمین در این مناطق از طریق ماگماهای نزدیک به سطح زمین تأمین می‌شود.,D,0.4632357358932495,B,0.2978332042694092,True,False,False,False,[0.19310538 0.28096667 0.06269214 0.46323574],[0.05864683 0.63545805 0.00806198 0.2978332 ],0.7949167490005493,0.46323574,0.2978332,-0.16540254,0.8436708450317383,0.6620180606842041,0.7418867349624634,0.8436708450317383,0.6620180606842041,0.7418867349624634
1850,چه زمانی و کجا تعداد ساعات روشنایی روز هر روز بیشترین خواهد بود؟,"['در زمستان نزدیک به خط استوا', 'در تابستان نزدیک به خط استوا', 'در زمستان نزدیک به قطب شمال', 'در تابستان نزدیک به قطب شمال']",D,در تابستان، نزدیک به قطب شمال، خورشید به دلیل کج بودن محور زمین، برای مدت طولانی‌تری در آسمان باقی می‌ماند و روزها طولانی‌تر است.,A,0.4889639019966125,C,0.0310965087264776,False,False,False,False,[0.4889639  0.4889639  0.01308145 0.00899074],[0.03992871 0.01664476 0.91233003 0.03109651],0.7593652606010437,0.00899074,0.03109651,0.02210577,0.8004103899002075,0.6616765260696411,0.7244614362716675,0.7952451109886169,0.6637532114982605,0.7235738635063171
1851,بتسی می‌خواهد متوجه شود آیا بارش باران در شهرش حاوی آلودگی‌ها است. بهترین راه برای بتسی برای جمع‌آوری این اطلاعات این است که به‌طور ذیل عمل کند:,"['یک نمونه در یک روز بارانی.', 'یک نمونه در هر روز در چندین روز بارانی.', 'چندین نمونه جداگانه در یک روز بارانی.', 'چندین نمونه جداگانه در چندین روز بارانی.']",D,جمع‌آوری چندین نمونه در روزهای مختلف بارانی، امکان شناسایی تغییرات و الگوهای آلودگی را فراهم می‌کند و نتایج قابل‌اطمینانی به دست می‌دهد.,D,0.8024538159370422,D,0.8637890815734863,True,True,True,True,[1.8045597e-01 1.6524794e-02 5.6544726e-04 8.0245382e-01],[0.01792737 0.11690114 0.00138241 0.8637891 ],0.638870894908905,0.80245382,0.8637891,0.0613352799999999,0.8211712837219238,0.6379425525665283,0.7180523872375488,0.8211712837219238,0.6379425525665283,0.7180523872375488
1852,تبخیر آب در سطح زمین احتمالاً باعث تشکیل چه چیزی می‌شود؟,"['یخچال\u200cهای طبیعی.', 'کوه\u200cها.', 'گاز طبیعی.', 'سنگ آهک.']",D,تبخیر آب در سطح زمین منجر به تشکیل بخار آب در جو می‌شود که در ارتفاعات سرد شده و به بارش تبدیل می‌شود و در مناطق سردسیر به یخچال‌های طبیعی تبدیل می‌گردد.,A,0.7127504944801331,A,0.0002214585547335,False,False,False,False,[0.7127505  0.09608423 0.01165634 0.17950895],[9.9878818e-01 9.0368919e-04 8.6724416e-05 2.2145855e-04],0.8781651258468628,0.17950895,0.00022145855,-0.17928749145,0.8863329887390137,0.7619812488555908,0.8194664716720581,0.8863329887390137,0.7619812488555908,0.8194664716720581
1853,کدام سوال بهترین کمک را به یک دانش آموز می کند تا ترکیب یک ماده ناشناخته را تعیین کند؟,"['آیا نمونه گرم است یا سرد؟', 'ارزش نمونه چقدر است؟', 'آیا نمونه هرگز مذاب شده است؟', 'آیا نمونه برق را هدایت می کند؟']",D,هدایت الکتریکی می تواند اطلاعات مفیدی در مورد ساختار داخلی و ترکیبات ماده ارائه دهد.,A,0.704275906085968,D,0.9223990440368652,False,True,True,True,[0.7042759  0.01142811 0.26010266 0.02419332],[7.6011464e-02 9.4200863e-04 6.4743240e-04 9.2239904e-01],0.7503793835639954,0.02419332,0.92239904,0.89820572,0.9002339243888855,0.6822220087051392,0.7762104868888855,0.9002339243888855,0.6822220087051392,0.7762104868888855
1854,یک لاستیک خودرو بر روی یک قوطی می‌رود و آن را به‌طور کامل خرد می‌کند. کدام یک از عبارات زیر برای اتم‌های ساختار قوطی صحیح است؟,"['اتم\u200cها شکسته\u200cاند.', 'اتم\u200cها صاف شده\u200cاند.', 'اتم\u200cها همانند قبل باقی می\u200cمانند.', 'اتم\u200cها به اتم\u200cهای متفاوت تبدیل شده\u200cاند.']",C,اتم‌ها نه ایجاد می‌شوند و نه از بین می‌روند؛ فقط مکان آنها تغییر می‌کند.,A,0.4015194177627563,B,0.2980004847049713,False,False,False,False,[0.40151942 0.18966433 0.00729686 0.40151942],[0.20481254 0.3376788  0.29800048 0.15950817],0.6572529077529907,0.00729686,0.29800048,0.29070362,0.8167620301246643,0.620259165763855,0.7050753831863403,0.8167620301246643,0.6202591061592102,0.7050753235816956
1855,کدامیک از ویژگی‌های زیر اتانول یک ویژگی شیمیایی است؟,"['بی\u200cرنگ', 'قابل اشتعال', 'در دمای ۷۸ درجه سانتی\u200cگراد می\u200cجوشد', 'چگالی ۰.۷۹ گرم بر سانتی\u200cمتر مکعب']",B,ویژگی شیمیایی اتانول مربوط به تغییر شیمیایی آن است، لذا اشتعال‌پذیری آن را نشان می‌دهد.,B,0.7314872741699219,B,0.9924874305725098,True,True,True,True,[0.05319615 0.7314873  0.12761094 0.08770563],[5.2284799e-03 9.9248743e-01 1.6974389e-03 5.8661919e-04],0.7332412004470825,0.7314873,0.99248743,0.26100013,0.606266438961029,0.5299331545829773,0.5655356645584106,0.6018979549407959,0.5184120535850525,0.557044267654419
1856,تا به تازگی، تنها بخش کوچکی از DNA بشر شناخته شده بود که عملکرد خاصی دارد. بقیه DNA فکر می شد که اهمیت ندارد. شواهد جدید اکنون نشان می دهد که تمام DNA در عملکردهای خاص ژنی مورد نیاز است. کدام بیانیه به بهترین وجه اهمیت این شواهد جدید را توصیف می کند؟,"['این امر مطالعه DNA را بسیار ساده تر خواهد کرد.', 'این امر ثابت می کند که DNA کمتر از آنچه قبلاً تصور می شد اهمیت دارد.', 'این امر شواهدی فراهم می آورد که نتایج علمی نباید به چالش کشیده شوند.', 'این امر نشان می دهد که دانش علمی مستعد تغییر است.']",D,این شواهد جدید نشان می‌دهد که درک ما از دانش علمی می‌تواند با ظهور اطلاعات جدید تغییر کند.,D,0.6444038152694702,D,0.899570643901825,True,True,True,True,[1.1756653e-02 3.4357977e-01 2.5973830e-04 6.4440382e-01],[6.1087986e-03 9.4076201e-02 2.4438268e-04 8.9957064e-01],0.8055393099784851,0.64440382,0.89957064,0.25516682,0.832902729511261,0.6781564950942993,0.7476058602333069,0.8367812633514404,0.6841526627540588,0.752808690071106
1857,کدام یک از فهرست‌های زیر زمین، مشتری، ماه و خورشید را از بزرگترین تا کوچکترین در ترتیب صحیح قرار داده است؟,"['مشتری، زمین، خورشید، ماه', 'خورشید، مشتری، زمین، ماه', 'خورشید، مشتری، ماه، زمین', 'مشتری، خورشید، زمین، ماه']",B,خورشید بزرگترین است، سپس مشتری، زمین و در نهایت ماه کوچکترین جرم در این فهرست قرار دارد.,A,0.5166943073272705,B,0.9940179586410522,False,True,True,True,[0.5166943  0.45598114 0.01366228 0.01366228],[4.1262964e-03 9.9401796e-01 8.1251597e-04 1.0432912e-03],0.8127303719520569,0.45598114,0.99401796,0.53803682,0.840117335319519,0.6999759674072266,0.7636705040931702,0.8409121632575989,0.7079819440841675,0.7687427997589111
1858,برخی از گیاهان غیر بومی می‌توانند به سرعت بیشتری نسبت به برخی از گیاهان بومی یا محصولات کشاورزی به محیط خود سازگار شوند. کدام یک از این سازگاری‌ها احتمالاً توانایی بقا یک گیاه را کاهش می‌دهد؟,"['داشتن تعداد زیادی دانه', 'داشتن مقاومت در برابر علف\u200cکش\u200cها', 'داشتن ریشه\u200cهایی که به سرعت توسعه می\u200cیابند', 'داشتن برگ\u200cهایی که به آهستگی شکل می\u200cگیرند']",D,گیاهانی که برگ‌هایشان به آهستگی رشد می‌کنند، ممکن است نتوانند به خوبی فتوسنتز کنند و در رقابت با سایر گیاهان ضعیف‌تر باشند.,A,0.5609378814697266,D,0.8643997311592102,False,True,True,True,[0.5609379  0.38402355 0.00917359 0.04586507],[0.09110706 0.005916   0.03857716 0.86439973],0.7446802854537964,0.04586507,0.86439973,0.8185346600000001,0.7519699335098267,0.6383237838745117,0.6905019879341125,0.7503634691238403,0.6382007598876953,0.6897520422935486
1859,لنزهای رنگی عینک آفتابی چه تاثیری بر روی پرتوهای UV خورشید دارند؟,"['جذب می\u200cکنند', 'انحراف می\u200cدهند', 'بازتاب می\u200cکنند', 'شکست می\u200cدهند']",C,لنزهای رنگی پرتوهای مضر UV خورشید را [MASK] تا چشم‌ها را محافظت کنند.,A,0.8885318636894226,A,0.0021667594555765,False,False,False,False,[0.88853186 0.03425084 0.07250903 0.00470834],[0.9761188  0.01814206 0.00216676 0.00357238],0.8689368963241577,0.07250903,0.00216676,-0.07034227,0.8305975198745728,0.6072437763214111,0.7015727758407593,0.7923024892807007,0.578784167766571,0.6689178347587585
1860,یک مهندس در حال تحلیل این است که کدام مناطق در یک شهر ممکن است در صورت بارش شدید باران دچار سیلاب شوند. کدام یک از نقشه‌های زیر برای این تحلیل بهترین است؟,"['نقشه\u200cای که مسیرهای اتوبوس\u200cهای شهری را نشان می\u200cدهد', 'نقشه\u200cای که موقعیت خیابان\u200cها را نشان می\u200cدهد', 'نقشه\u200cای که موقعیت خانه\u200cها را نشان می\u200cدهد', 'نقشه\u200cای که ارتفاعات سطوح زمین را نشان می\u200cدهد']",D,نقشه‌ای که ارتفاعات مناطق مختلف شهر را نشان دهد، برای شناسایی مناطق مستعد سیلاب مناسب‌تر است.,D,0.956761598587036,D,0.9832499623298644,True,True,True,True,[4.1750789e-02 1.4286333e-03 5.8966743e-05 9.5676160e-01],[1.5892755e-02 7.4331410e-04 1.1399090e-04 9.8324996e-01],0.7406643033027649,0.9567616,0.98324996,0.0264883599999999,0.6905705332756042,0.6202550530433655,0.6535268425941467,0.6949928998947144,0.6209806203842163,0.6559054851531982
1861,حذف زغال‌سنگ از پوسته زمین می‌تواند ساختار پوسته را تغییر دهد، گاز متان آزاد کند و آب‌های زیرزمینی را با فلزات سنگین آلوده کند. کدام یک از زیرسیستم‌های زمین بیشتر در معرض تأثیر این عواقب قرار دارد؟,"['جو', 'زیست\u200cکره', 'هیدروسفر', 'لیتوسفر']",B,آب‌های زیرزمینی با فلزات سنگین آلوده می‌شوند که نشان‌دهنده تأثیر بر [MASK] است.,C,0.7216207981109619,C,0.0396285951137542,False,False,False,False,[0.10980294 0.05877328 0.7216208  0.10980294],[0.03086278 0.0396286  0.9054727  0.02403596],0.6543102860450745,0.05877328,0.0396286,-0.0191446799999999,0.7192280292510986,0.5016978979110718,0.5910844802856445,0.6933096647262573,0.4850153625011444,0.5707522630691528
1862,یک فرضیه در یک تحقیق علمی گنجانده می‌شود زیرا,"['نتیجه\u200cگیری را دقیق می\u200cسازد.', 'متغیر را توصیف می\u200cکند.', 'مسئله را بیان می\u200cکند.', 'نتایج را گزارش می\u200cدهد.']",C,فرضیه امکان نتیجه‌گیری دقیق را فراهم می‌کند.,C,0.8008480072021484,A,0.0003870540531352,True,False,False,False,[0.15646912 0.02399532 0.800848   0.01868757],[9.9463069e-01 4.5702094e-03 3.8705405e-04 4.1201687e-04],0.6048252582550049,0.800848,0.00038705405,-0.8004609459500001,0.723518967628479,0.5341262817382812,0.6145620346069336,0.723964273929596,0.5290489792823792,0.6113463640213013
1863,گیاهان گوجه‌فرنگی در آب و هوای گرم رشد می‌کنند. اگر دما به کمتر از ۳۲ درجه فارنهایت برای دو روز متوالی کاهش یابد، احتمالاً چه رخ خواهد داد؟,"['آنها خواهند مرد.', 'آنها مهاجرت خواهند کرد.', 'آنها به خواب زمستانی خواهند رفت.', 'آنها سریع\u200cتر رشد خواهند کرد.']",A,گیاهان گوجه‌فرنگی به سرما حساس هستند و دمای کمتر از ۳۲ درجه فارنهایت برای دو روز متوالی باعث آسیب جدی یا مرگ گیاه می‌شود.,B,0.8128796815872192,B,0.4260372519493103,False,False,False,False,[0.12393084 0.8128797  0.05166206 0.01152736],[0.42603725 0.54704267 0.02121115 0.0057089 ],0.9146919846534728,0.12393084,0.42603725,0.30210641,0.8666918873786926,0.6504837274551392,0.7431821823120117,0.8666918873786926,0.6504837274551392,0.7431821823120117
1864,یک مهندس باید یک نیروگاه بسازد که کمترین آسیب را به محیط زیست برساند. کدام نوع نیروگاه باید ساخته شود؟,"['زغال\u200cسنگ', 'هسته\u200cای', 'برق خورشیدی', 'آبی']",C,نیروگاه خورشیدی انرژی را از نور خورشید تأمین می‌کند و هیچ آلودگی ایجاد نمی‌کند، برخلاف دیگر گزینه‌ها که آلودگی هوا، [MASK] یا تأثیر بر اکوسیستم دارند.,C,0.9637410044670104,C,0.9800876975059508,True,True,True,True,[0.01566896 0.00838699 0.963741   0.012203  ],[1.7950933e-02 1.1475646e-03 9.8008770e-01 8.1374525e-04],0.8377378582954407,0.963741,0.9800877,0.0163467,0.7177587747573853,0.6182444095611572,0.6642953753471375,0.7381561994552612,0.6324629783630371,0.6812344193458557
1865,کدام نظریه در مورد منشاء ماه می‌گوید که ماه زمین به‌وسیلهٔ همان فرایندی شکل گرفته که مریخ، زحل و نپتون را تشکیل داده است؟,"['نظریهٔ برخورد بزرگ', 'نظریهٔ شکافت', 'نظریهٔ گرفتن', 'نظریهٔ هم\u200cافزایشی']",D,نظریه‌ای که منشاء ماه و سیارات دیگر مانند مریخ، زحل و نپتون را با فرآیند مشابهی توضیح می‌دهد، نظریه برخورد بزرگ است که مواد باقی‌مانده از برخوردها را عامل تشکیل آنها می‌داند.,A,0.8225781321525574,A,0.0001318486465606,False,False,False,False,[0.82257813 0.07621339 0.00334858 0.09785993],[9.9973780e-01 1.2386034e-04 6.5643571e-06 1.3184865e-04],0.8675636649131775,0.09785993,0.00013184865,-0.09772808135,0.746611475944519,0.626983642578125,0.6815882921218872,0.746611475944519,0.626983642578125,0.6815882921218872
1866,کدام‌یک از موارد زیر بیشتر احتمال دارد که برای مطالعه‌ی رشد یک حشره در طول زمان استفاده شود؟,"['ساعتی که ثانیه\u200cها را اندازه\u200cگیری می\u200cکند', 'لنز دستی با لنز بزرگ', 'چندین حشره که بر روی حشرات دیگر تغذیه می\u200cکنند', 'آکواریومی شیشه\u200cای با غذایی برای حشره']",D,برای مطالعه رشد حشره، محیطی کنترل‌شده با امکانات تغذیه نیاز است.,A,0.4703377783298492,D,0.8587270379066467,False,True,True,True,[0.47033778 0.22217183 0.05573669 0.2517537 ],[0.08050051 0.04308882 0.01768362 0.85872704],0.8347108960151672,0.2517537,0.85872704,0.6069733399999999,0.7349183559417725,0.5882965922355652,0.653484046459198,0.7349183559417725,0.5882965922355652,0.653484046459198
1867,نوع سازمان‌های روی زمین به دلیل افزایش سطح اکسیژن در جو تغییر کرد. کدام فرایند به این تجمع اکسیژن در جو زمین کمک کرد؟,"['تولید متابولیکی متان', 'تولید نیترات\u200cها از نیتروژن غیرآلی', 'شکست هوایی شکرها برای آزادسازی انرژی', 'تبدیل انرژی نوری به انرژی پیوند شیمیایی']",D,تبدیل انرژی نور خورشید به انرژی شیمیایی توسط گیاهان و برخی جانداران، منجر به آزادسازی اکسیژن به عنوان محصول جانبی شده است.,B,0.3574371933937073,D,0.9805535078048706,False,True,True,True,[0.27837238 0.3574372  0.31543723 0.04875327],[0.01597348 0.00131118 0.00216178 0.9805535 ],0.6672834157943726,0.04875327,0.9805535,0.93180023,0.7572155594825745,0.6212627291679382,0.68253493309021,0.7572155594825745,0.6212626695632935,0.6825348734855652
1868,کدام یک از این فعالیت‌های انسانی به احتمال زیاد در کاهش لایه اوزون نقش داشته است؟,"['ساخت نیروگاه\u200cهای برق آبی', 'جریان آب ناشی از مزارع کودشده', 'سوزاندن سوخت\u200cهای فسیلی', 'رهایی کلروفلورکربن\u200cها از قوطی\u200cهای اسپری']",D,رهایی مواد شیمیایی خاص مانند کلروفلورکربن‌ها از محصولات مختلف به عنوان عامل اصلی تخریب لایه اوزون شناخته شده است.,D,0.4798383116722107,D,0.940125584602356,True,True,True,True,[0.17721353 0.05077253 0.29217574 0.4798383 ],[0.0365953  0.00626072 0.01701839 0.9401256 ],0.8590039610862732,0.4798383,0.9401256,0.4602873,0.8352452516555786,0.639014482498169,0.7240701913833618,0.8352452516555786,0.639014482498169,0.7240701913833618
1869,برنیس برخی از جاندارانی را که در یک مزرعه زندگی می‌کنند، مطالعه کرد. در چه جنبه‌ای یک خرگوش مشابه گیاهی است که می‌خورد؟,"['هر دو برای بقا به انرژی نیاز دارند.', 'هر دو از جانداران دیگر مصرف می\u200cکنند.', 'هر دو از زمین آب جذب می\u200cکنند.', 'هر دو غذای خود را از نور خورشید تولید می\u200cکنند.']",A,هر دو برای انجام فرآیندهای حیاتی خود به انرژی نیاز دارند.,A,0.8985060453414917,A,0.9993281364440918,True,True,True,True,[0.89850605 0.03095608 0.05783357 0.01270435],[9.9932814e-01 2.3391907e-04 3.4035023e-04 9.7511976e-05],0.7193868160247803,0.89850605,0.99932814,0.10082209,0.886760950088501,0.525669276714325,0.6600580215454102,0.886760950088501,0.525669276714325,0.6600580215454102
1870,یک نمونه از یک ماده ناشناخته شکل ظرف خود را به خود می‌گیرد. کدام سوال باید پاسخ داده شود تا اطلاعات اضافی لازم برای تعیین حالت نمونه فراهم شود؟,"['آیا شفاف است؟', 'آیا این نمونه خطرناک است؟', 'دمای این ماده چقدر است؟', 'آیا این ماده به حجم یک ظرف بزرگتر گسترش می\u200cیابد؟']",D,برای تعیین حالت ماده، باید دانست که آیا ماده به حجم یک ظرف بزرگتر گسترش می‌یابد.,C,0.9798866510391236,D,0.9479029178619384,False,True,True,True,[0.01103541 0.00149348 0.97988665 0.00758452],[1.0366994e-02 7.2787725e-04 4.1002255e-02 9.4790292e-01],0.81117844581604,0.00758452,0.94790292,0.9403184,0.8964523673057556,0.6513372659683228,0.7544860243797302,0.8964523673057556,0.6513372659683228,0.7544860243797302
1871,یک دانش‌آموز در حال بررسی دمایی است که در آن تبخیر اتفاق می‌افتد. کدام جمله بهترین نشان‌دهنده این است که تبخیر رخ داده است؟,"['باران از آسمان می\u200cبارد.', 'آسمان از ابرها خالی است.', 'قطرات آب روی چمن ظاهر می\u200cشوند.', 'قطرات آب از روی چمن ناپدید می\u200cشوند.']",D,تبخیر زمانی رخ می‌دهد که مولکول‌های آب از سطح مایع یا مرطوب به هوا منتقل شوند و ناپدید شوند.,D,0.9038458466529846,D,0.9815211892127992,True,True,True,True,[0.08473013 0.00775894 0.00366507 0.90384585],[0.01580296 0.00166562 0.00101025 0.9815212 ],0.7329757809638977,0.90384585,0.9815212,0.07767535,0.7810463905334473,0.6571530103683472,0.7137632966041565,0.781046450138092,0.6571530103683472,0.7137633562088013
1872,اعضای یک گونه از پرندگان به طور جغرافیایی جدا شدند. در طول سال‌ها، دو گروه به دو گونه متفاوت تکامل یافتند. کدام یک از این مشاهدات بهترین شواهدی است که نشان می‌دهد دو گونه جداگانه شکل گرفته است؟,"['هر گروه ترجیح غذایی متفاوتی دارد.', 'هر گروه ترجیح زیستگاهی متفاوتی دارد.', 'هر گروه عادات جفت\u200cگیری متفاوتی دارند.', 'هر گروه در زمان\u200cهای متفاوتی از روز فعال است.']",C,تفاوت در عادات جفت‌گیری نشان می‌دهد که دو گروه از هم جدا شده‌اند و نمی‌توانند فرزندان باروری داشته باشند.,A,0.6566752195358276,C,0.951603889465332,False,True,True,True,[0.6566752  0.24063548 0.08921916 0.01347008],[4.7377568e-02 8.6775044e-04 9.5160389e-01 1.5079240e-04],0.7205539345741272,0.08921916,0.95160389,0.86238473,0.9348454475402832,0.6687549948692322,0.779723584651947,0.9348454475402832,0.6687549948692322,0.779723584651947
1873,کدام فرآیند بهترین مثال برای تغییر ناگهانی در سطح زمین است؟,"['زمین\u200cلغزش\u200cها که سنگ\u200cهای سست را به سمت پایین می\u200cبرند', 'رسوبات که در بستر دریا deposit می\u200cشوند', 'دلتاها که در دهانه رودخانه\u200cها شکل می\u200cگیرند', 'کوه\u200cها که تشکیل می\u200cشوند']",A,زمین‌لغزش‌ها تغییرات ناگهانی در سطح زمین هستند که در اثر حرکت سنگ‌ها و خاک‌های ناپایدار رخ می‌دهد.,A,0.9845638275146484,A,0.9928612112998962,True,True,True,True,[0.9845638  0.0097852  0.00247408 0.00317679],[9.9286121e-01 4.5620785e-03 8.9832657e-04 1.6782950e-03],0.7804775834083557,0.9845638,0.99286121,0.00829741,0.9565699696540833,0.7212737202644348,0.8224232196807861,0.9565699696540833,0.7212737202644348,0.8224232196807861
1874,کدام یک از این سؤالات را نمی‌توان به صورت علمی پاسخ داد؟,"['کدام نوت\u200cهای موسیقی توسط گوش انسانی قابل درک هستند؟', 'کدام نوت\u200cهای موسیقی با هم ترکیب می\u200cشوند تا زیباترین باشند؟', 'کدام فرکانس\u200cها توسط کودکان قابل شنیدن هستند اما بزرگسالان نمی\u200cتوانند آن\u200cها را بشنوند؟', 'کدام فرکانس\u200cها می\u200cتوانند توسط تارهای صوتی انسانی تولید شوند؟']",B,زیبایی‌شناسی موسیقی ذهنی و هنری است و تحت تأثیر فرهنگ و تجربه شخصی قرار دارد، بنابراین تعیین علمی آن امکان‌پذیر نیست.,B,0.5110800266265869,A,0.3705722391605377,True,False,False,False,[0.35125983 0.51108    0.10063762 0.03702252],[0.41991335 0.37057224 0.17504592 0.03446859],0.7300044298171997,0.51108,0.37057224,-0.1405077599999999,0.7650789022445679,0.5602377653121948,0.6468281745910645,0.7650789022445679,0.5602377653121948,0.6468281745910645
1875,چه زمانی یک دانش‌آموز می‌تواند به‌طور ایمن یک آزمایش را در آزمایشگاه علمی آغاز کند؟,"['هنگامی که شما دستورالعمل\u200cها را خوانده\u200cاید', 'پس از اینکه تجهیزات آزمایشگاه خود را بررسی کرده\u200cاید', 'پس از اینکه معلم آزمایشگاه به شما بگوید که شروع کنید', 'پس از اینکه معلم آزمایشگاه دستورالعمل\u200cها را بخواند']",C,زمانی که معلم آزمایشگاه اجازه شروع کار را بدهد، دانش‌آموز می‌تواند به‌طور ایمن آزمایش را آغاز کند.,B,0.8502825498580933,C,0.9780228734016418,False,True,True,True,[0.08961911 0.85028255 0.04796966 0.01212863],[2.0298216e-02 8.9184142e-04 9.7802287e-01 7.8704732e-04],0.7821301817893982,0.04796966,0.97802287,0.93005321,0.7936549186706543,0.5903052091598511,0.677040696144104,0.7936549186706543,0.5903052091598511,0.677040696144104
1876,"برخی از کارخانه‌های کاغذ از ماشین‌آلاتی استفاده می‌کنند که کاغذ را بدون استفاده از چوب تولید می‌کنند و این نوع کاغذ ""کاغذ بدون چوب"" نامیده می‌شود. این ماشین‌ها کاغذ را از موادی مانند پنبه و ضایعات برنج می‌سازند. استفاده از کاغذ بدون چوب بیشترین تأثیر را بر روی کدام مشکل دارد؟","['افزایش استفاده از سوخت\u200cهای فسیلی', 'کاهش تأمین آب', 'از بین رفتن زیستگاه\u200cهای حیوانات', 'آلودگی هوا']",C,استفاده از کاغذ بدون چوب موجب کاهش قطع درختان و حفظ زیستگاه‌های حیوانات می‌شود.,A,0.8958044648170471,C,0.9663419723510742,False,True,True,True,[0.89580446 0.00887701 0.00136133 0.09395719],[3.3260722e-02 1.8007662e-04 9.6634197e-01 2.1721388e-04],0.9296815991401672,0.00136133,0.96634197,0.96498064,0.8450892567634583,0.572982668876648,0.6829293370246887,0.8453018069267273,0.576302170753479,0.6853516101837158
1877,دانش‌آموزی شیء‌ای را از روی یک شیب پایین می‌لغزاند. دانش‌آموز بیان می‌کند که اصطکاک باعث می‌شود شیء به آرامی بلغزد. توضیح دیگری که برای حرکت کند ممکن است وجود داشته باشد این است که,"['شیب ramp کوچک است.', 'سطح ramp صاف است.', 'شیء گرد و صیقلی است.', 'کشیدگی جاذبه بر روی شیء ضعیف است.']",A,شیب کوچک، نیروی گرانش مؤثر را کمتر می‌کند و سرعت حرکت را کاهش می‌دهد.,B,0.6187737584114075,A,0.9817585945129396,False,True,True,True,[0.15767756 0.61877376 0.08439872 0.13914996],[0.9817586  0.01414146 0.00278462 0.00131536],0.8264723420143127,0.15767756,0.9817586,0.82408104,0.7036041617393494,0.5387846231460571,0.6102616786956787,0.7036041617393494,0.5387846231460571,0.6102616786956787
1878,عرضه مس در زمین محدود است. این موضوع چگونه بر نحوه استفاده از مس تأثیر می‌گذارد؟,"['مس باید بازیافت شود.', 'هزینه مس کمتر از سایر مواد است.', 'تقاضا برای مس پایین است.', 'مس جزء محصولات تجاری نیست.']",A,منابع مس محدود هستند، بنابراین بازیافت آن برای استفاده مجدد و کاهش نیاز به استخراج جدید ضروری است.,A,0.862773060798645,A,0.9978083968162536,True,True,True,True,[0.86277306 0.06249907 0.04867433 0.02605349],[9.9780840e-01 1.7132185e-03 2.3921891e-04 2.3921891e-04],0.7666385769844055,0.86277306,0.9978084,0.13503534,0.8168540000915527,0.636972188949585,0.7157846689224243,0.8168541193008423,0.636972188949585,0.7157847881317139
1879,دلایل احتمالی بهتر بودن استفاده از انرژی تولید شده از باد نسبت به سوخت های فسیلی در کیفیت هوا چیست؟,"['الف) تجهیزات مربوط به تولید انرژی بادی کم\u200cهزینه هستند', 'ب) باد آلودگی کمتری نسبت به سوخت\u200cهای فسیلی تولید می\u200cکند', 'ج) انرژی حاصل از باد به راحتی ذخیره می\u200cشود', 'د) باد از سوخت\u200cهای فسیلی کارآمدتر است']",B,استفاده از انرژی بادی موجب کاهش آلودگی هوا می‌شود زیرا تولید انرژی از باد هیچ‌گونه آلاینده‌ای را تولید نمی‌کند.,B,0.7582802772521973,B,0.972867786884308,True,True,True,True,[0.19247366 0.7582803  0.0157992  0.03344691],[0.01566364 0.9728678  0.00308435 0.00838414],0.7158302664756775,0.7582803,0.9728678,0.2145874999999999,0.6971316337585449,0.5503188371658325,0.615086019039154,0.6971316337585449,0.5503188371658325,0.615086019039154
1880,یک دانشمند ماهی‌ای را کشف کرد که ظاهری منحصر به فرد داشت. پس از جمع‌آوری و تجزیه و تحلیل داده‌ها در مورد ماهی و زیستگاه آن، دانشمند تعیین کرد که این ماهی متعلق به یک گونه جدید است. دانشمند باید با این کشف جدید چه کاری انجام دهد؟,"['کشف را با عموم به اشتراک بگذارد', 'تحقیق\u200cهای پس\u200cزمینه\u200cی بیشتری انجام دهد', 'نتایج را دوباره تحلیل کند', 'فرضیه جدیدی ایجاد کند']",A,تحقیقات بیشتر برای اطمینان از صحت یافته‌ها و درک بهتر ویژگی‌های گونه جدید ضروری است.,B,0.7173428535461426,B,0.0158608574420213,False,False,False,False,[0.2644116  0.71734285 0.00332845 0.01491708],[1.5860857e-02 9.8127651e-01 2.2849732e-03 5.7773170e-04],0.8146719932556152,0.2644116,0.015860857,-0.248550743,0.8868774771690369,0.6328728795051575,0.7386485934257507,0.8868774175643921,0.6328728795051575,0.738648533821106
1881,یک دانشمند متوجه می‌شود که یک ماده خاص در درمان آسیب‌های عصبی مفید خواهد بود. بهترین راهی که او می‌تواند نتایج خود را به جامعه علمی منتقل کند چیست؟,"['او می\u200cتواند با دیگر دانشمندانی که در تحقیقات عصبی نیز کار می\u200cکنند تماس بگیرد.', 'او می\u200cتواند نامه\u200cای به بیمارستان\u200cهایی که بیماران دارای آسیب عصبی را درمان می\u200cکنند بنویسد.', 'او می\u200cتواند نتیجه\u200cگیری\u200cهای خود را در وب\u200cسایتی که بر روی سیستم عصبی تمرکز دارد قرار دهد.', 'او می\u200cتواند نتایج خود را در یک نشریه علمی که مسائل مربوط به اعصاب را پوشش می\u200cدهد منتشر کند.']",D,برای انتقال نتایج به جامعه علمی، انتشار در یک نشریه علمی مرتبط، اطمینان حاصل می‌کند که یافته‌ها به صورت رسمی و قابل استناد در اختیار محققان قرار می‌گیرند.,D,0.7184438109397888,D,0.9554016590118408,True,True,True,True,[0.2050351  0.0754282  0.00109287 0.7184438 ],[3.7335489e-02 6.4879353e-03 7.7487336e-04 9.5540166e-01],0.8560578227043152,0.7184438,0.95540166,0.23695786,0.9258702993392944,0.7733665108680725,0.8427749276161194,0.9258701801300049,0.7733665704727173,0.8427748680114746
1882,بارش سالانه نواادا به طور میانگین بین ۲۱ تا ۲۴ سانتی‌متر است. در مقایسه، ایالت واشنگتن به طور میانگین بین ۹۶ تا ۹۷ سانتی‌متر بارش در سال دارد. کدامیک از این عوامل بیشترین تأثیر را بر تفاوت بارش بین این دو ایالت دارد؟,"['اندازه\u200cهای نسبی هر ایالت', 'انواع صنایع موجود در هر ایالت', 'مکانی که هر ایالت در قاره قرار دارد', 'فراوانی نسبی فعالیت\u200cهای آتشفشانی در هر ایالت']",C,موقعیت جغرافیایی ایالت‌ها در قاره آمریکای شمالی عامل اصلی تفاوت بارش است. ناحیه خشک غربی و ناحیه اقیانوسی با آب و هوای مرطوب، شرایط متفاوتی را ایجاد می‌کنند.,A,0.5815251469612122,C,0.967882513999939,False,True,True,True,[0.58152515 0.00939948 0.00939948 0.399676  ],[2.9000068e-02 5.8335939e-04 9.6788251e-01 2.5339976e-03],0.7203431129455566,0.00939948,0.96788251,0.95848303,0.7511608004570007,0.6359000205993652,0.6887414455413818,0.7511608004570007,0.6359000205993652,0.6887414455413818
1883,کدام یک درباره تولید مثل در هر دو موجود یوگلنا و پارامسیوم صحیح است؟,"['A) آن\u200cها به\u200cطور عمودی تقسیم می\u200cشوند.', 'B) آن\u200cها گامت تولید می\u200cکنند.', 'C) آن\u200cها هم\u200cزیستی می\u200cکنند.', 'D) آن\u200cها هاگ تشکیل می\u200cدهند.']",A,هر دو موجود از طریق تقسیم یاخته‌ای به صورت عمودی تولید مثل می‌کنند.,D,0.3788721263408661,A,0.9153441190719604,False,True,True,True,[0.26039475 0.20279564 0.1579374  0.37887213],[0.9153441  0.03563065 0.02127603 0.02774918],0.7023617625236511,0.26039475,0.9153441,0.65494935,0.9080658555030823,0.6048898696899414,0.7261016368865967,0.9080658555030823,0.6048898696899414,0.7261016368865967
1884,کدام یک از موارد زیر بهترین توصیف را از عملکرد یک انکودر در یک سیستم ارتباطات تلفنی ارائه می‌دهد؟,"['تبدیل صدا به پالس\u200cهای الکتریکی', 'دریافت سیگنال\u200cهای الکتریکی منتقل شده', 'تغییر پالس\u200cهای الکتریکی به صدا', 'ارسال سیگنال\u200cهای الکتریکی از طریق یک مدار']",A,تبدیل اطلاعات صوتی به سیگنال‌های الکتریکی مناسب برای انتقال، که شامل [MASK] است.,C,0.9802409410476683,C,0.4633643925189972,False,False,False,False,[1.7918708e-02 6.9478364e-04 9.8024094e-01 1.1455046e-03],[0.4633644  0.0057875  0.52506065 0.0057875 ],0.6366076469421387,0.017918708,0.4633644,0.445445692,0.8194276094436646,0.5671218633651733,0.6703190803527832,0.8200370073318481,0.5569547414779663,0.6633641719818115
1885,خرس‌های قطبی بسیار سنگین هستند. حدود نیمی از جرم یک خرس قطبی چربی است. این سازگاری چگونه بیشترین کمک را به خرس قطبی در هنگام شکار در اقیانوس قطب شمال می‌کند؟,"['چربی خرس قطبی را بزرگ می\u200cکند.', 'چربی خرس قطبی را لیز می\u200cکند.', 'چربی به خرس قطبی کمک می\u200cکند روی یخ بدود.', 'چربی به خرس قطبی کمک می\u200cکند در آب شناور بماند.']",D,چربی خرس‌های قطبی باعث شناور ماندن آنها در آب سرد می‌شود و امکان شکار و مانور راحت‌تر را در اقیانوس قطب شمال فراهم می‌کند.,C,0.9592213034629822,C,0.0747067108750343,False,False,False,False,[0.03748475 0.00164697 0.9592213  0.00164697],[0.11040936 0.00541174 0.8094722  0.07470671],0.9014633893966676,0.00164697,0.07470671,0.07305974,0.7860872745513916,0.688912034034729,0.734298586845398,0.7860872745513916,0.6889120936393738,0.7342986464500427
1886,کدام رویداد آب و هوایی بیشتر احتمال دارد که سبب بروز آتش‌سوزی جنگلی شود؟,"['سیل ناگهانی', 'برق\u200cزدگی', 'تورنادو', 'طوفان تگرگ']",B,آتش‌سوزی جنگلی با جرقه‌های الکتریکی، مانند برق، در مناطق خشک و گرم رخ می‌دهد.,D,0.6459916830062866,B,0.9795743823051452,False,True,True,True,[3.4442639e-01 9.1786524e-03 4.0328185e-04 6.4599168e-01],[9.5286751e-03 9.7957438e-01 9.9440644e-05 1.0797403e-02],0.8444485068321228,0.0091786524,0.97957438,0.9703957276,0.7966183423995972,0.656230628490448,0.7196416854858398,0.8009836673736572,0.6615424156188965,0.7246156930923462
1887,کدام اصطلاح بهترین توصیف را از تشکیل یک جامعه جدید از ارگانیسم‌ها پس از یک آتشفشان ارائه می‌دهد؟,"['عوامل غیر زنده', 'عوامل محدود کننده', 'جانشینی اولیه', 'جانشینی ثانویه']",C,فرآیند تشکیل جامعه جدید در منطقه‌ای که قبلاً هیچ پوشش گیاهی و جانوری نداشته، مانند پس از یک آتشفشان، [MASK] نام دارد.,D,0.8062701225280762,D,0.4064159393310547,False,False,False,False,[0.09686112 0.01138906 0.08547964 0.8062701 ],[0.0623259  0.0094098  0.40641594 0.5218484 ],0.7947913408279419,0.08547964,0.40641594,0.3209362999999999,0.7563090324401855,0.6334961652755737,0.6894763112068176,0.7480244636535645,0.6184468269348145,0.6770919561386108
1888,کدام فرآیند هنگام ریختن صدف‌ها توسط امواج اقیانوس بر روی ساحل رخ می‌دهد؟,"['تراکم', 'رسوب گذاری', 'طبقه بندی', 'چرخش']",B,فرآیند ته نشینی مواد جامد مانند صدف‌ها و شن در محل جدیدی [MASK] است.,B,0.5843937993049622,A,0.1982593238353729,True,False,False,False,[0.4016476  0.5843938  0.00342106 0.0105376 ],[0.7841308  0.19825932 0.00473604 0.01287389],0.6184826493263245,0.5843938,0.19825932,-0.3861344799999999,0.8038378953933716,0.6539796590805054,0.7212063670158386,0.7990111708641052,0.6397098302841187,0.7105412483215332
1889,برخی از واکنش‌های شیمیایی انرژی را جذب می‌کنند، در حالی که برخی دیگر انرژی را آزاد می‌کنند. از بین واکنش‌های شیمیایی مربوط به سوختن ذغال سنگ و انفجار شمع‌های رنگی، کدام یک انرژی آزاد می‌کند؟,"['فقط سوختن ذغال سنگ', 'فقط انفجار شمع\u200cهای رنگی', 'هم سوختن ذغال سنگ و هم انفجار شمع\u200cهای رنگی', 'نه سوختن ذغال سنگ و نه انفجار شمع\u200cهای رنگی']",C,هر دو واکنش، نمونه‌هایی از واکنش‌های شیمیایی هستند که انرژی آزاد می‌کنند.,A,0.5018610954284668,C,0.7048724889755249,False,True,True,True,[0.5018611  0.18462439 0.30439416 0.00912037],[0.260323   0.03109115 0.7048725  0.00371331],0.7308223247528076,0.30439416,0.7048725,0.40047834,0.8915612101554871,0.5834888219833374,0.7053537368774414,0.8915612697601318,0.5834888219833374,0.7053537368774414
1890,کدام قسمت از اکوسیستم برکه به ماهی‌های کوچک پناه می‌دهد؟,"['سنگ\u200cها', 'آب', 'قورباغه\u200cها', 'خاک']",A,[MASK] به عنوان پناهگاه برای ماهی‌های کوچک عمل می‌کنند و محیطی امن برای پنهان شدن و استراحت آن‌ها فراهم می‌کنند.,B,0.9371398687362672,B,0.1057382747530937,False,False,False,False,[0.05967578 0.93713987 0.00111021 0.00207415],[0.10573827 0.8922795  0.00105295 0.00092922],0.7903758883476257,0.05967578,0.10573827,0.04606249,0.8322688341140747,0.6507452726364136,0.730397641658783,0.8194745779037476,0.6393864154815674,0.7183150053024292
1891,یک دانش‌آموز در حال حل کردن شکر در آب برای درست کردن آب‌نبات است. او متوجه می‌شود که تکه‌های شکر در پایین ماهیتابه تشکیل می‌شود. او چه کاری می‌تواند انجام دهد تا کمک کند شکر بیشتری حل شود؟,"['محلول را گرم کند', 'محلول را خنک کند', 'شکر بیشتری به ماهیتابه اضافه کند', 'مقداری آب از ماهیتابه خارج کند']",A,با افزایش دمای محلول، انرژی جنبشی مولکول‌ها افزایش یافته و حل شدن شکر در آب راحت‌تر می‌شود.,C,0.5950416326522827,A,0.9996346235275269,False,True,True,True,[0.31850284 0.00592545 0.59504163 0.08053013],[9.9963462e-01 1.2629022e-04 1.5233509e-04 8.6797918e-05],0.8309889435768127,0.31850284,0.99963462,0.6811317800000001,0.8716389536857605,0.7221547961235046,0.7898867130279541,0.8716389536857605,0.7221547961235046,0.7898867130279541
1892,زمستان‌های سخت چگونه به برخی گونه‌ها، مانند گوزن‌ها، سود می‌رساند؟,"['با محافظت از آن\u200cها در برابر شکارچیان', 'با افزایش منابع غذایی آن\u200cها', 'با از بین بردن بیماری\u200cها', 'با کاهش جمعیت گله']",D,زمستان‌های سخت با کاهش فعالیت شکارچیان، گوزن‌ها را در برابر آن‌ها محافظت می‌کند و به آن‌ها کمک می‌کند تا با خیال راحت‌تری زندگی کنند.,B,0.5893332958221436,A,0.0004977485514245,False,False,False,False,[0.3154474  0.5893333  0.07975759 0.01546171],[9.1412264e-01 8.5026652e-02 3.5295656e-04 4.9774855e-04],0.853410005569458,0.01546171,0.00049774855,-0.01496396145,0.8399039506912231,0.6874569654464722,0.7560725212097168,0.8399039506912231,0.6874569654464722,0.7560725212097168
1893,کدام وسیله برای اندازه‌گیری حجم باران در گیج باران استفاده می‌شود؟,"['ترازوی دو کفه\u200cای', 'سیلندر مدرج', 'خط\u200cکش سانتی\u200cمتری', 'ترمومتر']",B,برای اندازه‌گیری حجم مایعات از [MASK] استفاده می‌شود.,B,0.9787487387657166,B,0.9897388815879822,True,True,True,True,[0.01808466 0.97874874 0.00168214 0.00148448],[8.4631583e-03 9.8973888e-01 1.0107801e-03 7.8719633e-04],0.8471736907958984,0.97874874,0.98973888,0.0109901399999999,0.825529932975769,0.620439350605011,0.7084399461746216,0.828498125076294,0.6084226369857788,0.7016072869300842
1894,در سلول‌های گیاهی، مقدار آب موجود در سلول‌ها فشاری به دیواره‌های سلولی وارد می‌کند. اگر مقدار آب در سلول‌های گیاهان غیرچوبی کاهش یابد، کدام یک از موارد زیر احتمالاً اتفاق می‌افتد؟,"['ب) ساقه\u200cها پژمرده خواهند شد.', 'ج) شیره با سرعت بیشتری جریان خواهد یافت.', 'د) گل\u200cهای بیشتری تولید خواهند شد.', 'الف) برگ\u200cها ریزش خواهند کرد.']",A,کاهش آب در سلول‌های گیاهان غیرچوبی، فشار تورگر را کم کرده و ساقه‌ها را پژمرده می‌کند.,A,0.7239269614219666,A,0.7706620097160339,True,True,True,True,[0.72392696 0.20659994 0.01682678 0.05264634],[0.770662   0.22166255 0.005213   0.00246245],0.925090193748474,0.72392696,0.770662,0.0467350399999999,0.8212897181510925,0.6786379218101501,0.7431802749633789,0.8212897181510925,0.6786378622055054,0.7431803345680237
1895,یک دانشمند قبل از اینکه به نتیجه‌گیری نهایی برسد، تحقیقات را بارها تکرار خواهد کرد. کدام دلیل بهترین توضیح را برای اینکه یک دانشمند تحقیقات را تکرار می‌کند، ارائه می‌دهد؟,"['تکرار برای اثبات یک فرضیه لازم است.', 'تکرار برای انتشار نتیجه\u200cگیری الزامی است.', 'تکرار دقت داده\u200cهای به\u200cدست\u200cآمده را تضمین می\u200cکند.', 'تکرار به دانشمندان کمک می\u200cکند تا درباره مشاهدات خود بدون جانب\u200cداری باقی بمانند.']",C,تکرار تحقیقات، دقت داده‌ها را تضمین می‌کند و خطاهای احتمالی را کاهش می‌دهد.,C,0.6863530874252319,C,0.9826452732086182,True,True,True,True,[0.22369833 0.00765454 0.6863531  0.08229402],[1.5821060e-02 6.9512887e-04 9.8264527e-01 8.3848549e-04],0.8553048372268677,0.6863531,0.98264527,0.2962921699999999,0.6817747354507446,0.517047643661499,0.5880938768386841,0.6823346614837646,0.5159886479377747,0.587615966796875
1896,ویژگی کدام یک از سگ‌ها بیشتر احتمال دارد که از محیط خود یاد بگیرد؟,"['بینایی تیز', 'التماس برای غذا', 'توانایی دویدن سریع', 'شنا کردن در آب']",B,سگی که برای غذا التماس می‌کند، احتمالاً از تجربه‌های گذشته یاد گرفته است که این رفتار منجر به دریافت غذا می‌شود.,A,0.8962265849113464,B,0.99686998128891,False,True,True,True,[0.8962266  0.06524022 0.01133705 0.02719617],[2.8330081e-03 9.9686998e-01 5.6988207e-05 2.3992933e-04],0.865070641040802,0.06524022,0.99686998,0.93162976,0.9408411383628845,0.719318151473999,0.8153002262115479,0.9408411383628845,0.719318151473999,0.8153002262115479
1897,کدامیک بیشترین مسئولیت را در بازیافت گیاهان و حیوانات مرده در یک اکوسیستم دارد؟,"['آب', 'باکتری\u200cها', 'ماهی\u200cها', 'حشرات']",B,[MASK] به عنوان تجزیه‌کنندگان، مسئولیت اصلی بازیافت مواد آلی مرده را بر عهده دارند و مواد مغذی را به خاک باز می‌گردانند.,B,0.9906026124954224,B,0.991599440574646,True,True,True,True,[7.4533606e-03 9.9060261e-01 4.7647741e-04 1.4676537e-03],[7.5709550e-03 9.9159944e-01 3.8890087e-04 4.4068243e-04],0.7482983469963074,0.99060261,0.99159944,0.0009968299999999,0.884509265422821,0.7081233859062195,0.7865488529205322,0.8766123056411743,0.7049466371536255,0.7814630270004272
1898,جمعیت انسانی هر روز در حال افزایش است. این افزایش جمعیت چگونه بر منابع طبیعی که انسان‌ها را تأمین می‌کند تأثیر می‌گذارد؟,"['عرضه منابع را افزایش می\u200cدهد', 'مقدار منابع را کاهش می\u200cدهد', 'باعث کاهش تقاضا برای منابع می\u200cشود', 'کیفیت منابع را بهبود می\u200cبخشد']",B,افزایش جمعیت منجر به مصرف سریع‌تر منابع طبیعی می‌شود و در نتیجه مقدار منابع در دسترس کاهش می‌یابد.,B,0.9522618651390076,B,0.9980606436729432,True,True,True,True,[4.1757829e-02 9.5226187e-01 3.2894555e-04 5.6513078e-03],[1.70697062e-03 9.98060644e-01 1.12586917e-04 1.19848155e-04],0.930353045463562,0.95226187,0.998060644,0.0457987740000001,0.9219310283660889,0.76500403881073,0.8361684679985046,0.9219310283660889,0.76500403881073,0.8361684679985046
1899,کدام عامل به احتمال زیاد شانس بقا را برای یک موجود زنده در محیطی که در حال تغییرات سریع است، افزایش می‌دهد؟,"['مواجه شدن با رقابت قوی', 'داشتن طول عمر بالا', 'تولید نسل\u200cهای یکسان', 'داشتن مجموعه\u200c ژنی متنوع']",D,تنوع ژنتیکی به سازگاری با شرایط متغیر محیط کمک می‌کند و احتمال زنده ماندن و تولید مثل را در شرایط در حال تغییر افزایش می‌دهد.,D,0.8984816074371338,D,0.99055415391922,True,True,True,True,[0.07375186 0.01131021 0.01645627 0.8984816 ],[8.5199047e-03 7.9247460e-04 1.3347450e-04 9.9055415e-01],0.8757436871528625,0.8984816,0.99055415,0.09207255,0.8528439998626709,0.6669992208480835,0.7485591769218445,0.8528439998626709,0.6669992208480835,0.7485591769218445
1900,یک رشته DNA شامل کدون‌ها است که از یک توالی سه نوکلئوتیدی تشکیل شده‌اند. کدام گزینه بهترین توصیف از اهمیت کدون‌ها در توالی DNA است؟,"['آن\u200cها شامل کد RNA پیام\u200cرسان هستند.', 'آن\u200cها آغاز تقسیم سلولی میتوزی را علامت\u200cگذاری می\u200cکنند.', 'آن\u200cها از تکرار صحیح کد ژنتیکی اطمینان حاصل می\u200cکنند.', 'آن\u200cها برای تجمیع آمینواسیدها در سنتز پروتئین استفاده می\u200cشوند.']",D,کدون‌ها تعیین‌کننده اسیدهای آمین در زنجیره پلی‌پپتیدی هستند و نقش اساسی در ترجمه اطلاعات ژنتیکی به پروتئین دارند.,C,0.9567519426345824,C,0.0153185343369841,False,False,False,False,[0.02544683 0.00236692 0.95675194 0.01543428],[0.02228834 0.00723596 0.9551572  0.01531853],0.8261681795120239,0.01543428,0.01531853,-0.0001157499999999,0.9004270434379578,0.7440283298492432,0.8147903680801392,0.9004270434379578,0.7440283298492432,0.8147903680801392
1901,کدام قسمت‌های گیاهان دارای مشابه‌ترین وظایف هستند؟,"['گل\u200cها و برگ\u200cها', 'برگ\u200cها و ساقه\u200cها', 'ساقه\u200cها و شاخه\u200cها', 'شاخه\u200cها و گل\u200cها']",C,ساقه‌ها و برگ‌ها در گیاهان وظایف مشابهی دارند، مثلاً هر دو در ساختار و عملکرد گیاه نقش دارند.,B,0.7387768030166626,B,0.0007852936978451,False,False,False,False,[0.23891063 0.7387768  0.00715833 0.01515419],[9.5668361e-03 9.8927701e-01 7.8529370e-04 3.7094645e-04],0.7824230790138245,0.00715833,0.0007852937,-0.0063730363,0.7831092476844788,0.6576008796691895,0.7148882150650024,0.7748990654945374,0.6540465950965881,0.709362268447876
1902,دانش‌آموزان می‌خواهند اندازه جوامع میکروارگانیسم‌ها را در نمونه‌های آب ۵۰۰ میلی‌لیتری از هر یک از دو برکه مقایسه کنند. کدام عامل احتمالاً دقت مشاهدات آن‌ها را تحت تأثیر قرار می‌دهد؟,"['دمای متوسط نمونه\u200cهای آب', 'برند لخته میکروسکوپ استفاده شده', 'قدرت بزرگنمایی میکروسکوپ', 'شناسایی صحیح هر میکروارگانیسم']",C,شناسایی دقیق میکروارگانیسم‌ها برای تعیین درست تعداد و ترکیب آن‌ها در نمونه‌های آب ضروری است.,B,0.4218340814113617,B,0.1353252530097961,False,False,False,False,[0.19926031 0.42183408 0.3285247  0.0503809 ],[0.07243439 0.53941953 0.13532525 0.25282085],0.7961061000823975,0.3285247,0.13532525,-0.19319945,0.8134987354278564,0.6515735387802124,0.7235878705978394,0.8151880502700806,0.6546024084091187,0.7261226177215576
1903,گیاه مایکونیا گیاه بومی هاوایی نیست. از زمان ورود آن به هاوایی ۴۰ سال پیش، این گیاه به یک گیاه دکوری محبوب تبدیل شده است. با این حال، این گیاه با ریشه‌های کم عمق، بسیاری از گونه‌های گیاهی بومی با ریشه‌های عمیق را جایگزین کرده و احتمال زمین‌لغزش‌ها در جزیره را افزایش داده است. یکی از بهترین روش‌ها برای مقابله با این گیاه مهاجم چیست؟,"['الف) باید گیاه با جزایر کوچک\u200cتر به اشتراک گذاشته شود.', 'ب) باید گیاه با گیاهان ریشه\u200cدار عمیق\u200cتر تلاقی داده شود.', 'ج) باید گیاه از تمام نواحی جزیره کنده شود.', 'د) باید گیاه به دام\u200cهای بومی جزیره داده شود.']",C,کندن کامل گیاه از تمام نواحی جزیره می‌تواند مؤثرترین راه برای کنترل و از بین بردن آن باشد و از گسترش بیشتر و تأثیرات منفی آن جلوگیری کند.,A,0.4395492672920227,C,0.9785696268081664,False,True,True,True,[0.43954927 0.43954927 0.02205551 0.09884592],[0.01764525 0.00224334 0.9785696  0.00154183],0.7366887331008911,0.02205551,0.9785696,0.95651409,0.8733657598495483,0.6925899982452393,0.7725433707237244,0.8733657598495483,0.6925899982452393,0.7725433707237244
1904,پرسش: دارکوب‌های سیاه و سفید از منطقه جفت‌گیری خود در کانادا به فلوریدای جنوبی برای زمستان مهاجرت می‌کنند. اگر عوامل محیطی تعداد دارکوب‌های ماده‌ای را که به کانادا برمی‌گردند محدود کند، احتمالاً چه اتفاقی خواهد افتاد؟,"['A) دارکوب\u200cهای جوان کمتری در بهار هچ خواهند شد.', 'B) فصل جفت\u200cگیری دارکوب\u200cها زودتر آغاز خواهد شد.', 'C) دارکوب\u200cها انتخاب بزرگ\u200cتری از جفت\u200cها خواهند داشت.', 'D) تنوع ژنتیکی در میان دارکوب\u200cها افزایش خواهد یافت.']",A,کاهش تعداد ماده‌ها منجر به کاهش تخم‌گذاری و در نتیجه کاهش جوجه‌های هچ شده در بهار می‌شود.,B,0.537230372428894,A,0.8995972871780396,False,True,True,True,[0.36923268 0.5372304  0.02083068 0.07270622],[0.8995973  0.09500223 0.00286882 0.00253172],0.7414087057113647,0.36923268,0.8995973,0.5303646200000001,0.7781471014022827,0.6298333406448364,0.696178674697876,0.7781471014022827,0.6298333406448364,0.696178674697876
1905,چرا ساختار یک سلول اسپرم بسیار متفاوت از ساختار یک سلول تخمک است؟,"['یک سلول اسپرم باید حرکت کند تا به سلول تخمک برسد.', 'یک سلول تخمک باید به چندین سلول اسپرم جداگانه تقسیم شود.', 'یک سلول تخمک باید حرکت کند تا به سلول اسپرم برسد.', 'یک سلول اسپرم باید با بسیاری از سلول\u200cهای تخمک مختلف ترکیب شود.']",A,سلول اسپرم برای بارور کردن تخمک نیاز به حرکت دارد که ساختار تخصصی آن را میسر می‌سازد.,A,0.7725666761398315,A,0.7491050958633423,True,True,True,False,[7.7256668e-01 5.1751016e-03 2.2177678e-01 4.8135943e-04],[0.7491051  0.00571949 0.24319881 0.0019766 ],0.8849872350692749,0.77256668,0.7491051,-0.0234615799999999,0.7102183699607849,0.5888967514038086,0.6438925266265869,0.7102183699607849,0.5888967514038086,0.6438925266265869
1906,انرژی حرارتی از خورشید عمدتاً توسط کدام یک از فرآیندهای زیر به زمین منتقل می‌شود؟,"['انتقال حرارت به روش هدایت', 'انتقال حرارت به روش جابه\u200cجایی', 'تبخیر', 'اشعه\u200cافشان']",D,انرژی حرارتی خورشید به صورت امواج الکترومغناطیسی و از طریق تابش به زمین منتقل می‌شود.,A,0.6959972977638245,B,0.2379288375377655,False,False,False,False,[0.6959973  0.29013485 0.00252985 0.01133798],[0.11327109 0.6467576  0.00204247 0.23792884],0.9139853715896606,0.01133798,0.23792884,0.22659086,0.891205906867981,0.747805118560791,0.8132323026657104,0.8834196925163269,0.7464371919631958,0.8091720938682556
1907,کدام جمله نظری در مورد قلب است؟,"['عملکرد اصلی قلب حرکت خون در بدن است.', 'هدف از قلب کمک به انجام فعالیت\u200cهای ورزشی است.', 'نرخ ضربان قلب می\u200cتواند در طول روز تغییر کند.', 'قلب از انواع مختلفی از سلول\u200cها تشکیل شده است.']",B,قلب مسئول پمپ کردن خون به سراسر بدن برای رساندن اکسیژن و مواد غذایی است.,A,0.8895471096038818,A,0.0003696299390867,False,False,False,False,[0.8895471  0.01446268 0.083227   0.01276327],[9.9933571e-01 3.6962994e-04 1.2000127e-04 1.7460081e-04],0.7329685091972351,0.01446268,0.00036962994,-0.01409305006,0.8683269619941711,0.6634697914123535,0.7521999478340149,0.8683269619941711,0.6634697914123535,0.7521999478340149
1908,کدام یک از مواد زیر محصولات مستقیم پنیرسازی هستند؟,"['چربی\u200cها و نشاسته\u200cها', 'اکسیژن و قند', 'پروتئین\u200cها و اسیدهای آمینه', 'دی\u200cاکسید کربن و آب']",B,فرآیند پنیرسازی منجر به تولید [MASK] به عنوان محصولات مستقیم می‌شود.,C,0.8391550183296204,C,0.0206848308444023,False,False,False,False,[0.11312453 0.01530974 0.839155   0.03241072],[0.19625221 0.02068483 0.69035995 0.09270298],0.5874605178833008,0.01530974,0.02068483,0.00537509,0.6945003271102905,0.5365708470344543,0.6054054498672485,0.6841088533401489,0.519440770149231,0.5905100107192993
1909,سوال: دانش‌آموزان می‌خواهند آزمایش کنند که دما هر روز در طول سال چگونه تغییر می‌کند. کدام یک از موارد زیر نیازی به ثابت نگه‌داشتن در طول آزمایش ندارد؟,"['الف) مکان اندازه\u200cگیری دما', 'ب) دماسنج استفاده شده برای اندازه\u200cگیری', 'پ) شخصی که دما را می\u200cخواند', 'ت) زمان روز که دما اندازه\u200cگیری می\u200cشود']",C,"<answer>A</answer>
<concise_explanation>
مکان اندازه‌گیری دما نیاز به ثابت نگه داشتن ندارد زیرا هدف بررسی تغییرات دما در طول سال است، نه مقایسه دما در مکان‌های مختلف.",D,0.4880102872848511,A,0.0006228780839592,False,False,False,False,[0.2612131  0.20502849 0.04574804 0.4880103 ],[9.8420078e-01 7.5882087e-03 6.2287808e-04 7.5882087e-03],0.8959577083587646,0.04574804,0.00062287808,-0.04512516192,0.6633785367012024,0.7151955366134644,0.6883131861686707,0.6633785367012024,0.7151955366134644,0.6883131861686707
1910,در قرن هفدهم، برای برآورد فاصله به سیارات دیگر، دانشمندان ابتدا از تکنیک مشاهده سیاره از دو مکان مختلف روی سطح زمین استفاده کردند. دانشمندان برای محاسبه فاصله از زمین از کدام ویژگی سیاره استفاده کردند؟,"['روشنی ظاهری', 'حرکت ظاهری', 'اندازه', 'مکان']",D,دانشمندان تغییر موقعیت ظاهری سیاره نسبت به ستارگان پس‌زمینه را هنگام مشاهده از دو نقطه متفاوت [MASK]‌گیری می‌کردند تا فاصله سیاره تا زمین را محاسبه کنند.,B,0.8403021693229675,B,0.0044653723016381,False,False,False,False,[0.05392897 0.84030217 0.10075258 0.00501618],[0.01375431 0.96802586 0.01375431 0.00446537],0.8243731260299683,0.00501618,0.00446537,-0.00055081,0.848949670791626,0.6591940522193909,0.7421343326568604,0.8378983736038208,0.6466860771179199,0.7299782633781433
1911,انرژی پتانسیل چیست؟,"['انرژی که یک جسم به دلیل حرکت خود دارد.', 'انرژی که یک جسم به دلیل موقعیت خود دارد.', 'انرژی که جرم یک جسم را افزایش می\u200cدهد.', 'انرژی که دمای یک جسم را افزایش می\u200cدهد.']",B,انرژی پتانسیل انرژی ذخیره شده در یک جسم به دلیل موقعیت آن است.,B,0.99887615442276,B,0.9974960684776306,True,True,True,False,[1.0443028e-03 9.9887615e-01 2.2361815e-05 5.7102894e-05],[2.4389713e-03 9.9749607e-01 2.5452950e-05 3.9422295e-05],0.8816695809364319,0.99887615,0.99749607,-0.00138008,0.897067666053772,0.6588050127029419,0.7596928477287292,0.8970675468444824,0.6588050127029419,0.7596927881240845
1912,خاصیت کدام یک از آب برای بقای موجودات در برکه‌های آب شیرین در ماه‌های زمستان ضروری است؟,"['آب یک مولکول قطبی است.', 'آب دارای تنش سطحی بالا است.', 'آب می\u200cتواند از حالت جامد به صورت مستقیم به گاز تبدیل شود.', 'آب به صورت جامد کمتر از حالت مایع متراکم است.']",D,آب در حالت جامد کمتر از حالت مایع متراکم است، بنابراین یخ روی سطح آب تشکیل می‌شود و موجودات زنده می‌توانند در زیر آن به حیات خود ادامه دهند.,B,0.8922218084335327,D,0.9685685038566588,False,True,True,True,[0.07352467 0.8922218  0.00360383 0.03064964],[1.9867804e-02 1.0634469e-02 9.2922949e-04 9.6856850e-01],0.8227205872535706,0.03064964,0.9685685,0.93791886,0.9295526146888733,0.7503082156181335,0.8303675055503845,0.9295526146888733,0.7503082156181335,0.8303675055503845
1913,کدام عبارت توصیف می‌کند که چرخه زندگی پروانه‌ها چگونه با چرخه زندگی قورباغه‌ها متفاوت است؟,"['چرخه\u200cهای زندگی پروانه\u200cها مراحل بیشتری دارند.', 'چرخه\u200cهای زندگی پروانه\u200cها دارای مرحله تخم هستند.', 'چرخه\u200cهای زندگی پروانه\u200cها دارای مرحله شفیره هستند.', 'چرخه\u200cهای زندگی پروانه\u200cها دارای مرحله بزرگسال هستند.']",C,پروانه‌ها مرحله شفیره دارند که در چرخه زندگی قورباغه‌ها وجود ندارد.,A,0.7404607534408569,C,0.949161410331726,False,True,True,True,[0.74046075 0.08912904 0.06941376 0.10099643],[3.6659501e-02 1.3486276e-02 9.4916141e-01 6.9275603e-04],0.8344517350196838,0.06941376,0.94916141,0.87974765,0.8324568271636963,0.6238176226615906,0.7131913900375366,0.8324568867683411,0.6238176226615906,0.7131915092468262
1914,یک ماده شیمیایی به نام DDT زمانی برای کشتن آفت‌های حشره‌ای استفاده می‌شد. زمانی که تحقیقات نشان داد این ماده شیمیایی برای برخی از انواع پرندگان مضر است، استفاده از DDT متوقف شد. چگونه فرآیند علمی بهترین کمک را به دانشمندان در درک این موضوع کرد که DDT برای پرندگان مضر است؟,"['پیش\u200cبینی\u200cهای متفاوتی دربارهٔ این ماده شیمیایی انجام شد.', 'آزمایش\u200cهای انجام\u200cشده روی این ماده شیمیایی نتایج متفاوتی داشتند.', 'آزمایش\u200cهای مکرر روی این ماده شیمیایی به همان نتیجه رسیدند.', 'روش\u200cهای متفاوتی برای آزمایش خواص این ماده شیمیایی استفاده شد.']",C,آزمایش‌های مکرر و تکرارپذیر، تأثیر مضر DDT بر پرندگان را تأیید کرد و نتایج قابل اعتمادی را ارائه داد.,A,0.752865195274353,C,0.9714060425758362,False,True,True,True,[0.7528652  0.08921719 0.01082327 0.14709428],[2.6294757e-02 2.0919980e-03 9.7140604e-01 2.0713585e-04],0.8841246366500854,0.01082327,0.97140604,0.96058277,0.7827153205871582,0.6016359329223633,0.680332601070404,0.7827153205871582,0.6016359329223633,0.680332601070404
1915,زغال‌سنگ یک ماده طبیعی است که از ترکیبات ارگانیک باستانی تشکیل شده است. کدام عنصر کمتر احتمال دارد که در یک نمونه زغال‌سنگ یافت شود؟,"['کربن', 'هیدروژن', 'نقره', 'گوگرد']",C,زغال‌سنگ از [MASK]، [MASK]، و [MASK] تشکیل شده است. [MASK] به عنوان یک عنصر فلزی کمیاب، کمتر در زغال‌سنگ یافت می‌شود.,C,0.7485406398773193,C,0.6599997282028198,True,True,True,False,[0.24301556 0.00343945 0.74854064 0.00500438],[0.3117618  0.01993027 0.6599997  0.00830817],0.864754855632782,0.74854064,0.6599997,-0.08854094,0.9141870141029358,0.7677254676818848,0.8345792889595032,0.8992520570755005,0.7335420250892639,0.807988166809082
1916,تمام موارد زیر را می‌توان در برچسب تغذیه غذا یافت به جز,"['حجم توصیه شده سروینگ.', 'کالری در هر سروینگ.', 'یک برنامه غذایی پیشنهادی.', 'لیست مواد تشکیل\u200cدهنده.']",C,برچسب تغذیه شامل حجم سروینگ، کالری و مواد تشکیل‌دهنده است، اما برنامه غذایی پیشنهادی معمولاً در جای دیگری ارائه می‌شود.,A,0.5279463529586792,C,0.9408875107765198,False,True,True,True,[0.52794635 0.01806533 0.28258935 0.17139909],[0.0367683  0.00497605 0.9408875  0.01736812],0.8715742826461792,0.28258935,0.9408875,0.65829815,0.8640544414520264,0.7259466648101807,0.789002537727356,0.8640544414520264,0.7259466648101807,0.789002537727356
1917,حیوانات از یک گونه ممکن است در شناسایی یکدیگر با دشواری مواجه شوند. کدام سازگاری احتمالاً برای کمک به شناسایی یکدیگر توسعه یافته است؟,"['توانایی مهاجرت', 'توانایی استتار', 'توانایی تولید بوی بدن', 'توانایی تولید زباله های بدن']",C,حیوانات برای شناسایی یکدیگر به مکانیزم تشخیص نیاز دارند؛ تولید بوی بدن می‌تواند این مکانیزم را فراهم کند.,C,0.8164321780204773,C,0.9941832423210144,True,True,True,True,[0.16045134 0.01931348 0.8164322  0.00380305],[5.2991505e-03 4.4878855e-04 9.9418324e-01 6.8823952e-05],0.8875346183776855,0.8164322,0.99418324,0.1777510399999999,0.7329460382461548,0.6015925407409668,0.6608049869537354,0.7206835746765137,0.596001386642456,0.6524391770362854
1918,کدام یک از موارد زیر یک زنجیره غذایی معتبر است؟,"['آب -> علف -> روباه -> شاهین', 'خورشید -> خرگوش -> گوزن -> گرگ', 'علف -> عنکبوت -> موش -> خرگوش', 'موش مرده -> مگس ها -> قورباغه -> مار']",D,یک زنجیره غذایی باید از منبع غذایی شروع شود و به مصرف‌کنندگان بعدی برسد. موش مرده، منبع غذایی مگس‌ها بوده و زنجیره به درستی ادامه می‌یابد.,C,0.4231395125389099,D,0.8587859869003296,False,True,True,True,[0.3734193  0.17639078 0.4231395  0.0270504 ],[0.08034896 0.01213088 0.04873411 0.858786  ],0.8729309439659119,0.0270504,0.858786,0.8317356,0.778496265411377,0.6314688324928284,0.6973167657852173,0.788594126701355,0.6444423198699951,0.7092679738998413
1919,کدام یک از رویدادهای زیر در سواحل غرب ایالات متحده شواهد مستقیمی را ارائه می‌دهد که نشان می‌دهد جابجایی آب، آب‌های غنی از مواد مغذی را به سطح می‌آورد؟,"['افزایش تولید شیلات در طول جابجایی آب', 'کاهش جمعیت ماهی\u200cهای لارو در طول جابجایی آب', 'افزایش جلبک\u200cها و فیتوپلانکتون\u200cها در طول جابجایی آب', 'کاهش دماهای سطح آب در طول جابجایی آب']",C,رشد جلبک‌ها و فیتوپلانکتون‌ها نشان‌دهنده ورود مواد مغذی به سطح آب است که در اثر جابجایی آب‌های غنی از مواد مغذی رخ می‌دهد.,C,0.935742735862732,C,0.990825355052948,True,True,True,True,[0.06017157 0.00229693 0.93574274 0.00178885],[8.5723186e-03 4.4033842e-04 9.9082536e-01 1.6199144e-04],0.882455050945282,0.93574274,0.99082536,0.0550826199999999,0.8147773742675781,0.7212474346160889,0.765164852142334,0.7936627864837646,0.7096747756004333,0.7493225932121277
1920,محصولاتی که در طی فتوسنتز تولید می‌شوند چیست؟,"['کلرید و شکر', 'اکسیژن و شکر', 'ازت و شکر', 'دی\u200cاکسید کربن و شکر']",B,در فتوسنتز، انرژی نور خورشید دی‌اکسید کربن و آب را به [MASK] تبدیل می‌کند.,B,0.526222288608551,B,0.61871737241745,True,True,True,True,[0.2485698  0.5262223  0.0058458  0.21936208],[0.37527105 0.6187174  0.00121321 0.00479836],0.8109005689620972,0.5262223,0.6187174,0.0924950999999999,0.8683728575706482,0.6894626021385193,0.7686442136764526,0.8551905751228333,0.6620733737945557,0.7463420033454895
1921,سؤال: از خط استوا به سمت شمال، اقلیم های گرم و مرطوب با اقلیم های گرم و خشک جایگزین می‌شوند. مرز بین این دو نوع اقلیم توسط کدام عامل تعیین می‌شود؟,"['الف) ارتفاع از سطح دریا', 'ب) نوع پوشش گیاهی محلی', 'ج) الگوهای جریان هوا در نواحی', 'د) فاصله تا نزدیک\u200cترین رشته کوه']",C,الگوهای جریان هوا در نواحی مختلف، تعیین‌کننده مرز بین اقلیم‌های گرم و مرطوب و گرم و خشک هستند.,C,0.9565778374671936,C,0.9925485253334044,True,True,True,True,[0.02549194 0.01062662 0.95657784 0.00730356],[6.6877394e-03 4.4110423e-04 9.9254853e-01 3.2271876e-04],0.7460065484046936,0.95657784,0.99254853,0.0359706899999999,0.7302723526954651,0.5895479321479797,0.6524078249931335,0.7302723526954651,0.5895479321479797,0.6524078249931335
1922,کدام‌یک از موارد زیر حداقل مسئول فرسایش سنگ‌ها است؟,"['یخ\u200cزدگی', 'رشد گیاهان', 'باران', 'رعد و برق']",D,[MASK] بیشتر در هوازدگی شیمیایی و مکانیکی دخیل است تا فرسایش به معنای جابه‌جایی و حذف مواد.,A,0.8725855946540833,A,0.0519966706633567,False,False,False,False,[0.8725856  0.06320989 0.0084219  0.05578253],[0.8133648  0.11007696 0.02456149 0.05199667],0.7549960613250732,0.05578253,0.05199667,-0.0037858599999999,0.9315224885940552,0.6741992831230164,0.7822423577308655,0.9306836724281311,0.6504377722740173,0.7657245993614197
1923,چندین دانش‌آموز در یک مسابقه ساخت پل شرکت می‌کنند که نیاز به استفاده از چوب بستنی و چسب برای ساخت قوی‌ترین پل ممکن دارد. پل‌ها باید ۵ اینچ عرض و ۱۸ اینچ طول داشته باشند. کدام یک از آزمایشات زیر دقیق‌ترین روش برای تعیین طراحی قوی‌ترین span برای این پل‌هاست؟,"['نقاشی ماشین\u200cهای اسباب\u200cبازی را روی هر پل بگذرانید تا زمانی که فرو بریزد', 'بلوک\u200cهای ساختمانی بتن را بر روی هر پل قرار دهید تا زمانی که فرو بریزد', 'سکه\u200cها را در دو انتهای هر پل قرار دهید تا زمانی که فرو بریزد', 'باتری\u200cهای D-cell را در مرکز هر پل قرار دهید تا زمانی که فرو بریزد']",D,استفاده از بلوک‌های ساختمانی بتن برای اعمال فشار کنترل‌شده، امکان مقایسه دقیق بین پل‌ها را فراهم می‌کند و خطا را به حداقل می‌رساند.,C,0.6999760866165161,B,0.0042403466068208,False,False,False,False,[0.17767435 0.09510224 0.6999761  0.02724724],[0.07399666 0.9049921  0.0167709  0.00424035],0.7318916916847229,0.02724724,0.00424035,-0.02300689,0.8544536828994751,0.6763017177581787,0.7550109028816223,0.8544536232948303,0.6763017773628235,0.7550109028816223
1924,چگونه ارگانیسم‌های طبقه‌بندی‌شده به عنوان یوکاریوت با ارگانیسم‌های طبقه‌بندی‌شده به عنوان آرکئا و باکتری متفاوت هستند؟,"['همه آن\u200cها چندسلولی هستند.', 'همه آن\u200cها در تولید مثل جنسی شرکت می\u200cکنند.', 'همه آن\u200cها غذای خود را تولید می\u200cکنند.', 'همه آن\u200cها هسته\u200cهای غشایی دارند.']",D,یوکاریوت‌ها دارای هسته‌های غشایی هستند، برخلاف آرکئا و باکتری که چنین نیستند.,D,0.692063570022583,D,0.9772854447364808,True,True,True,True,[0.17566593 0.08233296 0.04993746 0.69206357],[2.0522002e-02 1.9088434e-03 2.8372425e-04 9.7728544e-01],0.9029048681259156,0.69206357,0.97728544,0.28522187,0.765861451625824,0.6133749485015869,0.6811888217926025,0.765861451625824,0.6133749485015869,0.6811888217926025
1925,سوال: امواج صوتی و امواج اقیانوس از نظر اینکه هر دو,"['الف) امواج طولی هستند.', 'ب) فرکانس یکسانی دارند.', 'ج) انرژی را از یک مکان به مکان دیگر منتقل می\u200cکنند.', 'د) یک واسطه را از یک مکان به مکان دیگر منتقل می\u200cکنند.']",C,هر دو نوع انرژی را از یک مکان به مکان دیگر منتقل می‌کنند.,C,0.8953869342803955,C,0.960507333278656,True,True,True,True,[0.0348538  0.00464382 0.89538693 0.06511547],[0.02877909 0.00343717 0.96050733 0.00727649],0.6359787583351135,0.89538693,0.96050733,0.0651203999999999,0.8734279870986938,0.6113864779472351,0.7192845940589905,0.8734279274940491,0.6113865375518799,0.7192845940589905
1926,یک دانش‌آموز از نمودار میله‌ای برای نمایش مقدار بارش باران در هر هفته در یک دوره ۳ماهه استفاده می‌کند. کدام روش دیگر برای ارائه داده‌ها مناسب است؟,"['یک جدول', 'یک نمودار دایره\u200cای', 'یک عکس', 'یک پاراگراف نوشته شده']",A,[MASK] می‌تواند مقادیر دقیق بارش باران را نمایش دهد و مقایسه‌های عددی را تسهیل کند.,A,0.5856602787971497,A,0.7942560911178589,True,True,True,True,[0.5856603  0.40251803 0.00126126 0.01056044],[0.7942561  0.20239444 0.00080169 0.00254777],0.7268618941307068,0.5856603,0.7942561,0.2085958,0.864902913570404,0.6318697929382324,0.73024582862854,0.842657208442688,0.6107743382453918,0.7082182765007019
1927,نامی یک سگ خانگی دارد. کدام یک از ویژگی‌های زیر احتمالاً سگ از والدین خود به ارث برده است؟,"['وزن آن', 'غذای مورد علاقه\u200cاش', 'رنگ پشم آن', 'محل زندگی\u200cاش']",C,رنگ پشم سگ‌ها یک ویژگی ژنتیکی است که از والدین به ارث می‌رسد.,C,0.8217604756355286,C,0.998755693435669,True,True,True,True,[0.07673479 0.09852942 0.8217605  0.00297533],[1.1512925e-03 6.9140486e-05 9.9875569e-01 2.3894312e-05],0.9058945775032043,0.8217605,0.99875569,0.1769951899999999,0.9111001491546631,0.774518609046936,0.8372759819030762,0.9111001491546631,0.774518609046936,0.8372759819030762
1928,فیلامنت‌های لامپ‌های رشته‌ای بهترین حالت خود را با پر کردن لامپ با یک گاز غیرپاسخگو و با چگالی پایین حفظ می‌کنند. از کدام گروه از عناصر در جدول تناوبی، این گاز احتمالاً انتخاب شده است؟,"['۱ (۱A)', '۲ (۲A)', '۱۷ (۷A)', '۱۸ (۸A)']",D,گازهای نجیب به دلیل عدم واکنش‌پذیری بالا، گزینه‌ای ایده‌آل برای پر کردن لامپ‌های رشته‌ای هستند.,A,0.4294556081295013,C,0.2125038355588913,False,False,False,False,[0.4294556  0.04526429 0.4294556  0.0958245 ],[0.2407984  0.03692763 0.5097702  0.21250384],0.716501772403717,0.0958245,0.21250384,0.1166793399999999,0.8205567598342896,0.567754328250885,0.6711386442184448,0.820556640625,0.567754328250885,0.6711387038230896
1929,درختان سیکویا در سیرا نوادا در کالیفرنیا غول‌های بلندی هستند. برخی از آن‌ها بیش از 3000 سال سن دارند. کدام جمله بهترین توصیف را از اینکه چگونه آتش‌سوزی‌های جنگلی به این درختان سود رسانده است، ارائه می‌دهد؟,"['آن\u200cها یک رویداد جانشینی ثانویه را ایجاد می\u200cکنند.', 'آن\u200cها برخی از رقابت\u200cها برای مواد مغذی را از بین می\u200cبرند.', 'آن\u200cها اجازه می\u200cدهند درختان بزرگ\u200cتر به عنوان گونه\u200cهای پیشگام عمل کنند.', 'آن\u200cها رشد درختان کوچک\u200cتر و سایه\u200cتحمل کننده را تحریک می\u200cکنند.']",B,آتش‌سوزی‌های جنگلی با از بین بردن درختان رقابت‌کننده، شرایط را برای سیکویاها فراهم می‌کند تا مواد مغذی بیشتری به دست آورند و به رشد خود ادامه دهند.,D,0.4958958029747009,B,0.9092904329299928,False,True,True,True,[0.20672013 0.0319502  0.2654339  0.4958958 ],[0.05904439 0.90929043 0.02789059 0.00377458],0.956611156463623,0.0319502,0.90929043,0.8773402299999999,0.881675660610199,0.7265973687171936,0.7966597676277161,0.8816757202148438,0.7265974283218384,0.7966598868370056
1930,کدام یک از این اشیاء غیرشفاف است؟,"['دیوار آجری', 'لنزهای عینک', 'آب مایع', 'پنجره\u200cهای شیشه\u200cای رنگی']",A,[MASK] نور را عبور نمی‌دهد.,B,0.5323611497879028,C,0.1642542779445648,False,False,False,False,[0.2849524  0.53236115 0.04913195 0.1335545 ],[0.16425428 0.3477263  0.4464894  0.04152998],0.4390470385551452,0.2849524,0.16425428,-0.1206981199999999,0.7912497520446777,0.4299950897693634,0.5571913123130798,0.797516942024231,0.4160378575325012,0.5468186736106873
1931,دو نوع نهنگ مدرن وجود دارد: نهنگ‌های دندان‌دار و نهنگ‌های باله‌دار. نهنگ‌های باله‌دار با استفاده از باله‌ها، که صفحات ساخته شده از پروتئین‌های فیبری هستند و از سقف دهانشان رشد می‌کنند، پلانکتون را از آب فیلتر می‌کنند. جنین‌های نهنگ‌های باله‌دار دارای دندان‌هایی در فک‌های بالایی خود هستند. با پیشرفت جنین‌ها، دندان‌ها با باله جایگزین می‌شوند. کدام یک از نتایج زیر بهترین پشتیبانی را از این اطلاعات می‌کند؟,"['نهنگ\u200cهای نخستین به عنوان بزرگسال دندان داشتند.', 'نهنگ\u200cهای دندان\u200cدار از نهنگ\u200cهای باله\u200cدار نشأت گرفته\u200cاند.', 'نهنگ\u200cهای باله\u200cدار در حال تحول به نهنگ\u200cهای دندان\u200cدار هستند.', 'نسل\u200cهای نهنگ\u200cهای باله\u200cدار مدرن به عنوان بزرگسال هم دندان و هم باله خواهند داشت.']",A,نهنگ‌های باله‌دار در جنین‌ مراحل دندانی دارند که بعداً به باله تبدیل می‌شود، نشان‌دهنده شباهت به نهنگ‌های دندان‌دار و احتمال وجود دندان در نهنگ‌های نخستین است.,C,0.9616280198097228,C,0.0604957714676857,False,False,False,False,[0.02252715 0.00645414 0.961628   0.00939071],[0.06049577 0.02191012 0.73125404 0.1863401 ],0.8174532055854797,0.02252715,0.06049577,0.0379686199999999,0.7428065538406372,0.651430606842041,0.6941242814064026,0.7428065538406372,0.651430606842041,0.6941242814064026
1932,ترتیب قرارگیری خورشید، ماه و زمین در هنگام کسوف کامل چگونه است؟,"['زمین-ماه-خورشید', 'زمین-خورشید-ماه', 'ماه-خورشید-زمین', 'ماه-زمین-خورشید']",D,در کسوف کامل، ماه بین زمین و خورشید قرار می‌گیرد؛ پس ترتیب قرارگیری خورشید، ماه، زمین است.,A,0.9546875953674316,B,0.0343785993754863,False,False,False,False,[0.9546876  0.03692699 0.00099957 0.00738586],[0.17458893 0.685139   0.10589354 0.0343786 ],0.8999938368797302,0.00738586,0.0343786,0.02699274,0.9066929817199707,0.7714861035346985,0.8336428999900818,0.9096258878707886,0.7797253727912903,0.8396813273429871
1933,ولتاژ در یک مدار با جریان ۳ آمپر و مقاومت کل ۱۲ اهم چقدر است؟,"['۰.۲۵ ولت', '۴ ولت', '۱۵ ولت', '۳۶ ولت']",D,با قانون اهم، ولتاژ برابر جریان ضربدر مقاومت است، می‌شود [MASK].,B,0.5057763457298279,D,0.4934623837471008,False,True,True,True,[0.00570715 0.50577635 0.44634604 0.04217044],[0.00433652 0.11184026 0.39036086 0.49346238],0.8577795028686523,0.04217044,0.49346238,0.45129194,0.7961544990539551,0.6821151971817017,0.7347360849380493,0.7710777521133423,0.6527749300003052,0.7070116996765137
1934,یک دانش‌آموز در حال ایجاد یک مدل از یک جریان در یک حوزه آبخیز کوهستانی پوشیده از جنگل است. کدامیک از این ویژگی‌ها ممکن است در مدل گنجانده شود تا نشان دهد چگونه جریان می‌تواند با رسوبات اشباع شود؟,"['یک کلبه در کنار جریان', 'سنگ\u200cها در وسط جریان', 'هکتارها جنگل پاک\u200cسازی\u200cشده در بالای جریان', 'چمن\u200cها در کنار سواحل جریان']",C,افزایش سطح زمین بدون پوشش در بالای جریان می‌تواند منجر به افزایش رسوبات در جریان شود.,B,0.6042570471763611,C,0.921890914440155,False,True,True,True,[0.32343552 0.60425705 0.06368822 0.00861926],[0.0657462  0.01142498 0.9218909  0.00093782],0.7063594460487366,0.06368822,0.9218909,0.85820268,0.8973209261894226,0.6002843976020813,0.7193454504013062,0.8986268043518066,0.5996387004852295,0.7193002700805664
1935,خورشید از زمین چگونه متفاوت است؟,"['خورشید دارای بسیاری از موجودات زنده است.', 'خورشید در کهکشان راه شیری قرار دارد.', 'خورشید دارای قمرهایی است که به دور آن می\u200cچرخند.', 'خورشید یک ستاره است که از گازها ساخته شده است.']",D,خورشید یک ستاره گازی است، برخلاف زمین که یک سیاره است.,C,0.58182293176651,D,0.6409675478935242,False,True,True,True,[0.08922544 0.05411797 0.58182293 0.27483368],[0.12720391 0.02210472 0.20972377 0.64096755],0.7661952972412109,0.27483368,0.64096755,0.36613387,0.7629652619361877,0.5366488695144653,0.6301015615463257,0.762965202331543,0.5366488695144653,0.6301015615463257
1936,کدام رویداد باید قبل از شکل‌گیری زغال‌سنگ و نفت اتفاق افتاده باشد؟,"['گیاهان شروع به ظهور بر روی زمین کردند.', 'دینوها در زمین منقرض شدند.', 'قاره\u200cهای زمین از هم جدا شدند.', 'ماه زمین شروع به گردش کرد.']",A,ظهور گیاهان و جانداران اولیه شرط لازم برای تشکیل زغال‌سنگ و نفت است، زیرا این مواد از تجمع و تبدیل مواد آلی آنها ایجاد می‌شوند.,A,0.7978944182395935,A,0.9989752769470216,True,True,True,True,[0.7978944  0.03081711 0.15650219 0.01478621],[9.9897528e-01 5.5036356e-04 2.5197479e-04 2.2236697e-04],0.8585537075996399,0.7978944,0.99897528,0.20108088,0.671728789806366,0.5852836966514587,0.6255338191986084,0.6727579832077026,0.585536777973175,0.626124382019043
1937,یک دانشمند که در حال مطالعه فضاهای بی‌نهایت است، محاسبه‌ای برابر با ۴.۳ سال نوری انجام می‌دهد. این محاسبه احتمالاً چه چیزی را نشان می‌دهد؟,"['فاصله بین زمین و خورشید', 'زمان چرخش نزدیک\u200cترین کهکشان', 'زمان مداری یک ماهواره در اطراف زمین', 'فاصله بین خورشید و نزدیک\u200cترین ستاره']",D,[MASK]، یعنی پروکسیما قنطورس، حدود ۴.۳ سال نوری است.,C,0.4225798845291137,A,0.0604274719953537,False,False,False,False,[0.25630766 0.06480473 0.42257988 0.25630766],[0.64965653 0.14495797 0.14495797 0.06042747],0.7144575119018555,0.25630766,0.06042747,-0.19588019,0.7912607192993164,0.5658290386199951,0.6598212122917175,0.8086115121841431,0.5678531527519226,0.6671767830848694
1938,نوعی مواد مغذی که از زمین خارج می‌شود می‌تواند باعث گل‌زایی جلبک‌ها در منابع آبی شود. کدام یک از موجودات اصلاح‌شده ژنتیکی می‌تواند به کاهش این گل‌زایی کمک کند؟,"['خوک\u200cهایی که برای داشتن چربی بیشتر اصلاح شده\u200cاند', 'گاوهایی که برای نیاز به خوراک کمتر اصلاح شده\u200cاند', 'ذرتی که برای مقاومت در برابر علف\u200cکش\u200cها اصلاح شده است', 'سویاهایی که برای تولید آفت\u200cکش خود اصلاح شده\u200cاند']",B,سویاهای اصلاح‌شده ژنتیکی می‌توانند با کاهش نیاز به کودهای شیمیایی، از ورود بیش از حد نیتروژن و فسفر به منابع آبی جلوگیری کنند و بدین‌ترتیب گل‌زایی جلبک‌ها را کاهش دهند.,D,0.6845591068267822,C,0.1883275210857391,False,False,False,False,[0.17376108 0.04939596 0.09228382 0.6845591 ],[0.35184214 0.18832752 0.3986894  0.061141  ],0.7089143991470337,0.04939596,0.18832752,0.13893156,0.7015239000320435,0.6278666853904724,0.6626547574996948,0.7020348310470581,0.6258422136306763,0.6617525815963745
1939,دو نیروی مخالف در جهات متضاد بر روی یک قطعه چوبی عمل می‌کنند. اگر این نیروها نامتعادل باشند، چه اتفاقی خواهد افتاد؟,"['بلوک نیروها را متعادل خواهد کرد.', 'نیروها جهت خود را معکوس خواهند کرد.', 'جرم بلوک تغییر خواهد کرد.', 'موقعیت بلوک تغییر خواهد کرد.']",D,نیروی خالص باعث شتاب قطعه چوبی در جهت نیروی غالب شده و موقعیت آن را تغییر می‌دهد.,B,0.62542325258255,D,0.970998466014862,False,True,True,True,[0.10910764 0.62542325 0.00373346 0.26173562],[2.5825743e-02 2.7648788e-03 4.1096253e-04 9.7099847e-01],0.762249231338501,0.26173562,0.97099847,0.70926285,0.8589844107627869,0.694559633731842,0.7680708169937134,0.8589844107627869,0.6945595741271973,0.7680706977844238
1940,سؤال: سگ‌ها و گربه‌ها حیواناتی هستند که ساختار بدن مشابه زیادی دارند اما با هم جفت‌گیری نمی‌کنند. این دو حیوان در چه گروهی طبقه‌بندی می‌شوند؟,"['الف) همان پادشاهی و همان گونه', 'ب) همان پادشاهی، اما گونه\u200cهای متفاوت', 'ج) پادشاهی\u200cهای متفاوت، اما همان گونه', 'د) پادشاهی\u200cهای متفاوت و گونه\u200cهای متفاوت']",B,سگ و گربه در یک پادشاهی قرار دارند اما به دلیل ناتوانی در تولید مثل، در گونه‌های مختلف طبقه‌بندی می‌شوند.,A,0.5530824661254883,B,0.9468255043029784,False,True,True,True,[0.55308247 0.04539977 0.33546147 0.06605628],[0.04640883 0.9468255  0.0045951  0.00217057],0.8545653223991394,0.04539977,0.9468255,0.90142573,0.7913553714752197,0.6608583927154541,0.7202435731887817,0.7913552522659302,0.6608583927154541,0.7202435731887817
1941,کدام فهرست اشیا را از کوچک‌ترین به بزرگ‌ترین ترتیب داده است؟,"['زمین، خورشید، منظومه شمسی، کهکشان راه شیری', 'ماه، خورشید، زمین، کهکشان راه شیری', 'خورشید، ماه، زمین، کهکشان راه شیری', 'منظومه شمسی، کهکشان راه شیری، زمین، ماه']",A,ترتیب صحیح از کوچک‌ترین به بزرگ‌ترین: ماه، زمین، خورشید، کهکشان.,B,0.8115987181663513,B,0.0096858385950326,False,False,False,False,[0.08587667 0.8115987  0.08587667 0.01664795],[0.00968584 0.9879824  0.00131084 0.00102088],0.8474869728088379,0.08587667,0.00968584,-0.07619083,0.7364625930786133,0.5503333210945129,0.6299365758895874,0.7364625334739685,0.5503333806991577,0.6299365758895874
1942,کدام سیاره در منظومه شمسی طولانی‌ترین سال را دارد؟,"['سیاره\u200cای که به خورشید نزدیک\u200cترین است.', 'سیاره\u200cای که طولانی\u200cترین روز را دارد.', 'سیاره\u200cای که بیشترین قمرها را دارد.', 'سیاره\u200cای که از خورشید دورترین است.']",D,دورترین سیاره از خورشید طولانی‌ترین سال را دارد.,D,0.9129984378814696,D,0.9620424509048462,True,True,True,True,[8.4673651e-02 1.7573455e-03 5.7052658e-04 9.1299844e-01],[3.7229650e-02 6.0176122e-04 1.2613602e-04 9.6204245e-01],0.7561187148094177,0.91299844,0.96204245,0.04904401,0.7180088758468628,0.5046824812889099,0.5927358865737915,0.7180088758468628,0.5046824812889099,0.5927358865737915
1943,کدام یک از این ویژگی‌ها ارثی است اما به شدت تحت تأثیر محیط قرار دارد؟,"['توانایی رول کردن زبان', 'عملکرد ورزشی', 'زبان', 'رنگ چشم\u200cها']",B,ویژگی‌های ژنتیکی در این مورد تحت تأثیر محیط قرار دارند و قابل تغییر هستند.,B,0.4505660831928253,A,0.4160047173500061,True,False,False,False,[0.35090122 0.45056608 0.05339367 0.14513905],[0.4713951  0.41600472 0.05630012 0.05630012],0.6334923505783081,0.45056608,0.41600472,-0.0345613599999999,0.6566915512084961,0.521977424621582,0.5816360116004944,0.6571198105812073,0.5198063850402832,0.5804528594017029
1944,برانقلاب انسانی کمترین کنترلی بر کدامیک از اجزای زیر دود دارد؟,"['بخارات آب', 'دی اکسید گوگرد', 'آمونیاک', 'اکسیدهای نیتروژن']",A,کنترل بر [MASK] به دلیل منابع طبیعی بیشتر، کمتر تحت تأثیر انقلاب انسانی است.,A,0.5549235939979553,A,0.6283613443374634,True,True,True,True,[0.5549236  0.2970292  0.05161594 0.09643126],[0.62836134 0.20399906 0.05844671 0.10919283],0.7402114272117615,0.5549236,0.62836134,0.07343774,0.6900022029876709,0.5266046524047852,0.5973308086395264,0.6731144189834595,0.5197694897651672,0.5865857005119324
1945,کدام قانون به گالیله گالیله‌ای نسبت داده شده است؟,"['طبیعت ماده', 'سه قانون حرکتی', 'قانون توزیع مستقل', 'حرکت نسبی در منظومه شمسی']",D,سه قانون فیزیکی که حرکت اجسام را توصیف می‌کنند و نقش مهمی در توسعه فیزیک کلاسیک دارند.,B,0.9892383813858032,B,0.0001203673673444,False,False,False,False,[9.759908e-03 9.892384e-01 2.947237e-04 7.070054e-04],[1.1782652e-03 9.9847656e-01 2.2487585e-04 1.2036737e-04],0.6806314587593079,0.0007070054,0.00012036737,-0.00058663803,0.9122490286827087,0.6703798174858093,0.7728322744369507,0.9122490286827087,0.6703798174858093,0.7728322744369507
1946,زمانی که لایه‌ای از رسوب بر بستر اقیانوس مطرود می‌شود، مرحله بعدی در تشکیل سنگ‌های رسوبی چیست؟,"['گرم کردن', 'دفن کردن', 'سایش', 'هواشناسی']",B,بعد از ته‌نشست رسوب، مرحله بعدی دفن شدن آن توسط لایه‌های جدیدتر است.,A,0.6242690086364746,B,0.9960804581642152,False,True,True,True,[0.624269   0.23055457 0.13983843 0.00533806],[3.1333705e-03 9.9608046e-01 5.4449815e-04 2.4161959e-04],0.7251567244529724,0.23055457,0.99608046,0.7655258899999999,0.6912204027175903,0.5663776397705078,0.6226024031639099,0.6987691521644592,0.5715610980987549,0.6287959814071655
1947,شما در حال بلند شدن برای رفتن به مدرسه در لوئیزیانا هستید؛ یک دانش‌آموز در طرف دیگر زمین در حال آماده شدن برای خواب است. دلیل این موضوع چیست؟,"['زمین به دور خورشید می\u200cچرخد.', 'زمین حول محور خود می\u200cچرخد.', 'خورشید حول محور خود می\u200cچرخد.', 'ماه به دور زمین می\u200cچرخد.']",B,چرخش زمین حول محور خود باعث ایجاد روز و شب در نقاط مختلف زمین می‌شود.,B,0.7393035292625427,B,0.9938790798187256,True,True,True,True,[0.21181402 0.7393035  0.00124969 0.04763278],[5.9794839e-03 9.9387908e-01 7.0710186e-05 7.0710186e-05],0.8988428115844727,0.7393035,0.99387908,0.25457558,0.8297918438911438,0.694425642490387,0.7560977935791016,0.8297918438911438,0.6944255828857422,0.7560977935791016
1948,هنگام ساخت یک مدار برقی، کدام احتیاط ایمنی باید ابتدا رعایت شود؟,"['از یک باتری جدید استفاده کنید', 'دستکش های لاستیکی بپوشید', 'سیم برق را تمیز کنید', 'همه دستورالعمل ها را بخوانید']",D,قبل از شروع کار، مطالعه دستورالعمل ها و راهنمای های ایمنی ضروری است تا از خطرات احتمالی آگاه باشیم.,D,0.752061128616333,D,0.7899572253227234,True,True,True,True,[3.2914437e-02 2.1462908e-01 3.9535799e-04 7.5206113e-01],[1.0100691e-02 1.9973247e-01 2.0963314e-04 7.8995723e-01],0.8161206841468811,0.75206113,0.78995723,0.0378960999999999,0.8773021101951599,0.635377824306488,0.7369943261146545,0.8773021101951599,0.635377824306488,0.7369943261146545
1949,کدام یک نمونه‌ای از تغییر شیمیایی نیست؟,"['جوشاندن آب', 'زنگ زدن آهن', 'سوزاندن چوب', 'پختن نان']",A,[MASK]، تغییری فیزیکی است و ترکیب شیمیایی آب را تغییر نمی‌دهد.,A,0.8781333565711975,B,0.3680207729339599,True,False,False,False,[0.87813336 0.10487808 0.00279491 0.0141937 ],[0.36802077 0.60676366 0.00879132 0.01642434],0.8127206563949585,0.87813336,0.36802077,-0.51011259,0.7559895515441895,0.6037095785140991,0.671322226524353,0.7489656209945679,0.5991997718811035,0.6657640337944031
1950,چرا گاهی اوقات ماه را در طول روز و همچنین در شب می‌توان دید؟,"['ماه همیشه نور را از خورشید منعکس می\u200cکند.', 'خورشید هر روز به دور زمین و ماه می\u200cچرخد.', 'زمین همیشه نور را از ماه منعکس می\u200cکند.', 'ماه هر روز به دور زمین می\u200cچرخد.']",A,ماه نور خورشید را منعکس می‌کند و به همین دلیل در طول روز و شب قابل مشاهده است.,B,0.8472228646278381,B,0.014970451593399,False,False,False,False,[0.01973114 0.84722286 0.00235655 0.13068935],[0.01497045 0.9371066  0.00108446 0.0468384 ],0.7611595392227173,0.01973114,0.01497045,-0.00476069,0.8379532098770142,0.6679189205169678,0.7433364391326904,0.8379532098770142,0.667918860912323,0.7433364391326904
1951,چگونه حیوانات خون گرم با حیوانات خون سرد تفاوت دارند؟,"['حیوانات خون گرم در هوای گرم متابولیسم بالاتری دارند.', 'حیوانات خون گرم در اسارت تهاجمی\u200cتر هستند.', 'حیوانات خون گرم همیشه دمای خون بالاتری دارند.', 'حیوانات خون گرم معمولاً دمای داخلی نسبتاً ثابتی را در تمامی دماهای محیطی حفظ می\u200cکنند.']",D,حیوانات خون گرم دمای داخلی بدن خود را در محدوده‌ای ثابت حفظ می‌کنند و تحت تأثیر دمای محیط قرار نمی‌گیرند، برخلاف حیوانات خون سرد که دمای بدن آنها متغیر است.,A,0.5024812817573547,D,0.9239141941070556,False,True,True,True,[0.5024813  0.07675758 0.07675758 0.3440036 ],[0.05883359 0.00916451 0.00808765 0.9239142 ],0.9260686039924622,0.3440036,0.9239142,0.5799106,0.8559660911560059,0.7302089929580688,0.7881023287773132,0.8559660911560059,0.7302089929580688,0.7881023287773132
1952,تمام مواد دارای دو ویژگی هستند. این ویژگی‌ها عبارتند از اینکه ماده فضایی را اشغال می‌کند و ماده دارای,"['جرم است.', 'رنگ است.', 'وزن معینی دارد.', 'شکل معینی دارد.']",A,ماده دو ویژگی اساسی دارد: اشغال فضا و داشتن جرم.,A,0.9736438989639282,A,0.9666593670845032,True,True,True,False,[0.9736439  0.00186222 0.0014503  0.02304372],[0.96665937 0.02571034 0.00112963 0.00650059],0.6734071373939514,0.9736439,0.96665937,-0.0069845299999999,0.7336556315422058,0.507617712020874,0.6000556945800781,0.7322017550468445,0.5071825981140137,0.5992652177810669
1953,بهترین روش مدلسازی تأثیر باد بر روی تپه‌های شنی چیست؟,"['یک سطل از شن را از طریق هوا بریزید.', 'روی توده\u200cای از شن آب بریزید.', 'شن را از طریق یک الک درون آب تصفیه کنید.', 'از طریق یک نی به یک توده شن فوت کنید.']",D,با فوت کردن از طریق یک نی، می‌توان تأثیر باد بر روی تپه‌های شنی را شبیه‌سازی کرد و شرایط مشابه با طبیعت را ایجاد کرد.,A,0.6732401251792908,D,0.948094367980957,False,True,True,True,[0.6732401  0.14963453 0.00756718 0.16955812],[4.7387585e-02 4.4077318e-03 1.1034541e-04 9.4809437e-01],0.8681935667991638,0.16955812,0.94809437,0.7785362499999999,0.8406137228012085,0.6642928123474121,0.7421240210533142,0.8406137228012085,0.6642928123474121,0.7421240210533142
1954,کدام منبع انرژی جایگزین بیشترین شباهت را به زغال سنگ دارد؟,"['انرژی ژئوترمال', 'انرژی هسته\u200cای', 'انرژی هیدروالکتریک', 'انرژی بیوپیل']",D,هر دو منبع از مواد آلی تشکیل شده و به عنوان جایگزینی برای تولید انرژی استفاده می‌شوند.,A,0.8074265718460083,D,0.8469493389129639,False,True,True,True,[0.8074266  0.05171797 0.03136853 0.10948694],[0.12988389 0.02222051 0.00094626 0.84694934],0.7452117800712585,0.10948694,0.84694934,0.7374624,0.8490129113197327,0.6686393022537231,0.7481073141098022,0.8501360416412354,0.6711302995681763,0.7501014471054077
1955,ترتیب صحیح مراحل رشد و توسعه یک گیاه چیست؟,"['گیاه جوان -> دانه -> گیاه بالغ', 'دانه -> گیاه بالغ -> گیاه جوان', 'دانه -> گیاه جوان -> گیاه بالغ', 'گیاه بالغ -> گیاه جوان -> دانه']",C,رشد گیاه از دانه شروع می‌شود، سپس به گیاه جوان و در نهایت به گیاه بالغ تبدیل می‌شود.,C,0.9395143389701844,C,0.9896859526634216,True,True,True,True,[5.9826985e-02 5.2575598e-04 9.3951434e-01 1.3293192e-04],[9.66471247e-03 5.45245828e-04 9.89685953e-01 1.04061975e-04],0.845022439956665,0.93951434,0.989685953,0.0501716129999999,0.8703209161758423,0.7196183204650879,0.7878274917602539,0.8703209161758423,0.7196183204650879,0.7878274917602539
1956,یک دانش آموز در حال بررسی انواع مختلف درختان است. دو درخت با نرخ رشد، دامنه دما و اندازه‌های مشابه یافت شده‌اند، اما ورق‌ها و گل‌های متفاوتی دارند. این درختان احتمالاً در کدام یک از گزینه‌های زیر هستند؟,"['همان گونه.', 'همان جنس.', 'یک پادشاهی متفاوت.', 'یک فیلو متفاوت.']",B,"<answer>[MASK]</answer>
<concise_explanation>
درختان با ویژگی‌های مشابه ولی برگ‌ها و گل‌های متفاوت، احتمالاً در یک طب",C,0.7192497253417969,C,0.1134546473622322,False,False,False,False,[0.16174501 0.05950267 0.7192497  0.05950267],[0.34946492 0.11345465 0.44872183 0.08835857],0.7427601218223572,0.05950267,0.11345465,0.05395198,0.5155141353607178,0.6049977540969849,0.5566828846931458,0.5184658765792847,0.6059824228286743,0.5588183999061584
1957,در ماه اکتبر، صورت‌های فلکی جمنای و اوریون بعد از نیمه‌شب در آسمان ظاهر می‌شوند. در ماه ژانویه، اوریون در زمان غروب خورشید ظاهر می‌شود. در چه زمانی احتمالاً جمنای در ژانویه ظاهر خواهد شد؟,"['در ظهر', 'در زمان غروب خورشید', 'بعد از نیمه\u200cشب', 'قبل از طلوع خورشید']",B,با تغییر فصول و حرکت زمین، جمنای در ژانویه [MASK] قابل مشاهده خواهد بود.,A,0.2986334562301636,B,0.3491707146167755,False,True,True,True,[0.29863346 0.2635431  0.23257597 0.20524758],[0.30814207 0.3491707  0.24186349 0.1008237 ],0.6491206288337708,0.2635431,0.3491707,0.0856276,0.872921347618103,0.7219583988189697,0.7902951836585999,0.8536633253097534,0.693314790725708,0.7651787996292114
1958,کدام ترکیب از فرایندهای چرخه آب بیشتر احتمال دارد که منجر به سیلاب شود؟,"['جاری شدن کم، تبخیر کم، تعرق زیاد', 'جاری شدن زیاد، تبخیر کم، بارش کم', 'جاری شدن کم، نفوذپذیری زیاد، چگالش زیاد', 'جاری شدن زیاد، نفوذپذیری کم، بارش زیاد']",D,ترکیب شرایطی که منجر به سیلاب می‌شود شامل جریان زیاد، نفوذپذیری کم و بارش زیاد است که به افزایش حجم آب و رواناب کمک می‌کند.,A,0.443504124879837,D,0.9300857782363892,False,True,True,True,[0.44350412 0.09895915 0.34540135 0.1121354 ],[0.05992473 0.00377147 0.0062181  0.9300858 ],0.8565343618392944,0.1121354,0.9300858,0.8179504,0.7862695455551147,0.6016135215759277,0.6816574335098267,0.7835296988487244,0.6001168489456177,0.6796668767929077
1959,مایکل باید یک مقاله در مورد تشکیل سلول‌های قرمز خون بنویسد. علاوه بر سیستم گردش خون، کدام سیستم دیگر بدن را باید تحقیق کند تا اطلاعاتی درباره تشکیل سلول‌های قرمز خون پیدا کند؟,"['الف) سیستم اسکلتی', 'ب) سیستم ایمنی', 'ج) سیستم غدد درون\u200cریز', 'د) سیستم تولیدمثل']",A,مایکل باید سیستم اسکلتی را تحقیق کند زیرا سلول‌های قرمز خون در مغز استخوان، بخشی از این سیستم، تولید می‌شوند.,D,0.4884873628616333,A,0.9914564490318298,False,True,True,True,[0.07491197 0.43108857 0.00551206 0.48848736],[9.9145645e-01 3.5897454e-03 3.4449738e-04 4.6093240e-03],0.9350970983505248,0.07491197,0.99145645,0.91654448,0.8918676376342773,0.7979936003684998,0.8423231840133667,0.8918675780296326,0.797993540763855,0.8423231840133667
1960,ماشین دیالیز می‌تواند برای حذف زباله‌ها از خون بیمار استفاده شود. کدام سیستم بدن انسان به‌طور مشابه عمل می‌کند؟,"['تولیدی', 'اخراجی', 'گوارشی', 'درون\u200cریز']",B,سیستم ادراری مسئول حذف زباله‌ها از خون و خارج کردن آن‌ها از بدن است.,B,0.959661900997162,B,0.996737539768219,True,True,True,True,[0.03293417 0.9596619  0.00301586 0.00438805],[2.8160827e-03 9.9673754e-01 9.9419885e-05 3.4700951e-04],0.8266662955284119,0.9596619,0.99673754,0.03707564,0.8090029954910278,0.5924917459487915,0.684023380279541,0.8032156229019165,0.5898526906967163,0.6801947951316833
1961,چی چیز زمین را در مدار خود به دور خورشید نگه می‌دارد؟,"['اینرسی ماه', 'محل مدار زمین', 'سرعت چرخش زمین', 'کششی گرانشی خورشید']",D,نیروی گرانشی که خورشید بر زمین وارد می‌کند، باعث می‌شود زمین در مدار خود به دور خورشید بچرخد.,A,0.8148660063743591,D,0.8157475590705872,False,True,True,True,[0.814866   0.12399128 0.00257336 0.05856933],[0.08531006 0.09666897 0.00227344 0.81574756],0.8425899147987366,0.05856933,0.81574756,0.7571782300000001,0.9394218921661377,0.7868075370788574,0.8563684225082397,0.9394218921661377,0.7868074774742126,0.856368362903595
1962,تپه‌ای در جنگل بارانی روزگاری کاملاً با درختان پوشیده شده بود. یک شرکت چوب‌بر تمام درختان را قطع کرد. کدام یک از اشکال تخریب محیط زیست است که احتمالاً به دلیل قطع درختان رخ خواهد داد؟,"['تنوع زیستی بیشتری خواهد بود.', 'خاک از مواد معدنی خود عاری خواهد شد.', 'هوا از دی\u200cاکسید کربن تخلیه خواهد شد.', 'اکسیژن بیشتری به هوا آزاد خواهد شد.']",B,قطع درختان منجر به فرسایش خاک می‌شود و خاک را از مواد معدنی‌اش تهی می‌کند؛ زیرا ریشه‌های درختان دیگر نمی‌توانند خاک را در جای خود نگه دارند.,C,0.734463095664978,B,0.990852415561676,False,True,True,True,[0.05279029 0.21042721 0.7344631  0.00231944],[8.4726801e-03 9.9085242e-01 4.4903558e-04 2.2578928e-04],0.8546725511550903,0.21042721,0.99085242,0.78042521,0.849246621131897,0.7227463126182556,0.7809066772460938,0.8492467403411865,0.7227463722229004,0.7809066772460938
1963,یک شهاب‌سنگ در جو زمین با سرعت ۳۵ کیلومتر در ثانیه حرکت می‌کند. این شهاب‌سنگ به علت اصطکاک با جو، ۰.۰۲ کیلومتر در ثانیه کند می‌شود قبل از اینکه به سطح زمین برسد. سرعت نهایی شهاب‌سنگ به علت اصطکاک جو چقدر است؟,"['۰.۷ کیلومتر در ثانیه', '۳۴.۹۸ کیلومتر در ثانیه', '۳۵.۰۲ کیلومتر در ثانیه', '۱۷۵۰ کیلومتر در ثانیه']",B,شهاب‌سنگ ابتدا با سرعت ۳۵ کیلومتر در ثانیه حرکت می‌کند و به علت اصطکاک ۰.۰۲ کیلومتر در ثانیه کند می‌شود. سرعت نهایی آن ۳۵ - ۰.۰۲ = [MASK] است.,A,0.701790452003479,B,0.5268568992614746,False,True,True,True,[0.70179045 0.26019916 0.00693407 0.03107636],[0.46494958 0.5268569  0.00145689 0.00673659],0.9446896314620972,0.26019916,0.5268569,0.26665774,0.919634222984314,0.815833568572998,0.8646296262741089,0.9037554860115051,0.7967269420623779,0.8468730449676514
1964,کدام یک از این موارد عملکرد تمام سلول‌هاست؟,"['تولید اکسیژن از طریق فتوسنتز', 'ترکیب با سایر سلول\u200cها برای تشکیل بافت\u200cها', 'تقسیم\u200cبندی برای تشکیل سلول\u200cها در تولید مثل جنسی', 'انتقال اطلاعات ژنتیکی از یک نسل به نسل بعدی']",D,همه سلول‌ها برای تشکیل بافت‌ها با یکدیگر ترکیب می‌شوند.,B,0.6590123772621155,B,0.0002643449406605,False,False,False,False,[0.1880741  0.6590124  0.13027513 0.02263842],[1.3424545e-03 9.9807429e-01 3.1886087e-04 2.6434494e-04],0.736958384513855,0.02263842,0.00026434494,-0.0223740750599999,0.7725962400436401,0.5327438116073608,0.6306338906288147,0.7725962400436401,0.5327438116073608,0.6306338906288147
1965,در کلاس زیست شناسی، یک دانش‌آموز یک نمونه بافت را بر روی یک شیشه میکروسکوپ قرار می‌دهد. دانش‌آموز شیشه را می‌اندازد و شیشه می‌شکند. دانش‌آموز ابتدا باید چه procedure ای را دنبال کند؟,"['تلاش برای جمع\u200cآوری نمونه از تکه\u200cهای شیشه', 'برداشتن تکه\u200cهای بزرگتر شیشه', 'استفاده از جارو برای جمع\u200cآوری تمام شیشه\u200cهای روی زمین', 'به معلم در مورد حادثه اطلاع دهد']",D,اولین اقدام در صورت شکستن شیشه در کلاس، اطلاع دادن به معلم برای جلوگیری از آسیب و رفع خطر است.,B,0.3965686559677124,D,0.9340624809265136,False,True,True,True,[0.2725574  0.39656866 0.02202601 0.308848  ],[6.0180947e-02 5.5976999e-03 1.5879453e-04 9.3406248e-01],0.8331262469291687,0.308848,0.93406248,0.62521448,0.8557260036468506,0.7042462825775146,0.7726315259933472,0.8557259440422058,0.7042461633682251,0.7726314067840576
1966,تعداد کمی از گل‌ها می‌توانند در توندرا شمالی قطب شمال رشد کنند. آن‌هایی که در آنجا می‌رویند، ساقه‌های بسیار کوتاهی دارند. این چگونه یک سازگاری است که به آن‌ها در بقا در اقلیم قطب شمال کمک می‌کند؟,"['این آن\u200cها را از یخ زدن محافظت می\u200cکند.', 'این مانع از خوردن آن\u200cها توسط مصرف\u200cکنندگان می\u200cشود.', 'این آن\u200cها را از شکستن در وزش\u200cهای قوی باد محافظت می\u200cکند.', 'این کار کشیدن آن\u200cها از زمین را بسیار دشوار می\u200cکند.']",C,این ساقه‌های کوتاه گیاهان را در برابر وزش‌های قوی باد در مناطق قطبی مقاوم می‌کند و از شکستن آن‌ها جلوگیری می‌کند.,A,0.795669674873352,C,0.9549810290336608,False,True,True,True,[7.9566967e-01 3.2900504e-03 2.0039247e-01 6.4784935e-04],[4.1958939e-02 3.0394953e-03 9.5498103e-01 2.0479958e-05],0.9240033030509948,0.20039247,0.95498103,0.75458856,0.8432564735412598,0.7129834890365601,0.772667407989502,0.8432564735412598,0.7129835486412048,0.772667407989502
1967,کدام یک از جملات مربوط به فلزات صحیح است؟,"['الف) فلزات حل شدنی هستند.', 'ب) فلزات برق را هدایت می\u200cکنند.', 'ج) فلزات ساختاری سخت دارند.', 'د) فلزات نقطه ذوب پایینی دارند.']",B,فلزات به عنوان مواد هادی شناخته می‌شوند و قابلیت هدایت الکتریکی بالایی دارند.,A,0.4949187338352203,B,0.9847031235694884,False,True,True,True,[0.49491873 0.43676424 0.0092075  0.05910961],[0.00965369 0.9847031  0.00108311 0.00456008],0.8581711649894714,0.43676424,0.9847031,0.54793886,0.9674962759017944,0.6049754023551941,0.7444477677345276,0.9674962759017944,0.6049754023551941,0.7444477677345276
1968,کدام اطلاعات بهترین کمک را به یکmeteorologist در پیش‌بینی احتمال شکل‌گیری گردبادها در یک ناحیه خاص می‌کند؟,"['شرایط فعلی باد', 'نوع ابرها در آسمان', 'درصد رطوبت در هوا', 'مقدار بارش باران']",B,اطلاعات مربوط به سرعت و جهت باد در ارتفاعات مختلف برای پیش‌بینی گردبادها بسیار مهم است.,A,0.4545960426330566,A,0.0420158393681049,False,False,False,False,[0.45459604 0.18876502 0.3526595  0.00397939],[9.5627612e-01 4.2015839e-02 3.3619016e-04 1.3718657e-03],0.7512519955635071,0.18876502,0.042015839,-0.146749181,0.9278729557991028,0.7294905781745911,0.816808819770813,0.8921723365783691,0.7145198583602905,0.7935245037078857
1969,وزن یک جسم در مکان‌های مختلف روی زمین تغییر می‌کند. کدام یک از موارد زیر اندازه‌گیری وزن است؟,"['20 میلی\u200cلیتر', '16 نیوتن', '45 متر', '90 درجه سانتی\u200cگراد']",B,تنها گزینه‌ای که واحدش نیوتن است و می‌تواند وزن یک جسم را اندازه بگیرد.,B,0.9989504814147948,B,0.9994533658027648,True,True,True,True,[5.4393813e-04 9.9895048e-01 2.5440324e-05 4.8002371e-04],[2.2334413e-04 9.9945337e-01 3.6459929e-05 2.8677954e-04],0.8697123527526855,0.99895048,0.99945337,0.00050289,0.7311102747917175,0.6323771476745605,0.6781689524650574,0.743780791759491,0.6423391103744507,0.689348042011261
1970,"پت دو نوع کود گیاهی به نام‌های ""کود سریع‌الرشد"" و ""کود فوق‌العاده‌الرشد"" دارد. بهترین راه برای پت برای پیدا کردن اینکه کدام کود گیاهی به یک نوع خاص از گیاهان آپارتمانی کمک می‌کند تا بیشترین رشد را داشته باشد، چیست؟","['کود سریع\u200cالرشد را روی یک گیاه در اتاق نشیمن بگذارد، کود فوق\u200cالعاده\u200cالرشد را روی یک گیاه از همان نوع در اتاق خواب بگذارد و ببیند کدام یک بیشتر رشد می\u200cکند.', 'بداند هر نوع کود گیاهی چقدر هزینه دارد، زیرا نوع گران\u200cتر احتمالاً برای رشد گیاهان بهتر است.', 'کود سریع\u200cالرشد را روی چند گیاه بگذارد، مقدار مشابهی از کود فوق\u200cالعاده\u200cالرشد را روی چند گیاه دیگر از همان نوع بگذارد، همه گیاهان را در یک مکان قرار دهد و ببیند کدام گروه از گیاهان بیشتر رشد می\u200cکند.', 'به تبلیغات کود سریع\u200cالرشد نگاه کند، به تبلیغات کود فوق\u200cالعاده\u200cالرشد نگاه کند و ببیند کدام یک می\u200cگوید به رشد گیاهان بیشتر کمک می\u200cکند.']",C,پت باید آزمایشی کنترل شده با شرایط یکسان برای چندین گیاه از همان نوع انجام دهد و تأثیر دو کود را مقایسه کند تا بهترین نتیجه را مشخص کند.,C,0.7232189178466797,C,0.9259703755378724,True,True,True,True,[0.26605737 0.00436814 0.7232189  0.0063556 ],[0.06760316 0.00311282 0.9259704  0.00331358],0.8045586347579956,0.7232189,0.9259704,0.2027514999999999,0.7458494901657104,0.5708469152450562,0.6467183828353882,0.7480199337005615,0.5742955207824707,0.6497458815574646
1971,چندین دیسک فیلتر کاغذ با اندازه‌های مختلف در یک محلول خیس می‌شوند و در یک محلول دیگر قرار می‌گیرند که در آن واکنشی رخ می‌دهد که گازی تولید می‌کند. حباب‌های گاز روی فیلتر کاغذ جمع می‌شوند و باعث می‌شوند فیلتر کاغذ به سطح محلول برود. کدام‌یک از این موارد measurement که در طول این آزمایش انجام نخواهد شد؟,"['تعداد حباب\u200cهای تولید شده', 'فاصله\u200cای که فیلتر کاغذ بالارفته است', 'قطر دیسک\u200cهای فیلتر کاغذ', 'زمانی که فیلتر کاغذ برای بالا رفتن نیاز دارد']",A,اندازه‌گیری [MASK] اهمیتی ندارد زیرا تنها اندازه‌های مختلف آن‌ها مهم است.,B,0.4287649095058441,B,0.1349515318870544,False,False,False,False,[0.22950132 0.4287649  0.2025342  0.13919958],[0.13495153 0.5337437  0.19635333 0.13495153],0.6575337052345276,0.22950132,0.13495153,-0.09454979,0.8272639513015747,0.5448107123374939,0.6569646596908569,0.825857400894165,0.5386041402816772,0.6519937515258789
1972,در زیر چه شرایطی یک مکعب شکر سریع‌تر حل می‌شود وقتی که در یک لیتر آب در دمای اتاق قرار می‌گیرد؟,"['یک مکعب شکر کامل اضافه می\u200cشود و آب هم زده می\u200cشود.', 'یک مکعب شکر کامل اضافه می\u200cشود و آب هم زده نمی\u200cشود.', 'یک مکعب شکر خرد شده اضافه می\u200cشود و آب هم زده می\u200cشود.', 'یک مکعب شکر خرد شده اضافه می\u200cشود و آب هم زده نمی\u200cشود.']",C,افزایش سطح تماس شکر با آب و حرکت مولکول‌های آب، باعث حل سریع‌تر مکعب شکر می‌شود. بنابراین، خرد کردن مکعب شکر و هم زدن آب، منجر به حل سریع‌تر آن می‌شود.,A,0.5062981843948364,C,0.5268126130104065,False,True,True,True,[0.5062982  0.30708537 0.04155948 0.14505686],[0.41028208 0.03341592 0.5268126  0.02948945],0.9094547033309937,0.04155948,0.5268126,0.48525312,0.7634326219558716,0.67656409740448,0.7173781394958496,0.7634326219558716,0.67656409740448,0.7173781394958496
1973,کدام یک از این عوامل باعث تبخیر سریع‌تر آب می‌شود؟,"['دمای بالا', 'رطوبت بالا', 'بادهای ملایم', 'جریان آرام آب']",A,[MASK] باعث افزایش انرژی مولکول‌های آب و تبدیل سریع‌تر آن‌ها به بخار می‌شود.,A,0.9912256598472596,A,0.9916987419128418,True,True,True,True,[0.99122566 0.00317339 0.00280051 0.00280051],[0.99169874 0.00455674 0.00130553 0.00243905],0.7648532390594482,0.99122566,0.99169874,0.00047308,0.8098599910736084,0.6406285762786865,0.7153720259666443,0.7956691980361938,0.6229959726333618,0.6988241076469421
1974,داوید یک محلول با حل کردن 10 گرم نمک در 100 میلی‌لیتر آب تهیه می‌کند. او می‌خواهد محلولی به غلظت نصف تهیه کند. او چه چیزی باید به محلول اصلی اضافه کند تا محلولی به نسبت نصف غلظت حاصل شود؟,"['50 میلی\u200cلیتر آب', '100 میلی\u200cلیتر آب', '5 گرم نمک', '10 گرم نمک']",B,برای نصف کردن غلظت، حجم محلول باید دو برابر شود. با افزودن [MASK]، حجم محلول به 200 میلی‌لیتر می‌رسد و غلظت نمک نصف می‌شود.,C,0.6231576204299927,A,0.1266590505838394,False,False,False,False,[0.17853765 0.12270701 0.6231576  0.0755976 ],[0.4420835  0.12665905 0.3901373  0.04112018],0.9203835725784302,0.12270701,0.12665905,0.0039520399999999,0.8097802996635437,0.6722646951675415,0.7346426248550415,0.8114488124847412,0.6685699224472046,0.7331126928329468
1975,سوال: یک قناری و یک لاک‌پشت انواع مختلفی از حیوانات هستند. چه چیزی آن‌ها را مشابه می‌سازد؟,"['الف) هر دو خواب زمستانی دارند.', 'ب) هر دو پر دارند.', 'ج) هر دو از طریق تخم\u200cگذاری تولید مثل می\u200cکنند.', 'د) هر دو برای جوانان خود شیر تولید می\u200cکنند.']",C,هر دو از طریق تخم‌گذاری تولید مثل می‌کنند.,A,0.3963287770748138,C,0.9738673567771912,False,True,True,True,[0.39632878 0.04177275 0.34975892 0.21213952],[2.3263836e-02 2.0972986e-03 9.7386736e-01 7.7155302e-04],0.6803773045539856,0.34975892,0.97386736,0.62410844,0.9004344940185547,0.5955877900123596,0.7169516086578369,0.9004344940185547,0.5955877304077148,0.7169515490531921
1976,کشاورزان انواع مختلفی از محصولات را کشت می‌کنند. کدام یک از عوامل زیر بیشترین تاثیر را بر نوع محصوبی که یک کشاورز کشت می‌کند دارد؟,"['عمق خاک', 'مقدار بارندگی', 'مقدار زمین در دسترس', 'تعداد بذرهای در دسترس']",B,بارندگی، نیاز آبی محصولات مختلف را تعیین می‌کند و بدین ترتیب، بیشترین تاثیر را بر نوع محصول کشت شده دارد.,B,0.5328396558761597,B,0.9985225796699524,True,True,True,True,[0.3244485  0.53283966 0.04975579 0.09295605],[1.1600513e-03 9.9852258e-01 7.4159601e-05 2.4315997e-04],0.7074598670005798,0.53283966,0.99852258,0.46568292,0.6143480539321899,0.5266326665878296,0.5671187043190002,0.6086611747741699,0.5227504968643188,0.5624441504478455
1977,آلیشیا پراکسید هیدروژن و مخمر را در یک فنجان کاغذی ریخت. فنجان کاغذی احساس گرما کرد و او نتیجه‌گیری کرد که یک واکنش اتفاق افتاده که حرارت تولید می‌کند. آلیشیا چه کار دیگری می‌تواند انجام دهد تا نتیجه‌گیری دقیق‌تری به دست آورد؟,"['از یک فنجان عایق\u200cدار به جای فنجان کاغذی استفاده کند', 'مقدار پراکسید هیدروژنی که استفاده می\u200cکند را تغییر دهد', 'بعد از اینکه واکنش انجام شد، از فنجان عکس بگیرد', 'از یک دماسنج برای اندازه\u200cگیری تغییر دما استفاده کند']",D,برای نتیجه‌گیری دقیق‌تر، اندازه‌گیری تغییر دما ضروری است.,D,0.8264849185943604,D,0.8588964343070984,True,True,True,True,[0.16370091 0.00802383 0.00179036 0.8264849 ],[0.1327491  0.00620876 0.00214569 0.85889643],0.7015172839164734,0.8264849,0.85889643,0.03241153,0.7993813157081604,0.6193822622299194,0.6979634761810303,0.7993813157081604,0.6193822026252747,0.6979634761810303
1978,سیارات در منظومه شمسی به دور خورشید می‌چرخند زیرا خورشید,"['از هیدروژن و هلیوم تشکیل شده است.', 'قدیمی\u200cتر از سایر اشیاء در منظومه شمسی است.', 'منبع بیشتر انرژی گرما و نور است.', 'قوی\u200cترین منبع گرانش در منظومه شمسی است.']",D,سیارات به دلیل نیروی گرانش قوی خورشید که ناشی از جرم بسیار بزرگ آن است، به دور خورشید می‌چرخند.,D,0.4697678983211517,D,0.8466482758522034,True,True,True,True,[0.08163342 0.03402987 0.41456872 0.4697679 ],[0.0793682  0.01217151 0.06181202 0.8466483 ],0.8329696655273438,0.4697679,0.8466483,0.3768804,0.7349937558174133,0.614569902420044,0.6694090366363525,0.7385882139205933,0.6169896721839905,0.6723350882530212
1979,یک معادله نامتعادل برای واکنش گاز متان (CH_{4}) با اکسیژن در زیر نشان داده شده است. CH_{4} + \Box O_{2} -> 2CO_{2} + 4H_{2}O چند مولکول گاز اکسیژن (O_{2}) برای متعادل کردن صحیح این معادله نیاز است؟,"['1', '2', '3', '4']",D,برای متعادل کردن معادله، تعداد اتم‌های هر عنصر باید برابر باشد. در محصولات، [MASK] اتم کربن، 8 اتم هیدروژن و [MASK][MASK] اتم اکسیژن وجود دارد. از آنجایی که متان شامل [MASK] اتم کربن و [MASK] اتم هیدروژن است، برای تولید محصولات، به [MASK] مولکول O_{[MASK]} نیاز است.,B,0.5561948418617249,B,0.1484842747449875,False,False,False,False,[0.20461266 0.55619484 0.18057002 0.0586225 ],[0.21604334 0.5872667  0.04820579 0.14848427],0.9379241466522216,0.0586225,0.14848427,0.08986177,0.8513893485069275,0.7185784578323364,0.7793664336204529,0.9013638496398926,0.7747138738632202,0.833253800868988
1980,برخی از خودروهای جدید با استفاده از سیستم‌های ترمز خاص انرژی را هنگام اعمال ترمز بازیابی می‌کنند. این انرژی در باتری‌های خاصی ذخیره می‌شود و برای قدرت‌دهی به موتور الکتریکی استفاده می‌شود. چه نوع انرژی توسط ترمزها هنگام کاهش سرعت خودرو ذخیره می‌شود؟,"['گرانشی', 'جنبشی', 'پتانسیل', 'حرارتی']",C,انرژی [MASK] خودرو هنگام کاهش سرعت به انرژی الکتریکی تبدیل و ذخیره می‌شود.,D,0.4177138805389404,B,0.0106870736926794,False,False,False,False,[0.3253159  0.25335628 0.00361393 0.41771388],[0.27562323 0.5834944  0.01068707 0.13019522],0.8676646947860718,0.00361393,0.01068707,0.00707314,0.8266792893409729,0.6290431618690491,0.7144452333450317,0.8143672943115234,0.6201764345169067,0.7041283249855042
1981,سطح اقیانوس محیطی بسیار متنوع‌تر از اعماق آن است. کدام دو فرایند چرخه آب بیشترین تنوع در غلظت نمک سطح اقیانوس را ایجاد می‌کنند؟,"['تراوش و بارش', 'بارش و تبخیر', 'تبخیر و میعان', 'میعان و تراوش']",B,[MASK] دو فرایند مؤثر در تغییر غلظت نمک سطح اقیانوس هستند؛ بارش سبب کاهش و تبخیر سبب افزایش غلظت نمک می‌شود.,B,0.6894596219062805,B,0.9267310500144958,True,True,True,True,[0.25363803 0.6894596  0.01282675 0.04407568],[0.05970859 0.92673105 0.00180304 0.01175732],0.915837585926056,0.6894596,0.92673105,0.23727145,0.8197659254074097,0.6814682483673096,0.7442469596862793,0.8101038932800293,0.6706447601318359,0.7338070869445801
1982,درختان سیب و مرغ‌ها هر دو یک چرخه عمر دارند. کدام مرحله از چرخه عمر در هر دو، دانه سیب و تخمک بارور شده وجود دارد؟,"['شفیره', 'جنین', 'مزو', 'بزرگسال']",C,مرحله‌ای که دانه سیب و تخمک بارور شده در آن وجود دارد، مرحله [MASK] است.,A,0.7542960047721863,A,0.0266994107514619,False,False,False,False,[0.754296   0.13210504 0.07071073 0.04288823],[0.87899756 0.06404856 0.02669941 0.0302544 ],0.7506000399589539,0.07071073,0.02669941,-0.04401132,0.8351278901100159,0.7098339200019836,0.767400324344635,0.8354282975196838,0.7094231247901917,0.7672869563102722
1983,"سالی الکترودها را درون یک بشر حاوی محلول قرار داد و الکترودها را به یک باتری متصل کرد. بخشی از گزارش سالی بیان شده است که ""حباب‌ها در یکی از الکترودها آزاد شدند."" این جمله","['مشاهده\u200cای است', 'پیش\u200cبینی است', 'نتیجه\u200cگیری است', 'نظریه\u200cای است']",A,این جمله یک مشاهده مستقیم از نتایج آزمایش است که در آن حباب‌ها در یکی از الکترودها دیده می‌شوند.,A,0.9878507256507874,A,0.9990608096122742,True,True,True,True,[0.9878507  0.00513088 0.00513088 0.00188755],[9.990608e-01 5.884896e-04 6.399528e-05 2.868069e-04],0.8251967430114746,0.9878507,0.9990608,0.0112101,0.7910482287406921,0.6684974431991577,0.7246278524398804,0.7910481691360474,0.6684973835945129,0.7246277928352356
1984,دو دانش آموز هر کدام یک جعبه را تا طبقه سوم یک ساختمان حمل می‌کنند. مجموع جرم هر دانش آموز و جعبه‌ای که او حمل می‌کند یکسان است. ربرتاً این سفر را در ۴۵ ثانیه انجام می‌دهد در حالی که ماری ۳۰ ثانیه طول می‌کشد. کدام یک از جملات زیر به بهترین نحو این کار را توصیف می‌کند؟,"['ربرتاً کار بیشتری نسبت به ماری انجام می\u200cدهد.', 'ماری کار بیشتری نسبت به ربرتاً انجام می\u200cدهد.', 'ربرتاً قدرت بیشتری نسبت به ماری دارد.', 'ماری قدرت بیشتری نسبت به ربرتاً دارد.']",D,هر دو کار یکسانی انجام می‌دهند اما ماری آن را سریع‌تر انجام می‌دهد، پس قدرت بیشتری دارد.,A,0.9028774499893188,C,0.0028228831943124,False,False,False,False,[0.90287745 0.05118619 0.01853841 0.02739799],[0.09495316 0.00133344 0.9008905  0.00282288],0.7616010904312134,0.02739799,0.00282288,-0.02457511,0.751949667930603,0.5770876407623291,0.6530153155326843,0.751949667930603,0.5770876407623291,0.6530153155326843
1985,کدام یک از موارد زیر مرحله‌ای در چرخه زندگی درخت سیب است؟,"['تخم\u200cها از نهال\u200cها رشد می\u200cکنند.', 'میوه\u200cها گل\u200cها را تشکیل می\u200cدهند.', 'نهال\u200cها از برگ\u200cها رشد می\u200cکنند.', 'گل\u200cهای بارور میوه تشکیل می\u200cدهند.']",D,گل‌های بارور شده به میوه تبدیل می‌شوند.,A,0.7152340412139893,B,0.0640856027603149,False,False,False,False,[0.71523404 0.18083948 0.07597636 0.02795014],[0.04990991 0.8846744  0.00133005 0.0640856 ],0.5416121482849121,0.02795014,0.0640856,0.03613546,0.7241876125335693,0.44720032811164856,0.5529456734657288,0.7229124903678894,0.44793394207954407,0.5531332492828369
1986,هنگام بررسی سلامت یک اکوسیستم، بوم شناسان عوامل زیادی را در نظر می‌گیرند. کدام عامل به لحاظ احتمال کم‌تر توسط بوم شناسان هنگام ارزیابی تأثیر فعالیت‌های انسانی بر یک اکوسیستم در نظر گرفته می‌شود؟,"['کیفیت هوا', 'تنوع گیاهی', 'تابش خورشیدی', 'آلودگی حرارتی']",C,[MASK] یک عامل ثابت و طبیعی است که کمتر تحت تأثیر فعالیت‌های انسانی تغییر می‌کند.,C,0.7728865742683411,C,0.6027913689613342,True,True,True,False,[0.19541633 0.02075827 0.7728866  0.01093884],[0.32265097 0.05606833 0.60279137 0.01848937],0.6498829126358032,0.7728866,0.60279137,-0.1700952299999999,0.9050686359405518,0.6187622547149658,0.7350189685821533,0.8876549005508423,0.5985134243965149,0.7149571776390076
1987,دانشمندان در حال مطالعه یک گروه از قازهای جوان جستجوگر کشف کردند که درصد زیادی از آنها به انگل‌های خونی مبتلا هستند. این انگل‌های خونی چگونه احتمالاً بر روی پرندگان جوان تاثیر خواهند گذاشت؟,"['با جهش در ویژگی\u200cهای ژنتیکی پرندگان', 'با تغییر رفتارهای اجتماعی پرندگان', 'با کاهش سلامت کلی پرندگان', 'با افزایش انرژی در دسترس پرندگان']",C,این انگل‌ها با تغذیه از خون، سبب کم خونی، ضعف و کاهش سلامت کلی پرندگان می‌شوند.,A,0.9399976134300232,C,0.965165674686432,False,True,True,True,[0.9399976  0.01699947 0.04142179 0.0015812 ],[3.3155415e-02 1.6251190e-03 9.6516567e-01 5.3897616e-05],0.8920468091964722,0.04142179,0.96516567,0.92374388,0.8872307538986206,0.6714783906936646,0.7644226551055908,0.8872307538986206,0.6714783906936646,0.7644226551055908
1988,سوالی: یک موش در یک انتهای یک هزارتوی مقوایی قرار دارد که در انتهای دیگر آن یک تکه پنیر وجود دارد. موش بوی پنیر را استشمام می‌کند و یاد می‌گیرد چگونه آن را پیدا کند. موش از یک,"['ویژگی کسب\u200cشده برای به دست آوردن یک ویژگی ارثی استفاده می\u200cکند.', 'ویژگی ارثی برای به دست آوردن یک ویژگی کسب\u200cشده استفاده می\u200cکند.', 'ویژگی کسب\u200cشده برای به دست آوردن یک ویژگی دیگر کسب\u200cشده استفاده می\u200cکند.', 'ویژگی ارثی برای به دست آوردن یک ویژگی دیگر ارثی استفاده می\u200cکند.']",B,موش با استفاده از حس بویایی ارثی خود، مسیری را یاد می‌گیرد؛ یعنی یک ویژگی کسب‌شده را برای کسب ویژگی دیگری به کار می‌برد.,A,0.7196172475814819,B,0.5880469679832458,False,True,True,True,[0.71961725 0.2647324  0.00383567 0.0118147 ],[4.0415838e-01 5.8804697e-01 3.9231384e-04 7.4024191e-03],0.7831289768218994,0.2647324,0.58804697,0.3233145699999999,0.7119355201721191,0.6229703426361084,0.6644883751869202,0.7097593545913696,0.6239485144615173,0.6640934348106384
1989,خورشید نمونه‌ای از کدام یک از موارد زیر است؟,"['شهاب\u200cسنگ', 'سیاره', 'کهکشان', 'ستاره']",D,نمونه‌ای از یک [MASK] است که نور و گرما تولید می‌کند.,A,0.7292699217796326,D,0.7404234409332275,False,True,True,True,[0.7292699  0.03637919 0.02500303 0.2093478 ],[0.24226563 0.01345579 0.00385515 0.74042344],0.6489599943161011,0.2093478,0.74042344,0.5310756400000001,0.7313430309295654,0.5514670014381409,0.6287938952445984,0.7178953886032104,0.5339787006378174,0.6124271154403687
1990,جان و لیزا یک نمونه از آب دریا جمع‌آوری کردند و آن را در یک شیشه قرار دادند. در عرض چند روز، آب تبخیر شد و نمک در ته شیشه قابل مشاهده بود. این نمونه‌ای از چیست؟,"['تغییر فیزیکی.', 'تغییر شیمیایی.', 'حل شدن یک حلّال.', 'تشکیل یک ماده جدید.']",A,آب تبخیر شده و نمک باقی مانده، بدون تغییر شیمیایی، نمونه‌ای از تغییر فیزیکی است.,A,0.9029003381729126,A,0.999750316143036,True,True,True,True,[0.90290034 0.08447634 0.00785752 0.00476583],[9.9975032e-01 1.9658229e-04 2.6604521e-05 2.6604521e-05],0.8816755414009094,0.90290034,0.99975032,0.09684998,0.8023560047149658,0.599480152130127,0.6862378120422363,0.8023560047149658,0.599480152130127,0.6862378120422363
1991,زمین دارای مدار مشخصی در سیستم خورشیدی است. این مدار عمدتاً نتیجه,"['جرم خورشید است.', 'اندازه ماه است.', 'نیروی جاذبه سیارات دیگر است.', 'فاصله بین سیارات دیگر است.']",A,نیروی گرانشی خورشید باعث حرکت زمین در مسیر مشخصی می‌شود.,A,0.9765507578849792,A,0.997980296611786,True,True,True,True,[9.7655076e-01 2.0396726e-02 3.3487412e-04 2.7176007e-03],[9.9798030e-01 1.4989381e-03 2.6047640e-04 2.6047640e-04],0.788003146648407,0.97655076,0.9979803,0.02142954,0.8725369572639465,0.6694125533103943,0.7575957179069519,0.8725370168685913,0.6694125533103943,0.7575958371162415
1992,خط اول دفاع در بدن انسان در برابر عفونت و بیماری چیست؟,"['پوست', 'ویتامین\u200cها', 'گلبول\u200cهای قرمز خون', 'گلبول\u200cهای سفید خون']",A,[MASK] به عنوان یک مانع فیزیکی از ورود میکروارگانیسم‌ها به بدن جلوگیری می‌کند و نقش مهمی در حفاظت از بدن دارد.,A,0.442896157503128,A,0.9988767504692078,True,True,True,True,[0.44289616 0.07756744 0.03664027 0.44289616],[9.9887675e-01 4.2900004e-04 7.0032329e-05 6.2419137e-04],0.7622150182723999,0.44289616,0.99887675,0.55598059,0.9462387561798096,0.7353018522262573,0.8275400400161743,0.9407355785369873,0.7251834273338318,0.8190144300460815
1993,اکسیژن، هیدروژن و آب مواد هستند. کدام یک از این مواد عناصر هستند؟,"['اکسیژن، هیدروژن و آب', 'فقط اکسیژن و هیدروژن', 'فقط اکسیژن', 'فقط آب']",B,اکسیژن و هیدروژن از یک نوع اتم تشکیل شده‌اند و عناصر هستند.,B,0.9119945764541626,B,0.9383590221405028,True,True,True,True,[8.433312e-02 9.119946e-01 7.411144e-04 2.931164e-03],[6.0280904e-02 9.3835902e-01 5.1344646e-04 8.4653008e-04],0.8726109862327576,0.9119946,0.93835902,0.02636442,0.8729600310325623,0.6799629926681519,0.7644687294960022,0.8791568279266357,0.6901363134384155,0.7732628583908081
1994,دانش‌آموزان می‌خواهند بدانند که اندازهٔ برگ‌های درخت بلوط چقدر است. بهترین روش برای اندازه‌گیری اندازهٔ برگ‌ها ___ است.,"['کتابی بخوانند', 'از خط\u200cکش استفاده کنند', 'چند برگ را برش دهند', 'از ذره\u200cبین استفاده کنند']",B,اندازه‌گیری دقیق با ابزار مناسب، بهترین روش برای تعیین ابعاد برگ‌هاست.,B,0.8337732553482056,B,0.8973797559738159,True,True,True,True,[0.04703827 0.83377326 0.09958002 0.01960847],[0.02372826 0.89737976 0.06450009 0.01439192],0.8060110807418823,0.83377326,0.89737976,0.0636065,0.7473777532577515,0.5764601230621338,0.6508855223655701,0.7473777532577515,0.5764601230621338,0.6508855223655701
1995,ظرفی در حین یک تمرین آزمایشگاهی واژگون شده و مایع بر روی سطح کار ریخته می‌شود. دانش‌آموز باید ابتدا چه کاری انجام دهد؟,"['معلم را مطلع کند', 'ریختن را پاک کند', 'به همکلاسی خود بگوید', 'سرایداری را صدا کند']",A,در صورت ریختن مایع، ابتدا باید معلم مطلع شود تا اقدامات لازم برای جلوگیری از خطرات انجام شود.,A,0.8901386857032776,A,0.9992210865020752,True,True,True,True,[8.9013869e-01 1.0631191e-01 7.1632396e-04 2.8331163e-03],[9.9922109e-01 7.0789084e-04 1.1089957e-05 5.9951741e-05],0.7717557549476624,0.89013869,0.99922109,0.1090824,0.9235320091247559,0.7034847736358643,0.7986281514167786,0.9235320091247559,0.7034847736358643,0.7986281514167786
1996,زمانی که یک شهاب سنگ با سرعت بالا وارد جو زمین می‌شود، به دلیل اصطکاک کند می‌شود و بسیار داغ می‌شود. کدام عامل بیشترین تأثیر را بر میزان اصطکاکی که یک شهاب سنگ هنگام ورود به جو با آن مواجه می‌شود دارد؟,"['آب و هوا', 'مغناطیس', 'انرژی خورشیدی', 'چگالی هوا']",D,[MASK] عامل اصلی مؤثر بر میزان اصطکاک است؛ زیرا هرچه [MASK] بیشتر باشد، برخوردهای مولکول‌های هوا با شهاب سنگ بیشتر و اصطکاک افزایش می‌یابد.,A,0.8438316583633423,D,0.6381770968437195,False,True,True,True,[8.4383166e-01 9.3375770e-03 7.6647499e-04 1.4606428e-01],[0.3389333  0.02166728 0.00122238 0.6381771 ],0.8323045372962952,0.14606428,0.6381771,0.49211282,0.8715686798095703,0.6950788497924805,0.7733826041221619,0.8672833442687988,0.680008590221405,0.762312650680542
1997,بر اساس جدول دوره‌ای، آرگون در کدام ستون قرار دارد؟,"['۱ (۱A)', '۲ (۲A)', '۱۶ (۶A)', '۱۸ (۸A)']",D,آرگون یک گاز نجیب است و در ستون ۱۸ جدول دوره‌ای قرار دارد.,C,0.4552211761474609,D,0.9543187618255616,False,True,True,True,[0.12940809 0.01363951 0.45522118 0.40173128],[0.0422587  0.00197647 0.00144601 0.95431876],0.8702778816223145,0.40173128,0.95431876,0.55258748,0.8440772294998169,0.6677001714706421,0.7455998659133911,0.8455792665481567,0.6722132563591003,0.7489951848983765
1998,این ارگانیسم‌ها در جریان انرژی در یک اکوسیستم تعامل دارند. گوشت‌خواران و همه‌چیز خواران به عنوان مصرف‌کننده طبقه‌بندی می‌شوند. کدام دو ارگانیسم نیز به عنوان مصرف‌کننده طبقه‌بندی می‌شوند؟,"['باکتری\u200cها و قارچ\u200cها', 'قارچ\u200cها و لاشه\u200cخوارها', 'انگل\u200cها و گیاه\u200cخوارها', 'پوسنده\u200cها و گیاه\u200cخوارها']",C,ارگانیسم‌هایی که از تولیدکنندگان یا سایر حیوانات تغذیه می‌کنند، مصرف‌کننده هستند. نمونه‌هایی از این ارگانیسم‌ها شامل گیاه‌خوارها و انگل‌ها می‌شود.,B,0.8968560099601746,C,0.9755097031593324,False,True,True,True,[0.05755848 0.896856   0.0183968  0.0271887 ],[0.00739015 0.01564494 0.9755097  0.00145521],0.859383761882782,0.0183968,0.9755097,0.9571129,0.7653968334197998,0.5982615947723389,0.671586811542511,0.7653968334197998,0.5982616543769836,0.6715869307518005
1999,کدام بیان بهترین توضیح را ارائه می‌دهد که چرا چوب به عنوان یک منبع انرژی تجدید پذیر در نظر گرفته می‌شود و زغال‌سنگ اینگونه نیست؟,"['الف) چوب از زغال\u200cسنگ آسان\u200cتر پیدا می\u200cشود.', 'ب) چوب به ازای هر واحد جرم، کربن کمتری نسبت به زغال\u200cسنگ دارد.', 'ج) چوب سریع\u200cتر از زغال\u200cسنگ شکل می\u200cگیرد.', 'د) چوب به ازای هر واحد جرم، انرژی ذخیره\u200cشده کمتری نسبت به زغال\u200cسنگ دارد.']",C,چوب به سرعت زغال‌سنگ تشکیل می‌شود و قابل تجدید است.,B,0.8504766225814819,C,0.8953720927238464,False,True,True,True,[0.04779355 0.8504766  0.0229316  0.07879824],[0.03498964 0.0187286  0.8953721  0.05090962],0.6651138663291931,0.0229316,0.8953721,0.8724405,0.6685187816619873,0.47359171509742737,0.5544208884239197,0.6685187220573425,0.473591685295105,0.5544208884239197
2000,کدام یک از این موارد نتیجه فتوسنتز و ضروری برای تنفس سلولی است؟,"['دی اکسید کربن', 'گلوکز', 'آب', 'نور خورشید']",B,نتیجه فتوسنتز که به عنوان منبع انرژی برای تنفس سلولی ضروری است، مولکول‌های آلی غنی از انرژی هستند.,C,0.6319848299026489,B,0.9970169067382812,False,True,True,True,[0.09654017 0.26448157 0.63198483 0.00699335],[1.5832112e-03 9.9701691e-01 4.3964191e-04 9.6026616e-04],0.8115400075912476,0.26448157,0.99701691,0.7325353400000001,0.7254052758216858,0.614118218421936,0.6651389002799988,0.7386256456375122,0.6316210627555847,0.6809453368186951
2001,یک گونه که به‌صورت جنسی تولیدمثل می‌کند چه مزیتی نسبت به گونه‌ای که به‌صورت غیرجنسی تولیدمثل می‌کند دارد؟,"['تنوع بیشتری میان نسل\u200cها وجود دارد.', 'نسل\u200cها شبیه والدین هستند.', 'تنها یک والد برای تولیدمثل لازم است.', 'هیچ سلول جنسی برای تولیدمثل لازم نیست.']",A,تنوع ژنتیکی بیشتر در نسل‌ها به دلیل ترکیب ژن‌های متفاوت دو والد.,D,0.4397818744182586,A,0.9745293259620668,False,True,True,True,[0.16305563 0.00905635 0.38810614 0.43978187],[9.7452933e-01 1.4766369e-03 8.9562556e-04 2.3098487e-02],0.7239951491355896,0.16305563,0.97452933,0.8114737,0.7777762413024902,0.5673362612724304,0.6560947895050049,0.7777761816978455,0.5673362612724304,0.6560947895050049
2002,لوازم خانگی برق را به یک یا چند شکل مختلف انرژی تبدیل می‌کنند. یک پنکه برقی بهترین توصیف ایناست که برق را به,"['فقط انرژی گرمایی تبدیل می\u200cکند', 'فقط انرژی گرمایی و انرژی صوتی تبدیل می\u200cکند', 'فقط انرژی گرمایی، انرژی صوتی و انرژی مکانیکی تبدیل می\u200cکند', 'انرژی گرمایی، انرژی صوتی، انرژی مکانیکی و انرژی شیمیایی تبدیل می\u200cکند']",C,پنکه برق را به انرژی مکانیکی، گرمایی و صوتی تبدیل می‌کند.,A,0.5783061981201172,C,0.9516080021858216,False,True,True,True,[0.5783062  0.07857156 0.12954259 0.21357961],[0.0374789  0.00836267 0.951608   0.00255047],0.8893780708312988,0.12954259,0.951608,0.82206541,0.821990430355072,0.6262778043746948,0.7109102606773376,0.821990430355072,0.6262778043746948,0.7109102606773376
2003,یک دانش‌آموز از یک نی برای حباب زدن در یک محلول هیدروکسید کلسیم استفاده می‌کند. دی‌اکسید کربن موجود در نفس دانش‌آموز با آب واکنش داده و اسیدی را تشکیل می‌دهد که شروع به خنثی‌کردن محلول قلیایی می‌کند. کدام یک از موارد زیر بهترین توصیف برای تغییر اولیه pH محلول است؟,"['افزایش pH به سمت pH ۷', 'افزایش pH به دور از pH ۷', 'کاهش pH به سمت pH ۷', 'کاهش pH به دور از pH ۷']",C,افزودن اسید کربنیک به محلول هیدروکسید کلسیم قلیایی، باعث کاهش pH به سمت خنثی می‌شود.,C,0.5265960693359375,C,0.8512871265411377,True,True,True,True,[0.40851456 0.01571656 0.52659607 0.04917277],[0.0328793  0.00107355 0.8512871  0.11476003],0.8425483107566833,0.52659607,0.8512871,0.32469103,0.809684157371521,0.6135913133621216,0.6981293559074402,0.8096840977668762,0.6135913133621216,0.6981292366981506
2004,سوالی: یک دانش‌آموز 20 گرم نمک خوراکی را در یک لیوان آب حل می‌کند. کدام جمله توضیح می‌دهد که پس از حل شدن نمک خوراکی، وزن آن چه می‌شود؟,"['الف) وزن کاهش می\u200cیابد زیرا قطعات نمک خوراکی بسیار کوچک\u200cتر هستند.', 'ب) وزن افزایش می\u200cیابد زیرا نمک خوراکی در تمام آب پخش می\u200cشود.', 'ج) وزن ثابت می\u200cماند زیرا مقدار نمک خوراکی تغییر نمی\u200cکند.', 'د) وزن صفر است زیرا نمک خوراکی به مایع تبدیل شده است.']",C,وزن ثابت می‌ماند زیرا طبق قانون پایستگی جرم، ماده نه ایجاد می‌شود و نه از بین می‌رود.,A,0.7935239672660828,A,0.4085215628147125,False,False,False,False,[0.79352397 0.12121642 0.03472909 0.05053052],[0.46291557 0.09115348 0.40852156 0.03740931],0.5198590159416199,0.03472909,0.40852156,0.37379247,0.8764809966087341,0.6004883050918579,0.7126981019973755,0.8764809966087341,0.6004883050918579,0.7126981019973755
2005,کدام مثال بهترین تصویر را از نیروی عمل از راه دور نشان می‌دهد؟,"['بلند کردن یک جعبه', 'افتادن یک سیب', 'کشیدن میخی از چوب', 'حرکت یک خودرو بر روی سطح صاف']",B,نیرویی که بدون تماس فیزیکی مستقیم اعمال می‌شود، مانند نیروی مغناطیسی که میخی را از چوب بیرون می‌کشد.,A,0.360460102558136,C,0.0107450736686587,False,False,False,False,[0.3604601  0.2169287  0.3604601  0.06215112],[0.01217576 0.01074507 0.97482693 0.00225229],0.7587995529174805,0.2169287,0.01074507,-0.20618363,0.6993021965026855,0.5949282646179199,0.6429066061973572,0.7006792426109314,0.5961865186691284,0.6442232728004456
2006,یک ماهی در برکه نسبت به سایر ماهی‌های هم‌گونه‌اش، خارهای محافظتی بلندتری دارد. این خارها ماهی را از شکارچیان محافظت می‌کنند. این ماهی بسیاری از فرزندان خود را به دنیا می‌آورد که آن‌ها هم خارهای بلندی دارند. کدام بیانیه بهترین توصیف را از آنچه اتفاق افتاده، ارائه می‌دهد؟,"['یک جهش باعث تغییر سودمندی در ماهی شد.', 'یک جهش باعث تغییر زیان\u200cآوری در ماهی شد.', 'خارهای بلندتر باعث تغییر ژنتیکی در ماهی شدند.', 'خارهای بلندتر باعث تغییر موقتی در ماهی شدند.']",A,یک جهش مفید در ماهی اتفاق افتاده است که موجب تولید خارهای محافظتی بلندتر و افزایش شانس زنده ماندن و تولید مثل آن شده است.,C,0.5088520050048828,A,0.9974035620689392,False,True,True,True,[0.44906032 0.01973033 0.508852   0.0223574 ],[9.9740356e-01 2.0178456e-03 1.5559956e-04 4.2296344e-04],0.765943169593811,0.44906032,0.99740356,0.5483432399999999,0.7470030188560486,0.6194095015525818,0.677249014377594,0.7470030188560486,0.6194095015525818,0.677249014377594
2007,یک تیم تحقیقاتی گونه‌ای جدید از حیوانات را پیدا می‌کند. اطلاعاتی که درباره این حیوان به دست می‌آید، بهترین راه برای پیشبرد دانش علمی این است که تیم تحقیقاتی,"['بیانیه\u200cای به ایستگاه\u200cهای تلویزیونی محلی صادر کند.', 'اطلاعاتی را به جامعه علمی ارائه دهد.', 'یافته\u200cهای علمی را با دانش\u200cآموزان بحث کند.', 'نامه\u200cای به سردبیر روزنامه محلی خود بنویسد.']",B,ارائه اطلاعات به جامعه علمی از طریق مجلات معتبر یا کنفرانس‌ها، امکان بررسی، تکرار و توسعه تحقیقات را برای محققان فراهم می‌کند و به تأیید دانش جدید کمک می‌کند.,B,0.9437370896339417,B,0.9971016049385072,True,True,True,True,[5.3554885e-02 9.4373709e-01 6.6370470e-04 2.0443543e-03],[2.7951885e-03 9.9710160e-01 5.8012287e-05 4.5180015e-05],0.7894025444984436,0.94373709,0.9971016,0.05336451,0.77170330286026,0.6293333172798157,0.6932846307754517,0.77170330286026,0.6293333172798157,0.6932846307754517
2008,سرعت امواج رادیویی چگونه با سرعت امواج فروسرخ مقایسه می‌شود؟,"['امواج رادیویی سریع\u200cتر حرکت می\u200cکنند.', 'امواج فروسرخ سریع\u200cتر حرکت می\u200cکنند.', 'هر دو با یک سرعت حرکت می\u200cکنند.', 'سرعت موج با فرکانس آن تغییر می\u200cکند.']",C,سرعت امواج رادیویی و فروسرخ در خلاء یکسان و برابر با سرعت نور است.,B,0.5805382132530212,C,0.9537193179130554,False,True,True,True,[0.39744213 0.5805382  0.00831334 0.01370639],[4.1903503e-02 3.4938157e-03 9.5371932e-01 8.8337495e-04],0.9251279234886168,0.00831334,0.95371932,0.94540598,0.9337154626846313,0.7347550392150879,0.8223724961280823,0.9337154626846313,0.7347550392150879,0.8223724961280823
2009,اگر یک اتم هیدروژن یک الکترون را از دست بدهد، بار کلی آن چه خواهد بود؟,"['-1', '1', '-2', '2']",B,اتم هیدروژن با از دست دادن یک الکترون، یک پروتون باقی می‌ماند که بار مثبت [MASK] دارد.,A,0.9391412734985352,B,0.918052077293396,False,True,True,True,[0.9391413  0.05319009 0.0020624  0.00560619],[0.07654503 0.9180521  0.00203986 0.00336315],0.8388079404830933,0.05319009,0.9180521,0.8648620100000001,0.7870501279830933,0.6107128858566284,0.6877584457397461,0.7917530536651611,0.6152940988540649,0.6924586296081543
2010,قندها برای عملکرد سلول‌های انسانی ضروری هستند. کدام یک از موارد زیر را سلول‌های انسانی نمی‌توانند انجام دهند؟,"['چسباندن قندها به مولکول\u200cهای پروتئینی', 'ساخت مولکول\u200cهای بزرگتر از قندها', 'ایجاد قندهای ساده از مولکول\u200cهای کوچکتر', 'شکستن کربوهیدرات\u200cهای پیچیده به قندهای ساده']",C,سلول‌های انسانی نمی‌توانند قندهای ساده را از مولکول‌های کوچکتر بسازند، این فرآیند که گلوئونژنز نام دارد، عمدتاً در کبد و کلیه‌ها انجام می‌شود.,A,0.3562874794006347,C,0.6567556858062744,False,True,True,True,[0.35628748 0.24487257 0.04255247 0.35628748],[0.21321735 0.10071675 0.6567557  0.02931025],0.8542917966842651,0.04255247,0.6567557,0.6142032300000001,0.7763049006462097,0.6563690900802612,0.7113168239593506,0.7765476703643799,0.6586278676986694,0.7127434015274048
2011,علاوه بر نور، چه نوع انرژی دیگری توسط لامپ تولید می‌شود؟,"['گرمایی', 'شیمیایی', 'مغناطیسی', 'مکانیری']",A,لامپ‌ها علاوه بر نور، انرژی [MASK] نیز تولید می‌کنند.,A,0.9947709441184998,A,0.9952129125595092,True,True,True,True,[0.99477094 0.00190867 0.00115767 0.00216281],[9.9521291e-01 2.2069877e-03 6.3231261e-04 1.9476599e-03],0.8393137454986572,0.99477094,0.99521291,0.00044197,0.9406301975250244,0.6269408464431763,0.7523990273475647,0.9393061995506287,0.6181761026382446,0.7456350326538086
2012,کدام یک از عبارات درباره مولکول‌های یخ و مولکول‌های آب مایع صحیح است؟,"['مولکول\u200cهای یخ انرژی بیشتری نسبت به مولکول\u200cهای آب مایع دارند.', 'مولکول\u200cهای یخ حاوی اتم\u200cهای متفاوتی نسبت به مولکول\u200cهای آب مایع هستند.', 'مولکول\u200cهای یخ بار الکتریکی بیشتری نسبت به مولکول\u200cهای آب مایع دارند.', 'مولکول\u200cهای یخ نسبت به مولکول\u200cهای آب مایع آزادی کمتری برای حرکت دارند.']",D,مولکول‌های یخ به دلیل ساختار بلوری منظمی که دارند، آزادی کمتری برای حرکت دارند.,B,0.5328211784362793,D,0.9499500393867492,False,True,True,True,[0.09331663 0.5328212  0.0076599  0.3662023 ],[0.04748034 0.0015995  0.00097015 0.94995004],0.8626235723495483,0.3662023,0.94995004,0.5837477400000001,0.9138680100440979,0.6097531318664551,0.73145991563797,0.9138680100440979,0.6097531318664551,0.73145991563797
2013,کدام یک از موارد زیر مهم‌ترین وظیفهٔ دپارتمان تحقیق و توسعه یک شرکت بزرگ است؟,"['برای ایجاد، آزمایش و بهبود محصولات', 'برای مدیریت تولید محصولات', 'برای ترغیب مشتریان به خرید محصولات', 'برای برچسب\u200cگذاری، بسته\u200cبندی و ارسال محصولات به فروشگاه\u200cهای خرده\u200cفروشی']",A,توسعه و نوآوری در محصولات برای برآورده کردن نیازهای مشتریان و حفظ مزیت رقابتی,A,0.9989894032478333,A,0.998859167098999,True,True,True,False,[9.9898940e-01 5.5685895e-04 8.2769693e-05 3.7094802e-04],[9.9885917e-01 9.0729061e-04 6.5723914e-05 1.6783188e-04],0.5379642248153687,0.9989894,0.99885917,-0.00013023,0.8254609107971191,0.6396343111991882,0.7207628488540649,0.8254609107971191,0.6396342515945435,0.7207628488540649
2014,یک گروه آزمایشگاهی نرخ رشد چهار گیاه که در نزدیکی پنجره کلاس درس رشد داده شده‌اند را مورد بررسی قرار می‌دهد. نتیجه‌گیری گروه با داده‌های مشابه از کدام یک از این منابع تقویت می‌شود؟,"['گروه\u200cهای آزمایشگاهی دیگر که به بررسی همان سوال می\u200cپردازند', 'نرخ رشد متوسط گیاهان منتشر شده در یک کتاب', 'یک آزمایش با گیاهان مختلف در همان محیط', 'یک آزمایش جدید با گیاهان بزرگتر']",A,نتایج مشابه از آزمایش‌های دیگر، اعتبار و قابلیت اعتماد نتایج را افزایش می‌دهد.,A,0.9457930326461792,A,0.996737539768219,True,True,True,True,[0.94579303 0.04184029 0.00933583 0.0030309 ],[9.9673754e-01 2.7941680e-03 4.2849954e-04 3.9856663e-05],0.7350496053695679,0.94579303,0.99673754,0.05094451,0.8116685152053833,0.5485985279083252,0.6546952128410339,0.8116685748100281,0.5485985279083252,0.6546952128410339
2015,پس از چندین دهه غیبت در پارک ملی یلواستون، گرگ‌های خاکستری دوباره به این منطقه معرفی می‌شوند. با افزایش جمعیت گرگ‌ها، جمعیت‌های گوزن و بوفالو آغاز به کاهش می‌کنند. یکی دیگر از پیامدهای معرفی گرگ‌ها که احتمالاً در پارک یلواستون روی خواهد داد، چیست؟,"['هر دو گوزن و بوفالو منقرض خواهند شد.', 'جمعیت زباله\u200cخواران کاهش خواهد یافت.', 'خرس\u200cها و کایوت\u200cها بیشتر خواهند شد.', 'جمعیت گیاهانی که توسط گوزن و بوفالو مصرف می\u200cشوند افزایش خواهد یافت.']",D,با کاهش جمعیت گوزن و بوفالو، فشار بر گیاهانی که این حیوانات تغذیه می‌کنند کاهش می‌یابد و در نتیجه جمعیت این گیاهان افزایش خواهد یافت.,C,0.4946669042110443,D,0.8565628528594971,False,True,True,True,[0.05173177 0.01705933 0.4946669  0.436542  ],[0.03763475 0.00350058 0.10230184 0.85656285],0.8794198632240295,0.436542,0.85656285,0.42002085,0.9289121627807617,0.7374392747879028,0.8221750855445862,0.9289122223854065,0.7374392151832581,0.8221750259399414
2016,کرم‌های نواری باس به آبشش‌ها و روده‌های ماهی‌های باس متصل می‌شوند. این کرم‌ها با جذب مواد مغذی از ماهی باس زنده می‌مانند. این نوع رابطه نشان‌دهنده چیست؟,"['الف) شکارگری', 'ب) انگل\u200cوارگی', 'ج) هم\u200cزیستی', 'د) هم\u200cزیستی نفع\u200cدار']",B,رابطه‌ای یک طرفه که در آن یک جاندار از دیگری بهره‌برداری می‌کند.,D,0.7222607731819153,A,0.0362899340689182,False,False,False,False,[0.12649448 0.09851401 0.05273075 0.7222608 ],[0.93046176 0.03628993 0.00122252 0.03202575],0.533893346786499,0.09851401,0.03628993,-0.06222408,0.5924472808837891,0.4387590289115906,0.5041505098342896,0.5924472212791443,0.4387589693069458,0.5041504502296448
2017,یک دانشمند ادعا می‌کند که در آزمایشگاه کشفی انجام داده است. این دانشمند برای اثبات معتبر بودن کشف خود به چه چیزی نیاز دارد؟,"['نقشه\u200cهایی که مراحل استفاده شده در کشف را نشان می\u200cدهد', 'سوابق دقیقی که نشان\u200cدهنده سازگاری داده\u200cها باشد', 'مدارکی که نشان دهد این دانشمند به خوبی شناخته شده است', 'مدرکی که ثابت کند تجهیزات استفاده شده در کشف دارای کیفیت بالا است']",B,برای اثبات معتبر بودن کشف، نیاز به سوابق دقیقی است که سازگاری داده‌ها را نشان دهد و نتایج را قابل اعتماد کند.,B,0.690804660320282,B,0.997348427772522,True,True,True,True,[0.15413935 0.69080466 0.00091655 0.15413935],[2.4818555e-03 9.9734843e-01 4.9924489e-05 1.1976263e-04],0.7924997806549072,0.69080466,0.99734843,0.30654377,0.7836692333221436,0.6626989841461182,0.7181253433227539,0.7849600315093994,0.6622134447097778,0.7183811664581299
2018,از آنجا که زمین حرارت را به فضای خارج تابش می کند، چرا سطح زمین سردتر نمی شود؟,"['زمین به طور مداوم گرمای بیشتری از خورشید جذب می کند.', 'زمین دارای جنگل هایی است که از طریق فتوسنتز گرما تولید می کنند.', 'زمین دارای اقیانوس هایی است که گرما را ذخیره می کنند.', 'زمین گرمای اضافی از لاوا ذوب شده جذب می کند.']",A,زمین به دلیل وجود اقیانوس‌هایی که گرما را ذخیره و به تدریج آزاد می‌کنند، سردتر نمی‌شود. این فرآیند از سرد شدن سریع سطح زمین جلوگیری می‌کند.,A,0.7678558826446533,C,0.0671574622392654,True,False,False,False,[0.7678559  0.03400184 0.19414437 0.00399798],[0.06715746 0.00478945 0.9270801  0.00097304],0.9163122177124025,0.7678559,0.06715746,-0.70069844,0.9117555618286133,0.7250778079032898,0.8077715039253235,0.9117555618286133,0.7250778079032898,0.8077715039253235
2019,کدام سیستم به حفظ دمای طبیعی بدن 98.6 درجه فارنهایت کمک می کند؟,"['سیستم اسکلتی', 'سیستم گوارشی', 'سیستم غدد درون ریز', 'سیستم تولید مثل']",C,[MASK] با تولید هورمون‌ها و تنظیم متابولیسم، دمای طبیعی بدن را حفظ می‌کند.,C,0.9743757247924804,C,0.9847694635391236,True,True,True,True,[0.020026   0.0044684  0.9743757  0.00112979],[1.3829203e-02 8.3050824e-04 9.8476946e-01 5.7079940e-04],0.8238378167152405,0.9743757,0.98476946,0.01039376,0.8818758726119995,0.6256901025772095,0.7320157289505005,0.8703261613845825,0.6030706167221069,0.7124599814414978
2020,یک دانش‌آموز آزمایشی انجام داد تا ببیند چه مقدار شکر می‌تواند در آب حل شود. دانش‌آموز تعداد قاشق‌های شکر اضافه‌شده به آب را یادداشت کرد. محتمل‌ترین دلیل این که دانش‌آموز اطلاعات را ثبت کرده چیست؟,"['برای دانستن اینکه از کدام نوع آب استفاده کند', 'برای دانستن اینکه از کدام نوع شکر استفاده کند', 'برای ساختن یک مدل از آزمایش', 'برای اینکه بتواند آزمایش را تکرار کند']",D,دانش‌آموز با ثبت اطلاعات، شرایط آزمایش را کنترل و تکرار می‌کند تا نتایج قابل اعتمادی به دست آورد و آزمایش را در صورت نیاز دوباره انجام دهد.,D,0.8868513703346252,D,0.9772881865501404,True,True,True,True,[0.09310903 0.01833425 0.00170535 0.8868514 ],[2.0362353e-02 2.2845929e-03 6.4808904e-05 9.7728819e-01],0.7488753199577332,0.8868514,0.97728819,0.09043679,0.9294154644012451,0.7335275411605835,0.8199341297149658,0.9294155240058899,0.7335275411605835,0.8199341297149658
2021,امواج نوری که از یک محیط هوایی به یک محیط آبی عبور می کنند چه می کنند؟,"['به صورت خط راست متمرکز می شوند.', 'انرژی خود را از دست می دهند و پراکنده می شوند.', 'طول و جهت خود را تغییر می دهند.', 'از سطح آب بازتاب می یابند.']",C,هنگامی که امواج نوری از هوا وارد آب می‌شوند، جهت و طول موجشان تغییر می‌کند.,C,0.7859165668487549,C,0.9926280379295348,True,True,True,True,[0.01257971 0.1983231  0.78591657 0.00318065],[4.6509653e-03 2.4894823e-03 9.9262804e-01 2.3155792e-04],0.7973319292068481,0.78591657,0.99262804,0.20671147,0.8900448083877563,0.6591504812240601,0.7573912143707275,0.8900446891784668,0.6591504812240601,0.7573911547660828
2022,دوچرخه ای با سرعت ۳ متر در ثانیه (m/s) در حال حرکت است. سوار بر دوچرخه ترمز را می کشد و دوچرخه را در مدت ۳ ثانیه متوقف می کند. میانگین شتاب دوچرخه در این مدت چیست؟,"['-۱ متر بر ثانیه به توان ۲', '-۶ متر بر ثانیه به توان ۲', '۳ متر بر ثانیه به توان ۲', '۹ متر بر ثانیه به توان ۲']",A,شتاب متوسط با تغییر سرعت تقسیم بر زمان تغییر سرعت محاسبه می‌شود. با سرعت اولیه ۳ متر بر ثانیه و توقف در ۳ ثانیه، شتاب متوسط [MASK] است.,A,0.5385704040527344,A,0.9299278855323792,True,True,True,True,[0.5385704  0.42108068 0.0060535  0.03429542],[0.9299279  0.05266827 0.00231408 0.01508971],0.8316935896873474,0.5385704,0.9299279,0.3913575,0.7943137884140015,0.6659368276596069,0.7244821786880493,0.7939496040344238,0.6642211675643921,0.723314642906189
2023,یک شکل مشخص و یک حجم مشخص ویژگی‌های کدام حالت ماده است؟,"['فقط جامد', 'فقط مایع', 'جامد و مایع', 'مایع و گاز']",A,مولکول‌های منظم و نزدیک به هم، باعث شکل و حجم ثابت می‌شوند.,D,0.870556116104126,A,0.663914680480957,False,True,True,True,[0.10458411 0.01817399 0.00668584 0.8705561 ],[0.6639147  0.02254112 0.1665576  0.14698656],0.7807279229164124,0.10458411,0.6639147,0.55933059,0.7664566040039062,0.5965036153793335,0.6708840727806091,0.7664567232131958,0.5965036153793335,0.6708840727806091
2024,زمانی که دی‌اکسید کربن (CO₂) منجمد گرما دریافت می‌کند، به طور مستقیم به گاز تبدیل می‌شود. کدام بیان بهترین نشانه‌ای است که نشان می‌دهد تغییر فیزیکی رخ داده است؟,"['گرما باعث افزایش تولید گاز شد.', 'گرما باعث تشکیل یک ماده جدید شد.', 'گرما باعث کاهش انرژی شد.', 'گرما باعث تغییر حالت شد.']",D,دریافت گرما باعث تغییر حالت دی‌اکسید کربن منجمد به گاز می‌شود؛ این فرآیند تغییر حالت نامیده می‌شود و ماده جدیدی تشکیل نمی‌شود.,B,0.4450160264968872,D,0.9034748077392578,False,True,True,True,[2.0939115e-01 4.4501603e-01 3.6518235e-04 3.4522766e-01],[6.5192334e-02 3.0794682e-02 5.3819572e-04 9.0347481e-01],0.836076557636261,0.34522766,0.90347481,0.5582471499999999,0.8137705326080322,0.6396300792694092,0.7162678837776184,0.8137705326080322,0.6396300792694092,0.7162678837776184
2025,کدام ماده یک ترکیب است؟,"['کره', 'نیتروژن', 'هیدروژن', 'آمونیاک']",D,[MASK] از ترکیب دو عنصر [MASK] و [MASK] تشکیل شده است.,B,0.664505660533905,B,0.3629862666130066,False,False,False,False,[2.2649486e-02 6.6450566e-01 1.7842038e-04 3.1266651e-01],[3.8258471e-02 5.9846318e-01 2.9210703e-04 3.6298627e-01],0.6792382597923279,0.31266651,0.36298627,0.0503197599999999,0.7714661359786987,0.5553131699562073,0.6457822918891907,0.720298707485199,0.5255364775657654,0.6076939702033997
2026,کدام دو سیستم به طور عمده برای پاکسازی بدن انسان از زائدات ناشی از تولید انرژی سلولی عمل می‌کنند؟,"['الف) سیستم\u200cهای ادراری و اسکلتی', 'ب) سیستم\u200cهای عصبی و هورمونی', 'ج) سیستم\u200cهای گردش خون و گوارش', 'د) سیستم\u200cهای تنفسی و گردش خون']",D,سیستم‌های تنفسی و گردش خون به طور عمده در پاکسازی بدن از زائدات تولید انرژی سلولی نقش دارند.,C,0.8235918879508972,D,0.9852305054664612,False,True,True,True,[0.0769058  0.04664573 0.8235919  0.05285653],[0.00519025 0.00102202 0.00855728 0.9852305 ],0.7936870455741882,0.05285653,0.9852305,0.93237397,0.805980384349823,0.6466372013092041,0.7175692319869995,0.805980384349823,0.6466372013092041,0.7175692319869995
2027,سوال: کدام بخش از یک شرکت مبلمان بیشتر مسئول تحویل مبلمان به فروشگاه‌های خرده‌فروشی است؟,"['الف) توزیع', 'ب) بازاریابی', 'ج) کنترل کیفیت', 'د) تحقیق']",A,بخش توزیع مسئول تحویل محصولات نهایی به محل‌های مورد نظر مانند فروشگاه‌های خرده‌فروشی است.,A,0.8380869030952454,A,0.972789704799652,True,True,True,True,[0.8380869  0.06118697 0.02216045 0.07856563],[0.9727897  0.017887   0.00274306 0.00658026],0.7765509486198425,0.8380869,0.9727897,0.1347028,0.8251471519470215,0.5876342058181763,0.6864256262779236,0.8251471519470215,0.5876341462135315,0.6864256858825684
2028,آیا می‌توانید بگویید که موجودات یک‌سلولی که باعث بیماری می‌شوند در کدام حوزه‌ها یافت می‌شوند؟,"['آرخی و یوکاریوت\u200cها', 'باکتری\u200cها و یوکاریوت\u200cها', 'آرخی و باکتری\u200cها', 'آرخی، باکتری\u200cها و یوکاریوت\u200cها']",B,موجودات یک‌سلولی بیماری‌زا در سه حوزه‌ی اصلی زیست‌شناسی شامل آرکی، [MASK] یافت می‌شوند.,A,0.4155002534389496,D,0.0927305668592453,False,False,False,False,[0.41550025 0.13489318 0.03410634 0.41550025],[0.2540448  0.09273057 0.04380282 0.6094218 ],0.8086506128311157,0.13489318,0.09273057,-0.04216261,0.7717205882072449,0.5451631546020508,0.6389533281326294,0.7298852205276489,0.532392144203186,0.6156890392303467
2029,دمای متوسط در یک دوره چهار ماهه ۳۱، ۲۴، ۱۸ و ۱۲ درجه سانتیگراد بود. دمای میانه برای این چهار ماه چیست؟,"['۱۵ درجه سانتیگراد', '۲۱ درجه سانتیگراد', '۲۷ درجه سانتیگراد', '۳۳ درجه سانتیگراد']",B,با مرتب کردن دماها، دو عدد وسطی ۱۸ و ۲۴ هستند که میانگین آنها [MASK] است.,A,0.357086181640625,A,0.3156706988811493,False,False,False,False,[0.35708618 0.35708618 0.24351162 0.04231597],[0.520453   0.3156707  0.14911228 0.01476412],0.8052520155906677,0.35708618,0.3156707,-0.0414154799999999,0.6882597208023071,0.5363450646400452,0.6028797030448914,0.6956459283828735,0.5372265577316284,0.6062580943107605
2030,تنوع در میان اعضای یک گونه از اهمیت بالایی برخوردار است زیرا تنوع,"['رقابت\u200cهای بالایی را تضمین می\u200cکند.', 'منابع اکوسیستم در دسترس را افزایش می\u200cدهد.', 'تنوع روش\u200cهای تولید مثل یک گونه را تضمین می\u200cکند.', 'شانس\u200cهای بقا در شرایط تغییر یافته را افزایش می\u200cدهد.']",D,تنوع در یک گونه، شانس بقا در شرایط تغییر یافته را افزایش می‌دهد.,A,0.3999919891357422,D,0.9649097323417664,False,True,True,True,[0.399992   0.3529917  0.00440893 0.24260741],[3.3081945e-02 1.8374205e-03 1.7090673e-04 9.6490973e-01],0.8124213814735413,0.24260741,0.96490973,0.72230232,0.8872685432434082,0.6415132284164429,0.7446379661560059,0.8872685432434082,0.6415132284164429,0.7446379661560059
2031,یک اتم به بهترین شکل چگونه توصیف می‌شود؟,"['پرتکول کوچک\u200cترین ذره\u200cای است که تمام ویژگی\u200cهای یک ترکیب را دارد.', 'پرتکول کوچک\u200cترین ذره\u200cای است که تمام ویژگی\u200cهای یک عنصر را دارد.', 'پرتکول بارداری است که شبیه به یک مولکول است.', 'پرتکول بارداری است که بزرگ\u200cتر از یک مولکول است.']",B,اتم کوچک‌ترین ذره‌ای است که تمام ویژگی‌های یک عنصر را دارد.,B,0.5240013599395752,B,0.9884698390960692,True,True,True,True,[0.46242958 0.52400136 0.01227529 0.00129381],[1.0980908e-02 9.8846984e-01 3.8767347e-04 1.6160634e-04],0.867795467376709,0.52400136,0.98846984,0.4644684800000001,0.9247276186943054,0.7577590942382812,0.832958459854126,0.9247276186943054,0.7577590346336365,0.832958459854126
2032,چرا حاشیه‌های همگرا تمایل دارند منجر به تشکیل حوضه‌های رسوبی شوند؟,"['حاشیه\u200cهای همگرا گودال\u200cهایی ایجاد می\u200cکنند.', 'حاشیه\u200cهای همگرا باعث فوران\u200cهای آتشفشانی می\u200cشوند.', 'حاشیه\u200cهای همگرا سنگ\u200cها را فشرده و تغییر شکل می\u200cدهند.', 'حاشیه\u200cهای همگرا رسوبات را به آستنسفر می\u200cچرخانند.']",A,حاشیه‌های همگرا سبب فشردگی و تغییر شکل سنگ‌ها می‌شوند و شرایط را برای تشکیل حوضه‌های رسوبی فراهم می‌کنند.,D,0.5858480334281921,C,0.0669669136404991,False,False,False,False,[0.21636496 0.02928182 0.1685052  0.58584803],[0.06696691 0.00232757 0.928068   0.00263748],0.8071510791778564,0.21636496,0.06696691,-0.14939805,0.8149219155311584,0.6243820190429688,0.7070398926734924,0.8149219751358032,0.6243820190429688,0.7070398330688477
2033,کدام عبارت بهترین توصیف را از انواع انتقال انرژی ارائه می‌دهد؟,"['A) قابل اندازه\u200cگیری هستند.', 'B) ۱۰۰% کارا هستند.', 'C) با نرخ ثابت کاهش می\u200cیابند.', 'D) منجر به کاهش انرژی قابل استفاده می\u200cشوند.']",D,انتقال انرژی معمولاً با تبدیل به انرژی غیر قابل استفاده همراه است و منجر به کاهش انرژی قابل استفاده می‌شود.,D,0.5228585004806519,D,0.9804298877716064,True,True,True,True,[0.21795985 0.24698086 0.01220076 0.5228585 ],[9.499815e-03 9.499815e-03 5.705083e-04 9.804299e-01],0.9143602252006532,0.5228585,0.9804299,0.4575713999999999,0.858838677406311,0.6679877042770386,0.7514851689338684,0.858838677406311,0.6679877042770386,0.7514851689338684
2034,اگر دو صفحه تکتونیکی هر یک در جهت خلاف از مرتفع میانه اقیانوس به میزان 10 میلی‌متر در سال حرکت کنند، چه مدت طول می‌کشد تا مرتفع 100 میلی‌متر پهن‌تر شود؟,"['1 سال', '5 سال', '10 سال', '100 سال']",B,با حرکت دو صفحه در خلاف جهت، مرتفع میانه اقیانوس سالانه 20 میلی‌متر پهن‌تر می‌شود. برای پهن شدن 100 میلی‌متر، [MASK] زمان نیاز است.,D,0.6198310852050781,D,0.3137583434581756,False,False,False,False,[0.08388501 0.09505418 0.20122969 0.6198311 ],[0.16794273 0.31375834 0.11542525 0.4028737 ],0.9118332862854004,0.09505418,0.31375834,0.21870416,0.7892723083496094,0.6813132762908936,0.7313300371170044,0.7993348836898804,0.6796817779541016,0.7346683144569397
2035,چرا تغییرات سریع محیطی بیشتر احتمال دارد که باعث انقراض شوند تا تغییرات آرام؟,"['تغییرات آرام زمان کافی برای انطباق فراهم می\u200cکنند.', 'تغییرات سریع به انطباق کمی نیاز دارند.', 'تغییرات آرام تنها بر مناطق کوچک تأثیر می\u200cگذارند.', 'تغییرات سریع تأثیر جهانی دارند.']",A,تغییرات آرام زمان بیشتری برای انطباق و تکامل تدریجی فراهم می‌کنند.,A,0.574532151222229,A,0.8688867688179016,True,True,True,True,[0.57453215 0.1857961  0.00110478 0.2385669 ],[8.68886769e-01 1.18051276e-01 6.19476195e-04 1.24425124e-02],0.7277643084526062,0.57453215,0.868886769,0.2943546189999999,0.8816644549369812,0.5947425961494446,0.7103236317634583,0.881664514541626,0.5947425961494446,0.710323691368103
2036,برخی از ماهی‌های فروخته‌شده در فروشگاه‌های خواربار در مزرعه‌های ماهی پرورش می‌یابند. وقتی که مزرعه‌های ماهی بیشتری ساخته می‌شود، کدام گروه بیشتر احتمال دارد که آسیب ببیند؟,"['افرادی که مالک فروشگاه\u200cهای خواربار هستند', 'رانندگان کامیون که ماهی\u200cها را حمل می\u200cکنند', 'افرادی که ماهی\u200cهای وحشی می\u200cفروشند', 'کارگران ساختمانی که مزرعه\u200cها را می\u200cسازند']",C,افزایش مزرعه‌های ماهی موجب کاهش تقاضا برای ماهی‌های وحشی می‌شود و افرادی که به فروش این ماهی‌ها وابسته هستند، آسیب می‌بینند.,C,0.3878985643386841,A,0.3193192183971405,True,False,False,False,[0.34231928 0.18323031 0.38789856 0.08655187],[0.6733633  0.00455484 0.31931922 0.00276265],0.9304004311561584,0.38789856,0.31931922,-0.0685793399999999,0.8377346396446228,0.6831241250038147,0.7525705695152283,0.8377346396446228,0.6831241846084595,0.7525705695152283
2037,یک دانش آموز شتاب یک بلوک سنگی را بر روی یک سطح صاف اندازه گیری می کند، زمانی که بلوک تحت تأثیر یک نیروی معلوم قرار دارد. چه اطلاعات اضافی برای محاسبه دقیق جرم بلوک مورد نیاز است؟,"['چگالی بلوک', 'مقدار اصطکاک', 'جرم سطح', 'جهت حرکت']",B,برای محاسبه دقیق جرم بلوک، نیاز به دانستن نیروی وارد شده، شتاب بلوک و همچنین نیروی اصطکاک سطح است تا قانون دوم نیوتن به درستی اعمال شود.,A,0.9497791528701782,B,0.993051290512085,False,True,True,True,[0.94977915 0.03654035 0.01063385 0.00304665],[5.9978878e-03 9.9305129e-01 2.1175134e-04 7.3908473e-04],0.9229994416236876,0.03654035,0.99305129,0.95651094,0.7640717029571533,0.641730785369873,0.6975778341293335,0.7671740055084229,0.6425217390060425,0.6993367075920105
2038,زمانی که یک تخم مرغ مرغ در یک لیوان سرکه قرار گرفت، حباب‌هایی روی پوست تخم‌مرغ تشکیل شد. پس از بیست و چهار ساعت، پوسته تخم‌مرغ دیگر وجود ندارد. کدام جمله یک مشاهده است؟,"['نیروی جاذبه تخم\u200cمرغ را به کف لیوان فرستاد.', 'سرکه باعث حل شدن پوست تخم\u200cمرغ شد.', 'تخم\u200cمرغ از سرکه متراکم\u200cتر بود.', 'حباب\u200cها روی پوست تخم\u200cمرغ ظاهر شدند.']",D,مشاهده مستقیماً از طریق حواس قابل درک است، حباب‌های روی پوست تخم‌مرغ مستقیماً قابل مشاهده هستند.,B,0.5679975152015686,D,0.9596993327140808,False,True,True,True,[0.08744616 0.5679975  0.00139152 0.3431648 ],[3.3096667e-02 6.5171202e-03 6.8689935e-04 9.5969933e-01],0.8264122009277344,0.3431648,0.95969933,0.61653453,0.8657147288322449,0.6216577291488647,0.7236630916595459,0.8657147288322449,0.6216577291488647,0.7236630916595459
2039,یک دانشمند تحقیق کرد که گیاهان بومی مریلند در شرایط بیابانی چگونه رشد می‌کنند. این دانشمند مقادیر مساوی خاک بیابانی را در ۱۰ ظرف یکسان قرار داد. هر ظرف دو گیاه از یک نوع را نگهداری می‌کرد. این دانشمند در مجموع ۱۰ نوع مختلف از گیاهان را مورد بررسی قرار داد. سپس تمامی ظروف را در یک گلخانه که برای ایجاد شرایط گرم و بیابانی تنظیم شده بود، قرار داد. این دانشمند برای پنج هفته آینده به گیاهان مقادیر مساوی، اما کمی آب داد. بیشتر گیاهان بعد از پایان تحقیق پنج هفته‌ای زنده نماندند. کدام جمله بهترین توضیح را در مورد این می‌دهد که چرا ۱۶ گیاه زنده نماندند؟,"['الف) گیاهان در شرایط بیابانی رشد نمی\u200cکنند.', 'ب) تعداد کمی از گیاهان در برابر تغییرات شدید محیطی زنده می\u200cمانند.', 'ج) گیاهان بومی مریلند برای مطالعات علمی مناسب نیستند.', 'د) گیاهان بومی مریلند فقط قادر به زنده ماندن در مریلند هستند.']",B,این تحقیق نشان می‌دهد که فقط تعداد کمی از گیاهان بومی مریلند می‌توانند در شرایط بیابانی زنده بمانند.,B,0.9354767203330994,B,0.9830970764160156,True,True,True,True,[0.05974465 0.9354767  0.00180413 0.00297451],[1.6140519e-02 9.8309708e-01 3.4561940e-04 4.1689657e-04],0.92113196849823,0.9354767,0.98309708,0.0476203799999999,0.8948931694030762,0.728190004825592,0.8029807806015015,0.8948931694030762,0.728190004825592,0.8029807806015015
2040,کدام ساختار اتمی از بیش از یک ذره تشکیل شده است؟,"['الکترون', 'نوترون', 'هسته', 'پروتون']",C,[MASK] اتم از چندین ذره تشکیل شده است.,C,0.9131096005439758,C,0.859977126121521,True,True,True,False,[8.4766701e-02 5.7115353e-04 9.1310960e-01 1.5525563e-03],[0.13085546 0.00515372 0.8599771  0.00401372],0.8360872268676758,0.9131096,0.8599771,-0.0531324999999999,0.8940833806991577,0.7241311073303223,0.8001826405525208,0.8839703798294067,0.7413801550865173,0.806420624256134
2041,کاردینال‌های بالغ چه کارهایی می‌توانند انجام دهند که کاردینال‌های نوزاد قادر به انجام آن نیستند؟,"['پرواز کردن', 'سر و صدا کردن', 'هوا را تنفس کردن', 'خوابیدن']",A,کاردینال‌های بالغ می‌توانند پرواز کنند، برخلاف نوزادان که هنوز این توانایی را ندارند.,D,0.3398861885070801,A,0.7577227354049683,False,True,True,True,[0.26470363 0.16181009 0.23360014 0.3398862 ],[0.75772274 0.15037468 0.04881951 0.04308307],0.8541920185089111,0.26470363,0.75772274,0.4930191099999999,0.8451683521270752,0.6015638113021851,0.7028566598892212,0.84516841173172,0.6015637516975403,0.7028566598892212
2042,فناوری‌های جدید به تولیدکنندگان خودرو اجازه داده‌اند که خودروهای هیبریدی با مصرف سوخت بهینه را به بازار عرضه کنند، اما دور ریختن خودروهای هیبریدی در پایان عمر مفیدشان مشکل‌ساز است. کدام سؤال نمایانگر یک مشکل دور ریختن منحصر به خودروهای هیبریدی است؟,"['چه اقدامی برای بازیافت باتری\u200cها انجام خواهد شد؟', 'با ماده مبرد در سیستم تهویه مطبوع چه اقداماتی انجام خواهد شد؟', 'با مایعات در مخزن بنزین، رادیاتور و باتری\u200cها چه اقدامی انجام خواهد شد؟', 'با مواد پلاستیکی در خودروها چه اقدامی انجام خواهد شد؟']",A,باتری‌های خودروهای هیبریدی حاوی مواد مضری هستند که نیاز به بازیافت خاص دارند.,A,0.9629727602005004,A,0.7252227067947388,True,True,True,False,[0.96297276 0.01760305 0.01370927 0.00571487],[0.7252227  0.03667531 0.23544534 0.00265675],0.7603771686553955,0.96297276,0.7252227,-0.2377500599999999,0.7800734639167786,0.5575523376464844,0.6503041386604309,0.7800735235214233,0.5575522780418396,0.6503041386604309
2043,کدام یک نمونه‌ای از تراکم است؟,"['جوشیدن آب در یک قابلمه', 'جذب آب توسط گیاهان', 'حذف نمک از آب', 'رطوبت روی آینه بعد از دوش گرم']",D,تبدیل بخار به مایع هنگام برخورد با سطح سرد، نمونه‌ای از تراکم است که روی آینه قابل مشاهده است.,A,0.9249923825263976,D,0.7099114656448364,False,True,True,True,[9.249924e-01 6.990357e-03 6.502045e-04 6.736709e-02],[0.26218396 0.02169017 0.00621434 0.70991147],0.8557780981063843,0.06736709,0.70991147,0.64254438,0.716236412525177,0.6259074211120605,0.6680322885513306,0.7110449075698853,0.6282289028167725,0.6670764088630676
2044,دانشمندان جمعیت یک نوع ماهی خاص در دریاچه‌ای که سال به سال آب آن کاهش می‌یابد را شمارش و ثبت می‌کنند. آن‌ها به احتمال زیاد در حال تلاش برای درک چه چیزی هستند؟,"['چند تا از ماهی\u200cها در محیط در حال تغییر زنده می\u200cمانند؟', 'تغییرات آب و هوا چگونه بر سطح آب تأثیر گذاشته است؟', 'ماهی\u200cها در طول سال چه مقدار وزن اضافه کرده\u200cاند؟', 'چرخه زندگی گیاهی در دریاچه چگونه به این تغییرات سازگار می\u200cشود؟']",A,دانشمندان احتمالاً در حال بررسی تأثیر کاهش سطح آب بر جمعیت ماهی‌ها هستند تا بفهمند چند تا از ماهی‌ها در محیط در حال تغییر زنده می‌مانند.,B,0.7031291723251343,A,0.7305510640144348,False,True,True,True,[0.29310784 0.7031292  0.00255577 0.00120726],[7.3055106e-01 2.6875472e-01 3.7957582e-04 3.1467943e-04],0.886910617351532,0.29310784,0.73055106,0.43744322,0.9292901754379272,0.7159463167190552,0.8087857365608215,0.9292901158332825,0.7159463167190552,0.808785617351532
2045,خوردگی شیمیایی زمانی اتفاق می‌افتد که مواد معدنی در سنگ‌ها به‌طور شیمیایی تغییر می‌کنند. کدامیک از گزینه‌های زیر احتمالاً بالاترین تأثیر را بر نرخ خوردگی شیمیایی یک سنگ خواهد داشت؟,"['کاهش دمای هوا', 'افزایش میزان بارش باران', 'حرکت کند یک یخچال', 'رشد سریع ریشه\u200cهای گیاهان']",B,افزایش بارش باران موجب افزایش جریان آب از طریق سنگ‌ها و تماس بیشتر مواد معدنی با آب می‌شود و احتمال واکنش‌های شیمیایی و خوردگی را افزایش می‌دهد.,A,0.5681025385856628,B,0.999129354953766,False,True,True,True,[0.56810254 0.39197898 0.01174462 0.02817389],[6.9311925e-04 9.9912935e-01 9.9853292e-05 7.7765821e-05],0.8272401094436646,0.39197898,0.99912935,0.60715037,0.7821803092956543,0.6184210181236267,0.6907272338867188,0.7844147086143494,0.6221727728843689,0.6939368844032288
2046,نقش گیاهان در چرخه کربن چیست؟,"['آب را استفاده می\u200cکنند و کربن را آزاد می\u200cکنند', 'شکر را استفاده می\u200cکنند و کربن را آزاد می\u200cکنند', 'کربن را استفاده می\u200cکنند و اکسیژن را آزاد می\u200cکنند', 'کربن را استفاده می\u200cکنند و نیتروژن را آزاد می\u200cکنند']",B,گیاهان در فتوسنتز، کربن دی‌اکسید را جذب و به گلوکز تبدیل می‌کنند و در نتیجه اکسیژن آزاد می‌کنند.,A,0.5039927363395691,C,0.0151885822415351,False,False,False,False,[0.50399274 0.06042894 0.39404616 0.04153216],[0.04128685 0.01518858 0.93968433 0.00384028],0.8698391914367676,0.06042894,0.01518858,-0.04524036,0.9035727381706238,0.7634015679359436,0.8275938034057617,0.9035727381706238,0.7634015679359436,0.8275938034057617
2047,برخی از درختان کاج قادرند از پس آتش‌سوزی‌های جنگل برآیند زیرا پوسته‌ی ضخیمی دارند. پس از آتش‌سوزی جنگل، درختان کاج جدید می‌توانند در فضایی که درختان دیگر که سوخته‌اند، باقی گذاشته‌اند، رشد کنند. چگونه پوسته‌ی ضخیم به افزایش جمعیت درختان کاج کمک می‌کند؟,"['برای درخت بیشتر غذا تولید می\u200cکند.', 'مواد مغذی خاک را افزایش می\u200cدهد.', 'اکسیژن بیشتری از درخت آزاد می\u200cکند.', 'رقابت برای منابع را کاهش می\u200cدهد.']",D,پوسته‌ی ضخیم به درختان کاج کمک می‌کند تا از آتش‌سوزی جان سالم به در ببرند و سپس در فضایی که سایر درختان سوخته‌اند، رشد کنند و رقابت برای منابع را کاهش دهند.,A,0.5271313190460205,D,0.8981421589851379,False,True,True,True,[0.5271313  0.36229172 0.02973871 0.08083821],[0.09466349 0.00240717 0.00478724 0.89814216],0.8801563382148743,0.08083821,0.89814216,0.81730395,0.7720108032226562,0.6755601167678833,0.7205722332000732,0.7720108032226562,0.6755601167678833,0.7205722332000732
2048,تشکیل لایه ازن به محافظت از کدام نوع موجودات زنده در هنگام تکامل آنها کمک کرد؟,"['دریایی', 'زمینی', 'فتوسنتزی', 'هسته\u200cدار']",B,تشکیل لایه ازن با جذب اشعه ماوراء بنفش، از موجودات [MASK] در برابر آسیب‌های این اشعه محافظت کرد و شرایط را برای تکامل آنها فراهم نمود.,C,0.6662662625312805,A,0.019730607047677,False,False,False,False,[0.21588294 0.08004178 0.66626626 0.03780906],[0.51687247 0.01973061 0.45613834 0.00725849],0.8663918972015381,0.08004178,0.01973061,-0.06031117,0.8429305553436279,0.7072927951812744,0.7691778540611267,0.8373554944992065,0.6931924223899841,0.7584846019744873
2049,انرژی خورشید از طریق تبدیل نور به انرژی شیمیایی وارد زیست‌بوم‌ها می‌شود. این انرژی بر اساس سطح تروفیک که موجودات در آن قرار دارند به موجودات مختلف در دسترس است. کدام بیان بهترین توصیف را از دسترسی به انرژی برای موجودات در سطوح تروفیکی مختلف ارائه می‌دهد؟,"['انرژی در دسترس با افزایش سطوح تروفیکی افزایش می\u200cیابد.', 'انرژی در دسترس با افزایش سطوح تروفیکی کاهش می\u200cیابد.', 'مصرف\u200cکنندگان اولیه کمترین انرژی در دسترس را دارند.', 'مصرف\u200cکنندگان ثانویه بیشترین انرژی در دسترس را دارند.']",B,با افزایش سطوح تروفیک، انرژی در دسترس کاهش می‌یابدเนื่องจาก تلفات انرژی در هر مرحله از زنجیره غذایی.,A,0.771632730960846,B,0.9928758144378662,False,True,True,True,[0.77163273 0.01595229 0.19433868 0.01807631],[5.9501599e-03 9.9287581e-01 8.0526655e-04 3.6867792e-04],0.8243932127952576,0.01595229,0.99287581,0.97692352,0.7655222415924072,0.6926307678222656,0.7272546291351318,0.7655222415924072,0.6926307678222656,0.7272546291351318
2050,در ناحیه‌ای که دو صفحه قاره‌ای به هم برخورد می‌کنند، چه ویژگی زمین‌شناسی غالباً تشکیل می‌شود؟,"['یک اقیانوس', 'یک آتشفشان', 'یک دره رودخانه', 'یک رشته\u200cکوه']",D,هنگامی که دو صفحه قاره‌ای به هم برخورد می‌کنند، لایه‌های سنگی چین خورده و [MASK] تشکیل می‌شود.,B,0.6459831595420837,B,0.0281469505280256,False,False,False,False,[2.0972003e-01 6.4598316e-01 1.5854345e-04 1.4413834e-01],[2.4839597e-02 9.4677740e-01 2.3602655e-04 2.8146951e-02],0.8629502654075623,0.14413834,0.028146951,-0.115991389,0.8994331955909729,0.6589251756668091,0.7606198191642761,0.8841317892074585,0.6481102705001831,0.7479430437088013
2051,کدام یک از این موارد نشان می‌دهد که امواج صوتی می‌توانند از طریق دو نوع مختلف رسانه منتقل شوند؟,"['صحبت کردن با کسی زیر آب در یک استخر', 'شنیدن یک زمزمه بلند از آن طرف اتاق', 'شنیدن صحبت\u200cهای مردم در طرف دیگر دیوار', 'شنیدن رعد و برق از طوفانی بسیار دور']",C,امواج صوتی می‌توانند از طریق هوا و جامدات منتقل شوند، مانند شنیدن صحبت‌ها از طرف دیگر دیوار که نشان‌دهنده دو نوع رسانه است.,A,0.857079029083252,C,0.7406736016273499,False,True,True,True,[0.857079   0.03297395 0.02031466 0.08963247],[0.21303709 0.0326703  0.7406736  0.01361901],0.8698745965957642,0.02031466,0.7406736,0.72035894,0.778792142868042,0.6705453991889954,0.7206264734268188,0.778792142868042,0.6705453395843506,0.7206264138221741
2052,دانش‌آموزان آزمایشی انجام خواهند داد تا ببینند حل شدن ۲ گرم نمک در ۵۰ میلی‌لیتر آب چقدر طول می‌کشد. کدام روش تجربی نتایج دقیق‌تری ارائه خواهد داد؟,"['یک دانش\u200cآموز زمان\u200cسنجی را برای یک آزمایش انجام می\u200cدهد', 'دو دانش\u200cآموز زمان\u200cسنجی را برای یک آزمایش انجام می\u200cدهند', 'یک دانش\u200cآموز زمان\u200cسنجی را برای سه آزمایش یکسان انجام می\u200cدهد', 'سه دانش\u200cآموز زمان\u200cسنجی را برای دو آزمایش یکسان انجام می\u200cدهند']",C,تکرار آزمایش‌ها برای کاهش تأثیر عوامل تصادفی و نزدیک کردن میانگین نتایج به واقعیت ضروری است.,D,0.645460307598114,B,0.0040648384019732,False,False,False,False,[0.23652583 0.09859864 0.01941522 0.6454603 ],[0.06358477 0.4661752  0.00406484 0.4661752 ],0.8808164000511169,0.01941522,0.00406484,-0.01535038,0.8141865730285645,0.5949913263320923,0.6875412464141846,0.8118417263031006,0.6006879210472107,0.690482497215271
2053,یک دختر صفت غالب فرورفتگی‌های صورت را به ارث برده است اما خواهرش این صفت را به ارث نبرده زیرا هر دو والد دارای ژن‌های متفاوت هستند.,"['ژن\u200cهایی برای فرورفتگی\u200cهای صورت.', 'آلل\u200cهایی برای فرورفتگی\u200cهای صورت.', 'کروموزوم\u200cهایی برای فرورفتگی\u200cهای صورت.', 'ژنوتیپ\u200cهایی برای فرورفتگی\u200cهای صورت.']",B,ژن کنترل‌کننده فرورفتگی‌های صورت دارای دو آلل است؛ یکی غالب و دیگری مغلوب. والدین ژن‌های متفاوتی دارند و دختر صفت غالب را به ارث برده است.,B,0.9308906197547911,B,0.8738996982574463,True,True,True,False,[6.7105025e-02 9.3089062e-01 1.4146526e-03 5.8971491e-04],[0.11919706 0.8738997  0.00593447 0.00096878],0.876464307308197,0.93089062,0.8738997,-0.05699092,0.8160682916641235,0.6817020177841187,0.7428581118583679,0.8160682916641235,0.6817020177841187,0.7428581118583679
2054,پوشش خز سیاه غالب بر پوشش خز سفید در خوکچه هندی است. اگر دو خوکچه هندی سیاه (Bb) جفت‌گیری شوند، رنگ خز فرزندان آنها چه خواهد بود؟,"['100% سیاه', '100% سفید', '50% سیاه، 50% سفید', '75% سیاه، 25% سفید']",D,از جفت‌گیری دو والد سیاه با ژنوتیپBb ، 75% فرزندان سیاه و 25% سفید خواهند بود.,C,0.6569477319717407,D,0.5082527995109558,False,True,True,True,[0.1661024  0.04758913 0.65694773 0.12936068],[0.03681771 0.00639796 0.4485315  0.5082528 ],0.828988790512085,0.12936068,0.5082528,0.3788921199999999,0.6409103870391846,0.5002750158309937,0.5619270205497742,0.6409103870391846,0.5002750158309937,0.5619270205497742
2055,هستهٔ سلول فعالیت سلول را کنترل می‌کند. کدام سیستم بدن در انسان‌ها کارکرد مشابهی دارد؟,"['سیستم گردش خون', 'سیستم عصبی مرکزی', 'سیستم اسکلتی', 'سیستم پوششی']",B,[MASK] فعالیت‌های بدن را کنترل و هماهنگ می‌کند.,B,0.9396849274635316,B,0.9944809675216676,True,True,True,True,[0.0530134  0.9396849  0.00162608 0.00567556],[4.6053603e-03 9.9448097e-01 4.2836525e-04 4.8540143e-04],0.6166585087776184,0.9396849,0.99448097,0.0547960699999999,0.8475990891456604,0.5897190570831299,0.6955249905586243,0.8577777147293091,0.5973399877548218,0.7042522430419922
2056,آب در فاز جامد دارای ساختار کریستالی است که مولکول‌ها را نسبت به آب در دماهای خاص در فاز مایع بیشتر از هم دور نگه می‌دارد. این رابطه کدام ویژگی را توضیح می‌دهد؟,"['حضور ناخالصی\u200cهای بیشتر در یخ نسبت به آب مایع', 'توانایی یخ برای شناور شدن روی آب مایع', 'رهایی حرارت هنگامی که آب مایع به یخ تبدیل می\u200cشود', 'سرد شدن آب مایع هنگامی که از روی یخ عبور می\u200cکند']",B,ساختار کریستالی یخ، مولکول‌ها را بیشتر از هم دور نگه می‌دارد و باعث کاهش چگالی یخ نسبت به آب می‌شود.,B,0.4832241535186767,B,0.9937654733657836,True,True,True,True,[0.3321148  0.48322415 0.17776823 0.00689282],[3.6121882e-03 9.9376547e-01 2.1909028e-03 4.3141434e-04],0.9205099940299988,0.48322415,0.99376547,0.51054132,0.785828709602356,0.6923239231109619,0.7361188530921936,0.7858287692070007,0.6923239231109619,0.7361188530921936
2057,چرا سوخت‌های فسیلی به عنوان منابع غیربازیافتنی نامیده می‌شوند؟,"['آنها محصولات زائد تولید می\u200cکنند.', 'آنها در عمق زمین دفن شده\u200cاند.', 'تولید آنها زمان بسیار طولانی می\u200cبرد.', 'آنها از سوخت\u200cهای هسته\u200cای گران\u200cتر هستند.']",C,این منابع میلیون‌ها سال طول می‌کشد تا تشکیل شوند و به همین دلیل تجدیدپذیر نیستند.,A,0.5209953784942627,C,0.9619133472442628,False,True,True,True,[0.5209954  0.46157634 0.01230059 0.00512765],[2.0120455e-02 1.7756239e-02 9.6191335e-01 2.0997577e-04],0.6551066040992737,0.01230059,0.96191335,0.94961276,0.8916990756988525,0.5977500081062317,0.7157185077667236,0.8916991949081421,0.5977500677108765,0.7157185673713684
2058,اجسام داغ شروع به خنک شدن می‌کنند زمانی که,"['هوای سردتر به جسم منتقل می\u200cشود.', 'انرژی در جسم به هوای اطراف منتقل می\u200cشود.', 'اتم\u200cهای موجود در جسم با اکسیژن موجود در هوا واکنش می\u200cدهند.', 'انرژی در جسم انرژی هوا را لغو می\u200cکند.']",B,زمانی که انرژی جسم داغ به محیط اطراف منتقل شود، خنک شدن آغاز می‌شود.,A,0.9210029244422911,B,0.8648072481155396,False,True,True,True,[0.9210029  0.04563068 0.03136148 0.00200487],[1.3262250e-01 8.6480725e-01 2.3914063e-03 1.7873191e-04],0.7587526440620422,0.04563068,0.86480725,0.81917657,0.8133738040924072,0.6806309819221497,0.741105318069458,0.8133738040924072,0.6806309819221497,0.741105318069458
2059,برخی از گیاهان میوه‌هایی مانند سیب تولید می‌کنند. یکی از عملکردهای میوه چیست؟,"['حفاظت از دانه\u200cها', 'تولید غذا برای دانه\u200cها', 'جلوگیری از پخش شدن دانه\u200cها', 'ذخیره آب برای جوانه\u200cزنی دانه']",A,میوه‌ها پوششی برای دانه‌ها هستند و از آن‌ها در برابر عوامل خارجی محافظت می‌کنند تا شانس زنده ماندن آن‌ها افزایش یابد.,B,0.4067786931991577,A,0.9952989220619202,False,True,True,True,[0.31679955 0.4067787  0.02969806 0.24672376],[9.9529892e-01 4.0755114e-03 4.1633972e-04 2.0934874e-04],0.9036435484886168,0.31679955,0.99529892,0.6784993699999999,0.8863511085510254,0.7194349765777588,0.7942178845405579,0.8863975405693054,0.7195346355438232,0.7942971587181091
2060,دانش‌آموزان در یک کلاس در حال ساخت مدل مقیاس هستند. آن‌ها به ماده‌ای نیاز دارند که بتوانند به راحتی آن را به شکل دایره خم کنند. کدام یک از اشیاء زیر برای استفاده دانش‌آموزان مناسب‌تر است؟,"['سیم مسی', 'میله شیشه\u200cای', 'لوله سربی', 'چوب چوبی']",A,[MASK] انعطاف‌پذیر است و به راحتی خم می‌شود.,B,0.3411848843097687,B,0.4639954566955566,False,False,False,False,[0.26571506 0.34118488 0.05191522 0.34118488],[0.46399546 0.52577573 0.00511441 0.00511441],0.4966434836387634,0.26571506,0.46399546,0.1982804,0.837356686592102,0.530850887298584,0.649772047996521,0.8405346274375916,0.5194717049598694,0.642105758190155
2061,برخی از حیوانات در علفزار زندگی می‌کنند. آتش به وسیله‌ی علفزار می‌گذرد. کدام نوع از حیوانات بعد از آتش برای منابع بهترین رقابت را خواهد داشت؟,"['حیوانی که گوشت\u200cخوار است', 'حیوانی که از گیاهان برای پناهگاه استفاده می\u200cکند', 'حیوانی که زیر زمین زندگی می\u200cکند', 'حیوانی که در زمین لانه می\u200cسازد']",C,حیواناتی که زیر زمین زندگی می‌کنند کمتر تحت تأثیر آتش قرار می‌گیرند.,A,0.4145381152629852,C,0.8873291015625,False,True,True,True,[0.41453812 0.2849076  0.25143006 0.04912423],[0.05005968 0.05672505 0.8873291  0.00588608],0.8743047118186951,0.25143006,0.8873291,0.63589904,0.9505487680435181,0.6029713749885559,0.7378773093223572,0.9505488276481628,0.6029713153839111,0.7378773093223572
2062,وظیفه اصلی یک تولیدکننده در یک اکوسیستم چیست؟,"['مواد معدنی را از خاک جذب کند.', 'بخار آب را به مایع تبدیل کند.', 'از طریق فتوسنتز شکر تولید کند.', 'باقیمانده گیاهان و جانوران مرده را تجزیه کند.']",C,تولیدکنندگان با فتوسنتز، انرژی خورشیدی را به انرژی شیمیایی تبدیل و پایه زنجیره غذایی را تشکیل می‌دهند.,C,0.4858393967151642,C,0.957253873348236,True,True,True,True,[0.07479749 0.00893329 0.4858394  0.43042988],[0.03682792 0.00145046 0.9572539  0.00446773],0.8156158328056335,0.4858394,0.9572539,0.4714145,0.8356326818466187,0.6530227661132812,0.7331275343894958,0.8356326818466187,0.6530227661132812,0.7331275343894958
2063,کدام یک از موارد زیر بیشتر احتمال دارد که فسیل تشکیل دهد؟,"['یک سنگ', 'یک بلور', 'یک ماده معدنی', 'یک استخوان']",D,بقایای سخت بدن موجودات زنده، به دلیل ساختار و ترکیبات خاص، شرایط مناسبی برای تبدیل شدن به فسیل دارند.,A,0.5097274780273438,D,0.6548176407814026,False,True,True,True,[0.5097275  0.11329216 0.0252789  0.35170138],[0.2729686  0.06955858 0.00265526 0.65481764],0.7224014401435852,0.35170138,0.65481764,0.3031162599999999,0.8304459452629089,0.6424030065536499,0.7244204878807068,0.8304459452629089,0.6424030065536499,0.7244204878807068
2064,نزدیک‌ترین ستاره به خورشید به‌عنوان فاصله‌ای معادل ۴.۳ سال نوری توصیف شده‌است. کدام عبارت توضیح می‌دهد که چرا واحد اندازه‌گیری سال نوری در این توصیف استفاده شده‌است؟,"['فاصله بسیار زیاد است.', 'فاصله یک تخمین تقریبی است.', 'فقط نور می\u200cتواند بین ستاره\u200cها حرکت کند.', 'سیگنال\u200cهای نوری با زمان\u200cبندی از ستاره منعکس شده\u200cاند.']",A,از آنجا که نور با سرعت ثابتی حرکت می‌کند، سال نوری نشان‌دهنده فاصله‌ای است که نور در یک سال طی می‌کند.,B,0.7927690744400024,B,0.0246196817606687,False,False,False,False,[5.0680030e-02 7.9276907e-01 4.4537307e-04 1.5610549e-01],[2.4619682e-02 9.1665733e-01 5.7899946e-04 5.8143914e-02],0.7466772794723511,0.05068003,0.024619682,-0.026060348,0.642097532749176,0.5479386448860168,0.5912930369377136,0.6420975923538208,0.5479387044906616,0.5912930965423584
2065,کدام جمله به بهترین وجه توسط معادله شیمیایی نشان‌داده‌شده حمایت می‌شود؟ 6CO_{2} + 12H_{2}O + نور -> C_{6}H_{12}O_{6} + 6O_{2} + 6H_{2}O,"['CO_{2} دارای 2 اتم کربن است.', 'H_{2}O دارای 2 اتم اکسیژن است.', 'دوازده مولکول H_{2}O تولید می\u200cشود.', 'شش مولکول CO_{2} به عنوان واکنش\u200cدهنده لازم است.']",D,معادله شیمیایی نشان می‌دهد که 6 مولکول CO_{2} به عنوان واکنش‌دهنده وجود دارد.,C,0.5500875115394592,D,0.8478650450706482,False,True,True,True,[0.23020808 0.01654644 0.5500875  0.20315792],[0.04820843 0.00186924 0.10205726 0.84786505],0.9120177626609802,0.20315792,0.84786505,0.64470713,0.9332403540611267,0.7596323490142822,0.8375343680381775,0.9357550740242004,0.7659718990325928,0.8423937559127808
2066,کدام یک از گزینه‌های زیر کارآمدترین روش برای حمل مقدار زیادی زغال‌سنگ از یک معدن در کنتاکی به یک نیروگاه در آریزونا است؟,"['با کشتی', 'با قطار', 'با کامیون', 'با هواپیما']",B,حمل و نقل ریلی به دلیل ظرفیت بالا، هزینه کمتر و کارایی بیشتر در مسافت‌های طولانی برای مواد فله مانند زغال‌سنگ ایده‌آل است.,C,0.9751492142677308,C,0.0084319449961185,False,False,False,False,[0.01601003 0.00667397 0.9751492  0.00216672],[0.01575295 0.00843194 0.9746003  0.00121474],0.7843097448348999,0.00667397,0.00843194,0.00175797,0.9268695116043091,0.7420328259468079,0.8242155313491821,0.9274307489395142,0.7457007169723511,0.8266962766647339
2067,بسیاری از مارهای چمنی سبز هستند. رنگ مار احتمالاً به آن کمک می‌کند تا,"['درختان بلند را بالا برود.', 'در فضاهای کوچک جا بگیرد.', 'زمانی که تهدید می\u200cشود، پنهان شود.', 'پوست خود را بیندازد.']",C,رنگ سبز مار به آن کمک می‌کند تا در محیط‌های سبز استتار شده و پنهان بماند.,C,0.903236448764801,C,0.9768108129501344,True,True,True,True,[0.07414217 0.02124209 0.90323645 0.00137935],[2.0194024e-02 2.7329640e-03 9.7681081e-01 2.6227458e-04],0.7987611889839172,0.90323645,0.97681081,0.07357436,0.8756213188171387,0.660431444644928,0.7529531121253967,0.8756213188171387,0.660431444644928,0.7529531121253967
2068,دانشمندان فسیل‌هایی از یکسان‌ترین ارگانیسم‌ها را در نقاط مختلف جهان کشف کرده‌اند. این فسیل‌ها شواهدی را ارائه می‌دهند که,"['قاره\u200cها زمانی به هم پیوسته بوده\u200cاند', 'بیشتر اشکال زندگی که در گذشته وجود داشته\u200cاند هنوز هم امروزه موجودند', 'بیشتر سطح زمین زمانی با سنگ مذاب پوشیده شده بود', 'سنگ\u200cها از یک نوع به نوع دیگر تبدیل شده\u200cاند']",A,یافتن فسیل‌های مشابه در نقاط مختلف جهان نشان‌دهنده اتصال این مناطق در گذشته است.,A,0.9905585050582886,A,0.9995749592781068,True,True,True,True,[0.9905585  0.00146687 0.00398737 0.00398737],[9.9957496e-01 2.6943721e-04 8.7473461e-05 6.8124398e-05],0.8106547594070435,0.9905585,0.99957496,0.00901646,0.8456686735153198,0.6221513152122498,0.7168915867805481,0.8456686735153198,0.6221513152122498,0.7168915867805481
2069,کدامیک از این موارد ویژگی عایق حرارتی را توصیف می‌کند؟,"['براق', 'قابل تغییر شکل', 'حرارت را به راحتی منتقل نمی\u200cکند', 'ظرفیت حرارتی ویژه پایینی دارد']",C,ماده‌ای که [MASK]، ویژگی عایق حرارتی دارد.,C,0.9784488677978516,C,0.9011942148208618,True,True,True,False,[0.00757339 0.00149129 0.97844887 0.0124864 ],[0.01143334 0.0028908  0.9011942  0.08448156],0.7551076412200928,0.97844887,0.9011942,-0.07725467,0.7339715957641602,0.5352935791015625,0.619083046913147,0.7770043015480042,0.54424649477005,0.6401235461235046
2070,سؤال: امواج چه چیزی را از طریق اجسام حمل می‌کنند؟,"['الف) صدا', 'ب) نور', 'ج) انرژی', 'د) آب']",C,امواج انرژی را از طریق اجسام منتقل می‌کنند.,A,0.9214903712272644,C,0.9355270266532898,False,True,True,True,[0.9214904  0.05239467 0.01701006 0.00910483],[0.03151567 0.02781249 0.935527   0.00514479],0.7907580137252808,0.01701006,0.935527,0.91851694,0.8605613708496094,0.615648627281189,0.7177887558937073,0.8605614304542542,0.615648627281189,0.7177886962890625
2071,بادهایی که از دریاها به سمت خشکی می‌وزند، تمایل دارند که رطوبت بیشتری داشته باشند تا بادهایی که بر روی زمین می‌وزند. محتوای بالای رطوبت چگونه بر آب و هوای مناطق ساحلی تأثیر می‌گذارد؟,"['در آنجا تبخیر کمتری وجود دارد.', 'طوفان\u200cهای گردابی کمتری وجود دارد.', 'بارش بیشتری وجود دارد.', 'مناطق بیشتری با مه دودی وجود دارد.']",C,رطوبت بالای بادهای دریایی منجر به بارش بیشتر در مناطق ساحلی می‌شود.,A,0.8518931269645691,C,0.9502086043357848,False,True,True,True,[0.8518931  0.07033858 0.06207358 0.01569466],[4.6939947e-02 2.6898731e-03 9.5020860e-01 1.6153944e-04],0.7886742353439331,0.06207358,0.9502086,0.88813502,0.8016273975372314,0.6092661619186401,0.6923335194587708,0.8016273975372314,0.6092661619186401,0.6923335194587708
2072,کدام ویژگی باید وجود داشته باشد تا یک موجود زنده به عنوان خزنده طبقه‌بندی شود؟,"['قلب چهار حفره\u200cای', 'علف\u200cخوار', 'مراقبت از جوانان', 'خون سرد']",D,دمای بدن خزندگان با محیط پیرامونشان تغییر می‌کند.,A,0.9519304037094116,A,0.2967377007007599,False,False,False,False,[0.9519304  0.01540156 0.02539287 0.00727518],[0.554379   0.0836987  0.06518462 0.2967377 ],0.5206671953201294,0.00727518,0.2967377,0.28946252,0.900226354598999,0.49165719747543335,0.6359766721725464,0.9024552702903748,0.4934042692184448,0.6379944086074829
2073,تمایز سلولی نتیجهٔ بیان ژن است. ژن‌ها می‌توانند به طرق مختلفی تنظیم شوند. به عنوان مثال، مولکول‌های آر این ای مخاطب کوچک (siRNA) با پیوستن به محصول رونویسی، مانع از بیان ژن می‌شوند. مولکول‌های siRNA چگونه ژن‌ها را خاموش می‌کنند؟,"['آنها به ریبوزوم\u200cها می\u200cچسبند.', 'آنها به tRNA می\u200cچسبند.', 'آنها به RNA پلی\u200cمراز می\u200cچسبند.', 'آنها به mRNA می\u200cچسبند.']",D,با مکمل‌سازی، مانع ترجمه یا باعث تخریب mRNA می‌شوند.,D,0.8904936909675598,D,0.923108160495758,True,True,True,True,[0.02354618 0.00248175 0.08347845 0.8904937 ],[0.06792278 0.00181008 0.00715901 0.92310816],0.7825595736503601,0.8904937,0.92310816,0.0326144599999999,0.834571123123169,0.665056049823761,0.7402327656745911,0.8345712423324585,0.6650561094284058,0.7402328848838806
2074,در کدام مرحله از چرخه زندگی خود، پروانه بیشتر وقت خود را صرف خوردن برگ‌های گیاه می‌کند؟,"['بالغ', 'تخم', ' larvae ', 'پیمان']",C,پروانه‌ها در مرحله لاروی، بیشتر وقت خود را صرف خوردن برگ‌ها برای کسب انرژی می‌کنند.,A,0.8834976553916931,C,0.982116997241974,False,True,True,True,[0.88349766 0.07230975 0.02347554 0.02071709],[1.4222813e-02 3.1735385e-03 9.8211700e-01 4.8667789e-04],0.8915250301361084,0.02347554,0.982117,0.95864146,0.8990358710289001,0.7404935956001282,0.8120992183685303,0.8990358710289001,0.7404935956001282,0.8120992183685303
2075,چگونه می‌توانید به‌طور علمی آرام‌ترین مکان برای مطالعه در مدرسه‌تان را تعیین کنید؟,"['از مدیر مدرسه\u200cتان بپرسید که بهترین مکان برای مطالعه کجاست.', 'یک نظرسنجی از دانش\u200cآموزان انجام دهید تا ببینید آنها کجا دوست دارند مطالعه کنند.', 'سطح دسیبل را در مکان\u200cهای مختلف مدرسه ثبت کنید و نتایج را مقایسه کنید.', 'بگذارید همه تا حد امکان ساکت باشند و سپس سطح دسیبل را در مکان\u200cهای مختلف مدرسه خود آزمایش کنید.']",C,با ثبت سطح دسیبل در مکان‌های مختلف و مقایسه نتایج، می‌توان آرام‌ترین مکان را به‌طور علمی تعیین کرد.,C,0.9047457575798036,C,0.9904918074607848,True,True,True,True,[0.07426605 0.01631409 0.90474576 0.00467406],[8.6704474e-03 6.6859304e-04 9.9049181e-01 1.6904681e-04],0.7536140084266663,0.90474576,0.99049181,0.08574605,0.8114098310470581,0.6182820200920105,0.7018017768859863,0.8081153631210327,0.6188168525695801,0.7009097933769226
2076,کدام اصطلاح بهترین توصیف‌کنندهٔ ماهیت تمام امواج نوری است؟,"['طولی', 'عرضی', 'فشاری', 'مغناطیسی']",B,امواج نوری الکترو[MASK] بوده و در نتیجه ماهیت [MASK] دارند.,A,0.754838764667511,A,0.0733711048960685,False,False,False,False,[0.75483876 0.1916001  0.01080934 0.04275176],[0.8868871  0.0733711  0.01274999 0.02699172],0.7314887642860413,0.1916001,0.0733711,-0.118229,0.7206212282180786,0.5628156661987305,0.6320168972015381,0.7006763219833374,0.5549119710922241,0.6193330883979797
2077,در سال ۱۹۹۵، یک شرکت اتوبوسرانی خصوصی در واشنگتن دی.سی. برنامه‌ای را برای استفاده از سوخت به‌دست‌آمده از سویا برای تمامی اتوبوس‌های توری خود معرفی کرد. این اتوبوس‌ها با چه سوختی کار می‌کنند؟,"['سوخت هسته\u200cای.', 'زیست\u200cگاز.', 'گاز زغال\u200cسنگ.', 'سوخت دیزل.']",B,این برنامه از سوخت زیست‌توده یا زیست‌گاز حاصل از مواد آلی مانند سویا استفاده می‌کند.,C,0.4515194892883301,B,0.9955770969390868,False,True,True,True,[0.39846456 0.08890946 0.4515195  0.06110652],[3.6329366e-03 9.9557710e-01 4.9166451e-04 2.9820960e-04],0.8481907248497009,0.08890946,0.9955771,0.90666764,0.8718384504318237,0.7187641263008118,0.7879356145858765,0.8718384504318237,0.718764066696167,0.7879355549812317
2078,یکی از عملکردهای بذر گیاه چیست؟,"['فتوسنتز انجام دهد', 'غذا برای رشد اولیه فراهم کند', 'اجساد مرده را تجزیه کند', 'به صورت جنسی تولید مثل کند']",B,بذرها منبع غذایی ذخیره شده برای رشد و نمو اولیه گیاهان هستند.,B,0.7794724702835083,B,0.9923362135887146,True,True,True,True,[0.17324574 0.7794725  0.03865635 0.0086254 ],[5.9469258e-03 9.9233621e-01 9.1199065e-04 8.0482895e-04],0.8946989178657532,0.7794725,0.99233621,0.21286371,0.7736377716064453,0.5999121069908142,0.6757885813713074,0.7736377716064453,0.5999121069908142,0.6757885813713074
2079,یک دانش‌آموز آب نمک را به یک بشر می‌ریزد و سپس مقداری اسید را به بشر دیگری می‌ریزد. هنگامی که دانش‌آموز به میز آزمایشگاه بازمی‌گردد، متوجه می‌شود که نمونه‌ها علامت‌گذاری نشده‌اند. دانش‌آموز چه باید بکند؟,"['هر نمونه را بو کند تا آن را شناسایی کند', 'حدس بزند کدام بشر هر ماده را دارد', 'مواد را با هم مخلوط کند تا مشخص شود چه هستند', 'نمونه\u200cها را به\u200cطور ایمنی دور بریزد و نمونه\u200cهای جدیدی بگیرد']",D,دانش‌آموز باید با استفاده ایمن از حواس خود، نمونه‌ها را بو کند تا آن‌ها را شناسایی کند.,A,0.5391778945922852,A,0.0806880518794059,False,False,False,False,[0.5391779  0.03936425 0.32702792 0.09442993],[0.8708736  0.03015092 0.01828746 0.08068805],0.8680940270423889,0.09442993,0.08068805,-0.0137418799999999,0.8134148716926575,0.5986160635948181,0.6896778345108032,0.8134148716926575,0.5986160635948181,0.6896778345108032
2080,کیسه صفرا صفرا را ذخیره می‌کند، مایعی که در هضم چربی کمک می‌کند. کدام یک از انواع غذاها باید توسط فردی که کیسه صفرا او برداشته شده است، اجتناب شود؟,"['میوه\u200cها', 'غلات', 'پنیر', 'سبزیجات']",C,بدون کیسه صفرا، هضم چربی‌ها مشکل می‌شود. غذاهای پرچرب می‌توانند مشکلات گوارشی ایجاد کنند. محصولاتی با چربی بالا باید اجتناب شوند.,C,0.7246914505958557,C,0.9163668155670166,True,True,True,True,[0.20762758 0.04596744 0.72469145 0.02171348],[0.06638139 0.01171701 0.9163668  0.00553472],0.8269491195678711,0.72469145,0.9163668,0.19167535,0.7467800378799438,0.6124259829521179,0.6729627847671509,0.7490830421447754,0.610572338104248,0.6727725267410278
2081,میسی و ایتن درباره مثال‌هایی از انواع تغییرات در ماده بحث کردند. در کدامیک از مثال‌ها تغییر شیمیایی رخ می‌دهد؟,"['یک تکه فلز نصف می\u200cشود.', 'یک مکعب یخ روی کانتر آب می\u200cشود.', 'یک کمپینگ کننده مارشمالوها را روی آتش در حال سوختن کباب می\u200cکند.', 'یک نانوا آرد و شکر را با هم مخلوط می\u200cکند تا خمیر درست کند.']",C,مارشمالوها در اثر حرارت آتش، ساختار شیمیایی خود را تغییر می‌دهند و به ماده‌ای با بافت و طعم متفاوت تبدیل می‌شوند.,C,0.900865375995636,C,0.8847418427467346,True,True,True,False,[0.07365924 0.01862397 0.9008654  0.00685138],[0.10608091 0.00458861 0.88474184 0.00458861],0.8044853210449219,0.9008654,0.88474184,-0.01612356,0.9645826816558838,0.8084838390350342,0.8796619176864624,0.9631654024124146,0.8083908557891846,0.8790170550346375
2082,دانش‌آموزی یک کرم زیر برخی برگ‌ها پیدا کرد و مشاهداتی درباره کرم در یک دفترچه نوشت. کدامیک از واقعیت‌های زیر ممکن است در دفترچه دانش‌آموز موجود باشد؟,"['کرم سرد به نظر می\u200cرسد.', 'کرم یک هتروتروف است.', 'کرم دارای ۳۳ بخش است.', 'کرم دارای قلب چهار حفره\u200cای است.']",C,کرم‌ها برای تغذیه به مواد آلی نیاز دارند، پس باید هتروتروف باشند.,A,0.7391042709350586,B,0.0002912785566877,False,False,False,False,[0.7391043  0.12893975 0.05375008 0.07820591],[7.5121731e-03 9.9161738e-01 2.9127856e-04 5.7927665e-04],0.7762035727500916,0.05375008,0.00029127856,-0.05345880144,0.7929002642631531,0.6228588819503784,0.6976681351661682,0.7929002642631531,0.6228588223457336,0.6976680159568787
2083,برنج طلایی، یک گیاه تراریخته است که برنجی با سطوح بالای ویتامین A تولید می‌کند. این برنج به مردم کمک می‌کند تا تغذیه خود را بهبود بخشند. با این حال، برخی از مردم نگران تأثیراتی هستند که برنج تراریخته ممکن است بر روی گیاهان بومی داشته باشد. کدامیک از عبارت‌ها بهترین توصیف‌گر این نگرانی‌هاست؟,"['عملی و اقتصادی', 'اقتصادی و بوم\u200cشناختی', 'بوم\u200cشناختی و اخلاقی', 'اخلاقی و عملی']",C,نگرانی‌ها مربوط به تأثیرات برنج تراریخته بر گیاهان بومی، ریشه در مسائل [MASK] دارد.,B,0.8390238881111145,B,0.0325819626450538,False,False,False,False,[0.02244674 0.8390239  0.12917207 0.00935719],[0.01337161 0.9484723  0.03258196 0.00557412],0.8276750445365906,0.12917207,0.03258196,-0.09659011,0.8970824480056763,0.6620775461196899,0.7618694305419922,0.8813101053237915,0.635001540184021,0.7381507158279419
2084,سوالی: یک قایق از یک خلیج به یک دریاچه آب شیرین سفر کرد و یک گیاه غیر بومی را به دریاچه آورد. اگر گیاه جدید به محیط آب شیرین سازگار شود، کدام یک از پیامدهای زیر در دریاچه احتمالاً بیشتر خواهد بود؟,"['الف) برخی از جمعیت\u200cهای گیاه بومی افزایش خواهند یافت.', 'ب) برخی از جمعیت\u200cهای گیاه بومی کاهش خواهند یافت.', 'ج) دماهای آب به سرعت نوسان خواهند کرد.', 'د) آب شور خواهد شد.']",B,گیاه غیر بومی می‌تواند با گونه‌های بومی رقابت کند و منابع را به خطر بیندازد و باعث کاهش جمعیت برخی از گیاهان بومی شود و زنجیره‌های غذایی را تحت تأثیر قرار دهد.,A,0.8333206176757812,B,0.9106005430221558,False,True,True,True,[0.8333206  0.06893962 0.03690072 0.060839  ],[0.05775973 0.91060054 0.01875184 0.01288794],0.8207192420959473,0.06893962,0.91060054,0.84166092,0.9194273948669434,0.7179120779037476,0.8062689900398254,0.9194273948669434,0.7179120779037476,0.8062689900398254
2085,کدامیک بهترین توضیح را می‌دهد که چرا انجام آزمایش‌های تکراری مهم است؟,"['برای تأیید نتایج', 'برای دستیابی به نتایج متفاوت', 'برای رد نتایج سایر دانشمندان', 'برای به دست آوردن همان نتایج به روشی متفاوت']",A,برای اطمینان از دقیق و قابل اعتماد بودن نتایج اولیه آزمایش‌ها، تکرار آن‌ها ضروری است.,A,0.9950569868087769,A,0.996715784072876,True,True,True,True,[9.9505699e-01 1.8948282e-03 6.1516062e-04 2.4330074e-03],[9.967158e-01 2.064273e-03 4.606016e-04 7.594036e-04],0.834477424621582,0.99505699,0.9967158,0.00165881,0.6952407956123352,0.5340007543563843,0.6040458083152771,0.6952407956123352,0.5340007543563843,0.6040458083152771
2086,گرتا چندین بار شانه‌ای را از میان موهایش گذراند. سپس شانه را در کنار جریانی از آب که از شیر می‌ریخت قرار داد. گرتا مشاهده کرد که جریان آب به سمت شانه خم می‌شود. چگونه گذراندن شانه از میان موهایش باعث شد شانه بتواند جریان آب را خم کند؟,"['با ایجاد خاصیت جذب بیشتر در شانه', 'با القای بار الکتریکی به شانه', 'با افزایش انرژی حرارتی شانه', 'با شکستن برخی از پیوندهای شیمیایی در شانه']",B,با عبور شانه از موهای گرتا، بار الکتریکی به شانه القا می‌شود و این بار باعث خم شدن جریان آب می‌شود.,A,0.6175814867019653,B,0.9898983836174012,False,True,True,True,[0.6175815  0.0053223  0.00104802 0.37604818],[9.8382141e-03 9.8989838e-01 1.8591312e-04 7.7500117e-05],0.8871426582336426,0.0053223,0.98989838,0.98457608,0.8015753030776978,0.6842461824417114,0.7382782697677612,0.8015753626823425,0.6842461824417114,0.738278329372406
2087,کدامیک از موارد زیر شکل بارش نمی‌باشد؟,"['تگرگ', 'باد', 'باران', 'برف']",B,[MASK] یک پدیده جوی است که به حرکت هوا اشاره دارد و شکل بارش نیست.,A,0.8458186984062195,B,0.9657220840454102,False,True,True,True,[0.8458187  0.07898131 0.03292431 0.04227565],[0.02893534 0.9657221  0.00324645 0.00209607],0.8094460368156433,0.07898131,0.9657221,0.8867407900000001,0.860021710395813,0.6387704014778137,0.7330654859542847,0.8581251502037048,0.6495435237884521,0.7394059300422668
2088,هر دو منطقه کالیفرنیای جنوبی و نوادای جنوبی خشک تا نیمه خشک هستند. کدام یک از این عوامل تأثیر زیادی بر اقلیم کالیفرنیای جنوبی دارد اما تأثیر کمی بر اقلیم نوادای جنوبی دارد؟,"['دسترسibility آب تازه', 'انواع گیاهان', 'تغییرات ارتفاع', 'نزدیکی به اقیانوس']",D,[MASK] بر اقلیم کالیفرنیای جنوبی تأثیر زیادی دارد زیرا جریان‌های دریایی و رطوبت اقیانوس منجر به تشکیل ابر و بارندگی می‌شود.,A,0.7235153317451477,A,0.4619907736778259,False,False,False,False,[0.72351533 0.00923309 0.00160447 0.26564708],[0.52350414 0.00355501 0.0109502  0.46199077],0.8425528407096863,0.26564708,0.46199077,0.19634369,0.9118775129318237,0.6464749574661255,0.756575882434845,0.9081900715827942,0.6405618786811829,0.7512525916099548
2089,انسولین پروتئین مهمی برای تنظیم سطح گلوکز در خون است. کدام جمله بهترین توصیف را از عملکرد انسولین ارائه می‌دهد؟,"['انسولین سلول\u200cها را به جذب گلوکز از خون تحریک می\u200cکند.', 'انسولین باعث می\u200cشود که کبد گلوکز را به خون آزاد کند.', 'انسولین تأثیرات آنتی\u200cبیوتیک\u200cها را در سلول تسهیل می\u200cکند.', 'انسولین پیوندهای شیمیایی را بر روی غشای سلول توسعه می\u200cدهد.']",A,انسولین باعث جذب گلوکز توسط سلول‌ها از خون می‌شود و به عنوان منبع انرژی استفاده یا ذخیره می‌شود.,A,0.9650275111198424,A,0.9889525175094604,True,True,True,True,[9.6502751e-01 3.2892689e-02 6.1193784e-04 1.4679625e-03],[9.8895252e-01 9.8096346e-03 3.2533985e-04 9.1243820e-04],0.8149330019950867,0.96502751,0.98895252,0.02392501,0.8087888956069946,0.5968742370605469,0.6868577003479004,0.8081475496292114,0.5972275733947754,0.6868600249290466
2090,نیروی گرانشی بین ماه و زمین به چه مواردی بستگی دارد؟,"['تنها به جرم آنها', 'تنها به قطر آنها', 'به جرم آنها و فاصله آنها از هم', 'به قطر آنها و فاصله آنها از هم']",C,نیروی گرانشی بین دو جسم به جرم و فاصله آنها بستگی دارد.,C,0.9476585388183594,C,0.9919459223747252,True,True,True,True,[3.6816549e-02 4.1543561e-04 9.4765854e-01 1.5109480e-02],[7.5736004e-03 1.4766170e-04 9.9194592e-01 3.3276077e-04],0.8139480352401733,0.94765854,0.99194592,0.0442873799999999,0.9034011960029602,0.7201107740402222,0.8014094233512878,0.9056739807128906,0.7272056341171265,0.8066868185997009
2091,ماه زمین چه می‌باشد؟,"['همیشه بسیار نزدیک\u200cتر به خورشید از زمین است', 'همیشه بسیار نزدیک\u200cتر به زمین از خورشید است', 'فاصله\u200cاش از خورشید تقریباً برابر با فاصله\u200cاش از زمین است', 'گاهی اوقات نزدیک\u200cتر به خورشید از زمین و گاهی نزدیک\u200cتر به زمین از خورشید است']",B,مدار بیضی شکل ماه و زمین باعث تغییر فاصله آنها می‌شود. موقعیت ماه نسبت به خورشید و زمین تغییر می‌کند و در نتیجه فاصله ماه با خورشید و زمین تغییر می‌کند.,B,0.7119771838188171,D,0.078184425830841,True,False,False,False,[0.15886359 0.7119772  0.00543601 0.12372308],[0.06899752 0.07818443 0.00566366 0.84715444],0.8314687609672546,0.7119772,0.07818443,-0.63379277,0.8672513961791992,0.7327957153320312,0.7943742871284485,0.867251455783844,0.7327957153320312,0.7943742871284485
2092,اقيانوس‌ها چگونه بر اقلیم‌های سواحل تأثیر می‌گذارند؟,"['آنها به گرمی بیشتر می\u200cانجامند.', 'آنها به سردی بیشتر می\u200cانجامند.', 'آنها به افزایش دامنه دما می\u200cانجامند.', 'آنها به کاهش دامنه دما می\u200cانجامند.']",D,اقیانوس‌ها با جذب و آزاد کردن گرما، نوسانات دمایی را کاهش می‌دهند و به معتدل شدن آب و هوای سواحل کمک می‌کنند.,C,0.8290152549743652,A,0.3659836947917938,False,False,False,False,[0.16324279 0.00632961 0.82901525 0.00141233],[0.5325031  0.02048671 0.0810265  0.3659837 ],0.8700569272041321,0.00141233,0.3659837,0.36457137,0.8173342347145081,0.6617172360420227,0.731339156627655,0.8173341751098633,0.6617172360420227,0.731339156627655
2093,کدام قسمت از سلول در سلول‌های گیاهی وجود دارد اما در سلول‌های حیوانی وجود ندارد؟,"['هسته', 'دیواره سلولی', 'سیتوپلاسم', 'غشاء سلولی']",B,سلول‌های گیاهی دارای دیواره‌ای هستند که ساختار و شکل سلول را حفظ می‌کند.,B,0.8314245939254761,B,0.9962880611419678,True,True,True,True,[0.07763721 0.8314246  0.00296365 0.08797449],[1.6775220e-03 9.9628806e-01 1.3346282e-04 1.9008814e-03],0.7659133672714233,0.8314246,0.99628806,0.16486346,0.9161019325256348,0.680172324180603,0.7807019352912903,0.8706568479537964,0.6621159315109253,0.7521999478340149
2094,کدام شیء بیشترین انعطاف‌پذیری را دارد؟,"['تکه چوب', 'فنجان کاغذی', 'میخ فلزی', 'بطری شیشه\u200cای']",B,شیء انعطاف‌پذیر می‌تواند به راحتی خم شود یا شکل خود را تغییر دهد بدون شکستن. کاغذ به دلیل جنس خاص خود چنین ویژگی دارد.,B,0.5818246603012085,B,0.9056318402290344,True,True,True,True,[0.24159503 0.58182466 0.11501648 0.06156388],[0.06534798 0.90563184 0.02121538 0.0078047 ],0.8699692487716675,0.58182466,0.90563184,0.32380718,0.7949752807617188,0.6722236275672913,0.7284645438194275,0.7826563119888306,0.6721944808959961,0.723231852054596
2095,تانیا بررسی می‌کند که کدام اشیاء خانگی به آهنربا جذب می‌شوند. چه چیزی به او کمک خواهد کرد تا نتیجه‌گیری کند؟,"['یک پیش\u200cبینی', 'یک فرضیه', 'یک لیست از لوازم', 'یک جدول نتایج']",D,[MASK] به تانیا کمک می‌کند تا داده‌هایش را سازماندهی و مقایسه کند و نتیجه‌گیری کند.,B,0.9339939951896667,D,0.4719283282756805,False,True,True,True,[6.0000490e-02 9.3399400e-01 5.1105802e-04 5.4943915e-03],[0.10612733 0.41974175 0.0022026  0.47192833],0.8297424912452698,0.0054943915,0.47192833,0.4664339385,0.9059031009674072,0.6472811698913574,0.7550604939460754,0.904511034488678,0.6435301899909973,0.7520215511322021
2096,هیدروژن دارای جرم اتمی ۱ و اکسیژن دارای جرم اتمی ۱۶ است. زمانی که یک مولکول آب تشکیل می‌شود، دو اتم هیدروژن با یک اتم اکسیژن ترکیب می‌شوند. جرم یک مولکول آب چقدر است؟,"['14', '16', '17', '18']",D,جرم مولکول آب از جمع جرم‌های اتمی تشکیل‌دهنده آن، یعنی دو اتم هیدروژن با جرم ۱ و یک اتم اکسیژن با جرم ۱۶، برابر ۱۸ است.,D,0.9884264469146729,D,0.9971436858177184,True,True,True,True,[1.0980425e-02 6.3283180e-05 5.2986358e-04 9.8842645e-01],[2.7789753e-03 7.8055709e-06 6.9570298e-05 9.9714369e-01],0.9066832661628724,0.98842645,0.99714369,0.00871724,0.762224555015564,0.6523318290710449,0.7030096054077148,0.762224555015564,0.6523318290710449,0.7030096054077148
2097,در اطراف مناطق با رواناب افزایش یافته کود، تمام هتروتروف‌ها در یک زنجیره غذایی دریاچه ممکن است افزایش تعداد را نشان دهند. پس از افزایش اولیه، جمعیت‌ها شروع به کاهش می‌کنند. کدام رویداد احتمالاً باعث کاهش جمعیت‌ها شده است؟,"['A) شکارچیان بیشتری به دریاچه معرفی شدند.', 'B) آب از مواد مغذی مانند نیتروژن خالی شد.', 'C) فصل زاد و ولد برای موجودات به پایان رسید.', 'D) جلبک\u200cهای در حال تجزیه مقدار اکسیژن محلول را کاهش دادند.']",D,افزایش ناگهانی جمعیت هتروتروف‌ها منجر به مصرف زیاد اکسیژن برای تجزیه مواد آلی می‌شود و در نتیجه موجب کاهش اکسیژن محلول در آب و مرگ و میر گسترده می‌شود.,B,0.8089825510978699,B,0.0671509057283401,False,False,False,False,[0.10863187 0.80898255 0.02423905 0.05814645],[0.08622347 0.82448167 0.02214402 0.06715091],0.8825700879096985,0.05814645,0.06715091,0.0090044599999999,0.9220831394195557,0.7543729543685913,0.8298393487930298,0.9220831394195557,0.7543729543685913,0.8298393487930298
2098,کدامیک از موارد زیر کمترین احتمال را برای اجازه دادن به عبور برق دارد؟,"['آلومینیوم', 'مس', 'پلاستیک', 'آب']",C,[MASK] یک ماده عایق است که از عبور جریان الکتریکی جلوگیری می‌کند.,D,0.4787477254867553,C,0.5382210612297058,False,True,True,True,[0.29151165 0.07370569 0.15603495 0.47874773],[0.15541233 0.10681324 0.53822106 0.1995534 ],0.86277174949646,0.15603495,0.53822106,0.38218611,0.905091404914856,0.6652275323867798,0.7668400406837463,0.8959242105484009,0.6554247140884399,0.7570326328277588
2099,لامپ‌ها در توانایی خود برای استفاده از انرژی الکتریکی به طور کارآمد متفاوت هستند. آلیشیا مقدار انرژی الکتریکی مورد نیاز برای روشن کردن یک لامپ رشته‌ای و یک لامپ فلورسانس را مقایسه کرد. آلیشیا از کدام واحدها برای مقایسه استفاده انرژی الکتریکی استفاده می‌کند؟,"['نیوتن', 'ژول', 'ولت', 'وات']",B,آلیشیا برای مقایسه انرژی الکتریکی، باید از واحد انرژی استفاده کند که [MASK] است.,B,0.9700707197189332,B,0.9946915507316588,True,True,True,True,[6.0500787e-04 9.7007072e-01 1.7333766e-04 2.9150911e-02],[1.9202065e-03 9.9469155e-01 2.2228002e-04 3.1658853e-03],0.8707281351089478,0.97007072,0.99469155,0.0246208299999999,0.8525528907775879,0.685036301612854,0.759669303894043,0.864902913570404,0.6844224333763123,0.7641506195068359
2100,عمل فتوسنتز چه چیزی تولید می‌کند؟,"['دی\u200cاکسید کربن و نیتروژن', 'قند و دی\u200cاکسید کربن', 'اکسیژن و نیتروژن', 'قند و اکسیژن']",D,گیاهان با تبدیل انرژی نور خورشید، [MASK] تولید می‌کنند.,A,0.7773085236549377,D,0.5126208066940308,False,True,True,True,[0.7773085  0.19615088 0.01409855 0.01244192],[0.07861295 0.3992295  0.00953683 0.5126208 ],0.6884867548942566,0.01244192,0.5126208,0.50017888,0.7866169810295105,0.5542749166488647,0.6503165364265442,0.7719756364822388,0.5428892374038696,0.6374757885932922
2101,کدام یک از موارد زیر احتمالاً سخت‌ترین است که خم شود؟,"['کش لاستیکی', 'نوار پارچه\u200cای', 'کفش چرمی', 'تخته چوبی']",D,به دلیل سختی و مقاومت در برابر خم شدن، [MASK] سخت‌ترین است.,A,0.6656445264816284,A,0.3141025602817535,False,False,False,False,[0.6656445  0.14852537 0.07015841 0.11567167],[0.5138375  0.07008576 0.10197418 0.31410256],0.8455778360366821,0.11567167,0.31410256,0.1984308899999999,0.8730365633964539,0.6967916488647461,0.7750205397605896,0.9010990858078003,0.738737940788269,0.8118807673454285
2102,کدام بیانیه به بهترین وجه یک سازگاری ساختاری را که به یک موجود کمک می‌کند تا در بیابان زنده بماند توصیف می‌کند؟,"['یک پرنده در یک کاکتوس آشیانه\u200cاش را می\u200cسازد.', 'یک مار زنگی زمانی که تهدید می\u200cشود، دمش را می\u200cلرزانید.', 'یک ایگوانا برای پناهندگی زیر یک سنگ می\u200cخزید.', 'گوش\u200cهای یک خرگوش جک حرارت را آزاد می\u200cکند.']",D,ویژگی فیزیکی دائمی که به موجود کمک می‌کند تا گرما را تحمل کند، مانند ساختار گوش خرگوش جک.,A,0.4589219689369201,D,0.9746614694595336,False,True,True,True,[0.45892197 0.06983028 0.45892197 0.01232578],[2.3192037e-02 1.6800254e-03 4.6652622e-04 9.7466147e-01],0.7984002232551575,0.01232578,0.97466147,0.96233569,0.6734945774078369,0.5593594312667847,0.6111438274383545,0.6784073114395142,0.5633310079574585,0.6155368685722351
2103,گروهی از دانش‌آموزان تصمیم گرفته‌اند که مقدار برق مصرفی توسط مدرسه باید کاهش یابد. دانش‌آموزان می‌خواهند طرحی برای حل این مشکل توسعه دهند. این گروه باید ابتدا چه کاری انجام دهد؟,"['تعیین کنند که چه موادی باید برای اجرای طرح استفاده شود', 'تحقیقی در مورد صرفه\u200cجویی در انرژی انجام دهند تا طرح را شکل دهند', 'طراحی طرح را بهبود بخشند', 'اعتبار طرح را تست کنند']",B,ابتدا باید تحقیقاتی در مورد صرفه‌جویی در انرژی انجام دهند تا اطلاعات لازم را کسب کنند و بهترین راه‌ها را برای کاهش مصرف برق شناسایی کنند.,B,0.9976810216903688,B,0.9988226294517516,True,True,True,True,[2.1717881e-03 9.9768102e-01 2.0636391e-05 1.2641322e-04],[1.1547478e-03 9.9882263e-01 3.9123461e-06 1.8664759e-05],0.808540403842926,0.99768102,0.99882263,0.00114161,0.9175211191177368,0.7450791597366333,0.8223574757575989,0.9175211191177368,0.7450792193412781,0.8223575353622437
2104,اگر یک موجود در محیطی با میدان گرانشی بیشتر از زمین رشد کند، کدام سازگاری بیشترین منفعت را به آن موجود خواهد رساند؟,"['اندام\u200cهای بلند و باریک', 'اندام\u200cهای بلند و قوی', 'اندام\u200cهای کوتاه و باریک', 'اندام\u200cهای کوتاه و قوی']",D,در محیطی با گرانش بیشتر، [MASK] به دلیل پایین آوردن مرکز ثقل و افزایش پایداری، بهترین سازگاری برای مقابله با نیروی گرانش بیشتر هستند.,B,0.6478444337844849,B,0.0541697368025779,False,False,False,False,[0.27111873 0.64784443 0.00335997 0.07767682],[0.18907095 0.75365514 0.00310417 0.05416974],0.8401517868041992,0.07767682,0.05416974,-0.0235070799999999,0.8017468452453613,0.6383926272392273,0.7108051180839539,0.788866400718689,0.6202868223190308,0.6944928765296936
2105,سموم کشاورزی توسط کشاورزان برای کنترل حشرات استفاده می‌شود. گاهی اوقات، این سموم به نهرها نشت می‌کنند. این نمونه‌ای از چیست؟,"['کشاورزان که تلاش می\u200cکنند محیط زیست را محافظت کنند.', 'مواد طبیعی که برای حل مشکلات استفاده می\u200cشوند.', 'کشاورزان که سعی در کاهش میزان محصولات دارند.', 'حل یک مشکل که مشکل دیگری را ایجاد می\u200cکند.']",D,استفاده از سموم برای کنترل حشرات، راه حلی برای یک مشکل است، اما نشت آن به نهرها می‌تواند مشکل دیگری مانند آلودگی آب ایجاد کند.,A,0.4370568692684173,D,0.5875627994537354,False,True,True,True,[0.43705687 0.43705687 0.00066744 0.1252189 ],[4.038256e-01 8.381133e-03 2.304395e-04 5.875628e-01],0.9100192785263062,0.1252189,0.5875628,0.4623439,0.816106379032135,0.664670467376709,0.7326449155807495,0.8161063194274902,0.664670467376709,0.7326449155807495
2106,زینک یک ماده معدنی است که کمک می‌کند,"['آب را در سلول\u200cها متعادل نگه دارد.', 'از پوسیدگی دندان\u200cها جلوگیری کند.', 'زخم\u200cها و خراش\u200cها را بهبود بخشد.', 'اکسیژن را در خون حمل کند.']",C,زینک به حفظ تعادل مایعات در بدن و سلول‌ها کمک می‌کند.,B,0.8483028411865234,A,0.0001382310292683,False,False,False,False,[0.10191071 0.84830284 0.00164723 0.04813921],[9.8872405e-01 1.0981050e-02 1.3823103e-04 1.5663628e-04],0.7976705431938171,0.00164723,0.00013823103,-0.00150899897,0.8892769813537598,0.6941641569137573,0.7796995639801025,0.8875215649604797,0.6990510821342468,0.7820920348167419
2107,برخی از پرندگان دانه می‌خورند. اگر پرندگان دانه‌ای را روی خاک بیندازند، بهترین توضیح برای چگونگی کمک به رشد یک گیاه چیست؟,"['می\u200cتواند نور خورشید بیشتری دریافت کند.', 'فرصتی برای تولید مثل دارد.', 'به آب نزدیک\u200cتر می\u200cشود.', 'اکسیژن بیشتری تولید می\u200cکند.']",B,دانه به آب نزدیک‌تر می‌شود و شانس جوانه زدن و رشد آن افزایش می‌یابد.,A,0.5924553871154785,C,0.0016916590975597,False,False,False,False,[0.5924554  0.21710244 0.17040566 0.02003653],[2.0608628e-02 1.6916591e-03 9.7758454e-01 1.1511885e-04],0.572090208530426,0.21710244,0.0016916591,-0.2154107809,0.7130891680717468,0.5465875864028931,0.6188344955444336,0.7120137810707092,0.5423886775970459,0.6157325506210327
2108,چند لحظه قبل از غروب، یک دانش‌آموز دمای هوا و خاک را در همان مکان ثبت کرد. دانش‌آموز متوجه شد که دمای هوا و خاک برابر است. کدام یک از جملات زیر توضیح می‌دهد که دماهای هوا و خاک احتمالاً پس از غروب آن روز چگونه تغییر کردند؟,"['دمای خاک سریع\u200cتر از دمای هوا افزایش یافت.', 'دمای هوا سریع\u200cتر از دمای خاک افزایش یافت.', 'دمای خاک سریع\u200cتر از دمای هوا کاهش یافت.', 'دمای هوا سریع\u200cتر از دمای خاک کاهش یافت.']",D,زمانی که دمای هوا و خاک برابر است، هر دو در حال از دست دادن گرما با نرخ مشابهی هستند. خاک به دلیل ظرفیت گرمایی حجمی بالاتر، کندتر از هوا گرمای خود را از دست می‌دهد.,A,0.5072744488716125,A,0.2570326924324035,False,False,False,False,[0.50727445 0.14476995 0.07748977 0.27046588],[0.3300365 0.1558982 0.2570327 0.2570327],0.8755298852920532,0.27046588,0.2570327,-0.0134331799999999,0.9267708659172058,0.772250771522522,0.8424842953681946,0.9267708659172058,0.772250771522522,0.8424842953681946
2109,مرجان‌های سازنده‌ی صخره با جلبک‌های فتوسنتز کننده‌ای که در بافت‌های خود زندگی می‌کنند، همکاری می‌کنند. جلبک‌ها در یک صخره مرجانی بیشتر احتمال دارد که از کدام نوع انرژی برای بقاء استفاده کنند؟,"['شیمیایی', 'مکانیسمی', 'تابشی', 'حرارتی']",C,جلبک‌های همزیست مرجان‌ها از انرژی خورشیدی برای فتوسنتز و تولید مواد آلی ضروری برای بقاء استفاده می‌کنند.,A,0.6754812002182007,C,0.9870545864105223,False,True,True,True,[0.6754812  0.00352389 0.31969854 0.00129637],[1.2376742e-02 2.4896799e-04 9.8705459e-01 3.1968125e-04],0.8067250847816467,0.31969854,0.98705459,0.66735605,0.8228476047515869,0.6373392343521118,0.7183095216751099,0.8280974626541138,0.6373268365859985,0.7202947735786438
2110,به‌عنوان یک خودرو که سوخت می‌سوزاند، یک تبدیل از انرژی شیمیایی به انرژی مکانیکی رخ می‌دهد. نتیجه محتمل سوختن سوخت چیست؟,"['ماده\u200cای که خودرو را تشکیل می\u200cدهد افزایش می\u200cیابد.', 'میزان انرژی مفید کاهش می\u200cیابد.', 'کارایی خودرو افزایش می\u200cیابد.', 'مقدار انرژی حرارتی کاهش می\u200cیابد.']",B,به دلیل قانون دوم ترمودینامیک، انرژی شیمیایی به انرژی حرارتی و مکانیکی تبدیل می‌شود و بخشی از آن به‌صورت حرارت هدر می‌رود.,B,0.639861524105072,B,0.946349322795868,True,True,True,True,[0.30224916 0.6398615  0.01153778 0.04635141],[0.04730036 0.9463493  0.00297693 0.00337331],0.7338407635688782,0.6398615,0.9463493,0.3064878,0.8806302547454834,0.6884264945983887,0.7727562785148621,0.8807201385498047,0.691033124923706,0.7744304537773132
2111,کدام یک از موارد زیر بخشی از یک اتم نیست؟,"['پروتون', 'ایزوتوپ', 'هسته', 'الکترون']",B,[MASK] نوعی از اتم است، نه بخشی از آن.,B,0.986663579940796,B,0.9677250981330872,True,True,True,False,[6.6092471e-03 9.8666358e-01 5.8326405e-03 8.9446432e-04],[0.01800362 0.9677251  0.0123737  0.00189757],0.7089884877204895,0.98666358,0.9677251,-0.0189384799999999,0.8064761161804199,0.5468642711639404,0.6517694592475891,0.795835554599762,0.5267359614372253,0.6339093446731567
2112,کدام بیان نمونه‌ای از ویژگی‌های ارثی در یک موجود زنده است؟,"['الف) یک کودک یاد می\u200cگیرد که دوچرخه\u200cسواری کند.', 'ب) یک گربه دارای یک توله با پای شکسته است.', 'ج) یک سگ سفید دارای یک توله با پشم سفید است.', 'د) یک شخص دارای زخم شیمیایی از سوختگی است.']",C,ژن‌ها ویژگی‌های ارثی را از والدین به فرزندان منتقل می‌کنند. رنگ پشم سگ‌ها به صورت ژنتیکی تعیین می‌شود.,C,0.9340638518333436,C,0.9760462641716005,True,True,True,True,[0.05290252 0.00811286 0.93406385 0.0049207 ],[0.02009955 0.00159911 0.97604626 0.00225511],0.864328145980835,0.93406385,0.97604626,0.04198241,0.844711422920227,0.6278390884399414,0.7203052043914795,0.844711422920227,0.6278390288352966,0.7203051447868347
2113,چه تغییری ممکن است در زمانی که انرژی حرارتی به آب اضافه می‌کنید، رخ دهد؟,"['آب می\u200cتواند از حالت مایع به حالت جامد تبدیل شود.', 'آب می\u200cتواند از حالت جامد به حالت مایع تبدیل شود.', 'آب می\u200cتواند از حالت مایع به حالت گاز تبدیل شود.', 'آب می\u200cتواند از حالت گاز به حالت مایع تبدیل شود.']",C,افزودن انرژی حرارتی به آب، مولکول‌ها را پرانرژی کرده و به حالت گاز تبدیل می‌کند.,C,0.5653105974197388,C,0.9852219223976136,True,True,True,True,[0.23473778 0.18281396 0.5653106  0.01713771],[7.5222622e-03 6.6383732e-03 9.8522192e-01 6.1746489e-04],0.8478176593780518,0.5653106,0.98522192,0.41991132,0.7631909847259521,0.6014165878295898,0.6727145910263062,0.7667409777641296,0.60445636510849,0.6759952902793884
2114,عبور ال کاهون در کالیفرنیا هر سال تقریباً به ارتفاع زمین اطرافش افزوده می‌شود. کدام یک از عبارات زیر درباره این منطقه صحیح است؟,"['فرسایش در عبور ال کاهون کندتر از بالا آمدگی است.', 'لایه\u200cها در عبور ال کاهون در حال جداسازی هستند.', 'تشکیل کوه\u200cها در عبور ال کاهون کندتر از فرسایش است.', 'فرسایش و بالا آمدگی در عبور ال کاهون متعادل هستند.']",A,بالا آمدگی سالانه، نشان می‌دهد که فرسایش در عبور ال کاهون کندتر از فرآیند بالا آمدگی است.,C,0.5721777081489563,A,0.9880290627479552,False,True,True,True,[0.30626467 0.05322082 0.5721777  0.06833688],[0.98802906 0.00402604 0.00663781 0.00130706],0.7569640278816223,0.30626467,0.98802906,0.68176439,0.8052741289138794,0.6313920021057129,0.7078104615211487,0.8052741289138794,0.6313920021057129,0.7078104615211487
2115,در یک جمعیت از مارهای قهوه‌ای، ماری با الگوی نقطه‌دار سفید به دنیا می‌آید. کدام عامل بیشترین تأثیر را در اینکه این ویژگی در جمعیت مارهای قهوه‌ای رایج شود، خواهد داشت؟,"['توانایی مار در زنده ماندن برای تولید مثل', 'ظاهر ویژگی\u200cهای جدید دیگر در مار بچه', 'تاریخچه الگو در جمعیت\u200cهای قبلی مارها', 'وجود انرژی حرارتی که الگوی مار را تغییر می\u200cدهد']",A,توانایی مار در زنده ماندن و تولید مثل، شانس انتقال ویژگی‌هایش به نسل بعدی را تعیین می‌کند؛ بنابراین، این عامل بیشترین تأثیر را در رایج شدن ویژگی در جمعیت دارد.,C,0.8332178592681885,A,0.7391518950462341,False,True,True,True,[0.14507462 0.01732669 0.83321786 0.00438087],[0.7391519  0.01969773 0.23996748 0.00118294],0.7074570059776306,0.14507462,0.7391519,0.59407728,0.735299289226532,0.6066540479660034,0.6648104190826416,0.7326771020889282,0.6064538359642029,0.6636167168617249
2116,چرا همیشه یک سمت ماه از زمین قابل مشاهده است؟,"['الف) ماه حول محور خود نمی\u200cچرخد.', 'ب) سمت پنهان ماه در طول روز به سمت زمین قرار دارد.', 'ج) ماه در هر چرخش به دور زمین یک بار می\u200cچرخد.', 'د) سرعت چرخش برای زمین و ماه یکسان است.']",C,ماه حول محور خود نمی‌چرخد، بنابراین یک سمت آن همیشه به سمت زمین است.,C,0.8191519975662231,A,0.0369502305984497,True,False,False,False,[0.0315148  0.14123951 0.819152   0.00809367],[0.9492438  0.01042229 0.03695023 0.00338362],0.766106367111206,0.819152,0.03695023,-0.78220177,0.8846973776817322,0.6667023301124573,0.7603840827941895,0.884697437286377,0.6667023301124573,0.7603841423988342
2117,کلاس‌های علوم برای دبیرستان یک پروژه‌ای را انجام می‌دهند که در آن کاغذ و کیسه‌های پلاستیکی را بازیافت می‌کنند. یکی از تفاوت‌های عمده بین کاغذ و پلاستیک چیست؟,"['الف) کاغذ از یک منبع تجدیدپذیر به دست می\u200cآید.', 'ب) پلاستیک از یک منبع تجدیدپذیر به دست می\u200cآید.', 'ج) پلاستیک نمی\u200cتواند دوباره استفاده شود.', 'د) کاغذ نمی\u200cتواند دوباره استفاده شود.']",A,کاغذ از منابع تجدیدپذیر مانند درختان به دست می‌آید، در حالی که پلاستیک معمولاً از منابع غیرتجدیدپذیر تولید می‌شود.,C,0.5219522714614868,A,0.999011754989624,False,True,True,True,[0.46062127 0.00351689 0.5219523  0.01390956],[9.9901175e-01 1.5585043e-04 7.4352085e-04 8.8800902e-05],0.9500483870506288,0.46062127,0.99901175,0.5383904799999999,0.9296525716781616,0.7694123983383179,0.8419762849807739,0.9296525716781616,0.7694123983383179,0.8419762849807739
2118,استخرهای جزر و مدی زیستگاه‌هایی برای چندین نوع موجودات هستند که به سطح سنگی چسبیده و به جزر و مد برای غذا و اکسیژن وابسته‌اند. ستاره‌های دریایی موجود در این استخرهای جزر و مد بر روی صدف‌ها و دیگر نرم‌تنان غذایی می‌خورند که هیچ شکارچی طبیعی دیگری ندارند. اگر تمام ستاره‌های دریایی از اکوسیستم استخر جزر و مد حذف شوند، ارتباط آن با تنوع گونه‌ها چگونه خواهد بود؟,"['تنوع افزایش خواهد یافت زیرا نرخ شکار کاهش می\u200cیابد.', 'تنوع کاهش خواهد یافت زیرا رقابت برای فضا افزایش می\u200cیابد.', 'تنوع افزایش خواهد یافت زیرا بازیافت مواد مغذی کاهش می\u200cیابد.', 'تنوع کاهش خواهد یافت زیرا منابع غذا و اکسیژن افزایش می\u200cیابد.']",B,حذف ستاره‌های دریایی منجر به افزایش جمعیت نرم‌تنان می‌شود که در نتیجه رقابت برای فضا افزایش یافته و تنوع گونه‌ها کاهش می‌یابد.,B,0.9401268362998962,B,0.989274561405182,True,True,True,True,[0.04680616 0.94012684 0.00813369 0.00493333],[9.8416209e-03 9.8927456e-01 4.8998545e-04 3.9371435e-04],0.8430479764938354,0.94012684,0.98927456,0.04914772,0.8241820335388184,0.6303597688674927,0.7143571972846985,0.8241820335388184,0.6303597688674927,0.7143571972846985
2119,توانایی چینش زبان در انسان‌ها توسط آلل غالب R کدگذاری می‌شود. عدم توانایی در چینش زبان توسط آلل مغلوب r کدگذاری می‌شود. مردی با ترکیب آللی RR برای این صفت، زایگوتی با زنی با ترکیب آللی rr برای این صفت تولید می‌کند. کدام ترکیب آللی می‌تواند در زایگوت رخ دهد؟,"['R', 'rr', 'Rr', 'RR']",C,تنها ترکیب ممکن برای فرزند، ترکیب [MASK][MASK] است.,C,0.8730848431587219,C,0.9855732321739196,True,True,True,True,[0.09220237 0.02057313 0.87308484 0.01413969],[9.6245501e-03 7.9003122e-04 9.8557323e-01 4.0121092e-03],0.7398087978363037,0.87308484,0.98557323,0.11248839,0.9148895144462585,0.7118039131164551,0.8006694912910461,0.9140823483467102,0.7068474888801575,0.7972174882888794
2120,پت در حال یادگیری نحوه جریان انرژی در یک اکوسیستم است. پت می‌داند که حیوانات انرژی را از گیاهان می‌گیرند. گیاهان چه کاری انجام می‌دهند که به حیوانات اجازه می‌دهد از آنها انرژی بگیرند؟,"['الف) گیاهان آب را در ریشه\u200cهای خود نگه می\u200cدارند.', 'ب) گیاهان نیتروژن را در خاک آزاد می\u200cکنند.', 'ج) گیاهان پناهگاهی در برابر آب و هوا فراهم می\u200cکنند.', 'د) گیاهان در حضور نور قند تولید می\u200cکنند.']",D,گیاهان از طریق فتوسنتز، انرژی نورانی را به انرژی شیمیایی تبدیل می‌کنند و قند تولید می‌کنند که منبع انرژی برای حیوانات است.,D,0.9567796587944032,D,0.9756128191947936,True,True,True,True,[3.7098374e-02 5.6010168e-03 5.2097574e-04 9.5677966e-01],[2.3305533e-02 7.4915518e-04 3.3243556e-04 9.7561282e-01],0.8595408797264099,0.95677966,0.97561282,0.01883316,0.7826488018035889,0.6807931065559387,0.7281763553619385,0.7826488018035889,0.6807931065559387,0.7281763553619385
2121,افرادی که به آب شرب سالم دسترسی ندارند ممکن است به بیماری اسهال خونی مبتلا شوند. اسهال خونی ناشی از نوعی آمیب است که درون بدن زندگی می‌کند. پزشکان می‌توانند این آمیب‌ها را با مشاهده نمونه‌های بدنی زیر میکروسکوپ پیدا کنند. کدام ویژگی آمیب‌ها به بهترین شکل توضیح می‌دهد که چرا پزشکان از میکروسکوپ برای یافتن آمیب‌های اسهال خونی استفاده می‌کنند؟,"['آمیب\u200cها می\u200cتوانند شکل خود را تغییر دهند.', 'آمیب\u200cها برای زنده ماندن به انسان\u200cها نیاز دارند.', 'آمیب\u200cها درست شبیه سلول\u200cهای انسانی به نظر می\u200cرسند.', 'آمیب\u200cها تنها از یک سلول تشکیل شده\u200cاند.']",D,اندازه کوچک آمیب‌ها، به دلیل تک سلولی بودن، نیاز به میکروسکوپ برای مشاهده را ضروری می‌کند.,C,0.8921017050743103,D,0.7390725016593933,False,True,True,True,[1.0654636e-01 1.0283495e-03 8.9210171e-01 3.2358454e-04],[0.12843154 0.00406442 0.12843154 0.7390725 ],0.8413949608802795,0.00032358454,0.7390725,0.73874891546,0.6801943778991699,0.537895679473877,0.6007332801818848,0.6801943778991699,0.537895679473877,0.6007332801818848
2122,کدام یک از موارد زیر شواهدی برای نظریه تکتونیک صفحات است؟,"['ذوب شدن یخ\u200cهای قطبی', 'جابجایی زیستگاه\u200cها با تغییرات آب و هوا', 'فراوانی گرانیت در تمام قاره\u200cها', 'وجود آتشفشان\u200cها در اطراف حاشیه اقیانوس آرام']",D,وجود آتشفشان‌ها در حاشیه اقیانوس آرام، نشان‌دهنده فعالیت‌های زمین‌ساختی و حرکات صفحات تکتونیکی است.,B,0.5276429653167725,D,0.9901646971702576,False,True,True,True,[0.32003164 0.52764297 0.08091667 0.07140871],[8.5332049e-03 1.0191461e-03 2.8300661e-04 9.9016470e-01],0.6258997917175293,0.07140871,0.9901647,0.91875599,0.7303292751312256,0.5578042268753052,0.6325132846832275,0.7243607044219971,0.552394449710846,0.626796543598175
2123,زمین‌شناسان در حال بررسی منطقه‌ای در آفریقا به نام دره بزرگ راف بودند. کدام رویداد زمین‌شناسی احتمالاً باعث تشکیل این دره شده است؟,"['الف) صفحات قاره\u200cای که در حال انشعاب هستند', 'ب) برخورد صفحات تکتونیکی', 'ج) حرکت یخچال\u200cها', 'د) برخورد از سوی شهاب\u200cواره\u200cها']",A,تشکیل دره بزرگ راف احتمالاً ناشی از حرکت و انشعاب صفحات قاره‌ای است.,B,0.6240504384040833,A,0.9844555854797364,False,True,True,True,[0.33403015 0.62405044 0.00698695 0.03493254],[0.9844556  0.01244097 0.00179229 0.00131127],0.868435263633728,0.33403015,0.9844556,0.65042545,0.7674912214279175,0.5852649211883545,0.6641044616699219,0.7674912214279175,0.5852649211883545,0.6641044616699219
2124,در کدام فصل غروب خورشید دیرتر از روز اتفاق می‌افتد؟,"['تابستان', 'پاییز', 'زمستان', 'بهار']",A,زمین در [MASK] به سمت خورشید متمایل است و روزها طولانی‌تر می‌شود.,B,0.4424598515033722,B,0.2190041691064834,False,False,False,False,[0.34458807 0.44245985 0.18444471 0.02850736],[0.21900417 0.6693307  0.09129453 0.02037056],0.7257387638092041,0.34458807,0.21900417,-0.1255839,0.8736734390258789,0.6599082946777344,0.7518925666809082,0.8342208862304688,0.6057586669921875,0.7018662691116333
2125,کدام یک از موارد زیر منبع مهمی از انرژی در درون زمین است؟,"['آتشفشان\u200cها', 'کنواسیون', 'سنگ مذاب', 'ایزوتوپ\u200cهای رادیو اکتیو']",D,ایزوتوپ‌های رادیواکتیو با فروپاشی انرژی حرارتی تولید می‌کنند که در فرآیندهای زمین‌شناسی نقش دارد.,A,0.9177135229110718,A,0.0942855328321456,False,False,False,False,[0.9177135  0.02790264 0.00225488 0.05212899],[0.8963051  0.00786131 0.00154798 0.09428553],0.818179190158844,0.05212899,0.09428553,0.04215654,0.8914484977722168,0.6604025363922119,0.7587259411811829,0.8914484977722168,0.6604025959968567,0.7587260603904724
2126,آنا یک مکعب یخ را در دست دارد. چرا مکعب یخ در دست او ذوب می‌شود؟,"['حرارت از دست او به مکعب یخ منتقل می\u200cشود.', 'سرما از دست او به مکعب یخ منتقل می\u200cشود.', 'حرارت از مکعب یخ به دست او منتقل می\u200cشود.', 'سرما از مکعب یخ به دست او منتقل می\u200cشود.']",A,حرارت از دست گرمتر او به مکعب یخ سردتر منتقل می‌شود و باعث ذوب آن می‌شود.,D,0.6035459041595459,A,0.9787771701812744,False,True,True,True,[0.19670956 0.08136261 0.1183819  0.6035459 ],[0.97877717 0.00656283 0.00511113 0.00954885],0.7869582176208496,0.19670956,0.97877717,0.7820676099999999,0.7562488317489624,0.574486255645752,0.6529542207717896,0.7584769129753113,0.5779513716697693,0.6560214161872864
2127,سوالی: یک دانش‌آموز می‌خواهد دمای یک سکه فلزی را کاهش دهد. کدام اقدام باعث می‌شود سکه سردترین شود؟,"['الف) قرار دادن سکه در فریزر', 'ب) قرار دادن سکه در آب خنک', 'ج) گذاشتن سکه بر روی پیشخوان', 'د) مالیدن سکه با دستان سرد']",A,قرار دادن سکه در محیطی با دمای بسیار پایین، مانند فریزر، باعث کاهش شدید دمای سکه می‌شود.,A,0.895330548286438,A,0.9914576411247252,True,True,True,True,[0.89533055 0.05679115 0.00884635 0.03903195],[0.99145764 0.00582674 0.00114735 0.00156825],0.8216153979301453,0.89533055,0.99145764,0.09612709,0.8432024717330933,0.7001521587371826,0.7650478482246399,0.8432024717330933,0.7001521587371826,0.7650478482246399
2128,در چرخه نیتروژن، نیتروژن می‌تواند به‌صورت مستقیم از اتمسفر به لیتوسفر بازگردد از طریق,"['رعد و برق.', 'آلودگی هوا.', 'تراکم.', 'تنفس سلولی.']",A,رعد و برق نیتروژن اتمسفری را به نیتریت و نیترات تبدیل می‌کند.,A,0.9911437034606934,A,0.9978825449943542,True,True,True,True,[9.9114370e-01 3.5563423e-03 1.2555424e-04 5.1744473e-03],[9.9788254e-01 1.9011367e-03 1.3771789e-04 7.8469282e-05],0.909113109111786,0.9911437,0.99788254,0.00673884,0.8647010922431946,0.6283179521560669,0.7277967929840088,0.8647010922431946,0.6283178925514221,0.727796733379364
2129,کسری های خورشیدی و ماهی چه زمانی می توانند اتفاق بیفتند؟,"['فقط در زمان ماه کامل', 'فقط در زمان ماه کامل و نو', 'فقط در زمان ماه کاهنده غیر کامل', 'فقط در زمان ماه فزاینده غیر کامل']",B,زمانی که زمین، ماه و خورشید در یک خط مستقیم قرار گیرند، کسری های خورشیدی و ماهی اتفاق می‌افتند که این حالت در ماه کامل و نو رخ می‌دهد.,B,0.5845217704772949,B,0.9081021547317504,True,True,True,True,[0.1674683  0.5845218  0.21503355 0.03297646],[0.08446666 0.90810215 0.00484033 0.00259084],0.905120611190796,0.5845218,0.90810215,0.32358035,0.8558298349380493,0.7715834379196167,0.8115260601043701,0.8558298349380493,0.7715834379196167,0.8115260601043701
2130,سلول‌های گیاهی چگونه با سلول‌های حیوانی متفاوت هستند؟,"['فقط سلول\u200cهای گیاهی می\u200cتوانند رشد کنند.', 'فقط سلول\u200cهای حیوانی می\u200cتوانند تولید مثل کنند.', 'فقط سلول\u200cهای حیوانی می\u200cتوانند انرژی را ذخیره کنند.', 'فقط سلول\u200cهای گیاهی می\u200cتوانند فتوسنتز انجام دهند.']",D,سلول‌های گیاهی توانایی فتوسنتز دارند که در سلول‌های حیوانی وجود ندارد.,D,0.9477059841156006,D,0.9851073622703552,True,True,True,True,[0.01964981 0.01530329 0.0173409  0.947706  ],[0.01102939 0.00169141 0.00217181 0.98510736],0.901512324810028,0.947706,0.98510736,0.0374013599999999,0.8749470710754395,0.6619082689285278,0.7536619305610657,0.8749470710754395,0.6619082689285278,0.7536619305610657
2131,کدام تغییر یک ماده جدید ایجاد می‌کند؟,"['قالب\u200cگیری یک شکل از گل', 'شکستن یک لیوان نوشیدنی', 'خراب کردن مکعب\u200cهای یخ', 'پختن تخم\u200cمرغ\u200cها روی اجاق']",D,پختن تخم‌مرغ‌ها یک تغییر شیمیایی است که ماده جدید ایجاد می‌کند.,A,0.7053382396697998,D,0.9286091327667236,False,True,True,True,[0.70533824 0.09620583 0.12353073 0.07492518],[0.06726822 0.00290974 0.00121296 0.92860913],0.8447436094284058,0.07492518,0.92860913,0.85368395,0.7815372347831726,0.6201007962226868,0.6915221214294434,0.7616078853607178,0.620266318321228,0.6837087273597717
2132,سوال: یک مزرعه بادی شامل تعداد زیادی از آسیاب‌های بادی برای تولید برق است. بهترین دلیل اینکه مزرعه‌های بادی در نزدیکی جنگل‌ها قرار ندارند چیست؟,"['الف) درختان نیروی باد را کاهش می\u200cدهند.', 'ب) آسیاب\u200cهای بادی جنگل\u200cها را تخریب می\u200cکنند.', 'ج) برق تولید شده برای شهرها بسیار دور خواهد بود و مفید نخواهد بود.', 'د) حیوانات جنگلی آسیاب\u200cهای بادی را تخریب می\u200cکنند.']",A,درختان نیروی باد را کاهش می‌دهند و از کارایی توربین‌های بادی می‌کاهند، بنابراین مزرعه‌های بادی در مناطق باز نصب می‌شوند.,A,0.6630646586418152,A,0.8975340127944946,True,True,True,True,[0.66306466 0.16830516 0.13107619 0.03755395],[0.897534   0.03958924 0.057602   0.00527476],0.8555852174758911,0.66306466,0.897534,0.23446934,0.9015827775001526,0.7264915704727173,0.8046220541000366,0.9015827178955078,0.7264915704727173,0.8046220541000366
2133,کدام عمل بدن، بهترین روش برای آزادسازی گرما و خنک کردن بدن در حین و بعد از ورزش است؟,"['مواد شیمیایی آزاد می\u200cشوند تا تشنگی را نشان دهند.', 'عضلات اسید لاکتیک تولید می\u200cکنند.', 'نرخ تنفس افزایش می\u200cیابد.', 'عرق کردن اتفاق می\u200cافتد.']",D,با فعال شدن غدد عرق و تبخیر عرق از سطح پوست، گرما از بدن دفع شده و بدن خنک می‌شود.,D,0.9574742317199708,D,0.9064598679542542,True,True,True,False,[0.02877238 0.00441239 0.00934102 0.95747423],[0.00781184 0.00174306 0.08398519 0.90645987],0.7266691327095032,0.95747423,0.90645987,-0.05101436,0.885365903377533,0.6638908386230469,0.7587977647781372,0.885365903377533,0.6638908386230469,0.7587977647781372
2134,برخی از دانش‌آموزان می‌خواستند مدلی بسازند تا نشان دهند اندازهٔ ماه چگونه با اندازهٔ زمین مقایسه می‌شود. آن‌ها از یک نارنگی به عنوان نمایندهٔ ماه استفاده کردند. کدامیک از موارد زیر بهترین نمایندهٔ زمین خواهد بود؟,"['یک خربزه', 'یک انگور', 'یک لیمو', 'یک گیلاس']",A,با توجه به نسبت اندازه زمین و ماه، نماینده زمین باید حدود ۳ تا ۴ برابر نارنگی باشد. یک میوه با اندازه متوسط که این نسبت را داشته باشد، خربزه است.,A,0.3313106298446655,A,0.9297127723693848,True,True,True,True,[0.33131063 0.33131063 0.00606817 0.33131063],[0.9297128  0.04100861 0.01020785 0.01907077],0.8179876804351807,0.33131063,0.9297128,0.59840217,0.7790050506591797,0.6609770059585571,0.7151539921760559,0.7771416902542114,0.6579471826553345,0.7125945091247559
2135,یک توپ بر روی زمین در حال حرکت است. نیرویی توپ را به همان سمتی که در حال حرکت است، فشار می‌دهد. چه اتفاقی برای توپ می‌افتد؟,"['حرکتش متوقف می\u200cشود.', 'کندتر حرکت می\u200cکند.', 'با سرعت بیشتری به همان سمتی که در حال حرکت بود حرکت می\u200cکند.', 'با همان سرعت و جهت به حرکت خود ادامه می\u200cدهد.']",C,نیروی وارد شده در جهت حرکت، باعث افزایش سرعت توپ می‌شود و توپ با سرعت بیشتری به حرکت خود ادامه می‌دهد.,A,0.4639758467674255,C,0.9253150224685668,False,True,True,True,[0.46397585 0.40945724 0.05541401 0.071153  ],[0.06808516 0.00299145 0.925315   0.00360838],0.8726608753204346,0.05541401,0.925315,0.86990099,0.9036086797714233,0.74680495262146,0.8177579045295715,0.9036086797714233,0.74680495262146,0.8177579045295715
2136,بهترین نتیجه‌ای که می‌توان از کشف فسیل ماهی آب شیرین در یک منطقه بیابانی گرفت، چیست؟,"['ماهی از اقیانوس مهاجرت کرده است', 'ماهی قادر به تولید مثل نبوده است', 'در گذشته، کوهی در این منطقه وجود داشته است', 'در گذشته، رودخانه\u200cای از این منطقه عبور می\u200cکرده است']",D,یافتن فسیل ماهی آب شیرین در بیابان نشان می‌دهد که پیشتر شرایط محیطی مناسب برای زندگی ماهیان وجود داشته و احتمالاً رودخانه‌ای در آنجا جریان داشته است.,C,0.9621241092681884,C,0.0225592050701379,False,False,False,False,[0.03311555 0.00208418 0.9621241  0.00267615],[0.0155047  0.00269431 0.9592418  0.02255921],0.9351130723953248,0.00267615,0.02255921,0.01988306,0.8230519890785217,0.7270813584327698,0.772095799446106,0.8230520486831665,0.7270813584327698,0.7720958590507507
2137,استعمال تنباکو به بسیاری از مشکلات بهداشتی مرتبط شده است. کامل‌ترین فهرست اشکال تنباکو که باعث سرطان می‌شود کدام است؟,"['سیگار و پودر تنباکو', 'تنباکوی جویدنی و پودر تنباکو', 'سیگار و تنباکوی جویدنی', 'سیگار، تنباکوی جویدنی و پودر تنباکو']",D,اشکال مختلف تنباکو شامل سیگار، [MASK] به عنوان عوامل خطرناک شناخته شده برای افزایش احتمال بروز سرطان.,D,0.5267018675804138,D,0.9029722809791564,True,True,True,True,[0.41180128 0.04340354 0.01809329 0.52670187],[0.06490206 0.02425213 0.00787351 0.9029723 ],0.9033057689666748,0.52670187,0.9029723,0.3762704299999999,0.728645920753479,0.6193444728851318,0.669563889503479,0.7191295623779297,0.6148737072944641,0.6629277467727661
2138,یک قایق بادبانی با باتری که به سمت جنوب بر روی یک دریاچه حرکت می‌کند، بادی را که از شرق به غرب می‌وزد، دریافت می‌کند. ترکیب این نیروها باعث می‌شود قایق به کدام سمت حرکت کند؟,"['شمال شرقی', 'شمال غربی', 'جنوب شرقی', 'جنوب غربی']",D,نیروی باد به سمت غرب و حرکت قایق به سمت جنوب است که ترکیب این دو، حرکت به سمت [MASK] را نتیجه می‌دهد.,D,0.5851162672042847,D,0.6070803999900818,True,True,True,True,[0.11611988 0.24391274 0.05485114 0.58511627],[0.11907517 0.22420648 0.04963792 0.6070804 ],0.8990265130996704,0.58511627,0.6070804,0.0219641299999999,0.7903977036476135,0.7294153571128845,0.7586830854415894,0.7768117785453796,0.719425618648529,0.7470182180404663
2139,کدام یک بهترین توصیف از نحوهٔ تعامل سیستم‌های گردش خون و تنفس انسانی است؟,"['قلب زباله\u200cهای جمع\u200cشده در ریه\u200cها را حذف می\u200cکند.', 'اکسیژن به\u200cطور مستقیم از بینی وارد جریان خون می\u200cشود.', 'اکسیژن به جریان خون منتقل می\u200cشود در حالی که خون از ریه\u200cها عبور می\u200cکند.', 'قلب هوا را از طریق ریه\u200cها به خون پمپ می\u200cکند.']",C,اکسیژن در عبور خون از ریه‌ها به جریان خون منتقل می‌شود.,C,0.8818831443786621,C,0.9823846220970154,True,True,True,True,[0.06413344 0.04994716 0.88188314 0.00403635],[1.104195e-02 5.910330e-03 9.823846e-01 6.631206e-04],0.6851431131362915,0.88188314,0.9823846,0.10050146,0.8383163213729858,0.6328322887420654,0.7212237119674683,0.8400484323501587,0.6353164911270142,0.7234774827957153
2140,در تاریخ ۱۲ دسامبر یک طوفان برفی در یک شهر ۲۰ سانتی‌متر برف تولید کرد. این رویداد چه زمانی می‌تواند برای توصیف آب و هوای منطقه استفاده شود؟,"['اگر برف\u200cریزی یک رکورد را ثبت کرد', 'اگر برف\u200cریزی برای آن منطقه غیرمعمول بود', 'اگر برف\u200cریزی با وضعیت آب و هوای دسامبر در طول زمان سازگار بود', 'اگر برف\u200cریزی بیش از یک ماه بر روی زمین باقی ماند']",C,اگر بارش برف در منطقه غیرمعمول باشد، می‌توان از این رویداد برای توصیف شرایط آب و هوایی استفاده کرد.,B,0.583438515663147,B,0.00069655792322,False,False,False,False,[0.31229216 0.5834385  0.10218159 0.00208783],[3.3562038e-02 9.6562028e-01 6.9655792e-04 1.2104362e-04],0.711187481880188,0.10218159,0.00069655792,-0.10148503208,0.8674689531326294,0.7138776779174805,0.7832144498825073,0.8651684522628784,0.716278076171875,0.7837144136428833
2141,کدام جمله توصیف می‌کند که انرژی چگونه می‌تواند مفید باشد؟,"['رعد و برق به یک ساختمان ضربه می\u200cزند.', 'آتش یک خانه را می\u200cسوزاند.', 'برق یک فر را گرم می\u200cکند.', 'باد یک تابلو را می\u200cاندازد.']",C,تبدیل انرژی به گرما برای پخت و پز، استفاده مفید از انرژی است.,C,0.96603262424469,C,0.9889496564865112,True,True,True,True,[2.5718769e-02 7.3685506e-03 9.6603262e-01 8.8004791e-04],[9.7713629e-03 1.1670229e-03 9.8894966e-01 1.1199578e-04],0.8095698952674866,0.96603262,0.98894966,0.0229170399999999,0.8086632490158081,0.5710831880569458,0.6694186329841614,0.8086632490158081,0.5710831880569458,0.6694186329841614
2142,بارش بیشتر احتمال دارد زمانی که آسمان,"['صاف و آفتابی است', 'نیمه آفتابی است', 'ابرهای ضخیم و تیره دارد', 'ابرهای سفید و پفی دارد']",C,بارش بیشتر با ابرهای ضخیم و تیره همراه است.,A,0.934361696243286,C,0.987393081188202,False,True,True,True,[0.9343617  0.03187857 0.02813274 0.0056269 ],[1.1054977e-02 9.6597307e-04 9.8739308e-01 5.8589230e-04],0.7193874716758728,0.02813274,0.98739308,0.95926034,0.8123438358306885,0.5158510804176331,0.6310045123100281,0.8145000338554382,0.5241270661354065,0.6378199458122253
2143,مادر یک دانش‌آموز برای گوش‌های متصل به گوش، که ویژگی مغلوب است، هتروزیگوت است. پدر این دانش‌آموز نیز برای آن ویژگی هتروزیگوت است. احتمال اینکه این دانش‌آموز گوش‌های متصل به گوش داشته باشد، چند درصد است؟,"['0%', '25%', '50%', '75%']",B,هر دو والد هتروزیگوت هستند؛ بنابراین احتمال داشتن فرزند با ژنوتیپ هموزیگوت مغلوب (گوش‌های متصل) ۲۵ درصد است.,C,0.6412632465362549,B,0.9948721528053284,False,True,True,True,[0.03192662 0.14308518 0.64126325 0.183725  ],[9.0720598e-04 9.9487215e-01 2.1762741e-03 2.0444202e-03],0.7634220123291016,0.14308518,0.99487215,0.8517869699999999,0.664874792098999,0.5081473588943481,0.5760408639907837,0.6652420163154602,0.5086550712585449,0.5765049457550049
2144,کدام ماده بهترین عایق حرارتی است؟,"['شیشه', 'فلز', 'آب', 'چوب']",D,[MASK] ساختاری دارد که انتقال حرارت را به شدت کاهش می‌دهد و به عنوان عایق حرارتی خوب شناخته می‌شود.,C,0.5373327136039734,A,0.0152464210987091,False,False,False,False,[0.41847515 0.03435053 0.5373327  0.00984159],[0.9506607  0.00560884 0.02848406 0.01524642],0.8302399516105652,0.00984159,0.01524642,0.0054048299999999,0.8502309322357178,0.6507077813148499,0.73720782995224,0.8550041913986206,0.6465166807174683,0.7362861037254333
2145,سوالی که دانشمندان مطالعه‌گر موجودات پروکاریوتی احتمالاً می‌پرسند چیست؟,"['لیزوزوم\u200cها چگونه باکتری\u200cها را از سلول\u200cها خارج می\u200cکنند؟', 'غشاء سلول چه نقشی در پایداری ایفا می\u200cکند؟', 'کلروپلاست\u200cها چگونه نور را به انرژی تبدیل می\u200cکنند؟', 'چرا ریبوزوم\u200cها تولیدکنندگان پروتئین کارآمدی هستند؟']",D,نقش غشاء سلول در پایداری سلول‌های پروکاریوتی بسیار مهم است.,C,0.4385870993137359,B,7.86974051152356e-05,False,False,False,False,[0.30143622 0.09862955 0.4385871  0.16134718],[1.4088444e-02 9.8574907e-01 8.3772953e-05 7.8697405e-05],0.7119787335395813,0.16134718,7.8697405e-05,-0.161268482595,0.825296938419342,0.5706846714019775,0.6747715473175049,0.825296938419342,0.5706846714019775,0.6747715473175049
2146,شهرکی در شمال آرکانزاس در بخشی از زمستان دماهایی سردتر از حد معمول را تجربه کرد. کدام تغییر احتمالاً مسئول این وضعیت بوده است؟,"['کاهش جریان جت به سمت جنوب', 'حرکت جریان جت به سمت شمال', 'اثر کوریولیس که باعث ایجاد منطقه فشار پایین می\u200cشود', 'اثر کوریولیس که باعث ایجاد منطقه فشار بالا می\u200cشود']",A,حرکت جریان جت به سمت جنوب می‌تواند هوای سردتر را به مناطق شمالی‌تر هدایت کند و باعث کاهش دما شود.,C,0.6124381422996521,A,0.6934573650360107,False,True,True,True,[0.29042757 0.08256135 0.61243814 0.01457294],[0.69345737 0.01428025 0.28907603 0.00318635],0.8535916805267334,0.29042757,0.69345737,0.4030297999999999,0.8713597059249878,0.651656448841095,0.7456613779067993,0.8724638223648071,0.6498023867607117,0.7448488473892212
2147,درک فرضیه‌پردازی می‌کند که یک سرخس گلدانی در یک ظرف بسته سالم‌تر از همان نوع گیاه در لبه باز پنجره خواهد ماند. در پایان تحقیقاتش، درک متوجه می‌شود که نتایجش از فرضیه‌اش حمایت می‌کند. کدام گزینه به بهترین وجه توضیح می‌دهد که چرا درک باید تحقیقات را تکرار کند؟,"['برای اینکه بتواند یک تحقیق دیگر را آغاز کند', 'برای اثبات اهمیت تحقیق', 'برای یادگیری علت درست بودن فرضیه', 'برای اطمینان از معتبر بودن نتایج']",D,برای اطمینان از اینکه نتایج اولیه تحت شرایط مشابه قابل تکرار است و به دلیل شانس یا عوامل خارجی خاصی نبوده است.,C,0.8740271925926208,D,0.8841552138328552,False,True,True,True,[0.11794068 0.00216016 0.8740272  0.00587192],[0.10621783 0.00363457 0.0059924  0.8841552 ],0.72117018699646,0.00587192,0.8841552,0.87828328,0.7941349148750305,0.5863039493560791,0.6745744943618774,0.7941349148750305,0.5863039493560791,0.6745744943618774
2148,یک گروه از دانش‌آموزان یک آزمایش انجام می‌دهند تا ببینند آیا رنگ‌های متفاوت نور بر تعداد گل‌هایی که یک گیاه تولید می‌کند تأثیر دارد یا نه. معلم آنها دانه‌ها، گلدان‌ها، خاک، آب و سه لامپ با رنگ‌های مختلف به آنها می‌دهد. دانش‌آموزان تصمیم می‌گیرند مواد را به طور مساوی تقسیم کنند. چه چیزی باید برای هر گروه از گیاهان متفاوت باشد؟,"['نوع خاکی که استفاده می\u200cکنند', 'مقدار آبی که استفاده می\u200cکنند', 'رنگ گلدان\u200cهایی که استفاده می\u200cکنند', 'رنگ لامپی که استفاده می\u200cکنند']",D,در این آزمایش، متغیر مستقل رنگ نور است که با لامپ‌های مختلف تامین می‌شود. بنابراین، تنها چیزی که باید برای هر گروه متفاوت باشد، همان عامل متغیر است.,C,0.5290593504905701,D,0.5983214378356934,False,True,True,True,[0.10417797 0.0031459  0.52905935 0.36361682],[3.8249407e-02 5.2881223e-04 3.6290029e-01 5.9832144e-01],0.8508586883544922,0.36361682,0.59832144,0.2347046199999999,0.8714044094085693,0.7347058057785034,0.7972378134727478,0.8714044094085693,0.7347058057785034,0.7972378134727478
2149,تمامی موارد زیر در جداسازی مخلوطی از شن و نمک مفید خواهد بود به جز,"['مغناطیس', 'یک لیوان شیشه ای', 'کاغذ صافی و قیف', 'آب']",A,روش [MASK] در جداسازی مخلوط شن و نمک بی‌فایده است.,B,0.7167444825172424,B,0.206483706831932,False,False,False,False,[0.2336036  0.7167445  0.00905779 0.04059422],[0.2064837  0.72635144 0.01495763 0.05220725],0.904681921005249,0.2336036,0.2064837,-0.0271199,0.8897503018379211,0.689234733581543,0.7767607569694519,0.8591983318328857,0.6585903763771057,0.745637059211731
2150,یک مهندس که در حال طراحی یک پل معلق است متوجه می‌شود که پل باید دو برابر باری را که در ابتدا پیش‌بینی شده بود، تحمل کند. یک تغییری که مهندس باید در طرح اصلی خود برای حفظ ایمنی ایجاد کند، افزایش دادن است:,"['طول سیم\u200cهای تحت کشش.', 'قطر سیم\u200cهای تحت کشش.', 'ارتفاع برج\u200cهای حمایت کننده.', 'طول پل.']",B,برای افزایش تحمل بار، مقاومت سیم‌های تحت کشش باید افزایش یابد که با افزایش قطر سیم‌ها میسر می‌شود.,C,0.4325601160526275,B,0.9917170405387878,False,True,True,True,[0.29729393 0.20432693 0.43256012 0.06581902],[7.5423331e-03 9.9171704e-01 4.3901644e-04 3.0173128e-04],0.9336137771606444,0.20432693,0.99171704,0.78739011,0.7891680002212524,0.7064653038978577,0.7455300092697144,0.7891680002212524,0.7064653038978577,0.7455300092697144
2151,اگر HCl به Zn افزوده شود، محصول مورد انتظار چیست؟,"['Cl_{2}', 'HZn', 'ZnCl', 'ZnCl_{2}']",D,واکنش شیمیایی بین Zn و HCl منجر به تولید Zn[MASK] می‌شود.,D,0.4749360978603363,D,0.8403867483139038,True,True,True,True,[0.28806332 0.01265662 0.22434393 0.4749361 ],[0.08892279 0.0014373  0.06925313 0.84038675],0.8926559686660767,0.4749361,0.84038675,0.3654506499999999,0.6717929840087891,0.550244152545929,0.6049737334251404,0.6625213623046875,0.5414266586303711,0.5958840250968933
2152,سال‌ها پیش، کشاورزان دریافتند که گیاهان ذرت بهتر رشد می‌کنند اگر ماهی‌های در حال فساد در نزدیکی آن‌ها دفن شوند. ماهی‌های در حال فساد احتمالاً چه چیزی را به گیاهان تأمین می‌کردند تا رشد آن‌ها را بهبود ببخشند؟,"['انرژی', 'مواد معدنی', 'پروتئین', 'اکسیژن']",B,فساد ماهی، [MASK] را برای گیاهان فراهم می‌کند.,B,0.4722209274768829,B,0.8575836420059204,True,True,True,True,[0.10577913 0.47222093 0.00526643 0.4167335 ],[0.11651558 0.85758364 0.0083095  0.01759122],0.6178892254829407,0.47222093,0.85758364,0.38536271,0.6475279331207275,0.46202224493026733,0.5392677187919617,0.6283156871795654,0.4603557586669922,0.5313792824745178
2153,فناوری تلفن همراه به مردم اجازه می‌دهد تا زمانی که از خانه دور هستند با خانواده‌هایشان در تماس باشند. مشکلی که در هنگام استفاده از تلفن‌های همراه پیش می‌آید این است که آنها می‌توانند,"['برای ارسال پیام\u200cها استفاده شوند.', 'اطلاعات مهم را ذخیره کنند.', 'باعث حواس\u200cپرتی افراد شوند.', 'در مواقع اضطراری استفاده شوند.']",C,تلفن‌های همراه با ایجاد اعلان‌ها و تماس‌های غیرضروری، باعث حواس‌پرتی افراد می‌شوند.,C,0.6083691716194153,C,0.9690122008323668,True,True,True,True,[0.36899456 0.01131814 0.6083692  0.01131814],[2.9606560e-02 1.1479709e-03 9.6901220e-01 2.3322445e-04],0.7520887851715088,0.6083692,0.9690122,0.3606429999999999,0.7612453699111938,0.5508983731269836,0.6392117142677307,0.783735454082489,0.570684015750885,0.6604531407356262
2154,هسته زمین عمدتاً از آهن تشکیل شده است. کدام یک از مشاهدات درباره یک سیاره دیگر می‌تواند شواهدی مبنی بر وجود هسته آهنی در آن سیاره ارائه دهد؟,"['وجود یک mantle مایع', 'وجود کمربندهای ون آلن', 'وجود نیروی گرانش', 'وجود آب در سه حالت']",B,وجود مانتویی مایع نشان‌دهنده هسته‌ای فعال و داغ است که احتمالاً از آهن تشکیل شده و می‌تواند شاهدی برای وجود هسته آهنی باشد.,A,0.848369300365448,A,0.0019525814568623,False,False,False,False,[8.4836930e-01 1.4656319e-01 5.2337440e-05 5.0151167e-03],[9.9772769e-01 1.9525815e-03 5.5390468e-05 2.6425315e-04],0.7766510248184204,0.14656319,0.0019525815,-0.1446106085,0.8522441387176514,0.6552466154098511,0.7408736348152161,0.8522441387176514,0.6552466154098511,0.7408736348152161
2155,کدامین بیان به‌طور دقیق یک تعامل بین گیاهان و حیوانات را توصیف می‌کند؟,"['الف) گیاهان دی\u200cاکسید کربن لازم برای تنفس را به انسان\u200cها فراهم می\u200cکنند.', 'ب) حیوانات دی\u200cاکسید کربن را آزاد می\u200cکنند که برای فتوسنتز لازم است.', 'ج) گیاهان نیتروژن جوی را به انسان\u200cها ارائه می\u200cدهند.', 'د) حیوانات اکسیژن آزاد می\u200cکنند که برای بقاء گیاهان ضروری است.']",B,حیوانات در تنفس، دی‌اکسید کربن آزاد می‌کنند که برای فتوسنتز گیاهان ضروری است.,B,0.4815975129604339,B,0.9842377305030824,True,True,True,True,[0.25778058 0.4815975  0.0028414  0.25778058],[1.1106078e-02 9.8423773e-01 5.7049125e-04 4.0856977e-03],0.8876416087150574,0.4815975,0.98423773,0.50264023,0.8872461318969727,0.73945552110672,0.8066372275352478,0.8872461318969727,0.73945552110672,0.8066372275352478
2156,یک دانش‌آموز فرضیه‌ای را مطرح می‌کند که مالیدن یک بادکنک به یک پیراهن و سپس گذاشتن آن روی دیوار باعث چسبیدن آن به دیوار به دلیل الکتریسیته ساکن می‌شود. هنگامی که آزمایش انجام می‌شود، بهترین راه برای اثبات قابلیت اعتماد نتایج چیست؟,"['نتایج آزمایش را یادداشت کنید.', 'همان آزمایش را چندین بار تکرار کنید.', 'فرضیه دیگری در مورد الکتریسیته ساکن مطرح کنید.', 'یک آزمایش متفاوت درباره الکتریسیته ساکن انجام دهید.']",B,تکرار آزمایش چندین بار برای اطمینان از عدم تصادفی بودن نتایج و کسب نتایج مشابه در شرایط یکسان ضروری است.,B,0.9597755074501038,B,0.9966638684272766,True,True,True,True,[3.7287291e-02 9.5977551e-01 2.3601794e-04 2.7010823e-03],[3.1659729e-03 9.9666387e-01 6.1726649e-05 1.0833364e-04],0.840850293636322,0.95977551,0.99666387,0.0368883599999999,0.7638370990753174,0.6571016311645508,0.7064605951309204,0.7638370990753174,0.6571016311645508,0.7064605951309204
2157,کدام یک از موارد زیر دلیلی است که لاک پشت‌های سرکج تخم‌های خود را در سوراخ‌هایی که در ساحل حفر می‌کنند، دفن می‌کنند؟,"['برای نگه\u200cداشتن تخم\u200cها در زیر آب', 'برای تأمین مواد مغذی برای تخم\u200cها', 'برای پنهان کردن تخم\u200cها از شکارچیان', 'برای محافظت از تخم\u200cها در برابر شن']",C,لاک پشت‌ها تخم‌های خود را دفن می‌کنند تا آن‌ها را از شکارچیان پنهان کنند و شانس زنده ماندن آن‌ها را افزایش دهند.,A,0.9687891006469728,C,0.7963687181472778,False,True,True,True,[0.9687891  0.01086789 0.00242495 0.01791812],[0.20056853 0.00153136 0.7963687  0.00153136],0.873568594455719,0.00242495,0.7963687,0.7939437500000001,0.8654192090034485,0.6407312154769897,0.7363156676292419,0.8654192686080933,0.6407312154769897,0.7363156676292419
2158,کدام یک از این موارد بهترین توصیف را از یک تغییر فیزیکی ارائه می‌دهد؟,"['بافتن نخ به یک جوارب', 'استارت زدن موتور یک تراکتور', 'زنگ زدن فلز یک دوچرخه', 'علف گرفتن انرژی از نور خورشید']",A,تغییر فیزیکی زمانی است که شکل یا حالت ماده تغییر کند، نه ماهیت آن.,A,0.8223117589950562,A,0.8344173431396484,True,True,True,True,[0.82231176 0.04110073 0.05980121 0.07678627],[0.83441734 0.07731032 0.04138123 0.04689108],0.9112645983695984,0.82231176,0.83441734,0.01210558,0.831926703453064,0.6808290481567383,0.7488318681716919,0.8334234952926636,0.6807749271392822,0.7494048476219177
2159,«حلقه آتش» زنجیره‌ای دراز از آتشفشان‌هاست که اقیانوس آرام را احاطه کرده است. بهترین توضیح برای چینش این آتشفشان‌ها کدام‌یک از موارد زیر است؟,"['آن\u200cها مرز دهانه\u200cای را که به\u200cخاطر برخورد یک سیارک به\u200cوجود آمده، مشخص می\u200cکنند.', 'آن\u200cها شکل صفحات تکتونیکی مجاور در زیر دریا را دنبال می\u200cکنند.', 'یک آتشفشان معمولاً یک آتشفشان دیگر را با ماگمای داغ خود تحریک می\u200cکند.', 'آتشفشان\u200cها همیشه به\u200cخاطر جریان\u200cهای همرفتی زیر آب به صورت حلقه\u200cای شکل می\u200cگیرند.']",B,حلقه آتش نشان‌دهنده شکل صفحات تکتونیکی زیر دریا و دنباله فعالیت‌های آتشفشانی حاصل از حرکت آن‌ها است.,A,0.3517248630523681,B,0.9665837287902832,False,True,True,True,[0.35172486 0.16614306 0.35172486 0.13040718],[0.0290745  0.9665837  0.00306443 0.00127744],0.8363655209541321,0.16614306,0.9665837,0.80044064,0.7509922981262207,0.6006510257720947,0.667460560798645,0.7509922981262207,0.6006510257720947,0.667460560798645
2160,کدامیک می‌تواند بیشترین انرژی را در یک اکوسیستم تامین کند؟,"['یک قارچ', 'یک کایوت', 'یک درخت کاج', 'یک مرتع علفی']",D,گیاهانی که از طریق فتوسنتز انرژی تولید می‌کنند، پایه زنجیره غذایی را تشکیل داده و بیشترین انرژی را تامین می‌کنند.,B,0.6137571334838867,C,0.0085606593638658,False,False,False,False,[0.05708831 0.61375713 0.28991833 0.03923618],[0.0109921  0.09348511 0.88696206 0.00856066],0.7303165197372437,0.03923618,0.00856066,-0.03067552,0.794520378112793,0.6283233165740967,0.7017154097557068,0.794520378112793,0.6283233165740967,0.7017154097557068
2161,پوسته اقیانوسی عمدتاً از بازالتی تشکیل شده است. پوسته قاره‌ای عمدتاً از گرانیتی تشکیل شده است. چرا پوسته اقیانوسی معمولاً در هنگام برخورد صفحات زیر پوسته قاره‌ای قرار می‌گیرد؟,"['پوسته اقیانوسی از پوسته قاره\u200cای ضخیم\u200cتر است.', 'پوسته قاره\u200cای از پوسته اقیانوسی ضخیم\u200cتر است.', 'پوسته اقیانوسی متراکم\u200cتر از پوسته قاره\u200cای است.', 'پوسته قاره\u200cای متراکم\u200cتر از پوسته اقیانوسی است.']",C,پوسته اقیانوسی به دلیل چگالی بیشتر، زیر پوسته قاره‌ای قرار می‌گیرد.,C,0.3346164524555206,C,0.5268007516860962,True,True,True,True,[0.26059955 0.10948608 0.33461645 0.29529798],[0.09226223 0.01603277 0.52680075 0.36490422],0.8683677911758423,0.33461645,0.52680075,0.1921843,0.7959798574447632,0.5688455104827881,0.6635128259658813,0.7959798574447632,0.5688455104827881,0.6635128259658813
2162,همه این انواع امواج از خورشید به زمین سفر می‌کنند به جز,"['امواج نوری.', 'امواج صوتی.', 'امواج مادون قرمز.', 'امواج فرابنفش.']",B,امواج صوتی نیاز به محیط مادی دارند و در فضا حرکت نمی‌کنند.,A,0.8916297554969788,A,0.2224391102790832,False,False,False,False,[0.89162976 0.05059792 0.03068919 0.02708311],[0.7748739  0.22243911 0.00151054 0.00117641],0.8762465715408325,0.05059792,0.22243911,0.17184119,0.9170278310775757,0.7680447697639465,0.8359501957893372,0.9170278310775757,0.7680447697639465,0.8359501957893372
2163,سنگ‌ها گاهی نشانه‌هایی از یخچال‌های باستانی را نشان می‌دهند. بهترین نشانه‌ای که نشان می‌دهد یخچال‌ها زمانی منطقه‌ای را پوشانده‌اند، چیست؟,"['سنگ\u200cها دارای خراش\u200cهای زیادی هستند.', 'سنگ\u200cها حاوی فسیل هستند.', 'سنگ\u200cها با خزه پوشانده شده\u200cاند.', 'سنگ\u200cها در اعماق زمین قرار دارند.']",A,وجود خراش‌های زیاد روی سنگ‌ها نشان‌دهنده مسیر حرکت یخچال‌ها است.,A,0.4987924098968506,A,0.9985796213150024,True,True,True,True,[0.4987924  0.11086173 0.38694546 0.00340045],[9.9857962e-01 1.0278072e-03 3.5520067e-04 3.7437876e-05],0.8752177953720093,0.4987924,0.99857962,0.49978722,0.8487389087677002,0.5905795097351074,0.6965072154998779,0.8487388491630554,0.5905795097351074,0.6965070962905884
2164,یک اتم بریلیوم دارای ۴ پروتون، ۴ الکترون و ۵ نوترون است. شماره جرمی آن چیست؟,"['4', '5', '8', '9']",D,شماره جرمی برابر است با مجموع پروتون‌ها و نوترون‌ها، که در این مورد ۴ + ۵ = ۹ است.,B,0.4700420498847961,D,0.999744474887848,False,True,True,True,[0.10165372 0.47004205 0.3131155  0.11518876],[1.8521272e-04 1.7227465e-05 5.3064334e-05 9.9974447e-01],0.6988546848297119,0.11518876,0.99974447,0.88455571,0.8897321224212646,0.7425722479820251,0.809518575668335,0.8897321224212646,0.7425722479820251,0.809518575668335
2165,اشک‌های انسان حاوی آنزیم لیزوزیم هستند که به دیواره‌های سلولی باکتری‌ها آسیب می‌زند. کدام یک از موارد زیر درباره لیزوزیم دقیق‌ترین است؟,"['لیزوزیم باعث جهش در مولکول\u200cهای دیواره سلولی باکتری\u200cها می\u200cشود.', 'لیزوزیم در حین هضم مولکول\u200cهای دیواره سلولی باکتری\u200cها از بین می\u200cرود.', 'لیزوزیم یک نوع خاص از پیوند را در مولکول\u200cهای دیواره سلولی باکتری\u200cها می\u200cشکند.', 'لیزوزیم توسط یک مولکول دیواره سلولی باکتری به یک ترکیب شیمیایی دیگر تبدیل می\u200cشود.']",C,لیزوزیم با شکستن پیوندهای خاص در مولکول‌های دیواره سلولی باکتری‌ها، باعث آسیب و پارگی سلول می‌شود.,B,0.6502195596694946,A,0.1136886402964592,False,False,False,False,[0.26999512 0.65021956 0.03249923 0.0472861 ],[0.5728655  0.30903774 0.11368864 0.00440819],0.9078235030174256,0.03249923,0.11368864,0.0811894099999999,0.8951109051704407,0.6968005895614624,0.7836035490036011,0.8959600925445557,0.7036317586898804,0.7882335782051086
2166,مقدار اکسیژن حل شده در آب اقیانوس می‌تواند متفاوت باشد. افزایش کدام یک از این عوامل می‌تواند باعث افزایش محتوای اکسیژن در آب اقیانوس شود؟,"['دمای آب', 'شوری', 'قابلیت شناوری', 'فشار']",D,افزایش [MASK] باعث افزایش حلالیت گازها در آب می‌شود و محتوای اکسیژن را افزایش می‌دهد.,A,0.5563418865203857,B,0.0167097616940736,False,False,False,False,[0.5563419  0.38386437 0.00784334 0.05195039],[0.17964685 0.79885584 0.00478743 0.01670976],0.8691583871841431,0.05195039,0.01670976,-0.0352406299999999,0.8633352518081665,0.7058560848236084,0.77669358253479,0.8526614904403687,0.6935161352157593,0.7648985385894775
2167,مسئله: مس و طلا خواص واکنشی مشابهی دارند. در جدول تناوبی عناصر، این عناصر احتمالاً در کجا قرار دارند؟,"['الف) در همان گروه باشند.', 'ب) در همان دوره باشند.', 'پ) تقریباً جرم یکسانی داشته باشند.', 'ت) تعداد پروتون\u200cهای یکسانی داشته باشند.']",A,عناصر با خواص واکنشی مشابه، احتمالاً در گروه مشابهی از جدول تناوبی قرار دارند.,D,0.6519659161567688,A,0.4353853166103363,False,True,True,True,[0.23984486 0.09998222 0.00820704 0.6519659 ],[0.43538532 0.43538532 0.00351106 0.12571833],0.7800562381744385,0.23984486,0.43538532,0.19554046,0.85666424036026,0.6529841423034668,0.7410840392112732,0.8566641807556152,0.6529842019081116,0.7410840392112732
2168,سال نوری برای توصیف فاصله‌ها بین زمین و ستاره‌های غیر از خورشید استفاده می‌شود زیرا واحد نجومی,"['بسیار کوچک است.', 'بسیار بزرگ است.', 'دقیق نیست.', 'به\u200cخوبی تعریف نشده است.']",A,واحد نجومی برای اندازه‌گیری فواصل ستاره‌ها [MASK],B,0.957225263118744,B,0.0066209258511662,False,False,False,False,[4.1975480e-02 9.5722526e-01 3.2553368e-04 4.7364869e-04],[6.6209259e-03 9.9324507e-01 6.9095564e-05 6.4909276e-05],0.7220889329910278,0.04197548,0.0066209259,-0.0353545541,0.7730807065963745,0.5053964257240295,0.6112149953842163,0.738152801990509,0.4766733944416046,0.5792726874351501
2169,گیاهان فسیل‌شده اطلاعاتی به دانشمندان در مورد انواع گیاهانی که در گذشته دور زندگی می‌کردند می‌دهند. چه اطلاعات دیگری می‌توانند گیاهان فسیل‌شده ارائه دهند؟,"['چه نوع محیطی در گذشته وجود داشته است', 'چه نوع حیواناتی در گذشته زنده بودند', 'رنگ گیاهان در گذشته چه بود', 'دایناسورها در گذشته چگونه بودند']",A,فسیل‌های گیاهان اطلاعاتی درباره شرایط محیطی گذشته، مانند نوع خاک و آب و هوا، ارائه می‌دهند.,A,0.975200355052948,A,0.9972975850105286,True,True,True,True,[0.97520036 0.01807196 0.00456931 0.00215839],[9.9729759e-01 2.0494044e-03 5.8716419e-04 6.5877990e-05],0.784763753414154,0.97520036,0.99729759,0.0220972299999999,0.799775242805481,0.6159261465072632,0.6959130167961121,0.799775242805481,0.6159260272979736,0.6959128975868225
2170,کدام نوع سلول به الیاف ماهیچه‌ای متصل است تا کنترل عضله را تسهیل کند؟,"['عصبی', 'اسکلت', 'گردشی', 'تنفسی']",A,سلول‌های مسئول انتقال سیگنال‌های الکتریکی و شیمیایی به الیاف ماهیچه‌ای متصل می‌شوند تا کنترل عضلات را تسهیل کنند.,A,0.9124524593353271,A,0.9952617883682252,True,True,True,True,[0.91245246 0.02741946 0.05122631 0.0089018 ],[0.9952618  0.00192131 0.00132049 0.00149632],0.8211312294006348,0.91245246,0.9952618,0.0828093399999999,0.8902055621147156,0.6744928956031799,0.7674799561500549,0.8955952525138855,0.6788426637649536,0.7722988724708557
2171,هواپیمایی از بوستون به سمت دیترویت به مسافت ۹۸۰ کیلومتر پرواز می‌کند. این هواپیما دو ساعت بعد فرود می‌آید. کدام یک از گزینه‌های زیر بهترین توصیف کنندهٔ سرعت متوسط و جهت پرواز هواپیما است؟,"['۳۲۵ کیلومتر بر ساعت به سمت غرب', '۴۹۰ کیلومتر بر ساعت به سمت غرب', '۹۸۰ کیلومتر بر ساعت به سمت غرب', '۱۹۶۰ کیلومتر بر ساعت به سمت غرب']",B,با تقسیم مسافت ۹۸۰ کیلومتر بر زمان ۲ ساعت، سرعت متوسط هواپیما ۴۹۰ کیلومتر بر ساعت به دست می‌آید. جهت پرواز به سمت غرب است، اما گزینه‌ای با این سرعت دقیق وجود ندارد، نزدیک‌ترین گزینه انتخاب می‌شود.,A,0.7872893810272217,B,0.9914325475692748,False,True,True,True,[0.7872894  0.12120727 0.02662571 0.06487758],[7.4523240e-03 9.9143255e-01 2.2504068e-04 8.9005317e-04],0.7856116890907288,0.12120727,0.99143255,0.87022528,0.7317180633544922,0.6437822580337524,0.6849392652511597,0.7338566780090332,0.6463539600372314,0.6873315572738647
2172,کدام یک از موارد زیر به احتمال زیاد باعث می‌شود که هسته داخلی زمین جامد باشد؟,"['فشار در هسته بسیار بالا است.', 'فلزات موجود در هسته بسیار سنگین هستند.', 'دمای هسته بسیار پایین است.', 'مواد شیمیایی موجود در هسته بسیار واکنش\u200cپذیر هستند.']",A,فشار بسیار بالای هسته داخلی زمین باعث می‌شود که مواد در آنجا علیرغم دمای بالا، به حالت جامد باقی بمانند.,A,0.7220892906188965,A,0.9983385801315308,True,True,True,True,[0.7220893  0.01153551 0.26460618 0.00176903],[9.9833858e-01 4.1761124e-04 1.1712196e-03 7.2569950e-05],0.8925325274467468,0.7220893,0.99833858,0.2762492799999999,0.8862465620040894,0.7584426403045654,0.8173789978027344,0.8862465620040894,0.7584426403045654,0.8173789978027344
2173,موجودات روش‌های زیادی برای زنده ماندن در شرایط زمستانی دارند. کدامیک از موارد زیر مثالی از سازگاری یک موجود برای زنده ماندن در ماه‌های سرد زمستان نیست؟,"['پرندگان رابین در پاییز از میشیگان به جورجیا پرواز می\u200cکنند.', 'عجارة\u200cها رنگ خود را تغییر می\u200cدهند تا با محیط خود هماهنگ شوند.', 'گوزن\u200cهای دم\u200cسفید موی بلندتری رشد می\u200cکنند که درون آن توخالی است.', 'کپورها به ته استخر می\u200cروند و خود را با گل می\u200cپوشانند.']",B,تغییر رنگ عجازه‌ها بیشتر برای حفاظت در برابر شکارگران است تا زنده ماندن در سرما.,C,0.4562850892543793,C,0.0134023800492286,False,False,False,False,[0.40267017 0.0705224  0.4562851  0.0705224 ],[0.39167497 0.01340238 0.5698837  0.02503894],0.8938910365104675,0.0705224,0.01340238,-0.05712002,0.8664958477020264,0.7414122819900513,0.7990887761116028,0.8648397326469421,0.7501398324966431,0.8034166693687439
2174,روش صحیح برای دفع ایمن یک محلول اسیدی پس از پایان یک آزمایش چیست؟,"['حل کردن محلول در سینک', 'خنثی کردن محلول با یک باز', 'رقیق کردن محلول با اسید بیشتر', 'جذب مایع با حوله\u200cهای کاغذی']",B,خنثی کردن محلول اسیدی با یک باز، خطر را کاهش می‌دهد.,B,0.983039915561676,B,0.9674457311630248,True,True,True,False,[1.5734946e-02 9.8303992e-01 8.5190455e-05 1.1398357e-03],[2.9214330e-02 9.6744573e-01 2.6077672e-04 3.0791678e-03],0.6229109168052673,0.98303992,0.96744573,-0.0155941899999999,0.6881614923477173,0.5148174166679382,0.589000403881073,0.6925485134124756,0.5169485807418823,0.5920013785362244
2175,کدام یک کمتر از همه بر تغییرات اقلیمی جهانی تأثیر خواهد گذاشت؟,"['تولید انرژی با استفاده از نیروگاه\u200cهای آبی', 'تولید انرژی با استفاده از زغال\u200cسنگ', 'تولید انرژی با استفاده از نفت', 'تولید انرژی با استفاده از گاز طبیعی']",A,تولید انرژی از نیروگاه‌های آبی به عنوان یک منبع انرژی تجدیدپذیر، وابستگی به سوخت‌های فسیلی ندارد و انتشار گازهای گلخانه‌ای آن بسیار کم است.,A,0.617465078830719,A,0.9507026076316832,True,True,True,True,[0.6174651  0.29166985 0.03978281 0.05108215],[0.9507026  0.04733269 0.00098236 0.00098236],0.8524270057678223,0.6174651,0.9507026,0.3332374999999999,0.8734228014945984,0.6734672784805298,0.760521650314331,0.8734228014945984,0.6734672784805298,0.760521650314331
2176,منبع اصلی انرژی برای جریان‌های عمیق اقیانوس که مقادیر زیادی آب را در سراسر کره زمین حرکت می‌دهند چیست؟,"['حرارت از هسته زمین', 'تابش از خورشید', 'اثرهای جزر و مدی ماه', 'حرکت صفحات تکتونیکی']",B,انرژی خورشیدی منبع اصلی جریان‌های عمیق اقیانوس است که آب را در سراسر کره زمین حرکت می‌دهد.,A,0.9205644726753236,A,0.4990103840827942,False,False,False,False,[0.9205645  0.01492319 0.05902239 0.00548994],[4.9901038e-01 4.9901038e-01 4.0949040e-04 1.5697371e-03],0.8812870979309082,0.01492319,0.49901038,0.48408719,0.8726683259010315,0.6868149638175964,0.7686669826507568,0.8777088522911072,0.6905137300491333,0.7729388475418091
2177,پس از هم زدن شن در یک لیوان آب چه اتفاقی خواهد افتاد؟,"['شن در آب حل می\u200cشود زیرا شن در آب یک محلول است.', 'شن در آب حل می\u200cشود زیرا شن در آب یک مخلوط است.', 'شن در آب به ته ظرف می\u200cنشیند زیرا شن در آب یک محلول است.', 'شن در آب به ته ظرف می\u200cنشیند زیرا شن در آب یک مخلوط است.']",D,شن به دلیل چگالی بیشتر در آب به ته ظرف می‌نشیند زیرا مخلوطی ناهمگن با آب تشکیل می‌دهد.,A,0.3646426796913147,D,0.8804442882537842,False,True,True,True,[0.36464268 0.32179603 0.11838214 0.19517916],[0.06328284 0.02638021 0.02989269 0.8804443 ],0.7967267036437988,0.19517916,0.8804443,0.6852651399999999,0.8254560828208923,0.6829811334609985,0.7474901676177979,0.8254560828208923,0.6829811334609985,0.7474901676177979
2178,یونانیان باستان فرض کردند که مویی از دم اسب که در آب رها شود به کرم تبدیل می‌شود. کدام فرآیند علمی احتمالاً این فرضیه را رد می‌کند؟,"['ایجاد یک نظریه', 'طراحی یک مدل', 'تحلیل داده\u200cها', 'مقایسه با یک کنترل']",D,مقایسه با کنترل، امکان تعیین رابطه علت و معلول را فراهم می‌کند و نشان می‌دهد موی اسب واقعاً به کرم تبدیل می‌شود یا خیر.,D,0.5038138031959534,D,0.9785211086273192,True,True,True,True,[0.4446141  0.04103372 0.01053833 0.5038138 ],[1.7852368e-02 8.8881701e-04 2.7377491e-03 9.7852111e-01],0.624060869216919,0.5038138,0.97852111,0.47470731,0.8170788288116455,0.6653496026992798,0.7334493398666382,0.8142553567886353,0.6616207957267761,0.7300454378128052
2179,یک کلاس علوم در حال مطالعه حالات ماده است. یک گروه از دانش‌آموزان ۱۰۰ گرم آب را در یک لیوان منجمد می‌کند. گروه دیگری از دانش‌آموزان ۵۰ گرم یخ را در یک لیوان ذوب می‌کند. کدام یک از این‌ها در پایان آزمایش بیشتر احتمال دارد که اتفاق بیفتد؟,"['دمای هر دو لیوان یکسان خواهد بود.', 'هر دو نمونه در لیوان\u200cها در یک حالت خواهند بود.', 'هر دو گروه دارای همان جرمی خواهند بود که در آغاز داشتند.', 'زمان مورد نیاز برای تغییرات در حالت\u200cهای ماده یکسان خواهد بود.']",C,در فرآیند انجماد و ذوب، جرم ماده تغییری نمی‌کند و هر دو گروه جرم اولیه را حفظ می‌کنند.,C,0.5867953300476074,C,0.9719424843788148,True,True,True,True,[0.16811968 0.19050455 0.58679533 0.05458047],[2.2680016e-02 4.7539896e-03 9.7194248e-01 6.2358764e-04],0.879944920539856,0.58679533,0.97194248,0.3851471500000001,0.8011825084686279,0.7271742820739746,0.7623865604400635,0.8011391162872314,0.7401602268218994,0.7694434523582458
2180,چرا خورشید بزرگترین ستاره به نظر می‌رسد در حالی که ستاره‌هایی وجود دارند که بسیار بزرگ‌تر از خورشید هستند؟,"['ستاره\u200cها دمای یکسانی با خورشید دارند.', 'ستاره\u200cها معمولاً در گروه\u200cهایی به نام خوشه ظاهر می\u200cشوند.', 'خورشید به زمین نزدیک\u200cتر از سایر ستاره\u200cهاست.', 'خورشید جوان\u200cتر از بیشتر ستاره\u200cهای دیگر است.']",C,خورشید به دلیل نزدیکی به زمین، بزرگ به نظر می‌رسد.,D,0.910411775112152,C,0.885161817073822,False,True,True,True,[0.05831446 0.00372792 0.0275458  0.9104118 ],[0.07380272 0.00153173 0.8851618  0.03950375],0.7772130370140076,0.0275458,0.8851618,0.857616,0.8766204714775085,0.6093275547027588,0.7189335823059082,0.8766204714775085,0.6093275547027588,0.7189335823059082
2181,یک پژوهشگر ساختارهای مرتبط با غشاء را در یک سلول مشاهده می‌کند. بر اساس این مشاهده، پژوهشگر می‌تواند نتیجه‌گیری کند که این سلول در دسته‌بندی زیر قرار می‌گیرد:,"['باکتری.', 'ویروس.', 'پروکاریوت.', 'یوکاریوت.']",D,مشاهده ساختارهای مرتبط با غشاء نشان‌دهنده وجود سلول‌های یوکاریوتی است، زیرا این ساختارها در سلول‌های یوکاریوتی وجود دارند و در باکتری‌ها، پروکاریوت‌ها و ویروس‌ها چنین ساختارهایی وجود ندارد.,D,0.6621643304824829,D,0.9559559226036072,True,True,True,True,[0.01999563 0.00505569 0.31278428 0.66216433],[0.04200177 0.0009574  0.00108487 0.9559559 ],0.8987069129943848,0.66216433,0.9559559,0.29379157,0.8427810668945312,0.6969515681266785,0.7629604935646057,0.8427810668945312,0.6969515681266785,0.7629604935646057
2182,یک مارمولک می‌تواند رنگ‌ها را تغییر دهد تا با محیطش هماهنگ شود. این توانایی به مارمولک کمک می‌کند تا زنده بماند زیرا می‌تواند,"['گرم بماند.', 'مناسب پیدا کند.', 'به دنبال غذا بگردد.', 'به آسانی دیده شود.']",C,تغییر رنگ به مارمولک کمک می‌کند تا جفت یا طعمه مناسب را راحت‌تر پیدا کند.,B,0.9638872146606444,B,0.0001390144316246,False,False,False,False,[3.2974355e-02 9.6388721e-01 2.3054487e-05 3.1153925e-03],[7.3564132e-03 9.7485739e-01 1.3901443e-04 1.7647117e-02],0.8355160355567932,2.3054487e-05,0.00013901443,0.000115959943,0.8415485620498657,0.6632598638534546,0.7418424487113953,0.841548502445221,0.6632598638534546,0.7418424487113953
2183,"کوسه‌های غول‌پیکر در دوران یخبندان در قاره‌های آمریکا و کارائیب زندگی می‌کردند. بیشتر این کوسه‌ها حدود ۱۰,۰۰۰ سال پیش، در پایان دوران یخبندان ناپدید شدند. با این حال، برخی از آن‌ها تا حدود ۴,۲۰۰ سال پیش در جزایر کارائیب باقی ماندند. این به این معنی است که برخی از این کوسه‌ها در کنار انسان‌ها زندگی می‌کردند. محتمل‌ترین دلیل برای انقراض این آخرین کوسه‌های غول‌پیکر چیست؟","['بیماری', 'کمبود غذا', 'تغییرات اقلیمی', 'انسان\u200cها به عنوان شکارچیان']",D,حضور و شکار انسان‌ها دلیل محتمل انقراض کوسه‌های غول‌پیکر است، زیرا انسان‌ها به تکنولوژی شکار مجهز بودند.,D,0.760810136795044,D,0.9461145401000975,True,True,True,True,[0.16843861 0.03758373 0.03316753 0.76081014],[0.04356433 0.00857832 0.00174279 0.94611454],0.8639405965805054,0.76081014,0.94611454,0.1853043999999999,0.7598622441291809,0.5864003896713257,0.661956250667572,0.7598622441291809,0.5864003896713257,0.661956250667572
2184,تغییرات دما در سواحل معمولاً کمتر از تغییرات دما در مناطق داخلی است. کدام یک از بیانیه‌های زیر بهترین توضیح را در مورد اینکه چرا چنین است، ارائه می‌دهد؟,"['در سواحل نسبت به مناطق داخلی بادهای بیشتری وجود دارد.', 'دمای زمین به طور نسبتاً ثابتی باقی می\u200cماند.', 'در سواحل رطوبت بسیار کمتری نسبت به مناطق داخلی وجود دارد.', 'دمای اقیانوس به طور نسبتاً ثابتی باقی می\u200cماند.']",D,دمای اقیانوس‌ها نسبتاً ثابت می‌ماند و این ثبات باعث می‌شود سواحل تغییرات دمایی کمتری داشته باشند.,D,0.5088629722595215,D,0.9456287026405334,True,True,True,True,[0.24036984 0.24036984 0.01039738 0.508863  ],[3.1855974e-02 2.1894271e-02 6.2109268e-04 9.4562870e-01],0.7794003486633301,0.508863,0.9456287,0.4367657,0.8029069900512695,0.5796769857406616,0.6732708215713501,0.8029069900512695,0.5796769857406616,0.6732708215713501
2185,تقریباً ۷۱٪ از سطح زمین توسط آب پوشیده شده است. بیشتر این آب، آب شور بوده و در اقیانوس‌ها یافت می‌شود. اکثریت آب شیرین زمین در کجا قرار دارد؟,"['یخ', 'دریاچه\u200cها', 'رودخانه\u200cها', 'جو']",A,بیشتر آب شیرین زمین به صورت [MASK] ذخیره شده است.,A,0.9139785170555116,A,0.9841744303703308,True,True,True,True,[9.1397852e-01 1.0233018e-02 1.7606879e-04 7.5612351e-02],[9.8417443e-01 7.9988930e-03 7.6763047e-04 7.0589981e-03],0.8157948851585388,0.91397852,0.98417443,0.07019591,0.7723094820976257,0.585457980632782,0.666026771068573,0.7594345211982727,0.5725600719451904,0.6528883576393127
2186,کدام یک در فتوسنتز استفاده نمی‌شود؟,"['آب', 'نیتروژن', 'نور خورشید', 'دی\u200cاکسید کربن']",B,[MASK] برای رشد گیاه ضروری است اما در فرآیند فتوسنتز مستقیماً استفاده نمی‌شود.,B,0.7610775828361511,B,0.951348841190338,True,True,True,True,[0.10300065 0.7610776  0.03292099 0.10300065],[0.02575183 0.95134884 0.01073496 0.0121643 ],0.8045101761817932,0.7610776,0.95134884,0.1902712399999999,0.9311121702194214,0.7458439469337463,0.8282439112663269,0.9284963011741638,0.740267276763916,0.8237660527229309
2187,معلم روی از او خواسته است که یک منبع انرژی که در طبیعت به راحتی قابل جایگزینی نیست را شناسایی کند. روی باید کدام منبع انرژی را شناسایی کند؟,"['زغال سنگ', 'نور خورشید', 'آب', 'باد']",A,[MASK] یک منبع انرژی غیر تجدیدپذیر است که میلیون‌ها سال برای تشکیل آن زمان نیاز است.,B,0.9649415016174316,B,0.4655675292015075,False,False,False,False,[2.2715421e-02 9.6494150e-01 3.7294254e-04 1.1970187e-02],[0.46556753 0.52755713 0.00073354 0.00614189],0.8464516401290894,0.022715421,0.46556753,0.442852109,0.925355076789856,0.6168802380561829,0.7402673959732056,0.9193313121795654,0.6032679080963135,0.728495180606842
2188,در روزهای سرد، مارها معمولاً بی‌حرکت می‌مانند و مقدار کمی غذا می‌خورند یا اصلاً غذا نمی‌خورند، در حالی که پرندگان معمولاً حرکت می‌کنند و مقدار زیادی غذا می‌خورند. کدام جمله بهتر این موضوع را توضیح می‌دهد؟,"['هر دو حیوان خون\u200cسرد هستند، اما بدون پر برای گرم نگه\u200cداشتن، مارها بسیار سرد می\u200cشوند و نمی\u200cتوانند حرکت کنند.', 'برخلاف پرندگان، مارها خون\u200cگرم هستند؛ آن\u200cها باید در هوای سرد به خواب زمستانی بروند.', 'برخلاف مارها، پرندگان خون\u200cسرد هستند؛ آن\u200cها کمتر تحت تأثیر سرما قرار می\u200cگیرند نسبت به مارها.', 'برخلاف مارها، پرندگان خون\u200cگرم هستند؛ آن\u200cها باید غذا بخورند تا دمای ثابتی را حفظ کنند.']",D,پرندگان برای حفظ دمای ثابت بدن، نیاز به مصرف انرژی دارند و در سرما بیشتر غذا می‌خورند. مارها اما، دمای بدن متغیری دارند.,D,0.4071278870105743,D,0.7639859318733215,True,True,True,True,[0.3592891  0.21791987 0.01566321 0.4071279 ],[0.1931659  0.03774061 0.00510764 0.76398593],0.7810944318771362,0.4071279,0.76398593,0.35685803,0.8374266624450684,0.7278002500534058,0.7787743806838989,0.8374266624450684,0.7278002500534058,0.7787743806838989
2189,برخی از تلسکوپ‌های فضایی به دنبال سیارات فراخورشیدی هستند. توانایی مشاهده کدام پدیده برای هدف این تلسکوپ‌ها مهم‌ترین است؟,"['نوسانات در اندازه یک ستاره', 'لرزش\u200cها در موقعیت یک ستاره', 'تکانه\u200cها در درخشندگی یک ستاره', 'تغییرات در منبع سوخت یک ستاره']",C,تغییرات در اندازه ستاره‌ها به دلیل عبور سیارات، منجر به نوسانات در درخشندگی می‌شود.,A,0.5236165523529053,A,0.0228167474269866,False,False,False,False,[0.52361655 0.06205041 0.00654007 0.407793  ],[9.7494161e-01 1.8729126e-03 2.2816747e-02 3.6879836e-04],0.7469052672386169,0.00654007,0.022816747,0.0162766769999999,0.8436691164970398,0.6615476012229919,0.7415906190872192,0.8448041677474976,0.659106969833374,0.7404910326004028
2190,کدام یک فقط تغییر فیزیکی را توصیف می‌کند؟,"['پختن کیک', 'سرخ کردن تخم\u200cمرغ', 'سوزاندن یک تکه نان تست', 'فشردن آب از میوه']",D,جدا کردن آب میوه بدون تغییر ماهیت شیمیایی آن است.,B,0.3661158978939056,D,0.8044095635414124,False,True,True,True,[0.28513134 0.3661159  0.0636214  0.28513134],[0.08478414 0.09607302 0.01473328 0.80440956],0.7059105634689331,0.28513134,0.80440956,0.5192782199999999,0.7013885378837585,0.5219136476516724,0.5984854102134705,0.7056113481521606,0.5278496146202087,0.6039212942123413
2191,جمعیت آهوها به تازگی افزایش یافته است. کدام یک از عوامل زیر احتمالاً باعث افزایش جمعیت آهوها شده است؟,"['بیماری در حال گسترش بود.', 'زیستگاه آنها تخریب شده بود.', 'منابع غذایی به سختی قابل دسترسی بودند.', 'شکارچیان آنها در حال ناپدید شدن بودند.']",D,کاهش تهدیدات علیه آهوها، مانند کاهش تعداد شکارچیان، می‌تواند منجر به افزایش جمعیت آنها شود.,C,0.5280592441558838,D,0.5482601523399353,False,True,True,True,[0.28264976 0.07146505 0.52805924 0.11782595],[0.2934625  0.07419894 0.08407842 0.54826015],0.8574015498161316,0.11782595,0.54826015,0.4304341999999999,0.7773153781890869,0.6266968250274658,0.6939271092414856,0.7773153781890869,0.6266968250274658,0.6939271092414856
2192,درختان مانگرو یک ساکن مهم در مناطق مرداب هستند. کدامیک از موارد زیر نمونه‌ای از یک عامل محدود کننده در مناطق مردابی مانگرو است که به چگالی این مناطق مرتبط نیست؟,"['مقدار تانن در پوست درخت', 'شدت طوفان\u200cهای هاریکن در هر فصل', 'تعداد روزهای آفتابی در سال', 'اندازه سیستم ریشه\u200cهای نامتعادل به ازای هر درخت']",B,[MASK] یک عامل محیطی است که بر رشد درختان مانگرو تأثیر می‌گذارد، بدون اینکه مستقیماً به تراکم جمعیت آنها مربوط باشد.,B,0.4551317989826202,B,0.5220171213150024,True,True,True,True,[0.3128072  0.4551318  0.04233385 0.18972716],[0.3166194  0.5220171  0.08068179 0.08068179],0.8373616337776184,0.4551318,0.5220171,0.0668853,0.8805683851242065,0.7174596786499023,0.7906899452209473,0.8655162453651428,0.6878147721290588,0.7665009498596191
2193,محققان گیاهان را پرورش می‌دهند تا محصولاتی تولید کنند که ویژگی‌های مفیدی دارند. یکی از این ویژگی‌ها توانایی رشد در شرایط کم‌آبی است. چگونه این ویژگی احتمالاً به کشاورزان کمک خواهد کرد؟,"['این اجازه می\u200cدهد که محصولات تحت تأثیر بیماری قرار نگیرند.', 'این اجازه می\u200cدهد که محصولات در اقلیم\u200cهای خشک\u200cتر کشت شوند.', 'این اجازه می\u200cدهد که محصولات بدون کود زنده بمانند.', 'این اجازه می\u200cدهد که محصولات در مناطقی با فصول کمتر زنده بمانند.']",B,این ویژگی به کشاورزان کمک می‌کند تا در مناطق خشک‌تر، محصولاتشان را پرورش دهند و در دوره‌های خشکسالی، محصولاتشان حفظ شود.,B,0.9905894994735718,B,0.998036801815033,True,True,True,True,[8.6543821e-03 9.9058950e-01 4.3087633e-04 3.2524252e-04],[1.9229050e-03 9.9803680e-01 2.2039632e-05 1.8271498e-05],0.8200323581695557,0.9905895,0.9980368,0.0074472999999999,0.8385403156280518,0.7123093008995056,0.7702875137329102,0.8385403156280518,0.7123093008995056,0.7702875137329102
2194,آب‌های اطراف کی های فلوریدا در حال آلوده شدن هستند. این آلودگی بر روی اکوسیستم‌های دریایی متعدد موجود در کی‌ها تأثیر می‌گذارد. کدام اقدام احتمالاً می‌تواند آلودگی آب را کاهش دهد؟,"['استفاده از کمپوست به عنوان کود برای چمن\u200cها و باغ\u200cها', 'استفاده از آب ماشین\u200cهای لباسشویی برای آبیاری چمن\u200cها', 'استفاده از خودروهایی که برای استفاده از محصولات نفتی طراحی شده\u200cاند', 'استفاده بیشتر از بطری\u200cهای پلاستیکی و دور انداختن آن\u200cها در محل\u200cهای دفن زباله']",A,استفاده از کمپوست به عنوان کود، جایگزین کودهای شیمیایی می‌شود و از ورود مواد مضر به آب جلوگیری می‌کند.,A,0.928519070148468,A,0.9922640323638916,True,True,True,True,[0.92851907 0.03164831 0.01518502 0.02464773],[9.9226403e-01 5.1462608e-03 6.9647067e-04 1.8932037e-03],0.8093439936637878,0.92851907,0.99226403,0.0637449599999999,0.7385995388031006,0.5993496179580688,0.6617282032966614,0.731952965259552,0.5938066840171814,0.6556822657585144
2195,ریبوزوم‌ها در دگمای مرکزی بیولوژی مولکولی چه نقشی دارند؟,"['اشتباهات موجود در DNA را اصلاح می\u200cکنند', 'اطلاعات را از DNA به RNA منتقل می\u200cکنند', 'RNA را به DNA بازگردانی می\u200cکنند', 'از RNA برای تولید پروتئین\u200cها استفاده می\u200cکنند']",D,ریبوزوم‌ها در فرآیند ترجمه، اطلاعات RNA را به پروتئین تبدیل می‌کنند و نقش اساسی در تولید پروتئین‌ها دارند.,D,0.8858417868614197,D,0.9194384813308716,True,True,True,True,[4.9926993e-02 6.4107522e-02 1.2375665e-04 8.8584179e-01],[2.1580929e-02 5.8663044e-02 3.1760716e-04 9.1943848e-01],0.9411581754684448,0.88584179,0.91943848,0.0335966899999999,0.8614997267723083,0.7076193690299988,0.7770141959190369,0.8614996075630188,0.7076193690299988,0.7770141363143921
2196,بازها دارای پنجه‌های تیز به نام میخ‌پا هستند که به آنها در شکار طعمه کمک می‌کند. میخ‌پاها بهترین توصیف‌شان به صورت زیر است:,"['یک ویژگی ارثی.', 'یک جهش ژنتیکی.', 'یک سازگاری رفتاری.', 'یک ویژگی اکتسابی.']",A,یک ویژگی طبیعی و ذاتی است که به صورت ژنتیکی تعیین می‌شود و به بازها کمک می‌کند تا طعمه‌های خود را شکار کنند.,B,0.5830549597740173,A,0.9995267391204834,False,True,True,True,[0.27541566 0.58305496 0.02581857 0.1157108 ],[9.9952674e-01 4.3138041e-04 1.5229591e-05 2.6728763e-05],0.7547070980072021,0.27541566,0.99952674,0.7241110799999999,0.8701444268226624,0.6971750259399414,0.7741153240203857,0.8701444268226624,0.6971750259399414,0.7741153240203857
2197,ریچارد یک استوانه مدرج خالی را بر روی ترازویی اندازه‌گیری کرد. او سپس استوانه مدرج را با ۵۰ میلی‌لیتر مایع پر کرد و بار دیگر استوانه را اندازه‌گیری کرد. ریچارد احتمالاً در تلاش است به کدام سوال پاسخ دهد؟,"['جرم مایع چقدر است؟', 'حجم مایع چقدر است؟', 'مایع چقدر سریع تبخیر خواهد شد؟', 'مایع چقدر سریع به جوش خواهد آمد؟']",A,ریچارد با اندازه‌گیری اختلاف جرم استوانه پر و خالی، می‌تواند جرم مایع را تعیین کند.,B,0.8270710706710815,A,0.9255010485649108,False,True,True,True,[0.16285995 0.8270711  0.00566052 0.00440842],[0.92550105 0.0675689  0.0054604  0.00146965],0.9199655055999756,0.16285995,0.92550105,0.7626411000000001,0.8553802371025085,0.6465469598770142,0.7364451885223389,0.855380117893219,0.6465469598770142,0.7364450693130493
2198,همه سیارات منظومه شمسی دور خود می‌چرخند، اما نه همه سیارات دارای سرعت چرخش یکسان هستند. کدام ویژگی از یک سیاره توسط سرعت چرخش آن سیاره تعیین می‌شود؟,"['قدرت گرانش', 'شکل مدار', 'اندازه سیاره', 'طول روز']",D,[MASK] یک سیاره با سرعت چرخش آن تعیین می‌شود.,D,0.6494833827018738,D,0.8191762566566467,True,True,True,True,[1.8608011e-01 1.6421512e-01 2.2130847e-04 6.4948338e-01],[0.11173297 0.06776947 0.00132129 0.81917626],0.7947018146514893,0.64948338,0.81917626,0.1696928799999999,0.7734110355377197,0.5609316825866699,0.6502538919448853,0.7442837953567505,0.5503292083740234,0.6327776908874512
2199,سوزاندن سوخت‌های فسیلی، دی‌اکسید گوگرد (SO2) و اکسید نیتروژن (NO) تولید می‌کند. این ترکیبات با بخار آب واکنش داده و باران اسیدی تولید می‌کنند. اثر محتمل باران اسیدی بر محیط زیست محل بارش آن چیست؟,"['گیاهان و جانوران در دریاچه\u200cها و برکه\u200cها آسیب خواهند دید.', 'خاک منطقه قلیایی\u200cتر خواهد شد.', 'ضخامت لایه اوزون کاهش خواهد یافت.', 'سطح آلاینده\u200cهای هوایی افزایش خواهد یافت.']",A,باران اسیدی موجب تغییر pH آب دریاچه‌ها و برکه‌ها شده و به گیاهان و جانوران آبزی آسیب می‌رساند.,A,0.8819385766983032,A,0.9989515542984008,True,True,True,True,[0.8819386  0.04373795 0.07211169 0.00221188],[9.9895155e-01 9.2166360e-04 9.4153860e-05 3.2538705e-05],0.8450717926025391,0.8819386,0.99895155,0.11701295,0.8303410410881042,0.6612148880958557,0.7361894845962524,0.8303411602973938,0.6612148880958557,0.7361894845962524
2200,سیاره پلوتون در سال ۱۹۳۰ کشف شد و به عنوان نهمین سیاره نامگذاری گردید. در سال ۲۰۰۳، یک جسم بزرگتر از پلوتون توسط ستاره‌شناس مایکل براون کشف شد. پلوتون به عنوان یک سیاره «کوتوله» دوباره طبقه‌بندی شده است. این موضوع بیشتر به چه چیزی در مورد تحقیقات علمی اشاره دارد؟,"['علمای قبلی از ابزارهای مناسب استفاده نکردند.', 'پلوتون نباید به عنوان یک سیاره طبقه\u200cبندی می\u200cشد.', 'طبقه\u200cبندی\u200cها به محض جمع\u200cآوری شواهد جدید تغییر می\u200cکنند.', 'بررسی ویژگی\u200cهای سیارات باید هر سال انجام شود.']",C,تحقیقات علمی طبقه‌بندی‌ها را با جمع‌آوری شواهد جدید تغییر می‌دهد. کشف اطلاعات جدید می‌تواند منجر به بازتعریف و اصلاح طبقه‌بندی‌های قبلی شود.,C,0.986946702003479,C,0.9641423225402832,True,True,True,False,[1.0815109e-02 1.8793842e-03 9.8694670e-01 3.5868672e-04],[3.2991134e-02 2.3163415e-03 9.6414232e-01 5.5017928e-04],0.8032045364379883,0.9869467,0.96414232,-0.0228043799999999,0.7194344997406006,0.5762961506843567,0.6399591565132141,0.7194344997406006,0.5762961506843567,0.6399591565132141
2201,سوالی: یک دانش‌آموز یک توپ بزرگ لاستیکی را روی سطح صاف و بدون اصطکاک هل داد. توپ با سرعت ۱ متر در ثانیه غلتید. کدام بیانیه بهترین توصیف را از حرکت توپ زمانی که دانش‌آموز هل دادن توپ را متوقف کرد، ارائه می‌دهد؟,"['توپ شتاب گرفت.', 'توپ حرکت نکرد.', 'توپ تغییر جهت داد.', 'توپ به حرکت در همان جهت ادامه داد.']",D,طبق قانون اول نیوتن، توپ پس از توقف هل دادن، با سرعت ثابت به حرکت در همان جهت ادامه می‌دهد.,A,0.7245239615440369,D,0.953703999519348,False,True,True,True,[0.72452396 0.09767138 0.06712849 0.11067618],[4.1902829e-02 3.8975703e-03 4.9552042e-04 9.5370400e-01],0.8256138563156128,0.11067618,0.953704,0.84302782,0.854361355304718,0.6504820585250854,0.7386106848716736,0.8547683358192444,0.6509552001953125,0.7390678524971008
2202,کدام یک از این گزینه‌ها از مزایای زیست‌محیطی تبدیل به انرژی خورشیدی است؟,"['کاهش آلودگی هوا', 'افزایش هزینه انرژی', 'افزایش استفاده از سوخت\u200cهای فسیلی', 'کاهش تولید انرژی الکتریکی']",A,استفاده از انرژی خورشیدی موجب کاهش انتشار گازهای گلخانه‌ای و آلاینده‌های هوا می‌شود.,A,0.9985308647155762,A,0.999795377254486,True,True,True,True,[9.9853086e-01 9.1723574e-04 3.2705048e-04 2.2477828e-04],[9.9979538e-01 1.5014401e-04 3.1471896e-05 2.3025330e-05],0.7815201878547668,0.99853086,0.99979538,0.0012645199999999,0.9268917441368103,0.6286019682884216,0.7491459846496582,0.932252049446106,0.6294102668762207,0.7514671683311462
2203,امواج نوری سریع‌تر از امواج صوتی حرکت می‌کنند، به همین دلیل، یک رعد و برق قبل از شنیدن رعد و برق دیده می‌شود. کدام عامل می‌تواند بر سرعت شنیدن رعد و برق تأثیر بگذارد؟,"['بار الکتریکی امواج صوتی', 'جهتی که امواج صوتی در آن حرکت می\u200cکنند', 'مقدار انرژی آزاد شده توسط هر موج صوتی', 'نوع ماده\u200cای که صوت از طریق آن حرکت می\u200cکند']",D,سرعت صوت در مواد مختلف متفاوت است، بنابراین ماده‌ای که صوت از آن عبور می‌کند تأثیرگذار است.,D,0.670393168926239,D,0.9599530100822448,True,True,True,True,[0.21679628 0.1032105  0.00960007 0.67039317],[3.7221417e-02 2.0998886e-03 7.2570209e-04 9.5995301e-01],0.7411611080169678,0.67039317,0.95995301,0.28955984,0.7822171449661255,0.688217282295227,0.7322127223014832,0.7812697887420654,0.6867920160293579,0.7309907674789429
2204,وقتی جیک در یک روز سرد نفسش را بیرون می‌دهد، ابری تشکیل می‌شود. کدام تغییر رخ می‌دهد که به جیک اجازه می‌دهد نفسش را به عنوان یک ابر ببیند؟,"['گاز به مایع تبدیل می\u200cشود.', 'جامد به گاز تبدیل می\u200cشود.', 'مایع به گاز تبدیل می\u200cشود.', 'مایع به جامد تبدیل می\u200cشود.']",A,تبدیل گاز به مایع رخ می‌دهد و بخار آب به مایع تبدیل می‌شود.,C,0.5077034831047058,A,0.989584982395172,False,True,True,True,[0.44980037 0.03692186 0.5077035  0.00557437],[9.8958498e-01 5.5377570e-04 9.8159080e-03 4.5456673e-05],0.6851724982261658,0.44980037,0.98958498,0.5397846099999999,0.7895046472549438,0.5629435777664185,0.6572474241256714,0.7895046472549438,0.5629435777664185,0.6572474241256714
2205,کدام یک از این موارد احتمالاً تعیین می‌کند که آیا یک جهش به یک سازگاری در یک گونه تبدیل خواهد شد؟,"['تنوع ژنتیکی', 'میوز', 'انتخاب طبیعی', 'جانشینی']",C,فرآیندی که در آن افراد با ویژگی‌های سازگارتر با محیط، شانس بیشتری برای زنده ماندن و تولید مثل دارند، تعیین‌کننده تبدیل جهش به سازگاری است.,C,0.5861879587173462,C,0.85087651014328,True,True,True,True,[0.40131    0.00943791 0.58618796 0.00306404],[1.4728372e-01 1.2742538e-03 8.5087651e-01 5.6544674e-04],0.936338484287262,0.58618796,0.85087651,0.26468855,0.8977400064468384,0.7213671207427979,0.799947202205658,0.9021278619766235,0.7201799154281616,0.800950825214386
2206,نیروی یک جسم با جرمی معین که با نرخی معین شتاب می‌گیرد، می‌تواند با استفاده از معادله زیر تعیین شود:  نیروی = جرم × شتاب  کدام جسم بیشترین نیرو را خواهد داشت؟,"['یک جسم ۵ کیلوگرمی که با شتاب ۱۰ متر بر ثانیه مربع شتاب می\u200cگیرد', 'یک جسم ۵ کیلوگرمی که با شتاب ۲۰ متر بر ثانیه مربع شتاب می\u200cگیرد', 'یک جسم ۲۰ کیلوگرمی که با شتاب ۴ متر بر ثانیه مربع شتاب می\u200cگیرد', 'یک جسم ۲۰ کیلوگرمی که با شتاب ۳ متر بر ثانیه مربع شتاب می\u200cگیرد']",B,با توجه به معادله نیرو، هرچه شتاب بیشتر باشد، نیرو نیز بیشتر خواهد بود. جسمی با جرم ۵ کیلوگرم و شتاب ۲۰ متر بر ثانیه مربع، بیشترین نیرو را خواهد داشت.,A,0.4226512610912323,B,0.9297879338264464,False,True,True,True,[0.42265126 0.37298843 0.15427472 0.05008567],[0.00798164 0.92978793 0.02169635 0.04053412],0.9354356527328492,0.37298843,0.92978793,0.5567995000000001,0.8807840347290039,0.6593115925788879,0.7541235089302063,0.8807840943336487,0.6593115925788879,0.7541235089302063
2207,کدام یک از جملات به بهترین وجه نقش‌های فتوسنتز و تنفس را در چرخه کربن توصیف می‌کند؟,"['تنفس و فتوسنتز هر دو کربن را به جو اضافه می\u200cکنند.', 'تنفس و فتوسنتز هر دو کربن را از جو حذف می\u200cکنند.', 'تنفس کربن را به جو اضافه می\u200cکند، در حالی که فتوسنتز کربن را از جو حذف می\u200cکند.', 'فتوسنتز کربن را به جو اضافه می\u200cکند، در حالی که تنفس کربن را از جو حذف می\u200cکند.']",C,فتوسنتز کربن را از جو حذف می‌کند و اکسیژن تولید می‌کند، در حالی که تنفس کربن را به جو اضافه می‌کند و انرژی آزاد می‌کند.,D,0.6964173913002014,C,0.995826005935669,False,True,True,True,[0.10763671 0.12196836 0.07397755 0.6964174 ],[3.1881216e-03 1.7986151e-04 9.9582601e-01 8.0608344e-04],0.7169816493988037,0.07397755,0.99582601,0.92184846,0.7984426021575928,0.6602953672409058,0.7228274941444397,0.7984426021575928,0.6602953672409058,0.7228274941444397
2208,سوالی: یک دانش آموز در حال عبور از جنگل متوجه می‌شود که رشد خزه با افزایش چگالی جنگل افزایش می‌یابد. این دانش آموز چه کرده است؟,"['یک فرضیه.', 'یک نتیجه گیری.', 'یک فرض.', 'یک مشاهده.']",D,او رابطه بین رشد خزه و چگالی جنگل را در طبیعت مشاهده کرده است.,C,0.5322496891021729,D,0.8332622051239014,False,True,True,True,[0.3658095  0.0203176  0.5322497  0.08162314],[0.14536598 0.01508392 0.00628792 0.8332622 ],0.788644015789032,0.08162314,0.8332622,0.7516390599999999,0.8034837245941162,0.670936107635498,0.7312520146369934,0.8034837245941162,0.670936107635498,0.7312520146369934
2209,اگر یک اتم دو پروتون و سه الکترون داشته باشد، آنگاه این اتم,"['بار مثبت دارد.', 'بار منفی دارد.', 'پرتوزا است.', 'خنثی است.']",B,تعداد الکترون‌ها بیشتر از پروتون‌ها است، پس [MASK],D,0.7843939065933228,A,0.2722054421901703,False,False,False,False,[0.19793886 0.00993209 0.00773512 0.7843939 ],[0.5085467  0.27220544 0.00725403 0.2119938 ],0.6484256982803345,0.00993209,0.27220544,0.26227335,0.7813493013381958,0.5755680799484253,0.6628549695014954,0.835383951663971,0.5876171588897705,0.6899305582046509
2210,دانش‌آموزان مطالعه می‌کنند که چگونه دماي یک ماده با نرخ حرکت مولکولی ارتباط دارد. مولکول‌ها در کدامیک از این مواد سریع‌تر حرکت می‌کنند؟,"['شیر سرد', 'سوپ گرم', 'آب ذوب شده از یخ', 'بخار در حال جوش آمدن از آب']",D,مولکول‌ها با افزایش دما سریع‌تر حرکت می‌کنند؛ بنابراین ماده‌ای با بالاترین دما، مولکول‌های سریع‌تری دارد.,B,0.5422312021255493,B,0.3648670017719269,False,False,False,False,[0.06501374 0.5422312  0.01862675 0.37412828],[0.02369248 0.601564   0.0098765  0.364867  ],0.8860600590705872,0.37412828,0.364867,-0.0092612799999999,0.7627838850021362,0.6297858953475952,0.6899338364601135,0.7647944092750549,0.6377390027046204,0.6955117583274841
2211,مهارهایی که امواج رادیویی ساطع می‌کنند گاهی بر روی حیوانات قرار می‌گیرند تا موقعیت آن‌ها را پیدا کنند. بهترین دلیل برای استفاده از امواج رادیویی به عنوان یک روش برای ردیابی حیوانات چیست؟,"['امواج رادیویی قابل مشاهده هستند.', 'امواج رادیویی فرکانس بالایی دارند.', 'امواج رادیویی در تمام جهات پخش می\u200cشوند.', 'امواج رادیویی توسط حیوان ایجاد می\u200cشوند.']",C,امواج رادیویی در تمام جهات پخش می‌شوند و به راحتی قابل شناسایی هستند.,A,0.906147599220276,C,0.9688025116920472,False,True,True,True,[0.9061476  0.00793212 0.03499818 0.05092205],[2.9716004e-02 1.3898360e-03 9.6880251e-01 9.1669623e-05],0.7552291750907898,0.03499818,0.96880251,0.93380433,0.9014885425567627,0.6874105930328369,0.7800278663635254,0.9014886617660522,0.6874105930328369,0.7800278663635254
2212,دو موجود زنده جفت‌گیری کرده و فرزندان تولید می‌کنند. کدام یک از بیانیه‌های زیر بهترین توضیح را برای ناتوانی فرزندان در تولید مثل ارائه می‌دهد؟,"['الف) والدین از یک جنس و یک گونه متفاوت هستند.', 'ب) والدین از یک گونه متفاوت، اما از همان جنس هستند.', 'ج) والدین از همان جنس و از همان گونه هستند.', 'د) والدین از همان گونه هستند، اما از جنس متفاوتی هستند.']",B,تفاوت‌های ژنتیکی و کروموزومی بین دو جنس مختلف، منجر به ناتوانی فرزندان در تولید مثل می‌شود.,C,0.6297298669815063,D,0.0573423020541667,False,False,False,False,[0.06689361 0.09732963 0.62972987 0.20604682],[0.09454148 0.0573423  0.22679321 0.62132305],0.7958102226257324,0.09732963,0.0573423,-0.03998733,0.9124319553375244,0.6590522527694702,0.7653151750564575,0.9124319553375244,0.6590522527694702,0.7653151750564575
2213,هنگامی که یک دانشمند فرضیه‌ای ارائه می‌دهد، او یا او بیشتر احتمال دارد,"['اطلاعات یک تحقیق را خلاصه کند.', 'آخرین مراحل یک آزمایش را انجام دهد.', 'روش\u200cها را در حین آزمایش تغییر دهد.', 'پیش\u200cبینی کند که چه چیزی در یک تحقیق اتفاق خواهد افتاد.']",D,دانشمند با ارائه فرضیه، تلاش می‌کند تا پدیده‌ای را توضیح دهد یا نتیجه‌ای را پیش‌بینی کند. فرضیه‌ها بر اساس مشاهدات یا دانش قبلی ارائه می‌شوند تا نتایج آینده را پیش‌بینی کنند.,A,0.5534937977790833,D,0.8726632595062256,False,True,True,True,[0.5534938  0.13994515 0.01029724 0.2962639 ],[0.11810213 0.00755002 0.00168464 0.87266326],0.9103307127952576,0.2962639,0.87266326,0.57639936,0.7687175273895264,0.60943204164505,0.6798697710037231,0.7687175869941711,0.6094321012496948,0.6798697710037231
2214,نقش میتوکندری در سلول‌ها چیست؟,"['نور خورشید را به انرژی تبدیل می\u200cکند.', 'همه عملکردهای سلول را کنترل می\u200cکند.', 'آب را در تمام سلول منتقل می\u200cکند.', 'قند را تجزیه می\u200cکند تا انرژی آزاد کند.']",D,میتوکندری انرژی سلول را از طریق تجزیه قند و تولید ATP فراهم می‌کند.,B,0.7958462834358215,D,0.9407999515533448,False,True,True,True,[0.15579587 0.7958463  0.00372167 0.04463627],[4.6657059e-02 1.1982524e-02 5.6043017e-04 9.4079995e-01],0.8538513779640198,0.04463627,0.94079995,0.89616368,0.7514071464538574,0.5574600100517273,0.6400640606880188,0.7514071464538574,0.5574600100517273,0.6400640606880188
2215,جمعیت انسان هر روز در حال افزایش است. این افزایش جمعیت چگونه بر منابع طبیعی که انسان‌ها را تأمین می‌کند تأثیر می‌گذارد؟,"['این افزایش عرضه منابع را افزایش می\u200cدهد.', 'این مقدار منابع را کاهش می\u200cدهد.', 'این منجر به کاهش تقاضا برای منابع می\u200cشود.', 'این کیفیت منابع را بهبود می\u200cبخشد.']",B,افزایش جمعیت منجر به افزایش تقاضا برای منابع محدود می‌شود و در نتیجه مقدار منابع در دسترس برای هر فرد کاهش می‌یابد.,B,0.9881700277328492,B,0.9964902997016908,True,True,True,True,[1.0817945e-02 9.8817003e-01 1.2399133e-04 8.8799099e-04],[3.1778107e-03 9.9649030e-01 2.1625274e-04 1.1575175e-04],0.9034178256988524,0.98817003,0.9964903,0.00832027,0.8558555245399475,0.7661342024803162,0.8085134029388428,0.8558555245399475,0.7661342024803162,0.8085134029388428
2216,کدام یک تغییر فیزیکی است؟,"['سوزاندن یک تکه چوب', 'تغییر رنگ یک سقف مسی', 'ایجاد زنگ زدگی بر روی یک نرده آهنی', 'پاره شدن یک ورق کاغذ']",D,تغییر شکل کاغذ بدون تغییر ماهیت شیمیایی آن است.,A,0.9507019519805908,D,0.7034041285514832,False,True,True,True,[0.95070195 0.02540968 0.00642457 0.0174638 ],[0.23015295 0.0352951  0.03114782 0.7034041 ],0.8478350639343262,0.0174638,0.7034041,0.6859403,0.7695022821426392,0.5937600135803223,0.6703034043312073,0.7741920351982117,0.5975867509841919,0.6745212078094482
2217,یک سلول پوست از یک موش چگونه شبیه به یک آمیب است؟,"['هر دو به انرژی نیاز دارند.', 'هر دو دیواره سلولی دارند.', 'هر دو با پاهای کاذب حرکت می\u200cکنند.', 'هر دو دی\u200cاکسید کربن مصرف می\u200cکنند.']",A,هر دو برای انجام فرآیندهای حیاتی به انرژی نیاز دارند.,B,0.845180869102478,A,0.9995983242988586,False,True,True,True,[0.14687042 0.84518087 0.00300094 0.00494771],[9.9959832e-01 3.3029035e-04 1.7504746e-05 5.3918415e-05],0.6888696551322937,0.14687042,0.99959832,0.8527279000000001,0.8517733812332153,0.5496512651443481,0.6681462526321411,0.8517734408378601,0.5496512651443481,0.6681463122367859
2218,کدام یک از ویژگی‌های ۱۲ مشترک بین زمین و ماه را توصیف می‌کند؟,"['آنها تقریباً اتمسفر یکسانی دارند.', 'آنها تقریباً دارای نیروی گرانشی یکسانی هستند.', 'آنها پوسته\u200cای سنگی دارند که شامل کوه\u200cها می\u200cباشد.', 'آنها مناطقی دارند که نشان\u200cدهنده فرسایش قابل توجه آب است.']",C,هر دو پوسته‌ای سنگی با کوه‌های مشابه دارند.,B,0.9635508060455322,B,0.0095139741897583,False,False,False,False,[0.02582866 0.9635508  0.00825533 0.00236519],[0.01777445 0.97045183 0.00951397 0.00225977],0.6533027291297913,0.00825533,0.00951397,0.00125864,0.6580193042755127,0.4892271161079407,0.5612061619758606,0.6580193042755127,0.4892270863056183,0.5612061619758606
2219,یک دانشجو در حال بررسی قانون دوم نیوتن در مورد حرکت است با تغییر نیروی اعمال شده بر روی یک جسم و مشاهده شتاب حاصل. اگر نیروی وارد بر جسم چهار برابر افزایش یابد، شتاب چقدر افزایش خواهد یافت؟,"['2 برابر', '4 برابر', '8 برابر', '16 برابر']",B,با افزایش چهار برابری نیروی وارد بر جسم، شتاب نیز چهار برابر می‌شود. افزایش شتاب از a به ۴a، سه برابر شتاب اولیه است، اما نسبت به شتاب اولیه، دو برابر افزایش یافته است.,B,0.9790661931037904,B,0.996606945991516,True,True,True,True,[0.01607434 0.9790662  0.00169422 0.00316523],[1.3017786e-03 9.9660695e-01 7.8956864e-04 1.3017786e-03],0.8567050099372864,0.9790662,0.99660695,0.0175407499999999,0.7763339877128601,0.6331294775009155,0.6974568367004395,0.7763339877128601,0.6331294775009155,0.6974568367004395
2220,کدام نوع انرژی برای برش یک تکه چوب به تکه‌های کوچکتر با اره مورد نیاز است؟,"['نور', 'حرارت', 'صدا', 'مکانیکی']",D,برای برش چوب با اره، نیروی فیزیکی جهت حرکت اره و برش چوب مورد نیاز است که انرژی [MASK] نام دارد.,D,0.9803051948547364,D,0.8386023640632629,True,True,True,False,[0.00749204 0.01090085 0.00130192 0.9803052 ],[0.01339683 0.1462976  0.00170322 0.83860236],0.8789589405059814,0.9803052,0.83860236,-0.14170284,0.8159337043762207,0.6403689980506897,0.7175688147544861,0.8152729272842407,0.6359232664108276,0.7145154476165771
2221,پاتریک هنگام اسکیت بازی wrist اش را شکست. پزشک به پاتریک گفت که در حین بهبودی wrist اش غذاهای غنی از ویتامین D مصرف کند. کدام نوع غذا به بهبود wrist پاتریک کمک خواهد کرد؟,"['سبزیجات سبز', 'محصولات لبنی', 'گوشت های کم چرب', 'غلات کامل']",B,غذاهای غنی از ویتامین D، به ویژه [MASK]، به بهبود استخوان‌ها کمک می‌کنند.,B,0.4565159380435943,B,0.9638707041740416,True,True,True,True,[0.16794284 0.45651594 0.06178271 0.31375852],[0.02916328 0.9638707  0.00348306 0.00348306],0.7583619952201843,0.45651594,0.9638707,0.5073547599999999,0.7334818840026855,0.6559803485870361,0.6925696730613708,0.7389742136001587,0.658569872379303,0.6964590549468994
2222,یک دانشجو این آزمایش را انجام داد: چهار نوع مختلف دانه در گلدان‌های یکسان پر از همان نوع و مقدار خاک کشت شده‌اند. گلدان‌ها در یک مکان گرم و آفتابی قرار داده شدند و به آنها هر روز به مدت یک ماه مقدار یکسانی آب داده شد. کدام سؤال درباره این دانه‌ها در پایان ماه قابل پاسخگویی است؟,"['کدام دانه\u200cها در تاریکی خوب رشد کردند؟', 'کدام دانه\u200cها بلندترین گیاهان را تولید کردند؟', 'کدام دانه\u200cها در دماهای سرد زنده ماندند؟', 'کدام دانه\u200cها به کمترین مقدار آب نیاز داشتند؟']",B,این آزمایش شرایط یکسانی را برای رشد دانه‌ها فراهم کرده است. در پایان ماه، می‌توان ارتفاع گیاهان را اندازه‌گیری و مقایسه کرد تا مشخص شود کدام دانه‌ها گیاهان بلندتری تولید کردند.,A,0.7348959445953369,B,0.9686321020126344,False,True,True,True,[0.73489594 0.06889209 0.01040115 0.18581079],[2.9479567e-02 9.6863210e-01 5.9300492e-04 1.2952418e-03],0.8873616456985474,0.06889209,0.9686321,0.89974001,0.9135522842407227,0.6989679336547852,0.7919822931289673,0.9135522842407227,0.6989679932594299,0.7919823527336121
2223,یک توده هوایی به سمت شمال بر فراز اقیانوس آرام در حرکت است، از مناطق گرمسیری، و سپس به سمت شرق از روی ایالات متحده عبور می‌کند. چه الگوی آب و هوایی می‌توان انتظار داشت؟,"['خنک و خشک', 'گرم و خشک', 'خنک و مرطوب', 'گرم و مرطوب']",D,توده هوای مرطوب و گرم با حرکت به سمت شرق بر فراز ایالات متحده خنک می‌شود و احتمال بارش افزایش می‌یابد، بنابراین الگوی آب و هوایی [MASK] انتظار می‌رود.,A,0.5233869552612305,D,0.8212327361106873,False,True,True,True,[0.52338696 0.40920952 0.01245398 0.05494951],[0.02479908 0.08655729 0.06741089 0.82123274],0.8504323363304138,0.05494951,0.82123274,0.76628323,0.8921869993209839,0.7011263966560364,0.7852012515068054,0.8888550996780396,0.6957903504371643,0.7805616855621338
2224,هنگام انجام یک آزمایش در آزمایشگاه، کدام اقدام می‌تواند یک عمل ایمن نباشد؟,"['بلافاصله نشت\u200cها را به معلم خود گزارش دهید.', 'یک محافظ چشم بپوشید.', 'به دقت به دستورالعمل\u200cها توجه کنید.', 'بوی مواد شیمیایی که در حال مخلوط شدن هستند را استشمام کنید.']",D,استشمام بوی مواد شیمیایی در حال مخلوط شدن می‌تواند خطرناک باشد و باعث آسیب به سیستم تنفسی یا مسمومیت شود.,A,0.5425843596458435,A,0.1021154820919036,False,False,False,False,[0.54258436 0.37437195 0.01849383 0.06454982],[0.6632806  0.21449617 0.02010773 0.10211548],0.9445914030075072,0.06454982,0.10211548,0.03756566,0.9253197312355042,0.7660520672798157,0.8381872177124023,0.9253196716308594,0.7660520672798157,0.8381872177124023
2225,گروهی از دانش‌آموزان اثرات مقادیر مختلف آب بر رشد گیاه پیچک را آزمایش کردند. بعد از آن، نتوانستند به یاد بیاورند که هر گیاه در روز چقدر رشد کرده است. آنها باید چه کاری انجام می‌دادند تا علم را به خوبی انجام دهند؟,"['مشاهدات خود را با سایر گروه\u200cها در کلاس خود بحث کنند.', 'آزمایش را با بیش از یک نوع گیاه انجام دهند.', 'اطلاعات روزانه را در یک جدول داده\u200cها ثبت کنند.', 'برای نتایج توضیحات ساختگی ارائه دهند.']",C,دانش‌آموزان باید اطلاعات روزانه را در جدولی ثبت کنند تا داده‌های دقیق و قابل اعتمادی داشته باشند و روند رشد گیاه را پیگیری کنند.,C,0.9765150547027588,C,0.9658042788505554,True,True,True,False,[2.3032812e-02 2.9450623e-04 9.7651505e-01 1.5763781e-04],[3.3307206e-02 5.9127371e-04 9.6580428e-01 2.9731105e-04],0.8838781118392944,0.97651505,0.96580428,-0.01071077,0.9008344411849976,0.696925163269043,0.7858681082725525,0.9008344411849976,0.696925163269043,0.7858681082725525
2226,در کدامیک از فعالیت‌ها باید یک دانش‌آموز پیشبند یا روپوش آزمایشگاهی بپوشد؟,"['شکستن یک ژئود', 'تنظیم یک میکروسکوپ', 'پاشیدن آب بر روی گیاهان', 'اضافه کردن نمک به آب در حال جوش']",D,هنگام انجام آزمایش‌های شیمیایی، به‌ویژه با مواد داغ و خطرناک، پوشیدن پیشبند یا روپوش آزمایشگاهی ضروری است تا از آسیب به لباس یا پوست جلوگیری شود.,D,0.5847200751304626,D,0.8870726823806763,True,True,True,True,[0.27728322 0.11558885 0.02240792 0.5847201 ],[0.09313226 0.01618396 0.00361113 0.8870727 ],0.8604611754417419,0.5847201,0.8870727,0.3023526000000001,0.7777664065361023,0.6565827131271362,0.7120553851127625,0.7796633839607239,0.656974732875824,0.7130802273750305
2227,هر سلول بدنی یک ماهی قرمز شامل ۹۴ کروموزوم است. چند کروموزوم در یک سلول جنسی ماهی قرمز وجود دارد؟,"['23', '47', '94', '188']",B,تعداد کروموزوم‌های سلول جنسی نصف سلول‌های بدنی است، پس ۹۴ تقسیم بر ۲ می‌شود ۴۷.,A,0.9410160779953004,A,0.3772502541542053,False,False,False,False,[0.9410161  0.04134536 0.01045374 0.00718475],[6.2198049e-01 3.7725025e-01 2.3643281e-04 5.3280953e-04],0.8940458297729492,0.04134536,0.37725025,0.33590489,0.7073362469673157,0.6094246506690979,0.6547402143478394,0.7073363661766052,0.6094246506690979,0.6547402143478394
2228,برخی کارخانه‌ها آلاینده‌هایی را در هوا آزاد می‌کنند که باران اسیدی را تشکیل می‌دهد. چه عاملی تعیین می‌کند که باران اسیدی بیشتر احتمال دارد در کجا ببارد؟,"['جریانات اقیانوسی', 'جهت باد', 'دماي هوا', 'رطوبت نسبی']",B,جهت وزش باد محل بارش باران اسیدی را تعیین می‌کند زیرا آلاینده‌ها را منتقل می‌کند.,B,0.7960212230682373,B,0.9964762330055236,True,True,True,True,[1.081514e-01 7.960212e-01 3.840076e-04 9.544327e-02],[3.3695265e-03 9.9647623e-01 1.9419494e-05 1.3479801e-04],0.8366314768791199,0.7960212,0.99647623,0.2004550299999999,0.6804625988006592,0.5315084457397461,0.5968320965766907,0.685987114906311,0.5333096385002136,0.600089430809021
2229,حرارت از یک جسم به جسم دیگری منتقل می‌شود. یک مثال از انتقال حرارت به وسیله تابش چیست؟,"['قهوه\u200cای که یک فنجان را گرم می\u200cکند', 'هواي داغ که یک اتاق را گرم می\u200cکند', 'خورشید که ماه را گرم می\u200cکند', 'یک صفحه داغ که یک بشر را گرم می\u200cکند']",C,خورشید انرژی خود را به صورت امواج الکترومغناطیسی از طریق فضا به ماه منتقل می‌کند.,C,0.9623671770095824,C,0.9666468501091005,True,True,True,True,[0.03293039 0.003063   0.9623672  0.00163951],[2.8963044e-02 3.4591425e-03 9.6664685e-01 9.3101559e-04],0.7389668226242065,0.9623672,0.96664685,0.0042796499999999,0.9086669087409973,0.6834571361541748,0.7801337838172913,0.9086669087409973,0.6834571361541748,0.7801337838172913
2230,کدام ابزار در تحقیق درباره چرخه زندگی پروانهٔ سلطنتی، مفیدترین خواهد بود؟,"['چاقوی تیز', 'ذره\u200cبین', 'تکهٔ بلند نخ', 'یک شیشهٔ بزرگ با سوراخ\u200cهای هوا در بالای آن']",D,برای مطالعه چرخه زندگی پروانه‌ها، محیطی با شرایط مناسب و قابل مشاهده نیاز است که امکان نگهداری و بررسی را فراهم کند.,D,0.5701475143432617,D,0.9393250942230223,True,True,True,True,[0.20974556 0.20974556 0.01036135 0.5701475 ],[0.03613815 0.0219189  0.00261784 0.9393251 ],0.8249057531356812,0.5701475,0.9393251,0.3691776,0.6830854415893555,0.5596399903297424,0.6152315735816956,0.6830854415893555,0.5596399903297424,0.6152315735816956
2231,یک واحد نجومی (AU) فاصله بین زمین و خورشید است. انرژی خورشید حدود ۸ دقیقه طول می‌کشد تا به زمین برسد. اگر مریخ ۱.۵ واحد نجومی از خورشید فاصله داشته باشد، انرژی خورشید چه مدت طول می‌کشد تا به مریخ برسد؟,"['۴ دقیقه', '۸ دقیقه', '۱۲ دقیقه', '۱۵ دقیقه']",C,زمانی که انرژی خورشید به مریخ می‌رسد ۱.۵ برابر زمان رسیدن به زمین است. با ضرب [MASK] در ۱.۵، زمان رسیدن به مریخ [MASK] است.,C,0.932656705379486,C,0.9411959052085876,True,True,True,True,[0.04034277 0.00794396 0.9326567  0.01905658],[0.05227542 0.00285844 0.9411959  0.00367031],0.9361497163772584,0.9326567,0.9411959,0.0085391999999999,0.7796784043312073,0.7036579847335815,0.7397201657295227,0.7865378260612488,0.7070010900497437,0.7446516156196594
2232,عقاب‌های طلایی می‌توانند اشیاء کوچک را از فواصل زیاد ببینند. کدام رفتار عقاب‌های طلایی بهترین توضیح را برای این می‌دهد که چرا انتخاب طبیعی به احتمال زیاد این سازگاری ساختاری را ترجیح داده است؟,"['شکار در حین پرواز در هوا انجام می\u200cشود.', 'آنها لانه\u200cهای خود را بر روی صخره\u200cها یا ارتفاعات سنگی می\u200cسازند.', 'زنان وابسته به تغذیه والدین پس از هچ شدن هستند.', 'رنگ پرهای آنها فاقد استتار زیست\u200cمحیطی است.']",A,این توانایی دیدن اشیاء کوچک از فواصل دور، شکار موفق در هوا را برای عقاب‌های طلایی ممکن می‌سازد.,A,0.5881775617599487,A,0.9224695563316344,True,True,True,True,[0.58817756 0.21637844 0.00449079 0.1909533 ],[0.92246956 0.06630345 0.00423864 0.00698833],0.7586092352867126,0.58817756,0.92246956,0.334292,0.7788392305374146,0.649809718132019,0.7084978222846985,0.7788392305374146,0.649809718132019,0.7084978222846985
2233,بازه pH که احتمالاً باران اسیدی در آن قرار دارد کدام است؟,"['6-Apr', '7-May', '9-Jul', '12-Oct']",A,باران اسیدی به دلیل وجود گازهای آلاینده، اسیدیته بالایی دارد. pH آن کمتر از ۵/۶ است، بنابراین در بازه‌ای پایین‌تر از حد معمول قرار دارد.,C,0.6483951210975647,A,0.9759939908981324,False,True,True,True,[0.18504407 0.02244839 0.6483951  0.14411247],[0.975994   0.02025611 0.00100849 0.00274137],0.8595033288002014,0.18504407,0.975994,0.79094993,0.8133813738822937,0.7076802849769592,0.7568581700325012,0.812412440776825,0.7107242345809937,0.7581738829612732
2234,چهار دستگاه خانگی (مخلوط‌کن، همزن، تستر و غذاساز) به چهار پریز در طول یک میز متصل شده‌اند. روشن یا خاموش کردن یکی یا چندتا از این دستگاه‌ها بر عملکرد سایر دستگاه‌ها تأثیری ندارد زیرا این چهار دستگاه,"['برق مستقیم دریافت می\u200cکنند.', 'به صورت سری متصل شده\u200cاند.', 'به صورت موازی متصل شده\u200cاند.', 'برق متناوب دریافت می\u200cکنند.']",C,زمانی که دستگاه‌ها مستقلاً کنترل شوند، مدار باید موازی باشد.,C,0.586276113986969,C,0.9311584234237672,True,True,True,True,[0.27585754 0.13132788 0.5862761  0.00653843],[5.9526965e-02 8.9872284e-03 9.3115842e-01 3.2735974e-04],0.6288242340087891,0.5862761,0.93115842,0.3448823200000001,0.681816577911377,0.5087009072303772,0.5826722383499146,0.681816577911377,0.5087009072303772,0.5826722383499146
2235,کدام منابع انرژی جایگزین از انرژی گرانشی برای تولید برق استفاده می‌کنند؟,"['انرژی جزر و مد و انرژی آبی', 'انرژی زمین\u200cگرمایی و انرژی آبی', 'انرژی باد و انرژی جزر و مد', 'انرژی زمین\u200cگرمایی و انرژی باد']",A,[MASK] از انرژی گرانشی برای تولید برق استفاده می‌کنند؛ اولی از حرکت ماه و خورشید و دومی از جریان آب.,D,0.5208125114440918,A,0.8757236003875732,False,True,True,True,[0.21710695 0.19159622 0.07048431 0.5208125 ],[0.8757236  0.03817718 0.02315563 0.06294353],0.8762312531471252,0.21710695,0.8757236,0.65861665,0.7758511900901794,0.6679636240005493,0.7178765535354614,0.7670854330062866,0.6615179777145386,0.7104012370109558
2236,هنگامی که اطلاعات جدید کشف‌شده به شکلی جدید از نظریه‌ای مستقر حمایت می‌کند، آن نظریه,"['رشد می\u200cکند و تغییر می\u200cکند.', 'دیگر معتبر نیست.', 'به قانون تبدیل می\u200cشود.', 'در ارزش کاهش می\u200cیابد.']",A,اطلاعات جدید موجب تقویت و تکامل نظریه می‌شود.,A,0.5087835192680359,A,0.9900506138801576,True,True,True,True,[0.5087835  0.02881594 0.44899988 0.01340066],[9.900506e-01 7.533337e-03 2.158337e-03 2.577766e-04],0.8220065236091614,0.5087835,0.9900506,0.4812670999999999,0.8531789183616638,0.5089192390441895,0.637544572353363,0.8531789183616638,0.5089192390441895,0.637544572353363
2237,یک واکنش گرمازا بهتر است با کدام یک از موارد زیر نشان داده شود؟,"['موتور خودرو.', 'یخچال.', 'تابه سرخ کردنی.', 'بطری شیشه\u200cای.']",A,واکنش گرمازا واکنشی است که انرژی گرمایی آزاد می‌کند؛ بنابراین نماد آن باید چیزی باشد که خودش منبع گرما است یا در اثر گرما فعال می‌شود.,B,0.8306020498275757,B,0.0303543861955404,False,False,False,False,[0.07710728 0.83060205 0.07710728 0.01518332],[0.03035439 0.89404273 0.06426024 0.01134261],0.8562681674957275,0.07710728,0.03035439,-0.04675289,0.8348625898361206,0.6832022070884705,0.7514567375183105,0.8348625898361206,0.6832022070884705,0.7514567375183105
2238,جریان الکتریکی در یک مدار با کدام یک متوقف می‌شود؟,"['سیم.', 'باتری.', 'کلید.', 'لامپ.']",C,کلید وسیله‌ای است که مسیر جریان الکتریکی را باز یا بسته می‌کند.,A,0.4244886636734009,C,0.993263840675354,False,True,True,True,[0.42448866 0.15616065 0.04474077 0.37460992],[0.00456393 0.00115394 0.99326384 0.00101835],0.823835015296936,0.04474077,0.99326384,0.94852307,0.8791773319244385,0.6602431535720825,0.7541419863700867,0.8791773319244385,0.6602430939674377,0.7541419267654419
2239,سوالی: یک دانش‌آموز یک لوله آزمایش را می‌اندازد و شیشه آن می‌شکند. اولین چیزی که دانش‌آموز باید انجام دهد چیست؟,"['شیشه\u200cهای شکسته را تمیز کند', 'لوله آزمایش شکسته را تعویض کند', 'حادثه را به معلم گزارش دهد', 'به یک ناحیه جدید در آزمایشگاه منتقل شود']",C,در صورت وقوع حادثه، باید فوراً آن را به معلم گزارش داد تا اقدامات لازم برای جلوگیری از خطرات بعدی انجام شود.,C,0.8828495740890503,C,0.8777077198028564,True,True,True,False,[0.10606097 0.00589078 0.8828496  0.0051986 ],[0.10482724 0.01658608 0.8777077  0.00087903],0.7218826413154602,0.8828496,0.8777077,-0.0051419,0.8047022223472595,0.656169056892395,0.7228846549987793,0.8047022819519043,0.656169056892395,0.7228846549987793
2240,آریانا از بادکنک‌ها برای بررسی الکتریسیته ساکن استفاده می‌کند. کدام یک از گزینه‌های زیر به بهترین نحو توضیح می‌دهد که چه اتفاقی خواهد افتاد زمانی که او دو بادکنک با بار مثبت را به هم نزدیک کند؟,"['بادکنک\u200cها از هم دور خواهند شد.', 'یک بادکنک بار خود را از دست خواهد داد.', 'بادکنک\u200cها به هم نزدیک خواهند شد.', 'یک بادکنک بار منفی خواهد گرفت.']",A,بادکنک‌های با بار مثبت، نیروی دافعه ایجاد می‌کنند و از هم دور می‌شوند.,C,0.7790130972862244,A,0.9945471286773682,False,True,True,True,[0.19658104 0.00994132 0.7790131  0.01446453],[0.9945471  0.00220551 0.00220551 0.00104181],0.7984150648117065,0.19658104,0.9945471,0.79796606,0.7750996351242065,0.5694456696510315,0.6565448045730591,0.7765340209007263,0.5714468955993652,0.6583890914916992
2241,ابرها باران و برف را به سطح زمین می‌آورند. باران و برف چگونه عمدتاً از زندگی در زمین حمایت می‌کنند؟,"['آنها سطح زمین را خنک می\u200cکنند.', 'آنها اسیدها را به خاک می\u200cآورند.', 'آنها آب شیرین را به جانداران خشکی می\u200cآورند.', 'آنها کوه\u200cها را تشکیل می\u200cدهند.']",C,باران و برف به عنوان منابع آب شیرین، نقش مهمی در حمایت از زندگی دارند و امکان بقا و رشد گیاهان و جانداران خشکی را فراهم می‌کنند.,A,0.8728162050247192,C,0.8105936050415039,False,True,True,True,[0.8728162  0.06335021 0.03390892 0.02992452],[0.16024005 0.02741384 0.8105936  0.00175251],0.9384220242500304,0.03390892,0.8105936,0.77668468,0.8675153851509094,0.7516248226165771,0.8054226636886597,0.8675154447555542,0.7516248822212219,0.8054226636886597
2242,کدام یک از موارد زیر به احتمال زیاد یک سازگاری است که بر اثر تخریب زیستگاه ایجاد شده است؟,"['پرنده\u200cای که در یک برج آب لانه می\u200cسازد', 'پوشش خرگوشی که در زمستان سفید می\u200cشود', 'مارمولکی که پوست خود را می\u200cریزد', 'ماهی سالمونی که به سمت بالای رودخانه شنا می\u200cکند']",A,پرنده‌ای که در برج آب لانه می‌سازد، احتمالاً به دلیل از بین رفتن زیستگاه طبیعی خود، با تغییرات زیستگاهی سازگار شده است.,C,0.4973962604999542,A,0.9473615288734436,False,True,True,True,[0.3873726  0.09794313 0.49739626 0.01728799],[0.9473615  0.03267118 0.01060678 0.00936045],0.6856257319450378,0.3873726,0.9473615,0.5599889,0.7349843978881836,0.5973963737487793,0.6590864062309265,0.7241274118423462,0.5901324152946472,0.6502992510795593
2243,تحقیقات در حال انجام است در مورد استفاده از انرژی خورشید برای تجزیه مولکول‌های آب به هیدروژن و اکسیژن. اکسیژن به محیط زیست رها خواهد شد و هیدروژن برای سوخت استفاده خواهد شد. کدام یک از بیانات زیر توضیح می‌دهد که این تکنولوژی چگونه به محیط زیست کمک خواهد کرد؟,"['خصوصیات هیدروژن بهتر درک خواهد شد.', 'دسترسی به منابع پاک افزایش خواهد یافت.', 'جو با اکسیژن تامین خواهد شد.', 'منبع انرژی فراوان خورشید مورد استفاده قرار خواهد گرفت.']",B,این تکنولوژی با استفاده از انرژی خورشید، وابستگی به منابع فسیلی را کاهش و آلودگی هوا را کم می‌کند و به منابع پاک انرژی دسترسی بیشتری فراهم می‌کند.,C,0.4345819354057312,B,0.921512246131897,False,True,True,True,[0.1811607  0.0458046  0.43458194 0.33845276],[0.05158359 0.92151225 0.01015741 0.01674674],0.8072022199630737,0.0458046,0.92151225,0.8757076500000001,0.8105268478393555,0.6842613816261292,0.7420613169670105,0.8105267882347107,0.6842613816261292,0.742061197757721
2244,محققان در یک آزمایشگاه علمی راه‌هایی برای تولید نانو لوله‌های کربنی از کیسه‌های پلاستیکی خرید بازیافتی یافته‌اند. این نانو لوله‌ها سپس به عنوان اجزای باتری استفاده می‌شوند. این رویکرد به بهترین نحو توانایی فناوری را نشان می‌دهد تا,"['در دسترسی به منابع افزایش دهد.', 'محصولات موجود را بهبود بخشد.', 'منابع در دسترس را کاهش دهد.', 'باعث تخریب محیط زیست شود.']",A,استفاده از مواد بازیافتی برای تولید مواد پیشرفته، دسترسی به منابع را افزایش می‌دهد.,B,0.8157515525817871,A,0.997977077960968,False,True,True,True,[1.8237463e-01 8.1575155e-01 3.0827915e-04 1.5655708e-03],[9.9797708e-01 1.8976070e-03 4.1923598e-05 8.3375024e-05],0.7071235179901123,0.18237463,0.99797708,0.81560245,0.7984811067581177,0.5811142921447754,0.6726737022399902,0.7984809875488281,0.5811142921447754,0.6726737022399902
2245,رعد و برق و طوفان‌های دریایی از نمونه‌های آب و هوای شدید هستند. کدام یک از این شرایط جوی برای شکل‌گیری رعد و برق و طوفان‌های دریایی ضروری است؟,"['باران سردی که به زمین می\u200cافتد', 'ترکیب توده\u200cهای هوایی برای ایجاد منطقه فشار بالا', 'بادهایی که به سمت پایین و دور از مرکز طوفان می\u200cچرخند', 'هوایی که به سمت مرکز طوفان حرکت کرده و به جو بالا می\u200cرود']",D,حرکت هوا به سمت بالا برای شکل‌گیری رعد و برق و طوفان‌های دریایی ضروری است؛ [MASK].,B,0.5583456754684448,D,0.7566158771514893,False,True,True,True,[0.12507136 0.5583457  0.11037509 0.20620781],[0.06186468 0.03311378 0.14840566 0.7566159 ],0.8671391606330872,0.20620781,0.7566159,0.55040809,0.8168268203735352,0.6347485780715942,0.7143681645393372,0.8444749116897583,0.640740692615509,0.7286341190338135
2246,اگر شما یک دماسنج را درون یک لیوان آب یخ قرار دهید، دماسنج باید چه دمایی را نشان دهد؟,"['-10 درجه سانتی\u200cگراد', '0 درجه سانتی\u200cگراد', '32 درجه سانتی\u200cگراد', '100 درجه سانتی\u200cگراد']",B,دمای آب یخ صفر درجه سانتی‌گراد است.,B,0.90289705991745,B,0.991334855556488,True,True,True,True,[0.05727109 0.90289706 0.02705295 0.01277891],[7.5689349e-03 9.9133486e-01 4.1387239e-04 6.8236020e-04],0.8150327801704407,0.90289706,0.99133486,0.0884378,0.7805747389793396,0.5868396162986755,0.6699829697608948,0.7805747389793396,0.5868396162986755,0.6699829697608948
2247,یک گروه از دانشجویان علوم از آب، کاغذ صافی و صفحه داغ برای جدا کردن مخلوطی از نمک و شن استفاده کردند. کدامیک از موارد زیر احتمالاً اولین کاری بود که دانشجویان انجام دادند؟,"['مخلوط را تکان دهند تا شن در کف ته نشین شود', 'مخلوط را از خلال کاغذ صافی بریزند', 'مخلوط را بر روی صفحه داغ گرم کنند', 'نمک را با اضافه کردن آب به مخلوط حل کنند']",D,ابتدا باید نمک را با افزودن آب به مخلوط، حل کنند.,A,0.7827883362770081,D,0.5027259588241577,False,True,True,True,[0.78278834 0.19869453 0.0022073  0.01630984],[0.44713372 0.04712755 0.00301276 0.50272596],0.8054437041282654,0.01630984,0.50272596,0.48641612,0.7570419907569885,0.65472412109375,0.7021753191947937,0.7570419907569885,0.65472412109375,0.7021753191947937
2248,کدام منبع غیرقابل تجدید در کامپیوترها و الکترونیک به طور گسترده‌ای استفاده می‌شود؟,"['الف) نفت', 'ب) گاز', 'ج) طلا', 'د) سرب']",C,به دلیل خواص فیزیکی خاص مانند رسانایی الکتریکی بالا و مقاومت در برابر خوردگی.,C,0.5775986313819885,C,0.8081054091453552,True,True,True,True,[0.21248667 0.02239593 0.57759863 0.18751882],[0.03495521 0.01651167 0.8081054  0.14042766],0.6650460958480835,0.57759863,0.8081054,0.2305067699999999,0.9324800968170166,0.6770757436752319,0.7845141291618347,0.9324800968170166,0.6770757436752319,0.7845141291618347
2249,تبخیر در کدام یک بیشترین نرخ را دارد؟,"['رودخانه\u200cها', 'جُوی\u200cها', 'خورها', 'یخچال\u200cهای طبیعی']",C,[MASK] به دلیل داشتن سطح وسیع آب و عمق بیشتر، شرایط مناسبی برای تبخیر دارند و نرخ تبخیر در آنها بالاتر است.,A,0.6540138721466064,A,0.0211318619549274,False,False,False,False,[0.6540139  0.24059826 0.01756557 0.08782236],[0.61756355 0.33055797 0.02113186 0.03074668],0.8056857585906982,0.01756557,0.02113186,0.0035662899999999,0.7793664336204529,0.6385815739631653,0.7019848823547363,0.7713834047317505,0.6291947960853577,0.6930714845657349
2250,کدام یک از این‌ها توسط تمامی سلول‌ها ترشح می‌شود؟,"['شکر', 'آب', 'انرژی', 'اکسیژن']",C,همه سلول‌ها برای فعالیت‌های خود به [MASK] نیاز دارند و آن را تولید می‌کنند.,D,0.4762089252471924,C,0.8242762088775635,False,True,True,True,[0.25489628 0.22494516 0.04394963 0.47620893],[0.06017869 0.02798569 0.8242762  0.08755946],0.7902268171310425,0.04394963,0.8242762,0.78032657,0.8827030658721924,0.6801730990409851,0.768315315246582,0.8866093158721924,0.6816191673278809,0.7707166075706482
2251,یک کشاورز فکر می‌کند که سبزیجات موجود در مزرعه‌اش آب کافی نمی‌گیرند. پسرش پیشنهاد می‌کند که از آب اقیانوس نزدیک برای آبیاری سبزیجات استفاده کنند. آیا این یک ایده خوب است؟,"['الف) بله، زیرا آب اقیانوس به وفور موجود است.', 'ب) بله، زیرا آب اقیانوس دارای بسیاری از کودهای طبیعی است.', 'ج) خیر، زیرا آب اقیانوس برای گیاهانی که در خشکی رشد می\u200cکنند، بیش از حد شور است.', 'د) خیر، زیرا آب اقیانوس به مراتب بیشتر از آب باران آلوده است.']",C,آب اقیانوس به دلیل شوری زیاد برای گیاهان مضر است و باعث افزایش شوری خاک می‌شود.,C,0.8126741647720337,C,0.8240930438041687,True,True,True,True,[0.1423292  0.03175794 0.81267416 0.01323868],[0.1432059  0.01332022 0.82409304 0.01938081],0.8208973407745361,0.81267416,0.82409304,0.01141888,0.7748075127601624,0.5870382785797119,0.6679782867431641,0.7748075723648071,0.5870382785797119,0.6679782271385193
2252,استفاده از تلویزیون بهبود ایمنی را از طریق چه چیزی فراهم کرده است؟,"['استفاده از صفحه نمایش\u200cهای بزرگ\u200cتر با رنگ بهتر.', 'توضیح نحوه جلوگیری از فشار ناشی از تبلیغات.', 'فراهم کردن یک محیط که مردم را به ورزش بیشتر تشویق کند.', 'هشدار به مردم درباره خطراتی مانند بد بودن آب و هوا یا حوادث.']",D,تلویزیون اطلاعات مهمی مانند هشدارهای خطرات طبیعی و شرایط اضطراری را به سرعت به مردم منتقل می‌کند و ایمنی را بهبود می‌دهد.,D,0.6801049709320068,D,0.9897107481956482,True,True,True,True,[0.11911145 0.19485334 0.00593021 0.680105  ],[8.4629180e-03 1.6664473e-03 1.5992409e-04 9.8971075e-01],0.88463294506073,0.680105,0.98971075,0.30960575,0.8702523708343506,0.630713939666748,0.7313691973686218,0.8700854778289795,0.6356222629547119,0.7345989942550659
2253,کدام واقعیت بهترین توضیح را دربارهٔ این موضوع می‌دهد که چرا زندگی در زمین وجود دارد اما در ماه وجود ندارد؟,"['ماه جاذبه ندارد.', 'ماه دور خورشید نمی\u200cچرخد.', 'ماه دارای آب و اکسیژن کمی است.', 'ماه بسیار کوچکتر از زمین است.']",C,اندازه کوچک ماه، سبب ضعف جاذبه و ناتوانی در حفظ اتمسفر پایدار می‌شود.,B,0.4211036562919616,C,0.867876410484314,False,True,True,True,[0.28942004 0.42110366 0.06407578 0.22540055],[0.10365306 0.00837645 0.8678764  0.02009406],0.7849943041801453,0.06407578,0.8678764,0.80380062,0.6502106189727783,0.543451189994812,0.5920566916465759,0.6502106189727783,0.543451189994812,0.5920566916465759
2254,یک دانشمند نمونه‌ای از لیتیم را در ظرفی از آب قرار داد. دانشمند مشاهده کرد که لیتیم شناور است و در حالی که حباب‌های گاز اطراف آن شکل می‌گرفت، صدای زنبوری تولید می‌کند. کدام نتیجه بهترین حمایت را از این مشاهده دارد؟,"['تغییر شیمیایی رخ داده است.', 'لیتیوم توسط آب حل شده است.', 'گازهای حل شده آزاد شده\u200cاند.', 'آب بخار شده است.']",A,واکنش لیتیم با آب، تولید گاز هیدروژن و مواد جدید است که نشان‌دهنده تغییر شیمیایی است.,C,0.8494149446487427,A,0.972772777080536,False,True,True,True,[0.13128366 0.01362267 0.84941494 0.00567877],[9.7277278e-01 3.5220978e-03 2.2966962e-02 7.3827180e-04],0.8412151336669922,0.13128366,0.97277278,0.84148912,0.7829791903495789,0.6508235335350037,0.7108108401298523,0.7829791903495789,0.6508235335350037,0.7108108401298523
2255,سوال: کدام عمل انسانی به حفظ یک منبع تجدیدپذیر کمک می‌کند؟,"['الف) ساخت نیروگاه\u200cهای حرارتی که از زغال\u200cسنگ به عنوان سوخت استفاده می\u200cکنند', 'ب) پاکسازی زمین برای ساخت جاده\u200cها و ساختمان\u200cها', 'ج) هدایت نشت کود به دریاچه\u200cها', 'د) کاشت دوباره درختان در مناطق جنگلی از بین رفته']",D,کاشت درختان در مناطق جنگلی از بین رفته به حفظ منابع تجدیدپذیر و جلوگیری از فرسایش خاک کمک می‌کند.,D,0.7805235385894775,D,0.9800608158111572,True,True,True,True,[0.05698439 0.00759244 0.15489964 0.78052354],[1.7741311e-02 8.2977215e-04 1.3680630e-03 9.8006082e-01],0.9058063626289368,0.78052354,0.98006082,0.19953728,0.942450761795044,0.7856836915016174,0.8569567203521729,0.9424508213996887,0.7856837511062622,0.8569567799568176
2256,کدام یک از تغییرات زیر به دلیل از بین بردن حرارت ایجاد می‌شود؟,"['یک جامد به گاز تبدیل می\u200cشود.', 'یک مایع به گاز تبدیل می\u200cشود.', 'یک جامد به مایع تبدیل می\u200cشود.', 'یک مایع به جامد تبدیل می\u200cشود.']",D,هنگامی که یک مایع به جامد تبدیل می‌شود، گرما از دست می‌دهد و این فرآیند انجماد نام دارد.,B,0.5480273365974426,D,0.8350055813789368,False,True,True,True,[0.3766533  0.54802734 0.03530899 0.04001033],[0.04189854 0.11389203 0.00920389 0.8350056 ],0.943391740322113,0.04001033,0.8350056,0.79499527,0.8767296671867371,0.7207064628601074,0.7910985350608826,0.8767297267913818,0.7207064628601074,0.7910985946655273
2257,یک سرخرطومی یک برگ بلوط را می‌خورد. کدام یک از موارد زیر بهترین توصیف کننده انتقال انرژی در این موقعیت است؟,"['هم سرخرطوم و هم برگ انرژی کسب می\u200cکنند.', 'انرژی از برگ به سرخرطوم منتقل می\u200cشود.', 'تجزیه\u200cکننده\u200cها در برگ از سرخرطوم انرژی کسب می\u200cکنند.', 'درخت بلوط زمانی که سرخرطوم برگ را می\u200cخورد انرژی کسب می\u200cکند.']",B,انرژی ذخیره شده در برگ به سرخرطوم منتقل می‌شود.,B,0.9343681931495668,B,0.9683200716972352,True,True,True,True,[0.05984894 0.9343682  0.00201617 0.0037667 ],[2.9701207e-02 9.6832007e-01 8.9689874e-04 1.0818663e-03],0.7914578318595886,0.9343682,0.96832007,0.0339518699999999,0.8308797478675842,0.621631383895874,0.711183488368988,0.8319380283355713,0.6273465752601624,0.7153005003929138
2258,یک تغییر زمین‌شناسی جمعیت یک گرگ را به دو جمعیت جدید تقسیم می‌کند. تغییرات ژنتیکی به طور مستقیم چه تاثیری بر دو جمعیت جدید در طول زمان می‌گذارد؟,"['نرخ جهش آنها افزایش می\u200cیابد.', 'وجود و توزیع الل\u200cها دچار انحراف می\u200cشود.', 'آنها به طور متفاوتی به فشارهای انتخابی یکسان پاسخ می\u200cدهند.', 'آنها برای حفظ یکنواختی ویژگی\u200cها با یکدیگر جفت\u200cگیری می\u200cکنند.']",B,جدایی جغرافیایی ناشی از تغییر زمین‌شناسی می‌تواند باعث تغییر در ترکیب ژنی جمعیت‌ها شود؛ به طوری که توزیع الل‌ها در هر یک از جمعیت‌های جدید متفاوت باشد و دچار انحراف شود.,B,0.7382446527481079,B,0.9880366325378418,True,True,True,True,[0.18592976 0.73824465 0.05326977 0.02255584],[1.1062182e-02 9.8803663e-01 6.6433568e-04 2.3687618e-04],0.9110255837440492,0.73824465,0.98803663,0.24979198,0.8149347305297852,0.6799317598342896,0.7413370609283447,0.8149347305297852,0.6799317598342896,0.7413370609283447
2259,ماه و زمین مشابهت دارند در,"['جو سطحی.', 'زمین سنگی.', 'جاذبه.', 'اندازه.']",B,ماه و زمین هر دو دارای جاذبه هستند.,A,0.8876760601997375,C,0.0019509647972881,False,False,False,False,[0.88767606 0.05017716 0.00528863 0.05685817],[0.03681201 0.00195096 0.95684034 0.00439657],0.8689967393875122,0.05017716,0.00195096,-0.0482262,0.8952531814575195,0.6043737530708313,0.7216028571128845,0.8952531814575195,0.6043737530708313,0.7216028571128845
2260,در یک رویه آزمایشگاهی، یک دانش‌آموز اندازه‌های مختلف ذرات خاک را مشاهده می‌کند. کدام ابزار برای این تحقیق مناسب‌تر است؟,"['یک لنز دستی با بزرگنمایی ۱X', 'یک میکروسکوپ با بزرگنمایی ۴۰X', 'یک میکروسکوپ نوری با بزرگنمایی ۱۰۰X', 'یک میکروسکوپ تشریحی با بزرگنمایی ۴X']",D,برای مشاهده دقیق ذرات کوچک خاک، ابزاری با بزرگنمایی و دقت بالا نیاز است.,B,0.5788363218307495,B,0.0021858576219528,False,False,False,False,[0.01761643 0.5788363  0.397828   0.00571922],[0.01773887 0.6656462  0.314429   0.00218586],0.8906768560409546,0.00571922,0.00218586,-0.0035333599999999,0.7851255536079407,0.6377745866775513,0.7038204669952393,0.7851254940032959,0.6377745270729065,0.7038204073905945
2261,"سوال: شرکت X هر سال 100 اتوبوس سفارشی تولید می‌کند. شرکت Y هر سال 10,000 اتوبوس از یک نوع خاص تولید می‌کند. کدام یک از دلایل زیر احتمالاً بیشتر است که یک مشتری اتوبوسی از شرکت X به جای شرکت Y بخرد؟","['الف) برای کاهش هزینه اتوبوس', 'ب) برای اطمینان از اینکه اتوبوس به راحتی قابل تعویض باشد', 'ج) برای ارائه ایده\u200cهایی درباره نحوه ساخت اتوبوس', 'د) برای اطمینان از اینکه مردم می\u200cدانند چگونه اتوبوس را برانند']",C,مشتریانی که به دنبال اتوبوس‌های سفارشی با ویژگی‌های خاص هستند، احتمالاً به شرکت X مراجعه می‌کنند تا نیازهایشان برآورده شود.,B,0.6366651654243469,B,0.0595011003315448,False,False,False,False,[0.30073932 0.63666517 0.01683452 0.04576096],[0.20767924 0.63471895 0.0595011  0.09810074],0.8412163853645325,0.01683452,0.0595011,0.04266658,0.7896782159805298,0.6257269382476807,0.6982070207595825,0.7896782159805298,0.6257269382476807,0.6982070207595825
2262,دانش‌آموزان به یک سفر میدانی در کلاس می‌روند تا حشرات را جمع‌آوری کنند. کدام یک از این موارد یک قاعده ایمنی مهم است که دانش‌آموزان باید رعایت کنند؟,"['حشرات را با دستان برهنه بردارند.', 'در هر زمان با یک همکلاسی بمانند.', 'بدون اینکه ابتدا نگاه کنند، زیر سنگ\u200cهای بزرگ دست ببرند.', 'از گروه فاصله بگیرند.']",B,همراه بودن با یک همکلاسی برای کمک به یکدیگر و جلوگیری از خطرات احتمالی مانند گم شدن یا آسیب دیدن ضروری است.,A,0.7106707096099854,B,0.872826874256134,False,True,True,True,[0.7106707  0.01139753 0.20361057 0.07432123],[0.07192641 0.8728269  0.00581254 0.04943425],0.7244738340377808,0.01139753,0.8728269,0.86142937,0.783882737159729,0.5992439985275269,0.6792393326759338,0.783882737159729,0.5992439985275269,0.6792393326759338
2263,یک سنگ داغ درون یک سطل آب سرد انداخته می‌شود. انرژی حرارتی از سنگ به آب از طریق,"['جوشیدن.', 'تبخیر.', 'رسانایی.', 'تابش.']",C,انتقال انرژی حرارتی از سنگ به آب از طریق تماس مستقیم دو جسم است.,C,0.9647777080535888,C,0.9733343124389648,True,True,True,True,[0.02280046 0.00165166 0.9647777  0.01077017],[2.0279972e-02 5.7529856e-04 9.7333431e-01 5.8103097e-03],0.8241195678710938,0.9647777,0.97333431,0.00855661,0.8571738004684448,0.62919682264328,0.7257019877433777,0.8571738004684448,0.62919682264328,0.7257019877433777
2264,کدام یک از این موارد در تمامی مراحل چرخه زندگی پروانه لازم است؟,"['بال\u200cها', 'چشم\u200cها', 'خاک', 'هوا']",D,پروانه‌ها در تمامی مراحل زندگی به [MASK] نیاز دارند.,C,0.5574087500572205,C,0.2935036420822143,False,False,False,False,[0.29835942 0.05875045 0.55740875 0.08548141],[0.15710118 0.06548952 0.4839057  0.29350364],0.7351654767990112,0.08548141,0.29350364,0.20802223,0.9342681169509888,0.6854208111763,0.7907280921936035,0.9194626808166504,0.6472537517547607,0.7597107887268066
2265,مخلوط مخصوص نوعی تنقلات است. یکی از انواع مخلوط مخصوص شامل کشمش، تکه‌های شکلات، بادام‌زمینی و دانه‌های آفتابگردان است. کدام یک از جملات توصیف می‌کند که چرا مخلوط مخصوص یک مخلوط است؟,"['این مخلوط شامل چهار ماده است.', 'مواد مختلف با هم متراکم می\u200cشوند.', 'هر جزء خواص اصلی خود را حفظ می\u200cکند.', 'اجزاء را نمی\u200cتوان از مخلوط جدا کرد.']",C,زیرا در مخلوط مخصوص، هر جزء خواص اصلی خود را حفظ کرده و تغییر شیمیایی یا فیزیکی در آن ایجاد نشده است.,A,0.4336343109607696,C,0.9398033022880554,False,True,True,True,[0.4336343  0.20483434 0.18076567 0.18076567],[5.3020075e-02 6.4320643e-03 9.3980330e-01 7.4456556e-04],0.784466028213501,0.18076567,0.9398033,0.75903763,0.8167026042938232,0.6165744066238403,0.7026665806770325,0.8167026042938232,0.6165744066238403,0.7026665806770325
2266,کدام تغییر بهترین مثال از یک تغییر فیزیکی است؟,"['پختن یک کوکی', 'سوزاندن کاغذ', 'ذوب شدن بستنی', 'زنگ زدگی یک میخ']",C,[MASK] نمونه‌ای از تغییر فیزیکی است زیرا حالت ماده تغییر می‌کند بدون تغییر ماهیت شیمیایی.,A,0.5348173379898071,C,0.6181883811950684,False,True,True,True,[0.53481734 0.03418973 0.41651616 0.01447684],[0.3308924  0.04548662 0.6181884  0.0054326 ],0.8529467582702637,0.41651616,0.6181884,0.2016722399999999,0.8337140679359436,0.6308044195175171,0.7182025909423828,0.8190358281135559,0.619390606880188,0.7053584456443787
2267,در کدام نوع مرز، تشکیل کوه‌ها موجب تولید کوه‌هایی می‌شود که کاملاً از مواد پوسته‌ای موجود ساخته شده‌اند؟,"['مرز واگرا بین دو صفحه اقیانوسی', 'مرز واگرا بین یک صفحه اقیانوسی و یک صفحه قاره\u200cای', 'مرز همگرا بین یک صفحه اقیانوسی و یک صفحه قاره\u200cای', 'مرز همگرا بین دو صفحه قاره\u200cای']",D,هنگامی که دو صفحه قاره‌ای به هم برخورد می‌کنند، کوه‌هایی تشکیل می‌شوند که از مواد پوسته‌ای موجود ساخته شده‌اند.,B,0.6493648290634155,D,0.7794187664985657,False,True,True,True,[0.1867743  0.6493648  0.127369   0.03649183],[0.03850299 0.06348071 0.11859757 0.77941877],0.8127593994140625,0.03649183,0.77941877,0.74292694,0.7997344732284546,0.6169299483299255,0.6965378522872925,0.8089234828948975,0.623256504535675,0.7040551900863647
2268,کدام عبارت بهترین توضیح را برای این که روزهای تابستانی در آرکانزاس گرم‌تر از روزهای زمستانی هستند، ارائه می‌دهد؟,"['خورشید در تابستان به زمین نزدیک\u200cتر از زمستان است.', 'خورشید در تابستان لکه\u200cهای خورشیدی بیشتری نسبت به زمستان دارد.', 'کره غربی زمین در تابستان به سمت خورشید متمایل است.', 'کره شمالی زمین در تابستان به سمت خورشید متمایل است.']",D,زمین در تابستان نسبت به زمستان با زاویه مناسب‌تری به سمت خورشید قرار می‌گیرد و پرتوهای مستقیم‌تری دریافت می‌کند.,A,0.90911602973938,A,0.0874980464577674,False,False,False,False,[0.909116   0.02739936 0.00548022 0.05800444],[0.72691095 0.1442599  0.04133115 0.08749805],0.8602310419082642,0.05800444,0.08749805,0.0294936099999999,0.7374170422554016,0.65699303150177,0.6948857307434082,0.7374170422554016,0.6569931507110596,0.6948858499526978
2269,امواج راسبی امواج دراز و آهسته دریا هستند. چه ویژگی از یک موج راسبی تغییر می‌کند اگر طول موج دو برابر شود؟,"['دامنه دو برابر می\u200cشود.', 'فرکانس دو برابر می\u200cشود.', 'دامنه به نصف کاهش می\u200cیابد.', 'فرکانس به نصف کاهش می\u200cیابد.']",D,با دو برابر شدن طول موج، فرکانس موج به نصف کاهش می‌یابد زیرا سرعت موج ثابت است و رابطه بین طول موج و فرکانس معکوس است.,A,0.7909431457519531,D,0.9277048707008362,False,True,True,True,[0.79094315 0.15513875 0.02695907 0.02695907],[0.06759764 0.00292399 0.00177349 0.9277049 ],0.9222713112831116,0.02695907,0.9277049,0.90074583,0.8057461977005005,0.6992018222808838,0.7487025856971741,0.8057461977005005,0.6992018222808838,0.7487025856971741
2270,امواج تولید شده توسط صدای یک فرد مشابه امواج تولید شده توسط زلزله هستند زیرا هر دو,"['به وسیله ارتعاشات فیزیکی ایجاد می\u200cشوند.', 'به وسیله نیروی جاذبه جابجا می\u200cشوند.', 'از نوع امواج الکترومغناطیسی هستند.', 'دارای فرکانس یکسان هستند.']",A,هر دو به دلیل ارتعاشات فیزیکی ایجاد می‌شوند و می‌توانند در محیط‌های مختلف منتشر شوند.,A,0.9852129817008972,A,0.9993590712547302,True,True,True,True,[9.8521298e-01 3.6012665e-03 9.3017792e-05 1.1092681e-02],[9.9935907e-01 4.3299614e-04 4.8580820e-05 1.5929039e-04],0.6645380854606628,0.98521298,0.99935907,0.01414609,0.9015977382659912,0.6579141616821289,0.7607173919677734,0.9015977382659912,0.6579141616821289,0.7607173919677734
2271,ماشین‌ها با بنزین ساخته شده از نفت کار می‌کنند. بهترین راه برای صرفه‌جویی در بنزین چیست؟,"['همسفری به مدرسه', 'سوار اتوبوس به مدرسه شدن', 'سوار دوچرخه به مدرسه شدن', 'تنها به مدرسه رانندگی کردن']",C,استفاده از دوچرخه به جای خودرو، مصرف بنزین را به صفر می‌رساند.,A,0.3982837498188019,C,0.9820022583007812,False,True,True,True,[0.39828375 0.21318594 0.03704616 0.35148418],[1.6122544e-02 1.3234190e-03 9.8200226e-01 5.5168319e-04],0.763789176940918,0.03704616,0.98200226,0.9449561,0.9141467213630676,0.626191258430481,0.7432532906532288,0.9141467213630676,0.626191258430481,0.7432532906532288
2272,کدام یک از فعالیت‌های زیر توسط واحد بازاریابی یک سازمان تولیدی انجام می‌شود؟,"['تبلیغات', 'حمل و نقل', 'ذخیره\u200cسازی', 'کنترل کیفیت']",A,واحد بازاریابی مسئولیت آگاه‌سازی مشتریان از محصولات را بر عهده دارد که شامل فعالیت‌های [MASK]ی می‌شود.,A,0.9886093139648438,A,0.9720572233200072,True,True,True,False,[9.8860931e-01 8.5615031e-03 3.7616619e-04 2.4529116e-03],[9.7205722e-01 9.5297135e-03 6.0921424e-04 1.7803850e-02],0.797028660774231,0.98860931,0.97205722,-0.0165520899999999,0.7049713134765625,0.6053986549377441,0.6514018177986145,0.7087249755859375,0.5996918678283691,0.6496654748916626
2273,کدام یک از این موارد نمونه‌ای از تغییر شکل آب از بخار آب به مایع است؟,"['تشکیل رطوبت بر روی یک آینه زمانی که بر روی آن نفس می\u200cکشید', 'تشکیل عرق بر روی بدن شما هنگام ورزش کردن', 'ذوب شدن تکه\u200cهای یخ زمانی که آنها را در یک مایع گرم می\u200cگذارید', 'خشک شدن رودها در طول یک تابستان بسیار گرم']",A,تبدیل بخار آب به مایع هنگام تشکیل رطوبت روی آینه، نمونه تغییر حالت آب از بخار به مایع است.,A,0.7921624183654785,A,0.9869298934936525,True,True,True,True,[0.7921624  0.02111041 0.17675534 0.00997185],[0.9869299  0.00743298 0.00397859 0.00165852],0.7846674919128418,0.7921624,0.9869299,0.1947674999999999,0.7592422366142273,0.6289688348770142,0.6879929900169373,0.7624634504318237,0.631811261177063,0.691015899181366
2274,کدام جنبه از زندگی مدرن می‌تواند به احتمال زیاد یک اپیدمی را به پاندمی تبدیل کند؟,"['واکسیناسیون', 'حمل و نقل', 'ارتباطات', 'بهداشت']",B,امکانات [MASK] مدرن، به ویژه هواپیماها، بیماری‌ها را به سرعت در سرتاسر جهان گسترش می‌دهند.,B,0.5741720795631409,B,0.9873448014259338,True,True,True,True,[0.0223502  0.5741721  0.3930838  0.01039381],[3.5194354e-03 9.8734480e-01 8.4426869e-03 6.9301791e-04],0.8756430745124817,0.5741721,0.9873448,0.4131727,0.9233366847038269,0.673251748085022,0.7787079811096191,0.9038805365562439,0.6545403003692627,0.7592637538909912
2275,سوال: با عقب‌نشینی یخچال‌ها در پایان آخرین دوره یخ، دما افزایش یافت و به تشکیل دریاچه‌ها کمک کرد. گیاهان پیشگام در تپه‌های شنی نزدیک دریاچه‌ها رشد کردند. در فاصله دورتر از تپه‌های شنی، اراضی چمنی و نواحی جنگلی توسعه یافتند. کدام فرآیند پس از ذوب شدن یخچال‌ها رخ داد و باعث توسعه اراضی چمنی و جنگل‌ها شد؟,"['الف) جانشینی اولیه', 'ب) تخریب زی habitats ت', 'ج) کاهش منابع', 'د) جهش ژنتیکی']",A,پس از ذوب یخچال‌ها، فرآیند جانشینی اولیه رخ داد که با رشد گیاهان پیشگام در مناطق جدید آغاز شد و به توسعه اراضی چمنی و جنگل‌ها انجامید.,A,0.9265191555023192,A,0.9994670748710632,True,True,True,True,[0.92651916 0.04594883 0.00293741 0.02459464],[9.9946707e-01 3.8817717e-04 6.3368178e-05 8.1366357e-05],0.9591899514198304,0.92651916,0.99946707,0.07294791,0.8795331716537476,0.7228007316589355,0.7935015559196472,0.8795331716537476,0.7228007316589355,0.7935015559196472
2276,نتیجه‌گیری یک مطالعه تحقیقاتی نشان داد که افرادی که ساعات کاری بیشتری دارند، شانس بیشتری برای داشتن فشار خون بالا دارند. این نتیجه‌گیری از مطالعه‌ای بر روی ۲۰۰ مرد با سنین مختلف به‌دست آمد. این تحقیق چگونه متعصب است؟,"['حجم نمونه خیلی بزرگ بود.', 'دانشمندان این مطالعه را انجام ندادند.', 'زنان از مطالعه کنار گذاشته شدند.', 'هیچ دارویی به مردان داده نشد.']",C,تحقیق فقط بر روی مردان انجام شده و نتایج آن ممکن است برای زنان صدق نکند.,C,0.7500900626182556,C,0.9904526472091676,True,True,True,True,[0.21490441 0.01532627 0.75009006 0.01967932],[8.70403741e-03 7.37150665e-04 9.90452647e-01 1.06196625e-04],0.7807055115699768,0.75009006,0.990452647,0.240362587,0.902082622051239,0.6300788521766663,0.7419363856315613,0.902082622051239,0.630078911781311,0.741936445236206
2277,کدام یک از این موارد توسط والدین به فرد منتقل می‌شود؟,"['موهای کوتاه', 'بازوهای بلند', 'گوش\u200cهای سوراخ شده', 'زخم روی پا']",B,ویژگی‌های فیزیکی مانند [MASK] به صورت ژنتیکی منتقل می‌شوند.,A,0.5669559836387634,C,0.0637496784329414,False,False,False,False,[0.566956   0.00713692 0.38966277 0.03624428],[0.2521349  0.06374968 0.68004006 0.00407538],0.7356614470481873,0.00713692,0.06374968,0.05661276,0.8464359641075134,0.5892502069473267,0.6948072910308838,0.8430464267730713,0.5813230872154236,0.6881393194198608
2278,کدام شیء بیشترین فضای اشغالی را دارد؟,"['یک کهکشان', 'یک سیاهچاله', 'یک ستاره نوترونی', 'یک منظومه شمسی']",A,کهکشان‌ها مجموعه‌های بزرگ از ستارگان و ماده هستند که فضای وسیعی را اشغال می‌کنند.,A,0.8074265718460083,A,0.9848954677581788,True,True,True,True,[0.8074266  0.05171797 0.03136853 0.10948694],[0.98489547 0.00397039 0.0027288  0.00840531],0.790126621723175,0.8074266,0.98489547,0.17746887,0.7012515068054199,0.5445176959037781,0.6130250096321106,0.7030142545700073,0.5435179471969604,0.6130621433258057
2279,چگونه سوابق تحقیق می‌توانند مفیدتر باشند؟,"['سوابق سرنخ\u200cهایی از اشتباهات انجام شده در تحقیق ارائه می\u200cدهند.', 'سوابق اثبات می\u200cکنند که تحقیق چندین بار انجام شده است.', 'سوابق نیاز به تکرار تحقیق را کنار می\u200cگذارند.', 'سوابق نتایج تحقیق را دقیق می\u200cسازند.']",A,آنها سرنخ‌هایی از اشتباهات انجام شده در تحقیق ارائه می‌دهند.,A,0.8281777501106262,A,0.9820151329040528,True,True,True,True,[0.82817775 0.07718313 0.00717915 0.08745994],[0.98201513 0.00839711 0.00449465 0.00509311],0.6196190714836121,0.82817775,0.98201513,0.1538373799999999,0.8247361183166504,0.5708925724029541,0.6747292280197144,0.8247361183166504,0.5708925724029541,0.6747292280197144
2280,دانش‌آموزان در حال مطالعه بر روی چگونگی تأثیر موقعیت‌های زمین و خورشید بر تغییرات در زمین هستند. پس از گذشت چهار فصل بر روی زمین، چه اتفاقی افتاده است؟,"['زمین یک دور چرخش به دور ماه را تکمیل کرده است.', 'زمین یک دور گردش به دور خورشید را تکمیل کرده است.', 'خورشید یک دور گردش به دور زمین را تکمیل کرده است.', 'ماه یک دور گردش به دور زمین را تکمیل کرده است.']",B,زمین با حرکت به دور خورشید، چهار فصل را پشت سر می‌گذارد و یک دور کامل گردش را تکمیل می‌کند.,B,0.8736120462417603,B,0.9903348088264464,True,True,True,True,[0.07143087 0.87361205 0.04909367 0.0058634 ],[7.6803728e-03 9.9033481e-01 1.7137227e-03 2.7115032e-04],0.8730828762054443,0.87361205,0.99033481,0.11672276,0.7620840668678284,0.6893795132637024,0.7239108681678772,0.7620840668678284,0.6893795132637024,0.7239108681678772
2281,شباهت بین موج‌های صوتی و موج‌های نوری چیست؟,"['هر دو انرژی را حمل می\u200cکنند.', 'هر دو در خلأ حرکت می\u200cکنند.', 'هر دو ناشی از ارتعاشات هستند.', 'هر دو با سرعت یکسانی حرکت می\u200cکنند.']",A,هر دو نوع موج قادر به حمل و انتقال انرژی هستند، یکی از طریق مکانیکی و دیگری به صورت الکترومغناطیسی.,B,0.7257868051528931,A,0.7914828658103943,False,True,True,True,[0.11086908 0.7257868  0.16131356 0.00203064],[0.79148287 0.199338   0.00766903 0.00151012],0.728553295135498,0.11086908,0.79148287,0.68061379,0.7345285415649414,0.5958715677261353,0.6579745411872864,0.7345285415649414,0.5958715677261353,0.6579745411872864
2282,کدام یک از این موارد پاسخ گربه‌ها به محرک‌های خارجی است؟,"['موهای پشت در زمان ترس راست می\u200cشوند', 'کاهش ضربان قلب در زمان خواب', 'حرکت مواد زائد به داخل مثانه', 'افزایش دما در هنگام عفونت']",A,پاسخ گربه‌ها به ترس، راست کردن موهای پشت است که مکانیسم دفاعی برای بزرگ‌تر نشان دادن بدن است.,D,0.4925598204135895,A,0.9806591272354126,False,True,True,True,[0.3385311  0.14112076 0.02778832 0.49255982],[0.9806591  0.0096611  0.00215568 0.00752407],0.7980138659477234,0.3385311,0.9806591,0.642128,0.7678157687187195,0.6242998838424683,0.688660204410553,0.7678157687187195,0.6242998838424683,0.688660204410553
2283,کدام روش بهترین تعیین‌کننده این است که آیا دمای آب بر مدت‌زمان حل شدن یک مکعب شکر تأثیر دارد؟,"['آزمایش سه مکعب شکر، یکی در هر دمای آب متفاوت.', 'آزمایش سه مکعب شکر در یک دمای آب.', 'آزمایش یک مکعب شکر خرد شده و یک مکعب شکر سالم در آب.', 'آزمایش سه مکعب شکر، یکی در اسید، یکی در باز و یکی در آب.']",A,با تغییر دما و اندازه‌گیری زمان حل شدن، تأثیر دما بر سرعت حل شدن شکر بررسی می‌شود.,A,0.9826666116714478,A,0.9805693626403807,True,True,True,False,[0.9826666  0.01232172 0.00101143 0.00400028],[9.8056936e-01 1.5880413e-02 7.9063926e-04 2.7596022e-03],0.8165568113327026,0.9826666,0.98056936,-0.00209724,0.7858414649963379,0.6191082000732422,0.6925812363624573,0.7858414649963379,0.6191082000732422,0.6925812363624573
2284,سوالی از یک دانش‌آموز پرسیده شد تا نموداری از زون فرورانش (سبدوکشن) تهیه کند که در آن پوسته اقیانوسی و پوسته قاره‌ای به هم برخورد می‌کنند. کدام ویژگی زمین‌شناسی باید در انتهای زون فرورانش گنجانده شود؟,"['جزیره', 'فلات', 'شکاف', 'خندق']",D,در انتهای زون فرورانش، پوسته اقیانوسی به درون گوشته زمین فرو می‌رود و [MASK]ی ایجاد می‌کند.,C,0.6120051741600037,C,0.01139045227319,False,False,False,False,[0.19946663 0.15413587 0.6120052  0.03439236],[0.04505011 0.13876411 0.8047953  0.01139045],0.8390177488327026,0.03439236,0.01139045,-0.0230019099999999,0.872138261795044,0.7236641049385071,0.7909941673278809,0.8536096811294556,0.7015373110771179,0.7701382040977478
2285,سوالی: یک توپ به سمت زمین بتنی پرتاب شده و به سمت بالا پرش می‌کند. چه نیرویی باعث می‌شود که توپ به سمت بالا پرش کند؟,"['الف) زمین', 'ب) جاذبه', 'ج) اصطکاک هوا بر روی توپ', 'د) شخصی که توپ را پرتاب می\u200cکند']",A,نیروی جاذبه زمین باعث تغییر جهت توپ پس از برخورد با زمین می‌شود و آن را به سمت بالا پرتاب می‌کند.,D,0.7496638894081116,B,0.1495635509490966,False,False,False,False,[0.05430547 0.18954471 0.00648586 0.7496639 ],[0.14956355 0.7595464  0.02024123 0.07064883],0.8572564721107483,0.05430547,0.14956355,0.09525808,0.857957124710083,0.7128829956054688,0.7787209153175354,0.857957124710083,0.7128829956054688,0.7787209153175354
2286,خوان و لکیسا چند شیء را از روی یک سطح شیبدار پایین می‌غلتانند. آنها می‌خواهند ببینند کدام شی‌ء بیشتر می‌غلتد. آنها باید چه کاری انجام دهند تا بتوانند تحقیق خود را تکرار کنند؟,"['اشیاء را در گروه\u200cها تقسیم کنند.', 'ارتفاع سطح شیبدار را تغییر دهند.', 'اشیاء مختلفی برای غلتاندن انتخاب کنند.', 'جزئیات تحقیق را ضبط کنند.']",D,برای تکرار تحقیق، جزئیات باید ضبط شوند تا شرایط آزمایش یکسان باشد و نتایج قابل مقایسه باشند.,B,0.8152967691421509,D,0.8637227416038513,False,True,True,True,[0.1611698  0.81529677 0.01176667 0.01176667],[0.1314254  0.00309083 0.0017611  0.86372274],0.8641864061355591,0.01176667,0.86372274,0.8519560700000001,0.8248593807220459,0.6261314749717712,0.7118865251541138,0.8248593211174011,0.6261314153671265,0.711886465549469
2287,سیستم‌های فشار بالا مانع از صعود هوا به مناطق سردتر جو می‌شوند، جایی که آب می‌تواند متراکم شود. اگر یک سیستم فشار بالا به مدت طولانی در یک منطقه باقی بماند، احتمالاً چه اتفاقی خواهد افتاد؟,"['مه', 'باران', 'خشکسالی', 'توفان']",C,مانع از صعود هوا و تشکیل ابرها می‌شود، احتمال بارش کاهش می‌یابد و شرایط خشک و گرم غالب می‌شود.,C,0.9105302691459656,C,0.930581510066986,True,True,True,True,[0.08403342 0.00174406 0.91053027 0.00369217],[6.7411102e-02 1.2346773e-03 9.3058151e-01 7.7264133e-04],0.6263288259506226,0.91053027,0.93058151,0.02005124,0.8261085152626038,0.5668572187423706,0.6723575592041016,0.8188608884811401,0.5635027289390564,0.6675962209701538
2288,سوال: دانش‌آموزان به تلسکوپ موریس و. آفیتمان، واقع در رصدخانه کمک‌هزینه فضایی مریلند در بالتیمور، مراجعه کردند. آنها در مورد ستاره‌ها، سیارات و ماه یاد گرفتند. دانش‌آموزان اطلاعات زیر را ثبت کردند. • الگوهای ستاره‌ای ثابت می‌مانند، اما موقعیت‌های آنها در آسمان به نظر می‌رسد که تغییر می‌کند. • خورشید، سیارات و ماه در آسمان به نظر می‌رسد که حرکت می‌کنند. • پروکسیما قنطورس نزدیک‌ترین ستاره به منظومه شمسی ماست. • قطب‌نما ستاره‌ای است که بخشی از الگوی ستاره‌ای به نام دوتایی کوچک است. کدام جمله بهترین توضیح را می‌دهد که چرا خورشید هر روز به نظر می‌رسد که در آسمان حرکت می‌کند؟,"['الف) خورشید دور زمین می\u200cچرخد.', 'ب) زمین دور خورشید می\u200cچرخد.', 'پ) خورشید حول محور خود می\u200cچرخد.', 'ت) زمین حول محور خود می\u200cچرخد.']",D,زمین حول محور خود می‌چرخد و این باعث تغییر موقعیت ظاهری خورشید در آسمان می‌شود.,B,0.8883617520332336,D,0.4125156998634338,False,True,True,True,[0.06485744 0.88836175 0.03063648 0.01614429],[0.07168448 0.36404383 0.15175605 0.4125157 ],0.809893012046814,0.01614429,0.4125157,0.39637141,0.8684751987457275,0.7259950637817383,0.7908692359924316,0.8684751987457275,0.7259950637817383,0.7908692359924316
2289,کدام حوزه موضوعی بهترین گزینه برای تحقیق به منظور پیدا کردن راه‌هایی برای کاهش مشکلات زیست‌محیطی ناشی از انسان‌ها است؟,"['تبدیل نور خورشید به برق', 'جستجو برای ذخایر جدید زغال\u200cسنگ', 'پیدا کردن مخازنی که شامل نفت هستند', 'تبدیل جنگل\u200cها به زمین\u200cهای کشاورزی']",A,تحقیق در حوزه انرژی‌های تجدیدپذیر و پایدار، مانند استفاده از نور خورشید برای تولید برق، می‌تواند به کاهش مشکلات زیست‌محیطی ناشی از انسان‌ها کمک کند و جایگزین منابع انرژی فسیلی شود.,A,0.5843119025230408,A,0.9977388381958008,True,True,True,True,[0.5843119  0.01379548 0.00186702 0.40002564],[9.9773884e-01 9.0097834e-04 4.9265855e-05 1.3109157e-03],0.807774543762207,0.5843119,0.99773884,0.41342694,0.8443788290023804,0.7133184671401978,0.7733350992202759,0.8432246446609497,0.7092618942260742,0.7704635262489319
2290,یک سال، درختان بلوط در یک پارک شروع به تولید آکیوهای بیشتری نسبت به معمول کردند. سال بعد، جمعیت سنجاب‌های زمینی در پارک نیز افزایش یافت. کدام یک بهترین توضیح برای افزایش سنجاب‌ها در سال بعد است؟,"['منطقه\u200cهای سایه\u200cدار افزایش یافتند.', 'منابع غذایی افزایش یافتند.', 'سطح اکسیژن افزایش یافت.', 'آب در دسترس افزایش یافت.']",B,افزایش تولید آکیوها منجر به افزایش منابع غذایی برای سنجاب‌ها می‌شود و در نتیجه جمعیت آنها افزایش می‌یابد.,B,0.6690307259559631,B,0.9907606840133668,True,True,True,True,[0.31602773 0.6690307  0.00127151 0.01367002],[8.4388666e-03 9.9076068e-01 1.4980782e-04 6.5073551e-04],0.9224239587783812,0.6690307,0.99076068,0.3217299799999999,0.7879559993743896,0.683535635471344,0.7320409417152405,0.7879559993743896,0.683535635471344,0.7320409417152405
2291,ویژگی کدام یک از یوزها احتمال بیشتری دارد که آموخته شود نه اینکه به ارث برسد؟,"['سرعت', 'پوشش خال\u200cدار', 'استراتژی\u200cهای شکار', 'ناخن\u200cهایی که جمع نمی\u200cشوند']",C,ویژگی‌های رفتاری مانند شیوه‌های شکار از طریق تجربه و یادگیری به دست می‌آید.,B,0.332011729478836,C,0.9769138693809508,False,True,True,True,[0.10778843 0.33201173 0.22818811 0.33201173],[0.01382649 0.00576374 0.97691387 0.00349588],0.6084378957748413,0.22818811,0.97691387,0.7487257599999999,0.7665585279464722,0.596108078956604,0.6706728339195251,0.7630062103271484,0.5994543433189392,0.6714137196540833
2292,جواب: ذرات موجود در یک بلوک آهن چگونه تحت تأثیر قرار می‌گیرند زمانی که بلوک ذوب می‌شود؟,"['A) ذرات جرم بیشتری پیدا می\u200cکنند.', 'B) ذرات انرژی کمتری دارند.', 'C) ذرات سریع\u200cتر حرکت می\u200cکنند.', 'D) ذرات در حجم افزایش می\u200cیابند.']",C,افزایش انرژی حرارتی باعث حرکت سریع‌تر ذرات می‌شود و نظم ساختار بلوری را از بین می‌برد.,C,0.5601395964622498,C,0.9756765961647034,True,True,True,True,[0.23259059 0.04615901 0.5601396  0.16111079],[0.01790508 0.00242319 0.9756766  0.00399516],0.7421587705612183,0.5601396,0.9756766,0.415537,0.8390016555786133,0.6094163656234741,0.7060135006904602,0.8390016555786133,0.6094163656234741,0.7060135006904602
2293,گیاهان و حیوانات برای رشد به غذا نیاز دارند. چه اتفاقی برای بیشتر غذایی که گیاهان تولید می‌کنند می‌افتد؟,"['غذا به صورت گاز آزاد می\u200cشود.', 'غذا به آب تبدیل می\u200cشود.', 'غذا برای استفاده\u200cهای آینده ذخیره می\u200cشود.', 'غذا برای جذب نور خورشید استفاده می\u200cشود.']",C,گیاهان بیشتر غذایی را که تولید می‌کنند برای استفاده‌های آینده ذخیره می‌کنند.,B,0.4805588722229004,C,0.9601084589958192,False,True,True,True,[0.42409173 0.48055887 0.04469894 0.05065053],[3.3110775e-02 6.5198983e-03 9.6010846e-01 2.6082876e-04],0.6057276725769043,0.04469894,0.96010846,0.91540952,0.7713351249694824,0.5413292646408081,0.6361812949180603,0.7713350057601929,0.5413292646408081,0.6361812949180603
2294,یک دانش‌آموز می‌خواهد تأثیر سیر را بر رشد یک گونه قارچ تعیین کند. چندین نمونه از کشت‌های قارچی در مقدار یکسانی آگار و نور رشد می‌کنند. به هر نمونه مقدار متفاوتی سیر داده می‌شود. متغیر مستقل در این تحقیق چیست؟,"['مقدار آگار', 'مقدار نور', 'مقدار سیر', 'مقدار رشد']",C,عاملی که دانش‌آموز برای بررسی تأثیر آن بر رشد قارچ تغییر می‌دهد، [MASK] است.,C,0.9960405826568604,C,0.9919750094413756,True,True,True,False,[2.8251279e-03 4.1991778e-04 9.9604058e-01 7.1430416e-04],[7.5738225e-03 2.6738865e-04 9.9197501e-01 1.8377334e-04],0.776716411113739,0.99604058,0.99197501,-0.0040655699999999,0.7628549933433533,0.6175198554992676,0.6825364828109741,0.7483952045440674,0.6074329614639282,0.670586347579956
2295,مدل‌های علمی بسیار رایج هستند. برای کدامیک از اهداف زیر، یک مدل فیزیکی کمترین کمک را خواهد کرد؟,"['شبیه\u200cسازی پدیده\u200cهای علمی', 'ساده\u200cسازی یک ایده پیچیده', 'اجازه دادن به تجسم', 'نشان دادن داده\u200cها']",D,مدل‌های فیزیکی در شبیه‌سازی، ساده‌سازی ایده‌ها و کمک به تجسم موثر هستند، اما نمایش داده‌ها بیشتر به صورت گرافیکی یا جدولی انجام می‌شود.,A,0.6394443511962891,D,0.6335911750793457,False,True,True,True,[0.63944435 0.2084097  0.07607299 0.07607299],[0.2661916  0.05939538 0.04082181 0.6335912 ],0.8414557576179504,0.07607299,0.6335912,0.55751821,0.8943890929222107,0.734233021736145,0.8064363598823547,0.8844159245491028,0.7322210669517517,0.8011544346809387
2296,در طی یک تحقیق، حرارت از یک مایع به محیط منتقل شد. کدام جفت توضیحات می‌تواند به بهترین نحو این نتیجه را توضیح دهد؟,"['الف) دمای مایع افزایش یافت، یا مایع گاز شد.', 'ب) دمای مایع افزایش یافت، یا مایع جامد شد.', 'ج) دمای مایع کاهش یافت، یا مایع گاز شد.', 'د) دمای مایع کاهش یافت، یا مایع جامد شد.']",D,کاهش دمای مایع یا تبدیل آن به جامد، نتیجه انتقال حرارت از مایع به محیط است.,A,0.9467543363571168,D,0.8509088158607483,False,True,True,True,[0.94675434 0.00830379 0.00830379 0.03663802],[0.03273656 0.00209278 0.11426182 0.8509088 ],0.808962881565094,0.03663802,0.8509088,0.81427078,0.7567070722579956,0.5688470602035522,0.6494651436805725,0.7567070722579956,0.5688470602035522,0.6494651436805725
2297,چشم‌خواب‌های آزمایشگاهی به همراه غذای معمولی خود به توت‌فرنگی، توت‌زمینی یا مکمل‌های اسفناج تغذیه شدند. پس از هشت هفته، به این چَشم‌خواب‌ها آزمون‌های حافظه و مهارت‌های حرکتی داده شد. چَشم‌خواب‌هایی که مکمل توت‌فرنگی دریافت کرده‌ بودند، بیشترین پیشرفت را نشان دادند. کدام یک از این گزینه‌ها متغیر مستقل (دستکاری شده) در این تحقیق است؟,"['آزمون مهارت\u200cهای حرکتی', 'فرآیند پیری', 'آزمون حافظه', 'مکمل\u200cها']",D,عاملی که محققان دستکاری می‌کنند تا تأثیر آن بر متغیر وابسته بررسی شود، [MASK]ی غذایی داده شده به چشم‌خواب‌هاست.,D,0.9840528964996338,D,0.9873772263526917,True,True,True,True,[1.4133044e-02 1.6879514e-03 1.2615621e-04 9.8405290e-01],[1.088341e-02 9.509818e-04 7.883916e-04 9.873772e-01],0.7716913223266602,0.9840529,0.9873772,0.0033242999999999,0.7727024555206299,0.5350817441940308,0.6323046088218689,0.7557433843612671,0.5233622193336487,0.6184439063072205
2298,جانِت یک تحقیق انجام می‌دهد تا ببیند کدام غذاها او را بیشتر خسته می‌کنند. او هر روز در یک زمان مشخص یکی از چهار غذای مختلف را به مدت چهار روز می‌خورد و سپس احساساتش را ثبت می‌کند. او از دوستش، کارمن، می‌خواهد که همان تحقیق را انجام دهد تا ببیند آیا نتایج مشابهی می‌گیرد یا نه. کدام یک از این موارد انجام این تحقیق را دشوارتر می‌کند؟,"['اندازه\u200cگیری مقدار خستگی', 'اطمینان از خوردن همان غذاها', 'ثبت مشاهدات در یک نمودار مشابه', 'اطمینان از اینکه غذاها در دمای یکسان هستند']",A,اندازه‌گیری ذهنی خستگی بدون ابزارهای استاندارد، دشوار و غیرقابل اعتماد است.,A,0.4521319270133972,A,0.8683478832244873,True,True,True,True,[0.45213193 0.14736025 0.00305836 0.39744946],[0.8683479  0.02988784 0.00970316 0.09206104],0.7225656509399414,0.45213193,0.8683479,0.4162159699999999,0.8056910037994385,0.5866619348526001,0.6789488792419434,0.8082399964332581,0.5889947414398193,0.6814160943031311
2299,تقریباً ۵۰ میلیون هکتار از جنگل‌های بارانی گرمسیری هر ساله قطع می‌شود. کدام اثر احتمالاً ناشی از قطع این جنگل‌ها خواهد بود؟,"['کاهش در فرسایش خاک', 'کاهش در تنوع زیستی', 'بهبود در کیفیت هوا', 'بهبود در کیفیت آب']",B,قطع جنگل‌های بارانی گرمسیری منجر به از بین رفتن زیستگاه گونه‌های گیاهی و جانوری شده و تنوع زیستی را کاهش می‌دهد.,B,0.953370213508606,B,0.9978322386741638,True,True,True,True,[4.2175490e-02 9.5337021e-01 5.9227413e-04 3.8621123e-03],[1.6999268e-03 9.9783224e-01 3.0478009e-04 1.6313701e-04],0.8548452854156494,0.95337021,0.99783224,0.04446203,0.8344342112541199,0.6711148023605347,0.7439162135124207,0.8366432785987854,0.6736170649528503,0.7463311553001404
2300,کدام عمل نمایانگر یک روش ایمنی در آزمایشگاه نیست؟,"['چشیدن نمونه\u200cهای شیمیایی', 'استفاده از دستکش\u200cهای مقاوم به گرما اگر شیشه\u200cکاری داغ باشد', 'بستن موهای بلند', 'شستن پاشش شیمیایی با مقدار زیادی آب']",A,[MASK] می‌تواند منجر به مسمومیت یا آسیب‌های جدی شود و یک روش خطرناک است.,C,0.8668288588523865,C,0.0739368349313736,False,False,False,False,[0.09207965 0.02054575 0.86682886 0.02054575],[0.07393683 0.01649754 0.9007351  0.0088305 ],0.546584963798523,0.09207965,0.07393683,-0.01814282,0.8173062801361084,0.5539129972457886,0.6603124141693115,0.8121841549873352,0.5450980067253113,0.6523624658584595
2301,سو میزان شکر را که در یک فنجان آب سرد، یک فنجان آب گرم و یک فنجان آب داغ حل می‌شود، اندازه‌گیری کرد. او احتمالاً چه چیزی را مشاهده کرده است؟,"['آب سرد بیشترین شکر را حل کرد.', 'آب گرم بیشترین شکر را حل کرد.', 'آب داغ بیشترین شکر را حل کرد.', 'آب سرد، آب گرم و آب داغ به یک میزان شکر را حل کردند.']",C,با افزایش دما، قابلیت حل‌کنندگی آب بیشتر می‌شود.,B,0.5658735036849976,B,0.0006286453572101,False,False,False,False,[0.30289027 0.5658735  0.00497286 0.12626345],[1.0572190e-01 8.9214134e-01 6.2864536e-04 1.5080420e-03],0.8494962453842163,0.00497286,0.00062864536,-0.00434421464,0.8678419589996338,0.6936519742012024,0.7710312008857727,0.8678419589996338,0.6936519742012024,0.7710312008857727
2302,گونه‌های مختلفی از جوندگان گیاه‌خوار در همان اکوسیستم زندگی می‌کردند. کدام عامل احتمالاً افزایش پیدا کرد و موجب افزایش رقابت برای منابع بین جوندگان شد؟,"['باروری خاک', 'جمعیت تولیدکنندگان در منطقه', 'مقدار پسماند غذایی که توسط شکارچیان باقی می\u200cماند', 'نرخ جابه\u200cجایی مصرف\u200cکنندگان اولیه به منطقه']",D,افزایش تولیدکنندگان در منطقه، منابع غذایی بیشتری را برای جوندگان فراهم می‌کند، اما با افزایش تعداد گونه‌ها، رقابت برای این منابع تشدید می‌شود.,C,0.5210366249084473,B,0.0002635187411215,False,False,False,False,[0.11671401 0.35950446 0.5210366  0.00274485],[9.5842313e-03 9.8914206e-01 1.0101706e-03 2.6351874e-04],0.8703491687774658,0.00274485,0.00026351874,-0.00248133126,0.763689398765564,0.6774746179580688,0.7180032134056091,0.7478125691413879,0.6752856969833374,0.7097009420394897
2303,یک انسان نمی‌تواند از دست دادن کدام یک از موارد زیر زنده بماند؟,"['آپاندیس', 'کبد', 'ریه', 'کلیه']",B,بدن برای تنفس و تأمین اکسیژن به [MASK] نیاز دارد و بدون آن نمی‌تواند زنده بماند.,A,0.8557300567626953,A,0.0861613005399704,False,False,False,False,[0.85573006 0.06235316 0.00185371 0.08006305],[0.7270779  0.0861613  0.00435727 0.18240348],0.8462880253791809,0.06235316,0.0861613,0.02380814,0.7682444453239441,0.5982747077941895,0.6726890206336975,0.7608098387718201,0.5966524481773376,0.6688054203987122
2304,با وجود اینکه هر دو به یک خانواده تعلق دارند، یک عقاب و یک پلیکان متفاوت هستند. یکی از تفاوت‌های آن‌ها چیست؟,"['تمایل آن\u200cها به خوراکی خوراکی', 'توانایی پرواز آن\u200cها', 'روش باروری آن\u200cها', 'روش گرفتن غذا توسط آن\u200cها']",D,عقاب‌ها با منقار و پنجه‌های قوی شکار می‌کنند، در حالی که پلیکان‌ها با منقار بزرگ و کیسه‌ای زیر منقار خود ماهی می‌گیرند.,B,0.4242631793022156,D,0.9904727339744568,False,True,True,True,[0.22709173 0.42426318 0.12155344 0.22709173],[8.5025812e-03 7.9086330e-04 2.3377874e-04 9.9047273e-01],0.7183123826980591,0.22709173,0.99047273,0.7633810000000001,0.8932745456695557,0.6918182969093323,0.7797445058822632,0.8932745456695557,0.6918182969093323,0.7797445058822632
2305,آتش‌سوزی‌های جنگلی در بسیاری از مناطق به دلیل شرایط خشکسالی رخ می‌دهد. اگر شرایط خشکسالی برای مدت طولانی ادامه یابد، کدام یک ممکن است تهدیدی برای بازگشت درختان باشد؟,"['کاهش ضخامت خاک', 'کاهش میزان فرسایش', 'افزایش جمعیت باکتری\u200cها', 'افزایش تولید اکسیژن']",A,[MASK]، بازگشت درختان را تهدید می‌کند زیرا خاک کم‌عمق نمی‌تواند رطوبت و مواد مغذی کافی برای رشد درختان را حفظ کند.,A,0.8883649110794067,A,0.9828678369522096,True,True,True,True,[0.8883649  0.03451299 0.07306399 0.00405808],[0.98286784 0.00746045 0.00845379 0.00121788],0.7521393895149231,0.8883649,0.98286784,0.09450294,0.8921515941619873,0.7026487588882446,0.7861412763595581,0.8942302465438843,0.694919228553772,0.7820760011672974
2306,تکامل زیستی می‌تواند از تمام این موارد رخ دهد به جز,"['رقابت.', 'فسیل\u200cسازی.', 'تنوع.', 'سازگاری.']",B,فرآیند تکامل زیستی از مکانیسم‌هایی چون رقابت، تنوع و سازگاری رخ می‌دهد، نه از فرآیندهای ثبت شده مانند [MASK],B,0.7888936996459961,B,0.988013744354248,True,True,True,True,[0.1365547  0.7888937  0.01004777 0.06450388],[1.1061925e-02 9.8801374e-01 5.3379632e-04 3.9053377e-04],0.6940656900405884,0.7888937,0.98801374,0.1991200399999999,0.6828262805938721,0.5604543685913086,0.6156179904937744,0.6771608591079712,0.5548914074897766,0.609959065914154
2307,یک اکوسیستم آتش‌سوزی اوج به آتش‌سوزی‌های دوره‌ای جنگل برای حفظ ثبات نیاز دارد. کدام‌یک از این موارد به‌طور خاص می‌تواند نتیجه جلوگیری از وقوع آتش‌سوزی‌های طبیعی در این اکوسیستم باشد؟,"['گونه\u200cهای کاج سریع\u200cتر تولیدمثل خواهند کرد.', 'گونه\u200cهای پهن\u200cبرگ جایگزین گونه\u200cهای کاج خواهند شد.', 'مناطق سوخته به\u200cراحتی کنترل خواهند شد.', 'درختان به مناطق قبلاً بی\u200cدرخت گسترش می\u200cیابند.']",B,جلوگیری از آتش‌سوزی‌های طبیعی منجر به تغییر در ترکیب گونه‌های گیاهی می‌شود؛ گونه‌های پهن‌برگ جایگزین گونه‌های کاج می‌شوند که به آتش‌سوزی‌های مکرر عادت دارند.,A,0.5230820775032043,B,0.5683677792549133,False,True,True,True,[0.5230821  0.11671539 0.31726533 0.04293719],[0.26847792 0.5683678  0.14370587 0.01944848],0.8205004930496216,0.11671539,0.5683678,0.45165241,0.9040637612342834,0.6914077997207642,0.7835635542869568,0.9040637612342834,0.6914077997207642,0.7835635542869568
2308,عطارد، نزدیک‌ترین سیاره به خورشید، دارای دماهای سطحی_extreme است که از ۴۶۵ درجه سانتی‌گراد در نور خورشید تا -۱۸۰ درجه سانتی‌گراد در تاریکی متغیر است. چرا این چنین دامنه وسیعی از دماها در عطارد وجود دارد؟,"['سیاره خیلی کوچک است و نمی\u200cتواند گرما را نگه دارد.', 'این سیاره فقط از یک طرف گرم می\u200cشود.', 'این سیاره گرما را از سمت تاریک خود منعکس می\u200cکند.', 'این سیاره جو ندارد که گرما را نگه دارد.']",D,عطارد فاقد جو است که بتواند گرما را ذخیره کند و در نتیجه دمای سطحی آن به سرعت تغییر می‌کند.,B,0.8989654779434204,D,0.8244555592536926,False,True,True,True,[0.05769387 0.8989655  0.03965238 0.00368825],[0.1432689  0.02821132 0.00406423 0.82445556],0.8240582346916199,0.00368825,0.82445556,0.82076731,0.9180200099945068,0.8157024383544922,0.8638420104980469,0.9180199503898621,0.8157023191452026,0.8638419508934021
2309,کدام جمله یک نظر است؟,"['بسیاری از گیاهان سبز هستند.', 'بسیاری از گیاهان زیبا هستند.', 'گیاهان به نور خورشید نیاز دارند.', 'گیاهان می\u200cتوانند در مکان\u200cهای مختلف رشد کنند.']",B,زیبایی گیاهان یک ارزیابی ذهنی است که تحت تأثیر سلیقه یا عقیده فرد قرار می‌گیرد.,B,0.5052171945571899,B,0.8436797857284546,True,True,True,True,[0.2704233  0.5052172  0.06033959 0.16402   ],[0.10155348 0.8436798  0.02230834 0.03245844],0.7846309542655945,0.5052172,0.8436798,0.3384625999999999,0.8497818112373352,0.6423622369766235,0.7316555380821228,0.8497818112373352,0.6423622369766235,0.7316555380821228
2310,آماندا و جیک درباره اشکال حرکتی و پتانسیل انرژی در یک مدار الکتریکی ساده یاد گرفتند. مداری که آنها مطالعه می‌کنند دارای یک باتری، سیم‌ها و یک لامپ می‌باشد. کدام یک از این موارد یک شکل از انرژی پتانسیل در مدار است؟,"['انرژی شیمیایی در باتری', 'انرژی نوری از لامپ', 'انرژی گرمایی از دست رفته از سیم\u200cهای برقی', 'انرژی الکتریکی در حال حرکت از طریق لامپ']",A,انرژی ذخیره شده در باتری که قابلیت تبدیل به انرژی الکتریکی را دارد، یک شکل از انرژی پتانسیل در مدار الکتریکی است.,A,0.9918144345283508,A,0.9983943104743958,True,True,True,True,[9.9181443e-01 1.3268886e-03 9.1195630e-04 5.9467023e-03],[9.9839431e-01 3.0495174e-04 2.6911899e-04 1.0316385e-03],0.8930133581161499,0.99181443,0.99839431,0.0065798799999999,0.8777323961257935,0.7451000809669495,0.805996298789978,0.8735342025756836,0.7423087358474731,0.802592933177948
2311,یک آتشفشان فوران می‌کند و مناطق اطراف را با گدازه و خاکستر آتشفشانی پوشش می‌دهد. هنگامی که اکوسیستم شروع به بازسازی می‌کند، کدام نوع گیاه احتمالاً اولین گیاه خواهد بود که زمین اطراف فوران را استعمار کند؟,"['خزه ها', 'گل های وحشی', 'درختان چوب سخت', 'بوته های همیشه سبز']",A,گیاهانی که ابتدا زمین را استعمار می‌کنند، باید توانایی رشد در شرایط سخت را داشته باشند؛ بنابراین، خزه‌ها به عنوان اولین گیاهان پیشگام ظاهر می‌شوند.,A,0.6814182996749878,A,0.9998654127120972,True,True,True,True,[0.6814183  0.06338178 0.00452018 0.2506798 ],[9.9986541e-01 7.6020347e-05 1.2409980e-05 4.6108667e-05],0.7890952825546265,0.6814183,0.99986541,0.3184471099999999,0.7859793901443481,0.6497704386711121,0.7114139199256897,0.7859793901443481,0.6497704386711121,0.7114139199256897
2312,کدام ابزار آشپزی کمترین تأثیر را بر محیط زیست دارد؟,"['گریل گازی', 'تابه برقی', 'فر مایکروویو', 'آشپزخانه خورشیدی']",D,استفاده از انرژی خورشیدی برای پخت و پز، بدون ایجاد آلودگی و بهره‌گیری از سوخت‌های فسیلی، کمترین تأثیر را بر محیط زیست دارد.,D,0.4977644979953766,B,0.324601799249649,True,False,False,False,[0.20749912 0.26643416 0.0283022  0.4977645 ],[0.03448111 0.60643595 0.03448111 0.3246018 ],0.9048736095428468,0.4977645,0.3246018,-0.1731627,0.7943446040153503,0.6248593330383301,0.699481725692749,0.8039907217025757,0.6289721131324768,0.7057932019233704
2313,کامرون در حال خرید یک میز جدید است. او می‌خواهد اطمینان حاصل کند که میز در گوشه اتاقش جا می‌شود. هنگام خرید میز جدید، کدامیک از موارد زیر به بهترین نحو به او کمک خواهد کرد تا مطمئن شود که میز جا می‌شود؟,"['عکسی که فرش اتاقش را نشان می\u200cدهد', 'نقشه\u200cای از اندازه\u200cهای اتاقش', 'طرحی که نشان می\u200cدهد چگونه یک میز را سر هم کند', 'فهرستی از ابزارهایی که برای سر هم کردن میز نیاز دارد']",B,نقشه‌ای از اندازه‌های اتاق به کامرون کمک می‌کند تا محل دقیق میز را مشخص کند و بررسی کند که آیا میز در فضا جا می‌شود یا خیر.,B,0.9864555597305298,B,0.9987708926200868,True,True,True,True,[1.2272974e-02 9.8645556e-01 8.8905118e-04 3.8237614e-04],[1.0482797e-03 9.9877089e-01 1.2519915e-04 5.5556789e-05],0.8319756984710693,0.98645556,0.99877089,0.0123153299999999,0.9124333262443542,0.811790943145752,0.859174907207489,0.9134346842765808,0.8198026418685913,0.8640896081924438
2314,فتوسنتز چه چیزی تولید می‌کند که به رشد گیاهان کمک می‌کند؟,"['آب', 'اکسیژن', 'پروتئین', 'قند']",D,گیاهان از طریق فتوسنتز، انرژی نور خورشید را به انرژی شیمیایی تبدیل کرده و [MASK] تولید می‌کنند که منبع انرژی و رشد آنهاست.,A,0.94681715965271,B,0.0024677598848938,False,False,False,False,[0.94681716 0.01970822 0.00098121 0.03249336],[5.2242470e-03 9.9168396e-01 6.2394736e-04 2.4677599e-03],0.8321648240089417,0.03249336,0.0024677599,-0.0300256001,0.7654989957809448,0.6749423742294312,0.7173742055892944,0.7763217687606812,0.6753692626953125,0.7223353385925293
2315,کدام‌یک از گزینه‌های زیر احتمالاً بیشتر به اکوسیستم باتلاقی آسیب می‌زند؟,"['ساخت یک پروژه مسکونی', 'کاشت گل\u200cهای وحشی بومی', 'یک دوره بارش شدید', 'ضربه صاعقه']",A,تخریب زیستگاه و تغییر مسیر جریان آب، آسیب جدی به اکوسیستم وارد می‌کند.,A,0.7824176549911499,A,0.6172412037849426,True,True,True,False,[0.78241765 0.00149867 0.19782616 0.0182575 ],[0.6172412  0.00419156 0.37437573 0.00419156],0.7844480276107788,0.78241765,0.6172412,-0.1651764499999999,0.8332597017288208,0.6244062185287476,0.7138707637786865,0.8371546864509583,0.626683235168457,0.716788113117218
2316,یک دانش‌آموز دو قابلمه آب را روی اجاق با بالاترین تنظیم گرم می‌کند. یک قابلمه حاوی ۱ لیتر آب و قابلمه دیگر حاوی ۳ لیتر آب است. دانش‌آموز هر دو قابلمه را تا زمانی که آب به جوش بیاید، گرم می‌کند. کدام یک از بیانیه‌های زیر بهترین توصیف کنندهٔ اتفاقی است که برای آب در قابلمه‌ها می‌افتد؟,"['آب در هر دو قابلمه در یک زمان به جوش می\u200cآید.', 'آب در هر دو قابلمه در یک دما به جوش می\u200cآید.', 'آب ۳ لیتر گرم\u200cتر از آب ۱ لیتر می\u200cشود قبل از اینکه به جوش بیاید.', 'آب ۳ لیتر سریع\u200cتر از آب ۱ لیتر گرما را جذب می\u200cکند.']",B,نقطه جوش آب به فشار محیط بستگی دارد و برای هر دو قابلمه یکسان است.,A,0.4298150241374969,A,0.068530187010765,False,False,False,False,[0.42981502 0.13954051 0.37931043 0.05133409],[0.6451365  0.06853019 0.27104217 0.01529115],0.7396665215492249,0.13954051,0.06853019,-0.07101032,0.7778826951980591,0.6259579658508301,0.6936996579170227,0.7778826951980591,0.6259579658508301,0.6936996579170227
2317,کدام یک از موارد زیر به احتمال زیاد نتیجه بریدن مناطق بزرگ و پیوسته جنگل خواهد بود؟,"['درصد اکسیژن در آن ناحیه افزایش خواهد یافت.', 'مقدار فرسایش در آن ناحیه افزایش خواهد یافت.', 'تنوع گونه\u200cها در ناحیه افزایش خواهد یافت.', 'مواد مغذی خاک در آن ناحیه افزایش خواهد یافت.']",B,حذف پوشش گیاهی و درختان، خاک را در برابر فرسایش ناشی از باد و آب آسیب‌پذیرتر می‌کند و منجر به افزایش فرسایش می‌شود.,B,0.7302456498146057,B,0.9959318041801452,True,True,True,True,[0.098828   0.73024565 0.16293983 0.00798653],[2.4590436e-03 9.9593180e-01 9.0463163e-04 7.0452783e-04],0.8227516412734985,0.73024565,0.9959318,0.26568615,0.8864791393280029,0.7427849769592285,0.8082954287528992,0.8864791393280029,0.7427849769592285,0.8082954287528992
2318,گروهی می‌خواهد بداند که آیا تعداد پرندگان آبزی که از آرکانزاس عبور می‌کنند هر سال تغییر می‌کند یا خیر. چه روشی باید استفاده کنند تا این اطلاعات را جمع‌آوری کنند؟,"['در یکی از سال\u200cها تا حد امکان پرنده بگیرید. داده\u200cها راجع به مکان هر پرنده جمع\u200cآوری کنید.', 'در اولین روز بهار سال آینده، تعداد پرندگان در بزرگترین دریاچه ایالت را بشمارید. داده\u200cها را با سال گذشته مقایسه کنید.', 'یک ناظر در یک نقطه از مرز ایالت قرار دهید. از آن شخص بخواهید پرندگان را زمانی که به ایالت پرواز می\u200cکنند بشمارد. این کار را به مدت دو سال انجام دهید.', 'یک روز در سال را در هنگام مهاجرت انتخاب کنید. تعداد پرندگان را در ده دریاچه مختلف در ایالت بشمارید. این کار را هر سال در همان روز به مدت ده سال تکرار کنید.']",D,برای بررسی تغییرات سالانه، شمارش پرندگان در یک روز مشخص از سال در چندین مکان مختلف و تکرار آن به مدت چند سال، امکان مقایسه سال به سال را فراهم می‌کند.,C,0.8835934400558472,D,0.7953042387962341,False,True,True,True,[0.08202663 0.02663015 0.88359344 0.00774982],[0.10679512 0.09424637 0.00365433 0.79530424],0.8110264539718628,0.00774982,0.79530424,0.78755442,0.8687412738800049,0.7183798551559448,0.7864380478858948,0.8686697483062744,0.7203779816627502,0.7876045107841492
2319,ماهی‌های پشه‌ای که در جزایر باهاماس یافت می‌شوند، در برکه‌های آب شیرین جداگانه‌ای زندگی می‌کنند که هر کدام زمانی یک منبع آب واحد بودند. زمانی که چندین ماهی پشه نر و ماده از دو برکه جداگانه گرفته شده و در یک برکه واحد گذاشته می‌شوند، ترجیح تولید مثلی هر ماهی پشه برای ماهی‌های از برکه اصلی خود است. کدام یک از این گزینه‌ها احتمالاً موجب این ترجیح تولید مثل شده است؟,"['دسترس\u200cپذیری غذا بر ترجیحات تولید مثل ماهی\u200cها تأثیر گذاشته است.', 'رقابت برای یافتن جفت مناسب بر ترجیحات تولید مثل تأثیر گذاشته است.', 'شکارچیان در برکه بر ترجیحات تولید مثل ماهی\u200cها تأثیر گذاشته\u200cاند.', 'نوع\u200cآوری به دلیل جداسازی تولید مثل بر ترجیحات تولید مثل تأثیر گذاشته است.']",D,تفاوت‌های ژنتیکی یا رفتاری ماهی‌ها به دلیل جداسازی جغرافیایی و تولید مثل جداگانه در برکه‌های مختلف، موجب ترجیح تولید مثل آن‌ها برای ماهی‌های هم‌برکه‌ای شده است.,A,0.9413703083992004,A,0.2735497653484344,False,False,False,False,[0.9413703  0.02827465 0.00208046 0.02827465],[0.6562118  0.0373113  0.0329271  0.27354977],0.8002788424491882,0.02827465,0.27354977,0.24527512,0.7948888540267944,0.6443470120429993,0.7117446660995483,0.794888973236084,0.644347071647644,0.7117447853088379
2320,دانش‌آموزان در حال تحقیق در مورد چگونگی عملکرد زنگ در هستند. کدامیک از موارد زیر به احتمال زیاد یک مشاهده در طول تحقیق است؟,"['تمامی زنگ\u200cهای در صداهای زیبایی تولید می\u200cکنند.', 'یک باتری بهترین منبع تغذیه برای زنگ در است.', 'اکثر مردم ترجیح می\u200cدهند از زنگ در به جای کوبیدن استفاده کنند.', 'زنگ در از یک تکه سیم که دور یک آهن ربا پیچیده شده است، استفاده می\u200cکند.']",D,زنگ درها از مکانیزم الکتریکی با آهنربا و سیم پیچ استفاده می‌کنند که با جریان الکتریکی فعال و تولید صدا می‌کند. سیم پیچیده شده دور آهنربا مشاهده منطقی است.,C,0.6606338024139404,D,0.9319084286689758,False,True,True,True,[0.21531583 0.02234228 0.6606338  0.10170799],[0.05980808 0.00490935 0.00337414 0.9319084 ],0.8759779930114746,0.10170799,0.9319084,0.83020041,0.7731183767318726,0.6387887597084045,0.6995634436607361,0.7731183767318726,0.6387887597084045,0.6995634436607361
2321,کدام یک از موارد زیر بهترین توصیف را از جرم یک بلوک جامد یخ ارائه می‌دهد؟,"['مقدار ماده موجود در بلوک', 'مقدار فضایی که بلوک اشغال می\u200cکند', 'نیروی جاذبه\u200cای که بر روی بلوک عمل می\u200cکند', 'فاصله بین مولکول\u200cها در بلوک']",A,[MASK] یخ را نشان می‌دهد.,B,0.9122246503829956,B,0.1051477417349815,False,False,False,False,[7.4297242e-02 9.1222465e-01 5.6726643e-04 1.2910925e-02],[0.10514774 0.87695897 0.00201827 0.01587494],0.4373224973678589,0.074297242,0.10514774,0.030850498,0.6604176759719849,0.384928435087204,0.4863719940185547,0.6843417882919312,0.38113802671432495,0.4895985424518585
2322,در اورگلیدز، وضعیت بدنی تمساح آمریکایی به شدت با عمق آب ارتباط دارد. هنگامی که سطح آب بیش از حد بالا می‌رود، گونه‌های جانوری در مناطق وسیع‌تری پراکنده می‌شوند و این امر منجر به کاهش وضعیت بدنی به دلیل عدم توانایی در یافتن منابع غذایی کافی می‌شود. هنگامی که سطح آب پایین می‌آید، گونه‌های جانوری در مناطق کوچک‌تری جمع می‌شوند و این امکان را به تمساح‌ها می‌دهد که به طور موثرتری شکار کنند. این سناریو نمونه‌ای از این است که بقا و زنده ماندن تمساح‌ها به محدودیت کدام عامل بستگی دارد؟,"['نرخ تجزیه', 'مساحت زیستگاه طعمه', 'خروجی تولیدکننده', 'چرخش آب']",B,بقا و زنده ماندن تمساح‌ها به محدودیت [MASK] بستگی دارد که تحت تأثیر عمق آب و تغییرات آن قرار می‌گیرد و دسترسی به منابع غذایی را تحت تأثیر قرار می‌دهد.,B,0.52756667137146,A,0.4547740221023559,True,False,False,False,[0.31998536 0.5275667  0.00129753 0.15115039],[0.5153265  0.45477402 0.00059869 0.02930075],0.9111778736114502,0.5275667,0.45477402,-0.07279268,0.7750105857849121,0.6132326126098633,0.6846952438354492,0.7651412487030029,0.6046862602233887,0.6755162477493286
2323,باد یک منبع طبیعی است که به سواحل southeastern خلیج چساپیک سود می‌رساند. چگونه می‌توان این بادها بهترین سود را برای انسان‌ها داشته باشند؟,"['بادها می\u200cتوانند نشت\u200cهای نفتی را به داخل خلیج بدمند.', 'بادها می\u200cتوانند به سوخت\u200cهای فسیلی تبدیل شوند.', 'بادها می\u200cتوانند آلودگی هوا را به سمت زمین بدمند.', 'بادها می\u200cتوانند به انرژی الکتریکی تبدیل شوند.']",D,بادها می‌توانند با استفاده از توربین‌های بادی به انرژی الکتریکی تبدیل شوند و به عنوان یک منبع انرژی تجدیدپذیر و پاک مورد استفاده قرار گیرند.,D,0.924712061882019,D,0.9564302563667296,True,True,True,True,[6.6594571e-02 7.9535870e-03 7.3979888e-04 9.2471206e-01],[3.7668824e-02 5.4267091e-03 4.7418053e-04 9.5643026e-01],0.8789722919464111,0.92471206,0.95643026,0.0317182,0.9067150354385376,0.7160154581069946,0.8001599311828613,0.9067150354385376,0.7160154581069946,0.8001599311828613
2324,معلم علوم جوآن به کلاس هشدار داد که در هنگام یادگیری دربارهٔ کشفیات جدید علمی شک و تردید داشته باشند. چرا مهم است که در مورد کشفیات جدید در علم شک و تردید داشته باشیم؟,"['زیرا بسیاری از کشفیات علمی بر اساس حقایق نیستند', 'زیرا بیشتر کشفیات علمی هیچ ارزش علمی ندارند', 'زیرا بیشتر دانشمندان در فرموله کردن کشفیات علمی اشتباه می\u200cکنند', 'زیرا همه کشفیات علمی باید به\u200cطور انتقادی مورد بررسی قرار گیرند تا بتوانند پذیرفته شوند']",D,برای اطمینان از صحت و اعتبار یافته‌های علمی، بررسی دقیق و انتقادی ضروری است تا کشفیات علمی قابل اعتماد باشند.,D,0.9565319418907166,D,0.876018226146698,True,True,True,False,[4.2027082e-02 1.2494322e-03 1.9160662e-04 9.5653194e-01],[1.1855617e-01 4.8933979e-03 5.3213228e-04 8.7601823e-01],0.8102339506149292,0.95653194,0.87601823,-0.0805137099999999,0.7559694051742554,0.5881696939468384,0.6615956425666809,0.7559694647789001,0.5881696939468384,0.6615957021713257
2325,آب‌های خاکستری به آب‌های خروجی از خانه‌ها اشاره دارد که از سینک‌ها و وان‌ها به دست می‌آید. این آب‌ها شامل مواد بیولوژیکی انسانی نیستند، بنابراین می‌توان از آن‌ها مجدداً استفاده کرد به جای اینکه به عنوان فاضلاب درمان شوند. کدام استفاده‌ها از آب‌های خاکستری مدیریت خوبی را نشان می‌دهد؟,"['شستن ظرف\u200cها و نوشیدن', 'نوشیدن و آبیاری باغچه\u200cهای گل', 'آبیاری باغچه\u200cهای گل و آب دادن به درختان', 'آب دادن به درختان و شستن ظرف\u200cها']",C,آب‌های خاکستری برای آبیاری و استفاده‌های غیر شرب مناسب هستند، مانند آبیاری باغچه‌ها و آب دادن به درختان.,C,0.6459473967552185,C,0.9090277552604676,True,True,True,True,[0.14356843 0.11181121 0.6459474  0.09867305],[0.03110522 0.0581122  0.90902776 0.00175484],0.8127933144569397,0.6459474,0.90902776,0.26308036,0.6321550607681274,0.5675218105316162,0.5980973839759827,0.6313769817352295,0.5681102275848389,0.5980750918388367
2326,کدام مقایسه از پروانه‌ها و شب‌پره‌ها بیان‌گر یک حقیقت است؟,"['پروانه\u200cها زیباتر و تماشای آن\u200cها سرگرم\u200cکننده\u200cتر از شب\u200cپره\u200cها هستند.', 'پروانه\u200cها در پرواز کردن بهتر از شب\u200cپره\u200cها هستند.', 'پروانه\u200cها و شب\u200cپره\u200cها در طول روز بسیار شادتر هستند.', 'پروانه\u200cها و شب\u200cپره\u200cها از نظر تعداد پاها برابر هستند.']",D,پروانه‌ها و شب‌پره‌ها هر دو شش پا دارند.,A,0.3851425945758819,D,0.9799219369888306,False,True,True,True,[0.3851426  0.3851426  0.0463595  0.18335536],[1.8018143e-02 1.8990983e-03 1.6083587e-04 9.7992194e-01],0.7228808403015137,0.18335536,0.97992194,0.79656658,0.8875876665115356,0.4958178997039795,0.6362296938896179,0.8875876665115356,0.4958178997039795,0.6362296938896179
2327,به عنوان یک زیستگاه با برکه‌ای کوچک که از یک خشکسالی طولانی عبور می‌کند، کدام یک از این موارد بیشتر احتمال دارد برای بسیاری از ماهی‌ها در برکه اتفاق بیفتد؟,"['آنها به محیط خشک عادت می\u200cکنند.', 'آنها از منابع دیگر آب استفاده می\u200cکنند.', 'آنها به زیستگاه دیگری منتقل می\u200cشوند.', 'آنها قادر به بقاء نخواهند بود.']",D,با خشک شدن برکه، شرایط زیست‌محیطی برای ماهی‌ها به شدت تغییر می‌کند و ماهی‌ها به دلیل نیاز به آب، قادر به بقاء نخواهند بود.,C,0.5688501000404358,D,0.583649218082428,False,True,True,True,[0.18467858 0.237132   0.5688501  0.0093394 ],[0.09020751 0.0482846  0.27785867 0.5836492 ],0.8534494042396545,0.0093394,0.5836492,0.5743098,0.8174130916595459,0.6850942969322205,0.7454273700714111,0.8174130916595459,0.6850942969322205,0.7454273700714111
2328,یک آزمایش در یک ظرف محصور انجام می‌شود. دمای اولیه ظرف ۷۰ درجه فارنهایت و فشار هوای آن ۲۰ psi است. ظرف گرم می‌شود و فشار داخل ظرف به صورت یکنواخت با افزایش دما افزایش می‌یابد. اگر ظرف دوباره به دمای ۷۰ درجه فارنهایت خنک شود، فشار هوای آن چقدر خواهد بود؟,"['۱۰ psi', '۲۰ psi', '۳۰ psi', '۴۰ psi']",B,با بازگشت دما به حالت اولیه، فشار هوا نیز به مقدار اولیه خود باز می‌گردد.,C,0.4629515409469604,B,0.9712119102478028,False,True,True,True,[0.11889579 0.19602601 0.46295154 0.22212657],[0.01474707 0.9712119  0.00789354 0.0061475 ],0.7803710103034973,0.19602601,0.9712119,0.77518589,0.8398057222366333,0.6752489805221558,0.7485907077789307,0.8398305177688599,0.674832820892334,0.7483447790145874
2329,نظریه مدرن اتم بهترین توصیف را به عنوان نتیجه کدام یک از این فعالیت ها دارد؟,"['آزمایش\u200cهای جان دالتون در اوایل دهه ۱۸۰۰', 'مکالمات بین دو دانشمند مهم', 'تحقیقات بسیاری از دانشمندان در طول سال\u200cهای متوالی', 'ایده\u200cهای اتم\u200cها توسط دموکریتوس بیش از ۲۰۰۰ سال پیش']",C,نظریه مدرن اتم نتیجه تحقیقات و یافته‌های دانشمندان بسیاری در طول سال‌ها است.,C,0.8700274229049683,C,0.9930832386016846,True,True,True,True,[0.10390996 0.01384466 0.8700274  0.01221787],[6.7702173e-03 8.0060971e-05 9.9308324e-01 6.6372879e-05],0.7995215058326721,0.8700274,0.99308324,0.12305584,0.8994165658950806,0.617922306060791,0.7325582504272461,0.9007234573364258,0.6211016774177551,0.7352235913276672
2330,کدام بخش از دستگاه گوارش ابتدا باعث تغییرات شیمیایی در غذا می‌شود؟,"['دندان\u200cها در دهان', 'سالiva در دهان', 'آنزیم\u200cها در معده', 'آنزیم\u200cها در روده کوچک']",B,آنزیم‌های بزاق در دهان تغییرات شیمیایی اولیه را در غذا ایجاد می‌کنند.,B,0.8406334519386292,B,0.9455608129501344,True,True,True,True,[0.05363504 0.84063345 0.03686279 0.06886876],[5.3344890e-02 9.4556081e-01 1.6201007e-04 9.3230355e-04],0.7990323901176453,0.84063345,0.94556081,0.10492736,0.802525520324707,0.6361658573150635,0.70972740650177,0.802525520324707,0.6361658573150635,0.70972740650177
2331,سوال: اندازه‌ها و رنگ‌های مختلفی از ستارگان وجود دارد. کدامیک از گزینه‌های زیر بهترین توصیف کننده‌ی دسته‌ای است که خورشید در آن قرار می‌گیرد؟,"['الف) ستارگان فوق غول آبی', 'ب) ستارگان غول قرمز', 'ج) ستارگان زرد اصلی', 'د) ستارگان کوتوله سفید']",C,خورشید یک ستاره متوسط و زرد رنگ است که در مرحله اصلی زندگی خود قرار دارد و دمای سطحی آن حدود ۵۰۰۰ تا ۶۰۰۰ کلوین است.,A,0.4651053845882416,C,0.9332996010780334,False,True,True,True,[0.46510538 0.14982253 0.28210068 0.10297143],[0.05265316 0.00489751 0.9332996  0.00914975],0.8578591346740723,0.28210068,0.9332996,0.65119892,0.8795892000198364,0.731072723865509,0.7984837293624878,0.8795892000198364,0.7310726642608643,0.7984837293624878
2332,کدام یک از این اشیاء احتمالاً در آب شناور خواهد ماند؟,"['ماربل شیشه\u200cای', 'توپ فولادی', 'توپ لاستیکی سخت', 'توپ تنیس روی میز']",D,مواد سازنده آن چگالی کمتری نسبت به آب دارند.,B,0.9414982199668884,C,0.0079289535060524,False,False,False,False,[0.05280538 0.9414982  0.00302599 0.00267043],[0.20449042 0.231718   0.5558626  0.00792895],0.6435779333114624,0.00267043,0.00792895,0.00525852,0.7986008524894714,0.5369331240653992,0.6421330571174622,0.7959626913070679,0.5413799285888672,0.6444395184516907
2333,جرم هوایی در ارتفاع 1000 متری در مرکز فشار پایین یک طوفان در نیمکره شمالی قرار دارد. کدامیک از گزینه‌های زیر به‌طور بهترین بیان‌گر حرکت ذرات هوا در این جرم هوا به‌دلیل شرایط طوفان و چرخش زمین در حینی که این جرم هوا به سمت خارج حرکت می‌کند، است؟,"['ذرات هوا به سمت بالا و چپ حرکت می\u200cکنند.', 'ذرات هوا به سمت بالا و راست حرکت می\u200cکنند.', 'ذرات هوا به سمت پایین و چپ حرکت می\u200cکنند.', 'ذرات هوا به سمت پایین و راست حرکت می\u200cکنند.']",B,"<answer>[MASK]</answer>
<concise_explanation>
در نیمکره شمالی، نیروی کوریولیس حرکت ذرات به سمت راست را سبب می‌شود. با حرکت به سمت خارج طوفان، ذرات در ارتفاع 1000 متری به سمت بالا و راست منحرف می‌شوند.",A,0.5641329288482666,B,0.6485524773597717,False,True,True,True,[0.5641329  0.30195862 0.00704612 0.12686232],[0.34714514 0.6485525  0.00132238 0.00298002],0.9043132066726683,0.30195862,0.6485525,0.3465938799999999,0.6636921167373657,0.7031985521316528,0.6828744411468506,0.6648315191268921,0.6998459100723267,0.681889533996582
2334,بیشتر اکسیژن موجود در جو توسط جلبک‌ها تولید می‌شود. بیشتر جلبک‌ها در کجا زندگی می‌کنند؟,"['اقیانوس ساحلی', 'اقیانوس عمیق', 'برکه\u200cها', 'دریاچه\u200cها']",A,جلبک‌ها در مناطق ساحلی اقیانوس‌ها با نور کافی برای فتوسنتز زندگی می‌کنند و محیطی غنی از مواد مغذی دارند.,A,0.735565721988678,A,0.9978013634681702,True,True,True,True,[0.7355657  0.05328421 0.1641269  0.04702314],[9.9780136e-01 1.3290448e-03 3.8077772e-04 4.8892823e-04],0.8527440428733826,0.7355657,0.99780136,0.26223566,0.8394017219543457,0.6916490793228149,0.7583960294723511,0.8394017219543457,0.6916490793228149,0.7583960294723511
2335,یک دانشمند در حین انجام یک تحقیق یک کشف می‌کند، اما نمی‌تواند سوابق روشنی از آزمایش‌های انجام شده حفظ کند. کمبود این سواد، چگونه بر کار یک دانشمند تأثیر می‌گذارد؟,"['این روش\u200cها و نتایج را باطل می\u200cکند.', 'این باعث نادرست شدن داده\u200cهای حاصل از مطالعه می\u200cشود.', 'این مانع از تأیید نتایج توسط دیگر دانشمندان می\u200cشود.', 'این مانع از توسعه\u200cی فرضیات جدید توسط دیگر دانشمندان می\u200cشود.']",C,عدم وجود سوابق روشن از آزمایش‌ها، مانع از بررسی و تأیید نتایج توسط دیگر دانشمندان می‌شود و روند تکرارپذیری نتایج را مختل می‌کند.,B,0.8028033971786499,C,0.9575096368789672,False,True,True,True,[0.15715781 0.8028034  0.021269   0.01876982],[3.7126675e-02 4.4341492e-03 9.5750964e-01 9.2944817e-04],0.9095224738121032,0.021269,0.95750964,0.93624064,0.8283929228782654,0.6293056011199951,0.7152538895606995,0.8283929228782654,0.6293056011199951,0.7152538895606995
2336,استخراج سطحی زغال سنگ شامل برداشتن تمام پوشش گیاهی و سنگ‌های بالای زغال سنگی است که استخراج می‌شود. کدام دو زیربخش زمین به طور فوری تحت تأثیر استخراج سطحی قرار می‌گیرند؟,"['Lithosphere و Atmosphere', 'Biosphere و Hydrosphere', 'Lithosphere و Biosphere', 'Atmosphere و Hydrosphere']",C,استخراج سطحی زغال سنگ بر دو بخش زمینی تأثیر می‌گذارد: زمین جامد و پوشش گیاهی که شامل خاک، سنگ و جانداران است.,C,0.5962332487106323,C,0.9948796033859252,True,True,True,True,[0.03796732 0.36304912 0.59623325 0.00275034],[4.6342812e-03 4.4473846e-04 9.9487960e-01 4.1367122e-05],0.7968518137931824,0.59623325,0.9948796,0.3986463499999999,0.8219362497329712,0.6543644666671753,0.7286399602890015,0.8219362497329712,0.6543644666671753,0.7286399602890015
2337,پروتئین‌هایی که در زیرواحدهای ریبوزومی سنتز می‌شوند، تحت تغییرات شدید پساسنتزی قرار می‌گیرند و بسته‌بندی شده و به مقصد مناسب هدایت می‌شوند. کدام مؤلفه ساختاری سلول در چنین تغییری نقش دارد؟,"['شبکه آندوپلاسمی', 'لیزوزوم\u200cها', 'میان\u200cواره', 'آرایش گلژی']",D,پروتئین‌های سنتز شده در ریبوزوم‌ها با تغییرات پساسنتزی در [MASK] اصلاح و برای انتقال به بخش‌های دیگر سلول آماده می‌شوند.,A,0.7632126212120056,A,0.1869613081216812,False,False,False,False,[0.7632126  0.01378891 0.02965082 0.19334763],[0.57588136 0.02530246 0.21185492 0.18696131],0.8507511615753174,0.19334763,0.18696131,-0.00638632,0.8419476747512817,0.6819854974746704,0.7535712122917175,0.820858895778656,0.6630295515060425,0.7335507273674011
2338,کدام یک از این موارد بزرگ‌ترین تغییری است که می‌تواند بین تابستان و زمستان مشاهده شود؟,"['مقدار نور روز', 'ارتفاع امواج اقیانوس', 'تعداد طوفان\u200cها', 'اندازه ابرها']",A,تغییر زاویه تابش خورشید و چرخش زمین سبب تغییر طول روز در تابستان و زمستان می‌شود.,A,0.656181275844574,A,0.8710706233978271,True,True,True,True,[0.6561813  0.24139561 0.01361861 0.08880448],[0.8710706  0.10403455 0.00168156 0.02321324],0.8274763822555542,0.6561813,0.8710706,0.2148893,0.7905275225639343,0.6457327604293823,0.7108314633369446,0.7921543121337891,0.6530132293701172,0.7158855199813843
2339,کدام ساختار زمین‌شناسی احتمالاً بیشترین زمان را برای تشکیل نیاز دارد؟,"['الف) گسل', 'ب) حفره فرونشست', 'ج) پیچ و تاب رودخانه', 'د) رشته\u200cکوه']",D,رشته‌کوه‌ها نتیجه فرآیندهای زمین‌ساختی طولانی‌مدت مانند کوه‌زایی و حرکات صفحات تکتونیکی هستند که میلیون‌ها سال به طول می‌انجامند.,B,0.4953482747077942,D,0.5264348387718201,False,True,True,True,[0.18081033 0.49534827 0.05870052 0.26514083],[0.04935011 0.41320345 0.0110115  0.52643484],0.8190645575523376,0.26514083,0.52643484,0.2612940099999999,0.8785600662231445,0.631576657295227,0.7348712682723999,0.8785600662231445,0.631576657295227,0.7348712682723999
2340,زمین‌شناسان هفت صفحه تکتونیکی اصلی را در سطح زمین شناسایی کرده‌اند. کدامیک از شواهد به بهترین نحو نشان می‌دهد که صفحات تکتونیکی با یکدیگر برخورد می‌کنند؟,"['باد ساختارهای سنگی سطح را فرسایش می\u200cدهد.', 'فسیل\u200cها به هزاران سال پیش برمی\u200cگردند.', 'هنگامی که یخچال\u200cهای طبیعی عقب\u200cنشینی می\u200cکنند، سنگ\u200cهای کوچکی به جا می\u200cمانند.', 'لایه\u200cهای قدیمی\u200cتر سنگ بالای لایه\u200cهای جدیدتر سنگ قرار دارند.']",D,برخورد صفحات تکتونیکی سبب قرار گرفتن لایه‌های سنگی قدیمی‌تر روی لایه‌های جدیدتر می‌شود.,A,0.4515194892883301,D,0.7562273740768433,False,True,True,True,[0.4515195  0.06110652 0.08890946 0.39846456],[0.19120422 0.02628417 0.02628417 0.7562274 ],0.8187555074691772,0.39846456,0.7562274,0.3577628399999999,0.7307374477386475,0.5190016627311707,0.6069329977035522,0.729943037033081,0.5219380259513855,0.6086600422859192
2341,کدام یک از بخش‌های سلول گیاهی وظیفه‌ای دارد که بیشتر شبیه به وظیفه‌ی اسکلت حیوانی است؟,"['غشای سلولی', 'دیواره سلولی', 'کلرولپلاست', 'هسته']",B,[MASK] با فراهم کردن پوشش سخت و محکم، از سلول در برابر فشارهای خارجی محافظت می‌کند و به حفظ شکل سلول کمک می‌کند.,B,0.9666855335235596,B,0.9920074939727784,True,True,True,True,[0.02260145 0.96668553 0.00114298 0.00957005],[6.7628836e-03 9.9200749e-01 3.6979717e-04 8.5980422e-04],0.7466182708740234,0.96668553,0.99200749,0.0253219599999999,0.9599161148071289,0.8035327196121216,0.8747903108596802,0.9574501514434814,0.7907516956329346,0.8661532402038574
2342,کدام دستگاه در حین تشریح حیوانات مورد نیاز نیست؟,"['دستکش', 'عینک ایمنی', 'پالتوی آزمایشگاهی', 'شستشوی ایمنی']",D,[MASK] برای محافظت از لباس در برابر مواد شیمیایی است و در تشریح حیوانات ضروری نیست.,B,0.3993599414825439,A,0.3818323910236358,False,False,False,False,[0.31102183 0.39935994 0.10097401 0.18864428],[0.4902825  0.09654235 0.03134271 0.3818324 ],0.8075838685035706,0.18864428,0.3818324,0.19318812,0.839063823223114,0.6754332780838013,0.7484090328216553,0.8134639859199524,0.6531630754470825,0.724553108215332
2343,در بسیاری از نقاط جهان، زمین‌هایی که برای کشاورزی خشک‌تر از آن هستند برای چراگاه دام استفاده می‌شوند. چرا بیش از حد در این اراضی، گیاهان بومی را نابود کرده و پوشش طبیعی خاک را از بین می‌برد. چرا چرا بیش از حد منجر به بیابانی شدن می‌شود؟,"['با افزایش نرخ فرسایش لایه سطحی خاک', 'با اجازه دادن به گونه\u200cهای غیر بومی برای مستعمره کردن زمین', 'با کاهش غذای موجود برای دام', 'با باعث شدن اینکه زمین بارش باران را سریع\u200cتر جذب کند']",A,چرا بیش از حد پوشش گیاهی را از بین می‌برد و خاک را در برابر فرسایش آسیب‌پذیر می‌کند و منجر به بیابانی شدن می‌شود.,A,0.6087839603424072,A,0.5126628875732422,True,True,True,False,[0.60878396 0.37069133 0.00603866 0.01448599],[0.5126629  0.4524234  0.00938975 0.02552398],0.83710777759552,0.60878396,0.5126629,-0.0961210599999999,0.8634224534034729,0.7244190573692322,0.7878364324569702,0.8634224534034729,0.7244190573692322,0.7878364324569702
2344,کدام یک از مسائل مهم و جنجالی مربوط به استفاده از انرژی هسته‌ای نیست؟,"['دفع مواد زاید هسته\u200cای', 'خطرات بهداشتی در مناطق اطراف نیروگاه\u200cهای هسته\u200cای', 'آلودگی حرارتی در آب\u200cهای استفاده شده برای خنک\u200cسازی', 'بیکاری ناشی از تبدیل به انرژی هسته\u200cای']",D,تبدیل به انرژی هسته‌ای، مسائل مربوط به دفع زایدات، خطرات بهداشتی و آلودگی حرارتی را به همراه دارد. بیکاری مستقیماً به عنوان مسئله شناخته نمی‌شود.,D,0.5942476391792297,D,0.9694405794143676,True,True,True,True,[0.31932276 0.04858865 0.03784088 0.59424764],[0.02297787 0.00580972 0.00177186 0.9694406 ],0.608445405960083,0.59424764,0.9694406,0.37519296,0.6137586832046509,0.6156934499740601,0.6147245168685913,0.6029454469680786,0.6000251770019531,0.6014817953109741
2345,یک جزیره انواع مختلفی از پرندگان دارد، هیچ گونه بومی از مارها ندارد و چندین شکارچی بزرگ در آنجا وجود دارد. مارهای قهوه‌ای تخم‌پرندگان را می‌خورند. نتیجهٔ احتمالی آزاد شدن تصادفی مارهای قهوه‌ای در این جزیره چیست؟,"['مارهای بیشتر و پرندگان کمتر', 'مارهای بیشتر و پرندگان بیشتر', 'مارهای کمتر و پرندگان کمتر', 'مارهای کمتر و پرندگان بیشتر']",A,افزایش جمعیت مارها منجر به کاهش جمعیت پرندگان می‌شود؛ زیرا مارهای قهوه‌ای تخم پرندگان را می‌خورند.,A,0.4370801448822021,A,0.8859773278236389,True,True,True,True,[0.43708014 0.12425105 0.00158872 0.43708014],[0.8859773  0.01415365 0.02685891 0.07301009],0.7728198170661926,0.43708014,0.8859773,0.4488971599999999,0.8320942521095276,0.6136683225631714,0.7063813805580139,0.8320942521095276,0.6136683225631714,0.7063813805580139
2346,یک دانش‌آموز می‌تواند با قرار دادن کدام یک از اشیا در توده کمپوست، منابع را حفظ کند؟,"['کودها', 'گیاهان لوبیا', 'فلاسک\u200cهای شیشه\u200cای', 'پیپت\u200cهای پلاستیکی']",B,با افزودن مواد آلی به کمپوست، نیاز به [MASK]ی شیمیایی کاهش می‌یابد و کیفیت خاک بهبود می‌یابد.,A,0.6428096294403076,A,0.2938828766345978,False,False,False,False,[0.6428096  0.3440712  0.00264762 0.01047154],[7.0223987e-01 2.9388288e-01 6.3786336e-04 3.2393374e-03],0.8043152689933777,0.3440712,0.29388288,-0.05018832,0.8162707686424255,0.6639611721038818,0.7322799563407898,0.8061373233795166,0.6499660611152649,0.7196767926216125
2347,کدامیک بهتر توضیح می‌دهد که چرا جرم کل محصول(ها) کمتر از وزن کل واکنش‌دهنده(ها) پس از یک واکنش شیمیایی است؟,"['الف) یک تغییر فیزیکی اتفاق افتاده است.', 'ب) اتم\u200cهای شرکت\u200cکننده در واکنش جرم خود را از دست داده\u200cاند.', 'ج) رسوباتی در محلول جدید ایجاد شده\u200cاند.', 'د) گازهایی به جو آزاد شده\u200cاند.']",D,گازهایی که در واکنش شیمیایی تولید می‌شوند به جو آزاد شده و موجب کاهش جرم کل می‌شوند.,B,0.9822330474853516,B,0.312236338853836,False,False,False,False,[1.2559202e-02 9.8223305e-01 5.8740168e-04 4.6202717e-03],[0.10136829 0.58333427 0.00306106 0.31223634],0.86162269115448,0.0046202717,0.31223634,0.3076160683,0.7856113910675049,0.6557631492614746,0.714838445186615,0.7856113910675049,0.6557631492614746,0.714838445186615
2348,کربن در مخازن مختلف بر روی زمین چرخه می‌چرخد. مدت زمانی که برای شکل‌گیری این مخازن لازم است به طور قابل توجهی متفاوت است. کدام فرآیند در چرخه کربن برای شکل‌گیری مخزن مشخص‌شده میلیون‌ها سال طول می‌کشد؟,"['ادغام کربن از طریق هضم در بافت\u200cهای جانوری', 'رهاسازی کربن به جو در حین تنفس', 'کربن جوی ادغام شده در قندها در گیاهان', 'تجزیه کربن در بافت\u200cهای گیاهی برای تشکیل نفت']",D,تبدیل مواد آلی به سوخت‌های فسیلی مانند نفت میلیون‌ها سال طول می‌انجامد و بخشی از چرخه کربن است که کربن را به مخازن زیرزمینی تبدیل می‌کند.,A,0.6178853511810303,D,0.4938068985939026,False,True,True,True,[0.61788535 0.09401839 0.0305233  0.25757292],[0.43578306 0.05897683 0.01143318 0.4938069 ],0.856412947177887,0.25757292,0.4938069,0.23623398,0.8485493659973145,0.6772586107254028,0.7532892227172852,0.8557906746864319,0.6861028671264648,0.7616095542907715
2349,مدت زمان تقریبی که ماه برای تکمیل یک چرخش حول زمین نیاز دارد چقدر است؟,"['7 روز', '30 روز', '90 روز', '365 روز']",B,حدود سی روز طول می‌کشد تا ماه یک دور کامل حول زمین بچرخد.,D,0.934576451778412,A,0.2047432363033294,False,False,False,False,[0.05881921 0.00482817 0.00177619 0.93457645],[0.7146241  0.20474324 0.04031633 0.04031633],0.748535692691803,0.00482817,0.20474324,0.19991507,0.5983589291572571,0.510941743850708,0.5512059926986694,0.5963389873504639,0.5115667581558228,0.5507096648216248
2350,کدام یک از موارد زیر نتیجه تبادل بخش‌های کروموزوم همولوگ در طول فرآیند میوز است؟,"['جهش\u200cهای تصادفی', 'کاهش تعداد گامت\u200cها', 'نسل\u200cهایی با ترکیب\u200cهای منحصر به فرد از صفات', 'کاهش تعداد آلل\u200cها در هر کروموزوم']",C,تبادل بخش‌های کروموزوم همولوگ در میوز، ترکیب‌های جدیدی از ژن‌ها ایجاد می‌کند و منجر به گامت‌هایی با ترکیب‌های متنوع می‌شود.,B,0.7495661377906799,C,0.945283591747284,False,True,True,True,[0.06128826 0.74956614 0.04212276 0.14702289],[5.312134e-02 8.721479e-04 9.452836e-01 7.230360e-04],0.9167990684509276,0.04212276,0.9452836,0.90316084,0.9064589142799377,0.7346624135971069,0.8115686178207397,0.906458854675293,0.7346624135971069,0.8115686178207397
2351,کدام یک از عبارات دلیل این نیست که در یک جنگل درختان با ارتفاعات متفاوتی رشد می‌کنند؟,"['برخی از آنها به نور خورشید کمتری نیاز دارند.', 'درختان در سال\u200cهای متفاوتی کاشته شده\u200cاند.', 'پرندگان در درختان کوتاه\u200cتر آشیانه می\u200cسازند.', 'تنها درختان بلند شاخه\u200cهایی با برگ دارند.']",C,این عبارت در مورد رفتار پرندگان است و نمی‌تواند علت تفاوت در ارتفاع درختان را توضیح دهد.,B,0.5675981044769287,D,0.1168790161609649,False,False,False,False,[0.11220413 0.5675981  0.11220413 0.20799361],[0.10314538 0.31771013 0.11687902 0.4622655 ],0.8493255376815796,0.11220413,0.11687902,0.00467489,0.9561699628829956,0.654120922088623,0.7768171429634094,0.9561699628829956,0.654120922088623,0.7768171429634094
2352,کلاس آنا تعداد پروانه‌ها را در باغ مدرسه برای یک تکلیف شمارش کرد. نتایج آنا با باقی کلاس متفاوت بود. او باید چه کار کند؟,"['تکلیف را تغییر دهد.', 'نتایج را به حال خود بگذارد.', 'نتایج خود را با کلاس مطابقت دهد.', 'از معلم بخواهد برایش شمارش کند.']",B,آنا باید از معلم بخواهد تا برایش شمارش کند تا نتایج دقیق و قابل اعتمادی به دست آید.,C,0.9448100924491882,C,0.0105478446930646,False,False,False,False,[5.3094730e-02 1.6285706e-03 9.4481009e-01 4.6659328e-04],[0.18696502 0.01054784 0.7337065  0.06878059],0.8279803395271301,0.0016285706,0.01054784,0.0089192693999999,0.7281588315963745,0.5217658877372742,0.6079221367835999,0.7281588315963745,0.5217658877372742,0.6079221367835999
2353,گل ساعت یک نوع پیچک گلدهنده است که به درختان و نرده‌ها می‌چسبد. کدام یک از رفتارهای زیر بیشتر به گل ساعت کمک می‌کند تا به نرده‌ای بیفتد؟,"['پیچ خوردن ساقه\u200cها در پاسخ به لمس', 'متورم شدن ساقه\u200cها در پاسخ به آب', 'باز شدن گل\u200cها در پاسخ به نور', 'رشد ریشه\u200cها در پاسخ به جاذبه']",A,[MASK]، به گیاه کمک می‌کند تا به تکیه‌گاه‌هایی مانند نرده‌ها بچسبد و بالا رود.,A,0.4334751665592193,D,0.415701299905777,True,False,False,False,[0.43347517 0.12419271 0.00885701 0.43347517],[0.4157013  0.03927515 0.01125252 0.53377104],0.6251628398895264,0.43347517,0.4157013,-0.01777387,0.8769384622573853,0.6600741744041443,0.7532071471214294,0.8629125356674194,0.6419996023178101,0.7362416982650757
2354,گروه‌های خونی در طبقه‌بندی ABO چگونه از یکدیگر تمایز می‌یابند؟,"['اندازه\u200cهای مختلف گلبول\u200cهای قرمز', 'اندازه\u200cهای مختلف گلبول\u200cهای سفید', 'پروتئین\u200cهای علامت\u200cگذاری مختلف روی گلبول\u200cهای قرمز', 'پروتئین\u200cهای علامت\u200cگذاری مختلف روی گلبول\u200cهای سفید']",C,وجود یا عدم وجود آنتی‌ژن‌های خاص به عنوان پروتئین‌های علامت‌گذاری روی سطح گلبول‌های قرمز، گروه‌های خونی ABO را از هم متمایز می‌کند.,C,0.9516862630844116,C,0.9870688915252686,True,True,True,True,[0.02873844 0.00395057 0.95168626 0.01562482],[1.0795344e-02 1.5073676e-03 9.8706889e-01 6.2836433e-04],0.8831512928009033,0.95168626,0.98706889,0.0353826299999999,0.8034728169441223,0.6390251517295837,0.711875319480896,0.8054368495941162,0.6378027200698853,0.7118843793869019
2355,سوال: بسیاری از حیوانات در معرض خطر به دام افتاده، برچسب‌گذاری می‌شوند و سپس به محیط زیست خود بازگردانده می‌شوند. برچسب ممکن است قطعه‌ای از پلاستیک یا فلز کدگذاری شده باشد که در جایی ایمن روی بدن قرار می‌گیرد. احتمالاً دلیل اصلی برچسب‌گذاری یک حیوان چیست؟,"['الف) برای پایش عادات غذایی آن\u200cها', 'ب) برای پایش عادات جابجایی آن\u200cها', 'ج) برای پایش عادات خواب آن\u200cها', 'د) برای پایش عادات تولید مثل آن\u200cها']",B,این کار به دانشمندان کمک می‌کند تا الگوهای جابجایی و مهاجرت حیوانات را درک کنند و اقدامات حفاظتی مناسب‌تری انجام دهند.,B,0.4731674194335937,B,0.9930447936058044,True,True,True,True,[0.36850315 0.47316742 0.00590995 0.15241952],[5.9048603e-03 9.9304479e-01 3.2288011e-04 7.2762155e-04],0.7092623710632324,0.47316742,0.99304479,0.51987737,0.8646582961082458,0.6702675819396973,0.7551535964012146,0.8646583557128906,0.670267641544342,0.7551537156105042
2356,یک گلاید، هواپیمای بدون موتوری است. علاوه بر اندازه، کدام یک از موارد اصلی باید در طراحی یک گلاید برای پوشش فاصله‌ای طولانی در نظر گرفته شود؟,"['تاثیرات زیست\u200cمحیطی و جرم', 'هزینه و تاثیرات زیست\u200cمحیطی', 'استحکام و هزینه', 'جرم و استحکام']",D,برای طراحی گلاید، [MASK] دو عامل مهم هستند؛ جرم کمتر به افزایش کارایی کمک می‌کند و استحکام مناسب برای تحمل نیروهای پروازی ضروری است.,A,0.6959667801856995,D,0.9600348472595216,False,True,True,True,[0.6959668  0.22638907 0.00414646 0.07349776],[3.7224591e-02 2.1000677e-03 6.4048445e-04 9.6003485e-01],0.8648686408996582,0.07349776,0.96003485,0.88653709,0.8284723162651062,0.6681129932403564,0.7397013306617737,0.8360762596130371,0.6715516448020935,0.7448367476463318
2357,برخی از گونه‌های باکتری یک ماده‌ای تولید می‌کنند که برای حشرات سمی و برای انسان‌ها بی‌خطر است. دانشمندان ژنی را که تولید این ماده را کنترل می‌کند جداسازی کرده‌اند. بهترین دلیل برای وارد کردن این ژن به گیاهان ذرت کدام است؟,"['ذرت سریع\u200cتر رشد خواهد کرد.', 'به کود کمتری نیاز خواهد بود.', 'به سموم کمتری نیاز خواهد بود.', 'ذرت مغذی\u200cتر خواهد بود.']",C,با وارد کردن ژن تولیدکننده این ماده به گیاهان ذرت، این گیاهان قادر به تولید ماده‌ای خواهند بود که برای حشرات سمی است و نیاز به سموم شیمیایی کاهش می‌یابد.,C,0.4859564900398254,C,0.9831778407096864,True,True,True,True,[0.3784633  0.09569051 0.4859565  0.03988974],[1.2571282e-02 3.8340245e-03 9.8317784e-01 4.1693082e-04],0.9148294925689696,0.4859565,0.98317784,0.4972213399999999,0.8809975385665894,0.7661778330802917,0.8195858597755432,0.8809974193572998,0.766177773475647,0.8195857405662537
2358,کدام جمله توصیف کننده سیارک‌ها و دنباله‌دارها است؟,"['A) سیارک\u200cها گازی هستند و دنباله\u200cدارها جامد هستند.', 'B) سیارک\u200cها جامد هستند و دنباله\u200cدارها گازی هستند.', 'C) هم سیارک\u200cها و هم دنباله\u200cدارها جامد هستند.', 'D) هم سیارک\u200cها و هم دنباله\u200cدارها گازی هستند.']",B,سیارک‌ها جامد و سنگی هستند، در حالی که دنباله‌دارها بیشتر از گاز و یخ تشکیل شده‌اند.,A,0.8233104348182678,B,0.972208559513092,False,True,True,True,[0.82331043 0.1618031  0.00437981 0.01050662],[2.5959132e-02 9.7220856e-01 6.9178746e-04 1.1405647e-03],0.7710657715797424,0.1618031,0.97220856,0.81040546,0.9341488480567932,0.724331796169281,0.8159681558609009,0.9341488480567932,0.724331796169281,0.8159681558609009
2359,اکثریت عناصر موجود در جدول تناوبی عناصر چیست؟,"['گازها.', 'فلزات.', 'مایعات.', 'غیر فلزات.']",B,بخش بزرگی از جدول تناوبی را فلزات به خود اختصاص داده‌اند.,B,0.970147430896759,B,0.997417449951172,True,True,True,True,[1.5742347e-02 9.7014743e-01 2.1764376e-04 1.3892571e-02],[1.7058706e-03 9.9741745e-01 1.8950512e-05 8.5776561e-04],0.768805742263794,0.97014743,0.99741745,0.02727002,0.8472065329551697,0.5175160765647888,0.6425378918647766,0.8472064733505249,0.5175160765647888,0.6425378918647766
2360,چگونه خصوصیات قابل اندازه‌گیری یک توپ گلف تغییر می‌کند اگر آن را از زمین به ماه منتقل کنیم؟,"['توده آن همان خواهد بود، اما وزن متفاوتی خواهد داشت.', 'وزن آن همان خواهد بود، اما توده متفاوتی خواهد داشت.', 'چگالی آن همان خواهد بود، اما توده متفاوتی خواهد داشت.', 'توده آن همان خواهد بود، اما چگالی متفاوتی خواهد داشت.']",A,توده توپ گلف در هر دو مکان یکسان است زیرا به مقدار ماده بستگی دارد. اما وزن آن در ماه به دلیل میدان گرانشی ضعیف‌تر، کمتر از وزن آن در زمین است.,A,0.5875347852706909,A,0.9953149557113647,True,True,True,True,[0.5875348  0.2764498  0.01987011 0.11614527],[9.9531496e-01 2.4864890e-03 4.8961875e-04 1.7089372e-03],0.859860360622406,0.5875348,0.99531496,0.4077801599999999,0.8268947601318359,0.7095409631729126,0.7637360692024231,0.8268947601318359,0.7095409631729126,0.7637360692024231
2361,یک گروه از دانش‌آموزان در حال تحقیق درباره دو ماده هستند تا تعیین کنند کدام یک نمک سفره و کدام یک شکر سفره است. چگونه دانش‌آموزان بهترین راه را برای شناسایی هر ماده پیدا می‌کنند؟,"['با توجه به اینکه آیا در آب حل می\u200cشوند', 'با بررسی رنگ ماده', 'با مشاهده اینکه آیا به یک سطح می\u200cچسبند', 'با بررسی شکل کریستال']",D,دانش‌آموزان می‌توانند [MASK]، این دو ماده را تشخیص دهند زیرا ساختارهای کریستالی متفاوتی دارند.,D,0.6151942014694214,D,0.9305580854415894,True,True,True,True,[0.37313414 0.00994369 0.00172795 0.6151942 ],[6.7938104e-02 1.3245820e-03 1.7926269e-04 9.3055809e-01],0.6800413727760315,0.6151942,0.93055809,0.31536389,0.7536512613296509,0.5022369027137756,0.602778971195221,0.762168288230896,0.5029140710830688,0.6059766411781311
2362,اسکات در حال بررسی نتایج تلاقی بین گل‌های قرمز و سفید بود. نتیجه‌ای که نشان‌دهندهٔ عدم تسلط کامل است، کدام یک از موارد زیر است؟,"['۰٪ گل\u200cهای صورتی', '۲۵٪ گل\u200cهای سفید', '۵۰٪ گل\u200cهای قرمز', '۱۰۰٪ گل\u200cهای صورتی']",D,عدم تسلط کامل زمانی است که فنوتیپ میانی ایجاد شود. اگر تلاقی گل‌های قرمز و سفید منجر به گل‌های صورتی نشود، نشان‌دهنده عدم وقوع عدم تسلط کامل است.,A,0.6316255927085876,A,0.0140784410759806,False,False,False,False,[0.6316256  0.23418452 0.06709498 0.06709498],[0.6890195  0.28722605 0.00967596 0.01407844],0.8912270069122314,0.06709498,0.01407844,-0.05301654,0.8214703798294067,0.6376138925552368,0.7179584503173828,0.8208011388778687,0.6387220025062561,0.7184041142463684
2363,شکارچیان طوفان افرادی هستند که به طوفان‌ها نزدیک می‌شوند تا آن‌ها را مشاهده کرده و اندازه‌گیری‌هایی انجام دهند. چه دانشی شکارچیان طوفان به مطالعه طوفان‌ها اضافه کرده‌اند که بیشتر به اصلاح نظریه‌های شکل‌گیری طوفان کمک کرده است؟,"['دیدگاه\u200cهای آن\u200cها درباره خسارات طوفان', 'تجربیات شخصی آن\u200cها در طوفان\u200cها', 'داده\u200cهای جمع\u200cآوری شده آن\u200cها در ابتدای طوفان\u200cها', 'شور و اشتیاقشان برای مطالعه طوفان\u200cهای مختلف']",C,شکارچیان طوفان با جمع‌آوری داده‌های دقیق در ابتدای شکل‌گیری طوفان‌ها، اطلاعات ارزشمندی را در اختیار دانشمندان قرار می‌دهند که به درک بهتر الگوهای شکل‌گیری طوفان و اصلاح نظریه‌ها کمک می‌کند.,B,0.483728677034378,C,0.9779425263404846,False,True,True,True,[0.42522478 0.48372868 0.03986228 0.05118417],[2.0375988e-02 1.5712274e-03 9.7794253e-01 1.1031748e-04],0.9541183710098268,0.03986228,0.97794253,0.93808025,0.9126465320587158,0.7908889055252075,0.8474164605140686,0.9126465320587158,0.7908889055252075,0.8474164605140686
2364,دانشمندان معتقدند که حرکت قاره‌ای در طول تاریخ زمین‌شناسی زمین تأثیر قابل توجهی بر روی چرخه‌های آب و هوای گرمتر و خنک‌تر زمین داشته است. کدام جمله ویژگی قاره‌های زمین را توصیف می‌کند که بیشترین احتمال را دارد تا تغییرات در آب و هوای جهانی را زمانی که قاره‌ها حرکت می‌کنند به وجود آورد؟,"['محل قاره بر روی بازتاب سطح آن تأثیر می\u200cگذارد.', 'عمق صفحه قاره\u200cای تعیین\u200cکننده ظرفیت حرارتی ویژه آن است.', 'حرکت قاره\u200cای مقادیر زیادی انرژی جنبشی را جذب می\u200cکند.', 'دمای یک قاره تحت تأثیر نزدیک\u200cترین اقیانوس آن قرار دارد.']",A,موقعیت قاره‌ها نسبت به اقیانوس‌ها و جریان‌های دریایی می‌تواند الگوهای آب و هوایی را تغییر دهد زیرا سطوح مختلف بازتاب انرژی خورشیدی دارند. این تفاوت در بازتاب می‌تواند باعث تغییرات قابل توجهی در آب و هوای جهانی شود.,A,0.4391305446624756,A,0.9887235164642334,True,True,True,True,[0.43913054 0.3419952  0.07630945 0.14256482],[0.9887235  0.0035416  0.00189568 0.00583911],0.8527406454086304,0.43913054,0.9887235,0.54959296,0.9074892401695251,0.7706751227378845,0.8335052132606506,0.9074892401695251,0.7706751227378845,0.8335052132606506
2365,کدام ویژگی‌ها بر روی سطح زمین و ماه وجود دارد؟,"['گیاهان', 'اقیانوس\u200cها', 'حیوانات', 'کوه\u200cها']",D,زمین و ماه هر دو دارای [MASK]ی طبیعی هستند.,B,0.6953487992286682,B,0.1138924211263656,False,False,False,False,[0.19767042 0.6953488  0.00117539 0.10580535],[3.7557732e-02 8.4815788e-01 3.9195013e-04 1.1389242e-01],0.7944871783256531,0.10580535,0.11389242,0.0080870699999999,0.8405798673629761,0.5830776691436768,0.6885411143302917,0.8762133717536926,0.5921609401702881,0.7067126631736755
2366,ریختن مواد شیمیایی سمی به دریاچه احتمالاً منجر به چه چیزی خواهد شد؟,"['افزایش سطح اکسیژن در دریاچه.', 'رشد سریع\u200cتر گیاهان نزدیک دریاچه.', 'مواد شیمیایی سمی هیچ تأثیری بر دریاچه نداشته باشند.', 'آسیب یا مرگ ماهی\u200cها در دریاچه.']",D,افزودن مواد شیمیایی سمی به دریاچه می‌تواند باعث آسیب یا مرگ ماهی‌ها شود.,D,0.8416675329208374,D,0.9697765707969666,True,True,True,True,[0.05401659 0.10091628 0.00339963 0.84166753],[2.2985836e-02 6.5855524e-03 6.5205799e-04 9.6977657e-01],0.9119176864624025,0.84166753,0.96977657,0.1281090399999999,0.8916515111923218,0.5850547552108765,0.7065250277519226,0.8916515111923218,0.5850547552108765,0.7065250277519226
2367,مقاله‌ای اخیر در یک نشریه علمی رابطه بین جریان‌های همرفت و تکتونیک صفحه‌ای را توضیح می‌دهد. در حالی که مایع درون گوشته گردش می‌کند، باعث حرکت صفحات قشری می‌شود. کدام یک احتمالاً موجب گردش مایعات درون زمین می‌شود؟,"['انتقال انرژی', 'گرمایش جهانی', 'تغییرات جزر و مدی', 'جریان\u200cهای اقیانوسی']",A,اختلاف دما و چگالی مواد درون زمین، موجب جریان‌های همرفت می‌شود که انرژی آن از گرمای درونی زمین تأمین می‌شود.,C,0.6755052804946899,A,0.9257681965827942,False,True,True,True,[0.06234282 0.21930446 0.6755053  0.04284755],[0.9257682  0.04627168 0.01898986 0.00897017],0.8636570572853088,0.06234282,0.9257682,0.86342538,0.8873893618583679,0.7112823724746704,0.7896360754966736,0.887226402759552,0.7141573429107666,0.7913396954536438
2368,چانه‌ی شکاف‌دار در انسان‌ها توسط آلل غالب C کدگذاری می‌شود. چانه‌ای بدون شکاف توسط آلل مغلوب c کدگذاری می‌شود. مردی با ترکیب آللی cc برای این ویژگی، زایگوتی با زنی که ترکیب آللی Cc برای این ویژگی دارد، تولید می‌کند. کدام ترکیب‌های آللی می‌توانند در زایگوت رخ دهند؟,"['Cc یا cc', 'CC یا Cc', 'فقط CC', 'فقط Cc']",A,با ترکیب ژنی cc در مرد و Cc در زن، زایگوت می‌تواند [MASK] باشد.,B,0.505918562412262,B,0.2609987258911133,False,False,False,False,[0.34771243 0.50591856 0.00142102 0.1449481 ],[0.26099873 0.70946807 0.00202413 0.02750906],0.8578833937644958,0.34771243,0.26099873,-0.0867137,0.7844727635383606,0.6463704109191895,0.7087569236755371,0.7692772746086121,0.6316473484039307,0.6937017440795898
2369,پنل‌های خورشیدی برای جذب نور خورشید استفاده می‌شوند. کدام رنگ پنل بیشترین نور خورشید را جذب می‌کند؟,"['الف) سیاه', 'ب) سبز', 'ج) سفید', 'د) زرد']",A,رنگ سیاه تمام نور خورشید را جذب می‌کند و کمترین نور را بازتاب می‌دهد.,A,0.7687638401985168,A,0.9838860034942628,True,True,True,True,[0.76876384 0.05568907 0.10404087 0.07150618],[0.983886   0.00851228 0.00243881 0.00516296],0.8455662131309509,0.76876384,0.983886,0.21512216,0.9576445817947388,0.7908946871757507,0.8663185834884644,0.9576445817947388,0.790894627571106,0.8663185834884644
2370,یکی از محدودیت‌های شبکه‌های غذایی در نمایش یک اکوسیستم این است که آنها...,"['...تولیدکنندگان موجود در اکوسیستم را شامل نمی\u200cشوند.', '...تمام گونه\u200cهای موجود در اکوسیستم را شامل نمی\u200cشوند.', '...مصرف\u200cکنندگان موجود در اکوسیستم را نشان نمی\u200cدهند.', '...رابطه\u200cهای شکارچی و طعمه را در اکوسیستم نشان نمی\u200cدهند.']",B,نمی‌توانند تمام گونه‌های موجود در اکوسیستم را نمایش دهند.,A,0.3981285691261291,B,0.9236222505569458,False,True,True,True,[0.39812857 0.39812857 0.01568022 0.18806261],[7.5963750e-02 9.2362225e-01 8.3555540e-05 3.3046858e-04],0.6578208208084106,0.39812857,0.92362225,0.52549368,0.8533103466033936,0.6206716299057007,0.7186322808265686,0.8533103466033936,0.6206716299057007,0.7186322808265686
2371,کدام یک از روش‌ها می‌تواند باعث تغییر شیمیایی یک تکه کاغذ شود؟,"['کاغذ را نصف کنید', 'کاغذ را در آب خیس کنید', 'کاغذ را با آتش بسوزانید', 'کاغذ را با قیچی ببرید']",C,سوزاندن کاغذ با آتش باعث تغییر شیمیایی آن می‌شود زیرا ساختار مولکولی کاغذ تغییر می‌کند و مواد جدیدی تولید می‌شود.,C,0.9866594076156616,C,0.9948105812072754,True,True,True,True,[0.00969178 0.00216253 0.9866594  0.00148628],[4.5354636e-03 4.7803434e-04 9.9481058e-01 1.7585901e-04],0.9371692538261414,0.9866594,0.99481058,0.00815118,0.903255820274353,0.6183509826660156,0.7341306805610657,0.903255820274353,0.6183509826660156,0.7341306805610657
2372,دانشمندان توضیح داده‌اند که چگونه اسیدهای آمینه، کربوهیدرات‌ها، اسیدهای نوکلئیک و اسیدهای چرب می‌توانند قبل از ظهور موجودات زنده در زمین سنتز شده باشند. کدام یک از کشفیات زیر بیشتر از ادعای این که زندگی به‌طور خودبه‌خود از این بیوشیمیایی‌ها به وجود آمده، حمایت می‌کند؟,"['این مواد شیمیایی می\u200cتوانند به\u200cصورت خودجوش به ساختاری که توانایی تکثیر دارد، سازمان\u200cدهی شوند.', 'این مواد شیمیایی امروز توسط موجودات زنده مورد استفاده قرار می\u200cگیرند.', 'این مواد شیمیایی در یک سیاره دیگر یافت شده\u200cاند.', 'این مواد شیمیایی می\u200cتوانند به\u200cصورت خودجوش به یک ویروس سازمان\u200cدهی شوند.']",A,نشان دادن توانایی سازماندهی خودجوش مواد شیمیایی به ساختاری با قابلیت تکثیر، گام مهمی در اثبات امکان ظهور خودبه‌خود حیات از ترکیبات بیوشیمیایی است.,C,0.7112820148468018,C,0.1682523638010025,False,False,False,False,[0.20378572 0.03981551 0.711282   0.04511688],[0.16825236 0.02923788 0.7599689  0.04254086],0.7746187448501587,0.20378572,0.16825236,-0.03553336,0.7524535655975342,0.594357967376709,0.6641266942024231,0.7546294927597046,0.5966749787330627,0.6664205193519592
2373,معادله زیر محصولات تشکیل شده را نشان می‌دهد وقتی که یک محلول نیترات نقره (AgNO3) با یک محلول کلرید سدیم (NaCl) واکنش می‌دهد. AgNO3  + NaCl (مواد واکنش دهنده) -> NaNO3  + AgCl (محصولات) در این معادله، مجموع جرم مواد واکنش دهنده,"['بیشتر از مجموع جرم محصولات است', 'برابر با مجموع جرم محصولات است', 'برابر با جرم AgCl است', 'کمتر از جرم AgCl است']",B,طبق قانون پایستگی جرم، مجموع جرم مواد واکنش دهنده با مجموع جرم محصولات برابر است.,B,0.8154847621917725,B,0.9563396573066713,True,True,True,True,[1.8231498e-01 8.1548476e-01 6.4733648e-04 1.5528793e-03],[4.2018633e-02 9.5633966e-01 7.6959812e-04 8.7206892e-04],0.8110402822494507,0.81548476,0.95633966,0.1408549,0.7658261060714722,0.5916445851325989,0.6675603985786438,0.7722419500350952,0.5930665731430054,0.6708973050117493
2374,چرا انرژی خروجی یک ماشین همیشه کمتر از انرژی ورودی آن است؟,"['بخشی از انرژی در حین کارکرد ماشین نابود می\u200cشود.', 'ماشین باید بر نیروی ثابت مغناطیسی غلبه کند.', 'انرژی مفید با انتقال انرژی به محیط اطراف کاهش می\u200cیابد.', 'بخشی از انرژی در حین تبدیل به صورت گرما آزاد می\u200cشود.']",C,انرژی خروجی ماشین کمتر از ورودی است زیرا در تبدیل انرژی، بخشی به دلیل مقاومت‌های داخلی به گرما تبدیل می‌شود و از بین می‌رود.,A,0.8459822535514832,A,0.056485790759325,False,False,False,False,[0.84598225 0.00341706 0.00301554 0.14758505],[0.78587806 0.00409182 0.05648579 0.1535443 ],0.7909867763519287,0.00301554,0.05648579,0.05347025,0.878484308719635,0.7012978792190552,0.7799546122550964,0.878484308719635,0.7012978792190552,0.7799546122550964
2375,کدام معادله یک معادله شیمیایی متعادل است؟,"['2NaOH + CaBr_{2} -> Ca(OH)_{2} + NaBr', 'NO + Cl_{2} -> NOCl', 'CaCO_{3} -> CaO + 2CO_{2}', '2AlCl_{3} + 3Mg -> 3MgCl_{2} + 2Al']",D,معادله شامل تعداد برابر اتم‌های هر عنصر در طرفین است.,A,0.7994893789291382,D,0.7768286466598511,False,True,True,True,[0.7994894  0.01478686 0.00698482 0.17873895],[0.19564728 0.01121148 0.01631261 0.77682865],0.6376311779022217,0.17873895,0.77682865,0.5980897000000001,0.7974355220794678,0.5961402058601379,0.6822498440742493,0.797561764717102,0.5968245267868042,0.6827439665794373
2376,جغدهای جیغ‌کش دو نوع رنگی دارند: قرمز و خاکستری. چه مزیتی جغد جیغ‌کش خاکستری نسبت به جغد جیغ‌کش قرمز دارد در زیستگاهی که از درختان با پوست تیره تشکیل شده است؟,"['آشیانه\u200cسازی', 'غذاخوری', 'تولید مثل', 'پنهان شدن']",D,جغدهای خاکستری در زیستگاه با درختان تیره بهتر پنهان می‌شوند و کمتر شناسایی می‌شوند.,D,0.6871526837348938,D,0.8661680221557617,True,True,True,True,[0.28700787 0.0233757  0.00246378 0.6871527 ],[1.3231331e-01 1.4698681e-03 4.8748672e-05 8.6616802e-01],0.8307955861091614,0.6871527,0.86616802,0.1790153200000001,0.8018761873245239,0.6163936257362366,0.697006106376648,0.8018761873245239,0.6163935661315918,0.6970060467720032
2377,گیاهان غیربومی می‌توانند مناطقی را که زمانی توسط گونه‌های گیاهی بومی پر شده بودند، تسخیر کنند. کدام فرآیند غیرزیستی کمترین احتمال را برای باعث شدن تهاجم گیاهان غیربومی دارد؟,"['سیلاب', 'هوازدگی', 'طوفان\u200cهای گرد و غبار', 'آب شدن یخچال\u200cهای طبیعی']",B,فرآیند [MASK] به تجزیه سنگ‌ها اشاره دارد و ارتباطی با گسترش یا تهاجم گیاهان ندارد.,B,0.4024640321731567,B,0.591995894908905,True,True,True,True,[0.2766092  0.40246403 0.00748747 0.3134393 ],[0.08011793 0.5919959  0.01101353 0.3168726 ],0.8937368392944336,0.40246403,0.5919959,0.18953187,0.8910738825798035,0.6413418054580688,0.7458589673042297,0.8757013082504272,0.6306833624839783,0.7332659363746643
2378,ویژگی رنگ گل در برخی از گونه‌های گیاهان رز بسیار متغیر است که منجر به تشکیل گل‌هایی با رنگ‌های مختلف می‌شود. چگونه این تنوع رنگ گل در گیاهان رز به وجود آمده است؟,"['از طریق جهش', 'از طریق گرده\u200cافشانی', 'از طریق انتخاب طبیعی', 'از طریق تولیدمثل غیرجنسی']",A,تنوع رنگ گل در گیاهان رز [MASK] ژنتیکی رخ می‌دهد که منجر به تغییر در تولید رنگدانه‌ها می‌شود.,A,0.6669456362724304,A,0.9606854319572448,True,True,True,True,[0.66694564 0.09026127 0.21652554 0.02626753],[0.96068543 0.02550159 0.00938151 0.00443151],0.9318995475769044,0.66694564,0.96068543,0.2937397899999999,0.8512321710586548,0.6954683065414429,0.7655069828033447,0.832442045211792,0.6813908219337463,0.7493804693222046
2379,جولی می‌خواست برای صبحانه یک تخم‌مرغ آب‌پز بخورد. او تخم‌مرغ را به مدت پانزده دقیقه در آب جوش قرار داد. وقتی که او پوسته را شکست، بخش‌های مایع تخم‌مرغ به حالت جامد درآمده بود. دلیل این امر چیست؟,"['الف) حرارت، آب تخم\u200cمرغ را خارج کرد.', 'ب) حرارت، پیوندهای شیمیایی تخم\u200cمرغ را تغییر داد.', 'ج) جوشاندن، بخش\u200cهای جامد تخم\u200cمرغ را به سطح آورد.', 'د) باکتری\u200cهای موجود در تخم\u200cمرغ مایع کشته شدند.']",B,حرارت باعث تغییر پیوندهای شیمیایی تخم‌مرغ شده و بخش‌های مایع آن را به جامد تبدیل می‌کند.,B,0.6698279976844788,B,0.9689708352088928,True,True,True,True,[0.24641596 0.669828   0.05455495 0.02920116],[0.02572153 0.96897084 0.00136319 0.00394452],0.7893580198287964,0.669828,0.96897084,0.29914284,0.7709569334983826,0.5779718160629272,0.660659670829773,0.7709569931030273,0.577971875667572,0.6606596112251282
2380,دانشمندان در حال جمع آوری نمونه های گرانیت در کوه های غرب نوادای آمریکا هستند. کدام یک از این فرمت ها بهترین گزینه برای نمایش و مقایسه درصد مواد معدنی یافت شده در یک نمونه گرانیت است؟,"['نمودار ستونی', 'نمودار خطی', 'نمودار دایره\u200cای', 'نمودار پراکندگی']",C,[MASK] برای نمایش درصدهای مختلف مواد معدنی در یک نمونه مناسب است.,A,0.5079073905944824,A,0.0968850553035736,False,False,False,False,[0.5079074  0.03664925 0.4482267  0.00721666],[0.7130981  0.1810051  0.09688506 0.00901171],0.7263762354850769,0.4482267,0.09688506,-0.35134164,0.8748918771743774,0.6871097087860107,0.769713282585144,0.8768888711929321,0.6776543259620667,0.7645043730735779
2381,یک ماده در فاز (حالت) جامد دارای,"['شکل معین و حجم معین', 'شکل معین اما حجم معین ندارد', 'شکل معین ندارد اما حجم معین دارد', 'نه شکل معین دارد و نه حجم معین']",A,ماده جامد دارای شکل و حجم معین به دلیل ساختار منظم مولکول‌ها است.,A,0.9640557765960692,A,0.99404376745224,True,True,True,True,[0.9640558  0.02897016 0.00392068 0.00305343],[9.9404377e-01 5.2623111e-03 4.3195678e-04 2.6199504e-04],0.8890027403831482,0.9640558,0.99404377,0.0299879699999999,0.8089396953582764,0.6828962564468384,0.7405933141708374,0.8089396953582764,0.6828962564468384,0.7405933141708374
2382,فرآیندهای زندگی به انرژی نیاز دارند. فرآیندهای بیوشیمیایی شامل واکنش‌های خاصی هستند. کدام یک از ویژگی‌های فرآیندهای بیوشیمیایی است که در تمام حیوانات مشترک است؟,"['در هر سطح pH عمل می\u200cکند', 'حرارت به عنوان یک محصول آزاد می\u200cشود', 'تنها از تنفس بی\u200cهوازی استفاده می\u200cکند', 'مقدار انرژی جذب شده']",B,فرآیندهای بیوشیمیایی در حیوانات مختلف در شرایط pH متفاوتی رخ می‌دهد. ویژگی مشترک این فرآیندها این است که می‌توانند در محدوده‌های متفاوتی از pH عمل کنند. این انعطاف‌پذیری در برابر تغییرات pH برای انجام فرآیندهای حیاتی ضروری است.,B,0.4390965700149536,B,0.7163180112838745,True,True,True,True,[0.20741452 0.43909657 0.01152011 0.34196874],[0.2635187  0.716318   0.00331721 0.01684619],0.869953453540802,0.43909657,0.716318,0.27722143,0.8401210308074951,0.657413125038147,0.7376213669776917,0.8401210308074951,0.657413125038147,0.7376213669776917
2383,وقتی حرکت مولکول‌های آب مایع کند می‌شود، چه چیزی احتمالاً اتفاق می‌افتد؟,"['آب مایع به جامد تبدیل می\u200cشود.', 'آب مایع متراکم می\u200cشود.', 'آب مایع دچار تغییر شیمیایی می\u200cشود.', 'آب مایع بخار می\u200cشود.']",A,با کاهش انرژی جنبشی مولکول‌ها، فاصله بین آنها کم شده و آب به جامد تبدیل می‌شود.,A,0.8890057802200317,A,0.9660767912864684,True,True,True,True,[0.8890058  0.09388371 0.00460173 0.01250879],[9.6607679e-01 3.2960624e-02 5.4114859e-04 4.2144695e-04],0.8638595938682556,0.8890058,0.96607679,0.07707099,0.7960566282272339,0.6513991355895996,0.716499388217926,0.7960566282272339,0.6513991951942444,0.716499388217926
2384,کدام رویداد به احتمال زیاد باعث انفجار تنوع پستانداران شد که در دوران کرتاسه رخ داد؟,"['تشکیل ابرقارهٔ پانگه\u200cآ', 'فعالیت آتشفشانی شدید', 'دمای سردتر', 'افزایش سطح دریاها']",C,فعالیت‌های آتشفشانی شدید می‌توانند شرایط محیطی را تغییر داده و موجب تنوع زیستی شوند.,A,0.9471311569213868,B,8.91456293174997e-05,False,False,False,False,[0.94713116 0.04724707 0.00180357 0.00381815],[6.6526546e-03 9.9314368e-01 8.9145629e-05 1.1446525e-04],0.6065228581428528,0.00180357,8.9145629e-05,-0.001714424371,0.8298971652984619,0.5486632585525513,0.6605936288833618,0.8298971652984619,0.5486632585525513,0.6605936288833618
2385,کدام ویژگی بیشتر احتمال دارد که یک گربه از والدین خود به ارث ببرد؟,"['داشتن زخم', 'دنبال کردن یک اسباب\u200cبازی', 'داشتن پشم سفید', 'دانستن نامش']",C,رنگ پشم گربه‌ها توسط ژن‌های ارثی تعیین می‌شود، بنابراین پشم سفید یک ویژگی ارثی است.,C,0.7007958292961121,C,0.9960958361625672,True,True,True,True,[0.17718893 0.0948424  0.7007958  0.0271728 ],[3.6065432e-03 1.8525904e-04 9.9609584e-01 1.1236528e-04],0.8108031153678894,0.7007958,0.99609584,0.29530004,0.8553763628005981,0.5871096849441528,0.6962975859642029,0.8424471020698547,0.5838813781738281,0.689727783203125
2386,پسری می‌تواند چهره‌اش را وقتی به یک دریاچه آرام نگاه می‌کند ببیند. کدام خاصیت فیزیکی دریاچه این را ممکن می‌سازد؟,"['انعطاف\u200cپذیری', 'بازتابندگی', 'دما', 'حجم']",B,خاصیت [MASK] دریاچه باعث می‌شود نور منعکس شده از صورت پسر به چشم او برسد.,B,0.6775859594345093,B,0.9969424605369568,True,True,True,True,[0.32006893 0.67758596 0.0010267  0.00131831],[2.81666173e-03 9.96942461e-01 1.09213834e-04 1.31737033e-04],0.8527206182479858,0.67758596,0.996942461,0.3193565009999999,0.9264519810676575,0.6456704139709473,0.7609873414039612,0.9020113348960876,0.6215640306472778,0.7359764575958252
2387,بهترین واحد برای اندازه‌گیری فاصله‌ها بین زمین و سایر سیستم‌های خورشیدی در جهان کدام است؟,"['مایل', 'کیلومتر', 'سال نوری', 'واحدهای نجومی']",C,[MASK] واحد مناسبی برای اندازه‌گیری فواصل بسیار بزرگ در فضا، از جمله فواصل بین سیستم‌های خورشیدی است.,C,0.9850417971611024,C,0.963323414325714,True,True,True,False,[1.2424088e-02 3.7517495e-04 9.8504180e-01 2.1589829e-03],[3.2706592e-02 3.0421871e-03 9.6332341e-01 9.2781463e-04],0.8052111268043518,0.9850418,0.96332341,-0.0217183899999999,0.8181401491165161,0.7093861699104309,0.7598916888237,0.8053409457206726,0.6911640167236328,0.7438968420028687
2388,کدام ویژگی فقط به یکی از این گروه‌های طبقه‌بندی شدهٔ جانوری: خزندگان، پستانداران، پرندگان، دوزیستان یا ماهی‌ها تعلق دارد؟,"['مو دارند', 'تخم می\u200cگذارند', 'پاهای وب\u200cدار دارند', 'با آبشش نفس می\u200cکشند']",A,تنها پستانداران دارای مو هستند.,B,0.6257743239402771,A,0.9994890689849854,False,True,True,True,[0.23020951 0.6257743  0.08535358 0.05866259],[9.9948907e-01 4.2968243e-04 2.8340626e-05 5.2947260e-05],0.5576943159103394,0.23020951,0.99948907,0.76927956,0.5573482513427734,0.44877898693084717,0.49720585346221924,0.5633246302604675,0.4519183039665222,0.5015089511871338
2389,کدام حیوانات احتمالاً بیشترین کمک را از سیلاب در یک منطقه ساحلی خواهند برد؟,"['گوزن\u200cها', 'راکون\u200cها', 'تمساح\u200cها', 'کایوت\u200cها']",C,حیوانات نیمه آبزی با مهارت شنا بالا، بیشترین کمک را از سیلاب در مناطق ساحلی خواهند برد.,A,0.5392258763313293,B,0.0031157357152551,False,False,False,False,[0.5392259  0.25471225 0.00769164 0.19837011],[0.103179   0.8706829  0.00311574 0.02302235],0.889917254447937,0.00769164,0.00311574,-0.0045758999999999,0.8224174976348877,0.6345632672309875,0.7163800001144409,0.8251644372940063,0.6378824710845947,0.7195366621017456
2390,کدام نمونه، تابع غشای انتخابی نفوذپذیر یک سلول است؟,"['پشتیبانی از شکل سلول', 'ساخت پروتئین\u200cها برای سلول', 'محدود کردن مواد شیمیایی که از سلول خارج می\u200cشوند', 'ذخیره\u200cسازی محصولات زائد برای سلول']",C,غشای سلولی با کنترل ورود و خروج مواد، تعادل شیمیایی و فیزیکی سلول را حفظ می‌کند و مواد شیمیایی خارج شده را محدود می‌سازد.,C,0.9423859715461732,C,0.9946441650390624,True,True,True,True,[0.04124413 0.00920281 0.942386   0.00716715],[4.0332503e-03 5.9948908e-04 9.9464417e-01 7.2312186e-04],0.8089209794998169,0.942386,0.99464417,0.0522581700000001,0.7905633449554443,0.6457275152206421,0.7108427882194519,0.7921339273452759,0.6485075950622559,0.713161289691925
2391,بر اساس جدول تناوبی عناصر، کدام مجموعه از عناصر خواص مشابهی دارد؟,"['H، C، I', 'He، H، Al', 'He، Ne، Ar', 'Na، Ca، Al']",C,عناصر در گروه 18 جدول تناوبی، گازهای نجیب با لایه الکترونی پر و پایداری شیمیایی بالا هستند.,B,0.3919625878334045,C,0.7516260743141174,False,True,True,True,[0.18515001 0.3919626  0.18515001 0.23773733],[0.19078463 0.0482379  0.7516261  0.00935135],0.7499048709869385,0.18515001,0.7516261,0.56647609,0.8117673993110657,0.5875183939933777,0.6816738247871399,0.8117673397064209,0.5875183939933777,0.6816738247871399
2392,کدام یک بیشتر احتمال دارد که عامل توانایی حشره‌های چینی برای زنده ماندن در برابر تماس مکرر با حشره‌کش‌ها باشد؟,"['تنوع گونه\u200cها', 'تنوع ژنتیکی', 'تنوع بوم\u200cشناختی', 'تنوع جمعیتی']",B,[MASK] درون جمعیت حشرات می‌تواند باعث مقاومت به حشره‌کش‌ها شود. این تنوع از طریق انتخاب طبیعی افزایش می‌یابد؛ حشرات مقاوم شانس بیشتری برای زنده ماندن و تولید مثل دارند.,B,0.5281661748886108,B,0.8256150484085083,True,True,True,True,[0.466105   0.5281662  0.00061121 0.00511763],[0.08667994 0.82561505 0.00102503 0.08667994],0.7645817995071411,0.5281662,0.82561505,0.29744885,0.7995535135269165,0.641381025314331,0.7117859125137329,0.7879608869552612,0.6326464414596558,0.7018133997917175
2393,کدام یک از گزینه‌های ذکر شده، جهان طبیعی را با استفاده از یک مدل نمایندگی می‌کند؟,"['خواندن کتابی دربارهٔ یک جامعهٔ سگ\u200cهای مرتعی', 'نگاه کردن به تصویری از یک جامعهٔ سگ\u200cهای مرتعی', 'تحقیق دربارهٔ یک جامعهٔ سگ\u200cهای مرتعی با استفاده از اینترنت', 'مشاهدهٔ یک جامعهٔ سگ\u200cهای مرتعی در یک نمایشگاه در باغ وحش']",D,تصویر یک جامعه از سگ‌های مرتعی، مدل ساده شده‌ای از واقعیت است.,D,0.7027743458747864,B,0.2032373994588852,True,False,False,False,[0.17768918 0.09511016 0.02442631 0.70277435],[0.07476686 0.71493185 0.00706392 0.2032374 ],0.7304906845092773,0.70277435,0.2032374,-0.49953695,0.8425885438919067,0.6401344537734985,0.7275397181510925,0.8425886034965515,0.6401344537734985,0.7275397777557373
2394,بخار آب در جو به عنوان ___ وجود دارد.,"['یک گاز قابل مشاهده', 'یک مایع قابل مشاهده', 'یک گاز نامرئی', 'یک مایع نامرئی']",C,بخار آب در جو به صورت گاز و نامرئی وجود دارد.,C,0.9734009504318236,C,0.9970670342445374,True,True,True,True,[1.7655201e-02 6.0412777e-04 9.7340095e-01 8.3397264e-03],[2.4618467e-03 8.1647981e-05 9.9706703e-01 3.8952072e-04],0.8469951152801514,0.97340095,0.99706703,0.0236660799999999,0.8843514919281006,0.7148386240005493,0.7906109094619751,0.884320080280304,0.7059427499771118,0.7851272225379944
2395,کدام یک از این موارد قانون ایمنی برای آزمایشگاه علوم نیست؟,"['مایعات را با دقت درون یک بشر اندازه\u200cگیری کنید.', 'هرگز اشیاء را در حین نگه داشتن در دستان خود برش ندهید.', 'هنگام کار با مواد خطرناک از عینک ایمنی استفاده کنید.', 'هنگام یادداشت\u200cبرداری از بوها، بخارات را به سمت بینی خود بفرستید به جای اینکه صورت خود را بر روی منبع قرار دهید.']",A,عملیات اندازه‌گیری مایعات باید با دقت و با استفاده از وسایل کمکی مناسب انجام شود.,A,0.4226697981357574,B,0.1338081806898117,True,False,False,False,[0.4226698  0.3730048  0.08322862 0.12109693],[0.13380818 0.5292216  0.32098913 0.01598111],0.6984844207763672,0.4226698,0.13380818,-0.28886162,0.7209081053733826,0.5241006016731262,0.606948971748352,0.7196643948554993,0.5236372351646423,0.6061973571777344
2396,کدام یک از ویژگی‌های ارثی درخت است؟,"['یک شاخه شکسته درخت کاج', 'یک توخالی در درخت بلوط', 'یک زخم بر روی درخت افرا', 'یک تنه ضخیم بر روی درخت گردو']",D,صفات ذاتی و ژنتیکی درختان از نسلی به نسل دیگر منتقل می‌شود؛ تنه ضخیم می‌تواند نتیجه ژنتیک باشد.,A,0.4796437323093414,D,0.9260260462760924,False,True,True,True,[0.47964373 0.4232841  0.01437127 0.08270095],[0.04068675 0.03218586 0.00110134 0.92602605],0.8271926045417786,0.08270095,0.92602605,0.8433251,0.8714311718940735,0.6281826496124268,0.7300785779953003,0.8714311718940735,0.6281826496124268,0.7300785779953003
2397,جزر و مدهای اقیانوس زمین به شدت تحت تأثیر ماه قرار دارند. در کدام fases ماهی جزر و مدهای اقیانوس در زمین در پایین‌ترین حد خود هستند؟,"['پایداری کامل و ربع اول', 'ماه کامل و ماه نو', 'ربع آخر و ماه نو', 'ربع اول و ربع آخر']",D,نیروی گرانشی ماه و خورشید در فازهای [MASK] به صورت عمود بر هم وارد می‌شود و جزر و مد را به پایین‌ترین حد می‌رساند.,A,0.4606796503067016,A,0.4387895762920379,False,False,False,False,[0.46067965 0.0907132  0.13198693 0.3166202 ],[0.43878958 0.08640279 0.03601804 0.43878958],0.7911897897720337,0.3166202,0.43878958,0.12216938,0.8740605115890503,0.763739287853241,0.8151843547821045,0.8622949123382568,0.7470824122428894,0.8005647659301758
2398,یک دانش‌آموز دو دانه لوبیا را در دو گلدان یکسان که حاوی نوع یکسانی از خاک هستند، کاشت. او یک گلدان را در یک کمد و دیگری را نزدیک یک پنجره آفتابی قرار داد. هر روز، ۱۵ میلی‌لیتر آب به هر گلدان ریخت. کدام عامل برای دو گلدان متفاوت بود؟,"['مقدار آب', 'مقدار نور', 'نوع خاک', 'نوع دانه']",B,قرار دادن یک گلدان در کمد و دیگری در نزدیکی پنجره آفتابی، باعث تفاوت در میزان نور دریافتی دو گلدان می‌شود.,B,0.9623714685440063,B,0.9988362193107604,True,True,True,True,[0.00956463 0.96237147 0.02294436 0.00511958],[7.0934789e-04 9.9883622e-01 3.1477123e-04 1.3967889e-04],0.8968665599822998,0.96237147,0.99883622,0.03646475,0.8883506655693054,0.6909982562065125,0.7773440480232239,0.8881898522377014,0.6930182576179504,0.7785588502883911
2399,تریسی در حال یادگیری درباره سازماندهی ساختاری در حیوانات بود. کدام سطح از سازماندهی ساختاری بهترین توصیف را برای یک تخم مرغ ارائه می‌دهد؟,"['یک سلول', 'یک بافت', 'یک سیستم', 'یک اندام']",A,یک تخم مرغ اساساً از [MASK] بزرگ به نام سلول تخم تشکیل شده است که حاوی مواد لازم برای رشد اولیه است.,D,0.6455365419387817,B,0.1040050759911537,False,False,False,False,[0.0774001  0.06830535 0.20875797 0.64553654],[0.10400508 0.7745268  0.0036149  0.11785319],0.9197108745574952,0.0774001,0.10400508,0.02660498,0.8963162302970886,0.6866787672042847,0.7776162624359131,0.8963669538497925,0.677742063999176,0.7718722820281982
2400,برخی از انواع مختلف گیاهان ویژگی‌های مشترکی دارند. کدام ویژگی بیشتر گیاهان مشترک است؟,"['اندازه ریشه\u200cهای آن\u200cها', 'شکل برگ\u200cهای آن\u200cها', 'رنگ گل\u200cهای آن\u200cها', 'ساختار سلول\u200cهای آن\u200cها']",D,ساختار سلول‌های بیشتر گیاهان شامل دیواره سلولی، هسته و اندامک‌های مختلف است که به آن‌ها کمک می‌کند فرآیندهای حیاتی را انجام دهند.,A,0.5307121276855469,D,0.9697548151016236,False,True,True,True,[0.5307121  0.1331408  0.01425392 0.3218932 ],[1.7900985e-02 1.1557745e-02 7.8651437e-04 9.6975482e-01],0.7711430191993713,0.3218932,0.96975482,0.64786162,0.8588860630989075,0.6946643590927124,0.7680954933166504,0.86253821849823,0.6959150433540344,0.7703192830085754
2401,گیاهان معمولاً نیاز به خوردن سایر ارگانیسم‌ها ندارند زیرا گیاهان,"['نیاز به انرژی غذایی برای زندگی ندارند.', 'نور خورشید را به انرژی غذایی تبدیل می\u200cکنند.', 'تمام انرژی غذایی خود را از خاک می\u200cگیرند.', 'انرژی غذایی را در ریشه\u200cهای خود ذخیره می\u200cکنند.']",B,گیاهان از طریق فتوسنتز، نور خورشید را به انرژی تبدیل می‌کنند و بدین ترتیب نیاز به مصرف سایر ارگانیسم‌ها ندارند.,B,0.7526756525039673,A,0.3762661516666412,True,False,False,False,[0.24388123 0.75267565 0.00129992 0.00214321],[6.2278599e-01 3.7626615e-01 2.2152865e-04 7.2636449e-04],0.7958391904830933,0.75267565,0.37626615,-0.3764095,0.6927222013473511,0.5778230428695679,0.6300773024559021,0.6968302130699158,0.5805147290229797,0.6333765983581543
2402,شکل برگ‌های گیاهانی که در اقلیم بارانی به خوبی زنده می‌مانند، غالباً کدام است؟,"['قرمز و درخشان.', 'عریض و صاف.', 'ضخیم و مومی.', 'تیز و باریک.']",B,برگ‌های ضخیم و مومی از تبخیر بیش از حد جلوگیری و به حفظ رطوبت در گیاه کمک می‌کنند.,B,0.934800386428833,C,0.0010185946011915,True,False,False,False,[0.03608721 0.9348004  0.00431    0.02480235],[1.3079012e-03 1.0185946e-03 9.9739069e-01 2.8285349e-04],0.6488277912139893,0.9348004,0.0010185946,-0.9337818054,0.9365501999855042,0.7179384231567383,0.8128014802932739,0.9365501999855042,0.7179384231567383,0.8128014802932739
2403,اگر فوک‌های ماده معمولاً هر سال به همان سواحل بازگردند تا زایمان کنند و در این سواحل به طور مکرر از سوی انسان‌ها مزاحمت ایجاد شود، فوک‌ها احتمالاً چگونه پاسخ خواهند داد؟,"['آنها رنگ خود را تغییر خواهند داد.', 'آنها تعداد بیشتری توله\u200cزا خواهند آورد.', 'آنها بیشتر به شکار غذا خواهند رفت.', 'آنها در سواحل مختلف زایمان خواهند کرد.']",D,فوک‌های ماده برای اجتناب از مزاحمت‌های انسانی و استرس ناشی از آن، احتمالاً محل زایمان خود را به سواحل دیگری تغییر خواهند داد تا محیطی امن‌تر برای خود و توله‌هایشان فراهم کنند.,D,0.6189205050468445,D,0.9709560871124268,True,True,True,True,[0.20093407 0.1773237  0.00282173 0.6189205 ],[2.5673741e-02 3.1145783e-03 2.5566012e-04 9.7095609e-01],0.83055579662323,0.6189205,0.97095609,0.35203559,0.7070728540420532,0.5743907690048218,0.6338629126548767,0.7070728540420532,0.5743907690048218,0.6338629126548767
2404,کدام یک از گزینه‌های زیر نوع اصلی تنش است که یک گیره ثابت بر روی یک قطعه چوب وارد می‌کند؟,"['تنش کششی', 'تنش برشی', 'تنش چرخشی', 'تنش فشاری']",D,نیروی وارد شده باعث فشرده شدن قطعه چوب می‌گردد، لذا تنش اصلی ایجاد شده، [MASK] است.,A,0.9646525382995604,D,0.7409020662307739,False,True,True,True,[0.96465254 0.01058113 0.00499817 0.01976816],[0.24053568 0.0135701  0.00499216 0.74090207],0.8213056325912476,0.01976816,0.74090207,0.7211339099999999,0.8117504119873047,0.667317271232605,0.7324817776679993,0.8012601137161255,0.6569585800170898,0.7219695448875427
2405,کدام فعالیت به طور مؤثرتری اطمینان می‌دهد که استئوسیت‌ها به درستی عمل کنند؟,"['افزایش نرخ تنفسی', 'مصرف غذاهای حاوی مواد معدنی زیاد', 'کاهش ورزش\u200cهای استرس\u200cزا', 'نوشیدن آب بدون یون']",B,مصرف غذاهای غنی از مواد معدنی برای عملکرد صحیح استئوسیت‌ها ضروری است.,B,0.8628434538841248,B,0.9969833493232728,True,True,True,True,[0.11654532 0.86284345 0.00245691 0.01815426],[2.7731073e-03 9.9698335e-01 7.1627117e-05 1.7182452e-04],0.6255590915679932,0.86284345,0.99698335,0.1341399000000001,0.6853728294372559,0.5399506688117981,0.6040323376655579,0.6906670331954956,0.5447902679443359,0.6091164350509644
2406,خرگوش برف‌پوش سالی دو بار پشم خود را می‌ریزد. در تابستان، پشم خرگوش قهوه‌ای است. در زمستان، پشم سفید است. کدام یک از این جملات بهترین توضیح برای مزیت ریختن پشم است؟,"['ریختن پشم خرگوش را تمیز نگه می\u200cدارد.', 'ریختن پشم به خرگوش کمک می\u200cکند تا سریع\u200cتر حرکت کند.', 'ریختن پشم خانه خرگوش را گرم نگه می\u200cدارد.', 'ریختن پشم به خرگوش کمک می\u200cکند تا در زیستگاه خود باند شود.']",D,ریختن پشم به خرگوش کمک می‌کند تا با تغییر فصل، با محیط اطراف خود هماهنگ شود و از شکارگران پنهان بماند.,C,0.3817602396011352,A,0.0804960951209068,False,False,False,False,[0.29731518 0.26237974 0.38176024 0.05854483],[0.7637257  0.13271563 0.02306252 0.0804961 ],0.7844838500022888,0.05854483,0.0804961,0.02195127,0.8218729496002197,0.6928828954696655,0.7518857717514038,0.8218729496002197,0.6928828954696655,0.7518857717514038
2407,چهار میله با ضخامت یکسان اما ساخته شده از فلزات مختلف مورد آزمایش قرار گرفتند تا مشخص شود کدامیک انعطاف‌پذیرتر است. بهترین روش برای گزارش نتایج این آزمایش کدام یک از گزینه‌های زیر است؟,"['فهرستی از هر نوع میله استفاده شده', 'ترسیمی از هر میله قبل از آزمایش', 'جدولی که نشان دهد هر میله چقدر وزن داشت', 'نمودار میله\u200cای که نشان دهد هر میله چقدر خم شد']",D,نتایج را می‌توان با نمودار میله‌ای که میزان خم شدگی هر میله را نشان می‌دهد، به وضوح مقایسه کرد.,D,0.7043906450271606,D,0.9703786373138428,True,True,True,True,[2.9363370e-01 1.8731952e-03 1.0242705e-04 7.0439065e-01],[2.8961506e-02 6.2015711e-04 3.9645318e-05 9.7037864e-01],0.6871377825737,0.70439065,0.97037864,0.2659879899999999,0.7254801988601685,0.6377299427986145,0.6787807941436768,0.7271507978439331,0.6383669972419739,0.6798725724220276
2408,سه بازیکن بیسبال تحقیق می‌کنند که چه کسی می‌تواند یک توپ بیسبال را دورتر پرتاب کند. آن‌ها در زمین بازی محلی را برای تحقیق خود مشخص می‌کنند. کدام یک باید ثابت نگه داشته شود؟,"['قد بازیکنان', 'رنگ توپ\u200cهای بیسبال پرتاب شده', 'ترتیب پرتاب بازیکنان', 'نقطه\u200cای که بازیکنان از آن پرتاب می\u200cکنند']",D,نقطه پرتاب باید ثابت باشد تا نتایج قابل مقایسه باشند.,D,0.92698335647583,D,0.9693761467933656,True,True,True,True,[0.05224578 0.01952282 0.00124805 0.92698336],[0.02011876 0.00100165 0.00950343 0.96937615],0.6963596343994141,0.92698336,0.96937615,0.0423927899999999,0.8678159117698669,0.650318443775177,0.7434871196746826,0.8499376773834229,0.6440285444259644,0.7327932119369507
2409,کدام ویژگی به عنوان نتیجه‌ای از جدا شدن صفحات تکتونیکی شکل نمی‌گیرد؟,"['خندق', 'دره شکاف', 'حوضه اقیانوسی', 'رشته کوه میان اقیانوسی']",A,دره‌های شکاف نتیجه حرکت برشی و افقی صفحات هستند، نه جدا شدن آنها.,C,0.547085702419281,C,0.0694697424769401,False,False,False,False,[0.17761272 0.07404    0.5470857  0.2012616 ],[0.06946974 0.02290869 0.8463147  0.06130683],0.6917340755462646,0.17761272,0.06946974,-0.10814298,0.8244348764419556,0.6068737506866455,0.699119508266449,0.8274208307266235,0.6166385412216187,0.7066462635993958
2410,گربه‌سانان به دلیل شکار، خشکسالی و بیماری به شدت در معرض انقراض قرار گرفته‌اند. اکنون تنوع ژنتیکی در جمعیت‌های گربه‌سان بسیار کم است. کدام‌یک از موارد زیر نتیجه محدودیت تنوع ژنتیکی در جمعیت‌های کنونی گربه‌سان‌ها نسبت به جمعیت‌های قبلی با تنوع بیشتر است؟,"['گربه\u200cسانان در جمعیت\u200cهای کنونی نسبت به بیماری\u200cهای جدید مقاوم\u200cتر هستند.', 'نرخ بقا در گربه\u200cسانان جوان در جمعیت\u200cهای کنونی افزایش یافته است.', 'گربه\u200cسانان در جمعیت\u200cهای کنونی کمتر قادر به جفت\u200cگیری با سایر گونه\u200cها هستند.', 'جمعیت\u200cهای کنونی گربه\u200cسان\u200cها کمتر قادر به سازگاری با تغییرات محیطی هستند.']",D,تنوع ژنتیکی پایین، توانایی سازگاری با شرایط محیطی مختلف را کاهش می‌دهد و جمعیت گربه‌سانان را در برابر تغییرات محیطی آسیب‌پذیرتر می‌کند.,C,0.5435757637023926,C,0.1849887520074844,False,False,False,False,[0.10661912 0.01881939 0.54357576 0.33098575],[0.07711479 0.00338819 0.73450834 0.18498875],0.8397671580314636,0.33098575,0.18498875,-0.145997,0.8290010094642639,0.6834108829498291,0.7491984367370605,0.8280016779899597,0.685418426990509,0.7499934434890747
2411,یک مکعب یخ ذوب می‌شود و سپس تبخیر می‌شود. مکعب یخ و بخار آب دارای چه ویژگی مشابهی هستند؟,"['جرم.', 'چگالی.', 'حجم.', 'دما.']",A,هر دو دارای مولکول‌های آب هستند و در فرآیند تبدیل، مولکول‌ها نه ایجاد می‌شوند و نه از بین می‌روند.,B,0.9229581356048584,B,0.2611427307128906,False,False,False,False,[0.05946551 0.92295814 0.00430767 0.01326855],[0.26114273 0.49170533 0.23045765 0.0166943 ],0.673468828201294,0.05946551,0.26114273,0.20167722,0.875464916229248,0.7500102519989014,0.8078963160514832,0.875464916229248,0.7500102519989014,0.8078963160514832
2412,منابع طبیعی زیادی در مریلند و مناطق اطراف آن وجود دارد. برخی از این منابع طبیعی تجدیدپذیر و برخی دیگر تجدیدناپذیر هستند. مردم از هر دو نوع منابع در فعالیت‌های روزمره خود استفاده می‌کنند. استفاده از منابع طبیعی اغلب محصولات زائدی تولید می‌کند. مراکز بازیافت محلی هستند که مردم مواد قابل استفاده مجدد را برای تولید محصولات جدید به آنجا می‌برند. بازیافت کاغذ چگونه به طرز مثبتی بر محیط زیست تأثیر می‌گذارد؟,"['آلودگی هوا را کاهش می\u200cدهد', 'فرسایش خاک را افزایش می\u200cدهد', 'درختانی که قطع می\u200cشوند را کاهش می\u200cدهد', 'تخریب زیستگاه را افزایش می\u200cدهد']",C,با جلوگیری از قطع درختان برای تولید کاغذ، جنگل‌ها حفظ می‌شوند.,A,0.9899380207061768,C,0.9531798362731934,False,True,True,True,[9.8993802e-01 3.6141234e-03 5.9586819e-03 4.8911845e-04],[4.2208266e-02 4.3797474e-03 9.5317984e-01 2.3211812e-04],0.6604627966880798,0.0059586819,0.95317984,0.9472211581,0.7651704549789429,0.5653752088546753,0.6502721309661865,0.7651704549789429,0.5653753280639648,0.6502722501754761
2413,یک کشاورز هر سال به مدت چند سال در مزرعه‌ای ذرت می‌کارد. هر سال او متوجه می‌شود که تولید ذرت او در هر هکتار کاهش یافته است علیرغم اینکه شرایط آب و هوایی بسیار مشابهی وجود داشته است. تغییر در کدام عامل غیرزیستی احتمالاً باعث کاهش تولید ذرت شده است؟,"['کاهش مواد مغذی خاک', 'افزایش بارش', 'افزایش سرعت باد', 'کاهش نور خورشید']",A,[MASK] علت احتمالی کاهش تولید ذرت است؛ زیرا با وجود شرایط آب و هوایی مشابه، عوامل دیگری مانند کاهش مواد مغذی می‌توانند باعث کاهش تدریجی تولید شوند.,A,0.9445834159851074,A,0.9904882907867432,True,True,True,True,[9.445834e-01 8.252446e-03 4.108651e-04 4.675329e-02],[9.9048829e-01 3.5306404e-03 1.6004973e-04 5.8210422e-03],0.918094515800476,0.9445834,0.99048829,0.04590489,0.6868546009063721,0.6194062829017639,0.6513891816139221,0.6862450838088989,0.6122884154319763,0.6471607089042664
2414,درختان به اکسیژن نیاز دارند. ریشه‌های نزدیک به سطح زمین اکسیژنی را که درخت نیاز دارد، جذب می‌کنند. کدام موجودات به درختان کمک می‌کنند تا اکسیژن دریافت کنند؟,"['دارکوب\u200cها که درخت را سوراخ می\u200cکنند', 'زمین\u200cکرم\u200cها که در زمین نزدیک درخت سوراخ می\u200cکنند', 'قارچ\u200cها که در پایه درخت رشد می\u200cکنند', 'سنجاب\u200cها که گردوها را در زمین نزدیک درخت می\u200cخورند']",B,زمین کرم‌ها با حفر سوراخ در خاک، نفوذپذیری را افزایش می‌دهند و جذب اکسیژن توسط درختان را تسهیل می‌کنند.,C,0.972518801689148,B,0.7084886431694031,False,True,True,True,[2.3005858e-02 3.9978181e-03 9.7251880e-01 4.7747130e-04],[3.1250652e-02 7.0848864e-01 2.5962228e-01 6.3853117e-04],0.9350358247756958,0.0039978181,0.70848864,0.7044908219,0.8488067388534546,0.6970764398574829,0.7654953598976135,0.8488067388534546,0.6970764398574829,0.7654953598976135
2415,در موش‌ها، یک گونه خاص نشان‌دهندهٔ غالبیت ناقص در رنگ‌آمیزی پوشش است. فرزندان یک موش سیاه (BB) و یک موش سفید (bb) موش‌های خاکستری (Bb) خواهند بود. تلاقی بین دو موش خاکستری به احتمال زیاد چه درصدی از رنگ‌های پوشش را تولید خواهد کرد؟,"['25% سیاه، 75% خاکستری', '25% خاکستری، 75% سفید', '25% سفید، 25% سیاه، 50% خاکستری', '25% خاکستری، 25% سیاه، 50% سفید']",C,تلاقی دو موش خاکستری منجر به تولید 25% فرزند سیاه، 50% خاکستری و 25% سفید می‌شود. بنابراین، درصد رنگ‌های پوشش 25% سفید، 25% سیاه و 50% خاکستری است.,A,0.410086065530777,C,0.9347853064537048,False,True,True,True,[0.41008607 0.00851106 0.21950327 0.36189967],[5.8832351e-02 1.8148938e-04 9.3478531e-01 6.2008840e-03],0.7970084547996521,0.21950327,0.93478531,0.71528204,0.7299685478210449,0.5814211368560791,0.6472814679145813,0.7299684286117554,0.5814211368560791,0.6472814679145813
2416,دانش‌آموزان در مورد منابع طبیعی در مریلند در حال یادگیری هستند. یک گروه از دانش‌آموزان به تحقیق درباره اطلاعات منابع طبیعی تجدیدپذیر در ایالت می‌پردازند. گروه دیگر به تحقیق درباره اطلاعات منابع طبیعی غیرتجدیدپذیر در ایالت مشغول است. منابعی که دانش‌آموزان بررسی می‌کنند شامل گیاهان، حیوانات، خاک، مواد معدنی، آب، زغال‌سنگ و نفت است. کدام یک از فعالیت‌های انسانی زیر به طور منفی بر یک منبع طبیعی تأثیر می‌گذارد؟,"['ماهیگیری در یک دریاچه', 'استفاده از آب برای تولید برق', 'کاشت گیاهان بومی در کنار دریاچه', 'هدایت آبهای اضافی از زمین\u200cهای کشاورزی به سمت دریاچه']",D,افزایش بار آلودگی در دریاچه سبب کاهش کیفیت آب می‌شود.,A,0.357572853565216,B,0.0336413122713565,False,False,False,False,[0.35757285 0.31555694 0.04839222 0.27847803],[0.36167818 0.5963065  0.00837398 0.03364131],0.7504261136054993,0.27847803,0.03364131,-0.2448367199999999,0.8436792492866516,0.6145532131195068,0.7111154198646545,0.8436792492866516,0.6145532131195068,0.7111154198646545
2417,کلاسی در علوم یک پوستر طراحی کرد تا نشان دهد که جزایر حائل در سواحل فلوریدا چگونه شکل گرفته‌اند. دانش‌آموزان اثرات باد، امواج و جزر و مدها را بر روی ماسه‌ای که این جزایر را تشکیل می‌دهد، نشان دادند. در این پوستر، کدام جفت سیستم باید دانش‌آموزان بگویند بیشترین تأثیر را در شکل‌گیری جزایر حائل داشته است؟,"['الف) آب\u200cکره و جو', 'ب) جو و سنگ\u200cکره', 'ج) زیست\u200cکره و آب\u200cکره', 'د) سنگ\u200cکره و زیست\u200cکره']",A,جزایر حائل تحت تأثیر عوامل مختلفی مانند باد، امواج و جزر و مدها شکل می‌گیرند. بنابراین، سیستم‌های جو و آب‌کره که شامل بادها و دریا و امواج هستند، بیشترین تأثیر را در شکل‌گیری این جزایر دارند.,A,0.4899770617485046,A,0.7737942337989807,True,True,True,True,[0.48997706 0.48997706 0.00074825 0.01929765],[7.7379423e-01 2.2169577e-01 4.8118355e-04 4.0289005e-03],0.8998735547065735,0.48997706,0.77379423,0.28381717,0.8640807867050171,0.7299133539199829,0.7913506031036377,0.8640807867050171,0.7299133539199829,0.7913506031036377
2418,کدام یک از موارد زیر انرژی مکانیکی یک کالسکه در حالت استراحت در بالای یک تپه تند را توصیف می‌کند؟,"['کالسکه هیچ انرژی مکانیکی ندارد.', 'تمام انرژی مکانیکی کالسکه جنبشی است.', 'تمام انرژی مکانیکی کالسکه پتانسیل است.', 'نیمی از انرژی مکانیکی کالسکه پتانسیل و نیمه دیگر جنبشی است.']",C,کالسکه در حالت استراحت در بالای تپه، انرژی مکانیکی خود را به صورت پتانسیل ذخیره کرده است.,C,0.8936419486999512,C,0.988149106502533,True,True,True,True,[0.08312165 0.0046894  0.89364195 0.01854695],[9.6120844e-03 1.4740608e-03 9.8814911e-01 7.6473271e-04],0.9111762642860411,0.89364195,0.98814911,0.09450716,0.7469213008880615,0.6227133274078369,0.6791852712631226,0.7469213008880615,0.6227133274078369,0.6791852712631226
2419,پرندگان هومینگ می‌توانند در هوا معلق بمانند و با سرعت بسیار زیادی پرواز کنند. این ویژگی برای پرنده هومینگ در تمام موارد زیر مفید است به جز,"['فرار سریع از شکارچیان.', 'رسیدن آسان به گل\u200cها.', 'در یک مکان ماندن برای نوشیدن شهد.', 'نگه\u200cداشتن تخم\u200cها گرم.']",D,توانایی پرواز سریع و معلق ماندن به پرندگان هومینگ کمک می‌کند تا به راحتی از شکارچیان فرار کنند، به گل‌ها دسترسی آسان داشته باشند و در یک مکان برای نوشیدن شهد بمانند، اما ارتباطی با نگه‌داشتن تخم‌ها گرم ندارد.,B,0.4227086007595062,D,0.7470067739486694,False,True,True,True,[0.2905231  0.4227086  0.03038261 0.25638574],[0.21402103 0.00955151 0.02942072 0.7470068 ],0.8854352235794067,0.25638574,0.7470068,0.49062106,0.8945721983909607,0.8285200595855713,0.8602800965309143,0.8945721983909607,0.8285200595855713,0.8602800965309143
2420,یک بادکنک پر از آب در یک فریزر قرار داده شده است. کدام ویژگی آب در هنگام رسیدن به نقطه انجماد تغییر خواهد کرد؟,"['رنگ', 'جرم', 'حالت', 'وزن']",C,آب هنگام رسیدن به نقطه انجماد، ساختار فیزیکی خود را تغییر می‌دهد و از [MASK] مایع به جامد تبدیل می‌شود.,C,0.9867995381355286,C,0.9929161071777344,True,True,True,True,[0.00856254 0.00314998 0.98679954 0.00148795],[5.8581489e-03 7.4478000e-04 9.9291611e-01 4.8086615e-04],0.897867739200592,0.98679954,0.99291611,0.0061165699999999,0.782996654510498,0.6517173051834106,0.7113507986068726,0.7760136723518372,0.6433539390563965,0.7034843564033508
2421,فسیلی که در کلرادو کشف شده به دوران پرکامبرین اوایل مِزوئیک برمی‌گردد. یک سال بعد، فسیل مشابهی در وایومینگ پیدا می‌شود که همچنین به اوایل دوران مِزوئیک مربوط می‌شود. این دو موجود احتمالاً در کجا زندگی کرده‌اند؟,"['همان محیط در حدود همان زمان.', 'همان محیط در زمان\u200cهای مختلف.', 'محیط\u200cهای مختلف در حدود همان زمان.', 'محیط\u200cهای مختلف در زمان\u200cهای مختلف.']",A,این دو فسیل در زمان مشابهی زندگی می‌کردند اما در مکان‌های مختلف، بنابراین احتمالاً در محیط‌های مختلفی زندگی می‌کردند.,A,0.9847242832183838,C,0.0853599905967712,True,False,False,False,[0.9847243  0.00131451 0.01247174 0.00148954],[8.5359991e-02 2.7168216e-04 9.1412860e-01 2.3975865e-04],0.8211805820465088,0.9847243,0.085359991,-0.899364309,0.8224514722824097,0.6414682865142822,0.7207725048065186,0.8224515914916992,0.641468346118927,0.7207726240158081
2422,ماده می‌تواند تغییرات مختلفی را تجربه کند. کدام یک بهترین مثال برای تغییر شیمیایی است؟,"['حل شدن نمک', 'سوزاندن چوب', 'جوش آمدن آب', 'ذوب شدن یخ']",B,سوختن چوب ترکیبات شیمیایی را به مواد جدیدی تبدیل می‌کند؛ در حالی که تغییرات فیزیکی فقط حالت ماده را تغییر می‌دهند.,B,0.9850217700004578,B,0.9974806904792786,True,True,True,True,[1.4023164e-02 9.8502177e-01 2.5684322e-04 6.9817225e-04],[2.1734734e-03 9.9748069e-01 1.7840957e-04 1.6760027e-04],0.7721463441848755,0.98502177,0.99748069,0.0124589199999999,0.7763769626617432,0.6608182787895203,0.7139517664909363,0.7711626887321472,0.6618018746376038,0.7123091816902161
2423,کدام یک از مقادیر ذکر شده در واحدی غیر از ژول اندازه‌گیری می‌شود؟,"['حرارت', 'نور', 'توان', 'کار']",C,[MASK] با واحد وات که معادل ژول بر ثانیه است، اندازه‌گیری می‌شود.,C,0.6583743691444397,C,0.8455981612205505,True,True,True,True,[0.19010682 0.08980011 0.65837437 0.06171865],[0.06995533 0.06173535 0.84559816 0.02271117],0.8513734936714172,0.65837437,0.84559816,0.18722379,0.772049069404602,0.6390027403831482,0.6992535591125488,0.7715694308280945,0.6358433365821838,0.6971619129180908
2424,چه چیزی بهترین توصیف کننده ویژگی الکتریکی یک اتم است؟,"['خنثی', 'عایق شده', 'بار مثبت', 'بار منفی']",A,برابری تعداد پروتون‌های مثبت و الکترون‌های منفی، ویژگی [MASK] بودن الکتریکی اتم را ایجاد می‌کند.,A,0.4975607693195343,A,0.9992501139640808,True,True,True,True,[0.49756077 0.23503105 0.08579023 0.18161793],[9.9925011e-01 3.6887708e-04 1.2748051e-04 2.5352527e-04],0.7490471601486206,0.49756077,0.99925011,0.50168934,0.7789043188095093,0.6478447914123535,0.7073550820350647,0.7807581424713135,0.6417686939239502,0.7044733762741089
2425,یخچال برای ایجاد یک مکان سرد برای ذخیره غذا از برق استفاده می‌کند. استفاده از یخچال چه تاثیر منفی بر محیط زیست دارد؟,"['الف) برقی که برای سرد نگه داشتن غذا نیاز است، می\u200cتواند گران باشد.', 'ب) اگر برق قطع شود، غذا خراب شده و شما را بیمار می\u200cکند.', 'ج) ذخیره غذا به مدت طولانی\u200cتر، سفرهای خرید را کاهش داده و مصرف بنزین را کم می\u200cکند.', 'د) یخچال\u200cهای قدیمی حاوی مواد شیمیایی هستند و در دفن زباله\u200cها فضا اشغال می\u200cکنند.']",D,یخچال‌های قدیمی حاوی مواد شیمیایی مضر هستند که به لایه ازن آسیب می‌رسانند و موجب آلودگی خاک و آب می‌شوند.,D,0.9748052954673768,D,0.9777031540870668,True,True,True,True,[2.2569802e-02 1.8526420e-03 7.7229610e-04 9.7480530e-01],[0.01804771 0.00276771 0.00148145 0.97770315],0.8635368347167969,0.9748053,0.97770315,0.0028978499999999,0.8905906677246094,0.6465662717819214,0.749208927154541,0.8905906677246094,0.6465663313865662,0.7492089867591858
2426,مشاهدهٔ گرگور مندل از گیاهان نخود مثال یک مورد است از,"['شواهد مبتنی بر تحقیق که از یک نظریهٔ علمی پشتیبانی می\u200cکند.', 'یک نتیجه که توسط یک فرضیه آزمایش می\u200cشود.', 'آزمایش تصادفی در طول یک آزمایش.', 'شواهدی برای و علیه یک مدل علمی.']",A,آزمایشات مندل بر روی نخود، شواهدی برای پشتیبانی از نظریه‌های علمی در ژنتیک فراهم کرد و پایه علم ژنتیک را تشکیل داد.,A,0.9468377232551576,A,0.9927241206169128,True,True,True,True,[9.4683772e-01 3.2621242e-02 7.5528410e-04 1.9785782e-02],[9.9272412e-01 1.9145379e-03 1.5715483e-04 5.2042529e-03],0.8153185248374939,0.94683772,0.99272412,0.0458863999999999,0.8250436782836914,0.6480699777603149,0.725926399230957,0.8250436782836914,0.6480699777603149,0.725926399230957
2427,کدام روش بهترین کمک را برای تعیین اعتبار علمی یک تحقیق فراهم می‌آورد؟,"['ثبت یادداشت\u200cها در مورد وضعیت تجهیزات استفاده شده در این روش', 'برگزاری یک تحقیق با گروهی از افراد', 'اجرای این روش به طور کامل به یک بار', 'تکرار یک تحقیق چندین بار']",D,تکرار تحقیق به تایید نتایج و اطمینان از صحت و اعتبار علمی آن کمک می‌کند و خطاهای احتمالی را شناسایی می‌کند.,C,0.7826298475265503,D,0.8862489461898804,False,True,True,True,[0.12096151 0.03927045 0.78262985 0.05713817],[0.0269723  0.03056362 0.0562151  0.88624895],0.8670700192451477,0.05713817,0.88624895,0.82911078,0.8315243721008301,0.6484180092811584,0.7286437749862671,0.829828143119812,0.6511201858520508,0.7296916842460632
2428,روبرت یک ماهیگیر است که می‌خواهد راهی برای گرفتن ماهی‌های بیشتر پیدا کند. او تصمیم گرفت اندازه‌های مختلف قلاب‌ها را امتحان کند. روبرت در حین استفاده از کرم به عنوان طعمه، ۴ ماهی گربه‌ای، ۳ قزل‌آلا و ۷ ماهی پِرچ گرفت. کدام یک از متغیرهای مستقل (دستکاری‌شده) در تحقیق روبرت است؟,"['نوع طعمه', 'اندازه قلاب', 'نوع ماهی گرفته\u200cشده', 'تعداد ماهی\u200cهای گرفته\u200cشده']",B,متغیر مستقل عاملی است که محقق آن را تغییر می‌دهد. در این تحقیق، روبرت عاملی را تغییر می‌دهد تا اثر آن را بر نتیجه ببیند.,B,0.9884146451950072,B,0.9878330230712892,True,True,True,False,[9.7185066e-03 9.8841465e-01 1.7800066e-04 1.6888232e-03],[1.0845985e-02 9.8783302e-01 2.4722531e-04 1.0738979e-03],0.8439972996711731,0.98841465,0.98783302,-0.0005816299999999,0.8877115845680237,0.7402856349945068,0.8073234558105469,0.8907530307769775,0.7456181049346924,0.811749279499054
2429,کدام عمل رقابتی بین نگرانی‌های زیست‌محیطی و سودهای اقتصادی ایجاد می‌کند؟,"['حفاظت از حیات وحش در معرض خطر', 'بازگرداندن حیات وحش به زیستگاه\u200cهای طبیعی آن\u200cها', 'استفاده از زمین\u200cهای جنگلی برای ساخت خانه', 'استفاده از اتوبوس\u200cهای شهری برای حمل\u200cونقل']",C,ساخت خانه در زمین‌های جنگلی، سود اقتصادی را با نگرانی‌های زیست‌محیطی در تعارض قرار می‌دهد.,C,0.9280856847763062,C,0.996512234210968,True,True,True,True,[5.93305305e-02 1.16828745e-02 9.28085685e-01 9.00886545e-04],[3.1716800e-03 2.5233728e-04 9.9651223e-01 6.3800864e-05],0.5330929160118103,0.928085685,0.99651223,0.068426545,0.7843083143234253,0.6233111619949341,0.6946026682853699,0.776881754398346,0.6204648017883301,0.6899187564849854
2430,کدام عبارت بهترین توضیح را دربارهٔ آنچه که برای یک برگ وقتی که آب مورد نیازش را از دست می‌دهد، ارائه می‌دهد؟,"['فشار تَرگور آن کاهش می\u200cیابد.', 'فشار جوی آن کاهش می\u200cیابد.', 'نرخ تعرق آن افزایش می\u200cیابد.', 'نرخ فتوسنتز آن افزایش می\u200cیابد.']",A,از دست دادن آب باعث کاهش فشار تورگر در برگ می‌شود که منجر به افتادن آن می‌گردد.,C,0.706222414970398,A,0.8842326998710632,False,True,True,True,[0.25980473 0.02397754 0.7062224  0.00999533],[0.8842327  0.04969051 0.01638619 0.04969051],0.8517590761184692,0.25980473,0.8842327,0.6244279699999999,0.8012507557868958,0.6692183613777161,0.7293069958686829,0.8012507557868958,0.6692183613777161,0.7293069958686829
2431,کجا کار کردن با ابزار برقی خطرناک‌ترین است؟,"['در یک گاراژ', 'کنار یک استخر شنا', 'نزدیک یک تلویزیون یا کامپیوتر', 'در یک زیرزمین خنک']",B,کار با ابزار برقی در محیط‌های مرطوب و پرآب بسیار خطرناک است.,D,0.6345722079277039,B,0.9300769567489624,False,True,True,True,[0.18109918 0.15981945 0.02450911 0.6345722 ],[0.03182548 0.93007696 0.00203454 0.036063  ],0.7416191697120667,0.15981945,0.93007696,0.77025751,0.8213789463043213,0.6378728151321411,0.7180876135826111,0.778530478477478,0.5868268609046936,0.669220507144928
2432,زمانی که مردم بر روی ماه راه میرفتند، متوجه شدند که میتوانند بیشتر از روی زمین پرش کنند. چرا این درست است؟,"['بر روی ماه هیچ جوی وجود ندارد.', 'ماه نیروی گرانشی کمتری نسبت به زمین وارد می\u200cکند.', 'لباس\u200cهای فضایی به آن\u200cها کمک کرد تا بیشتر پرش کنند.', 'ماه سریعتر از زمین می\u200cچرخد.']",B,ماه نیروی گرانشی کمتری نسبت به زمین دارد، بنابراین افراد می‌توانند با پرش‌های بلندتر، مسافت بیشتری را بپوشانند.,B,0.9317435026168824,B,0.9733440279960632,True,True,True,True,[6.7429386e-02 9.3174350e-01 5.1482976e-04 3.1226003e-04],[2.6244497e-02 9.7334403e-01 3.0080482e-04 1.1065991e-04],0.8333041071891785,0.9317435,0.97334403,0.04160053,0.8218851089477539,0.6256610751152039,0.7104734182357788,0.8178085088729858,0.6271470189094543,0.7098988890647888
2433,برای یافتن جمعیت سوسک‌ها، دانشمندان باید از یک دستگاه بسیار تخصصی استفاده کنند. کدام عامل احتمالاً توانایی یافتن سوسک‌ها را محدود می‌کند؟,"['آب و هوا', 'هزینه', 'حجم نمونه', 'سیاست']",B,تعداد نمونه‌های بررسی شده می‌تواند توانایی یافتن سوسک‌ها را محدود کند.,A,0.5070593357086182,C,0.0015042853774502,False,False,False,False,[0.50705934 0.08880478 0.23951787 0.16461806],[0.01111525 0.00150429 0.98505056 0.00232988],0.8361752033233643,0.08880478,0.00150429,-0.08730049,0.8206789493560791,0.5314347147941589,0.6451192498207092,0.8233784437179565,0.5296136736869812,0.6446046233177185
2434,سنجابی یک بلوط را از شاخه یک درخت بلوط انداخت. کدام یک از این موارد در حین سقوط بلوط از درخت به زمین تغییر خواهد کرد؟,"['جرم بلوط', 'نیروی وارده بر بلوط', 'چگالی بلوط', 'سرعت بلوط']",D,[MASK] در اثر نیروی گرانش تغییر می‌کند.,B,0.6607037782669067,D,0.7587713003158569,False,True,True,True,[0.14799994 0.6607038  0.0012606  0.19003569],[0.14941093 0.09062231 0.00119551 0.7587713 ],0.6453048586845398,0.19003569,0.7587713,0.5687356100000001,0.8497852683067322,0.6138261556625366,0.7127854824066162,0.8382980823516846,0.597069501876831,0.6974132657051086
2435,آنا یک دونده مسافت‌های طولانی است. پس از پایان یک مسابقه او متوجه شد که به دلیل آزاد شدن انرژی حرارتی احساس گرما می‌کند. منبع انرژی حرارتی او چه چیزی ممکن است باشد؟,"['اصطکاک ناشی از هوا', 'گرما که از خورشید جذب می\u200cشود', 'انرژی مکانیکی که جذب می\u200cشود', 'تبدیل\u200cهای انرژی که در بدن او رخ می\u200cدهد']",D,فرآیندهای متابولیک در بدن آنا انرژی شیمیایی تولید می‌کند که بخشی از آن به انرژی حرارتی تبدیل می‌شود؛ بنابراین منبع انرژی حرارتی، تبدیل‌های انرژی در بدنش است.,A,0.4682032167911529,D,0.9101654291152954,False,True,True,True,[0.46820322 0.09219468 0.4131879  0.02641422],[0.08532256 0.00253657 0.00197548 0.9101654 ],0.8343520164489746,0.02641422,0.9101654,0.88375118,0.8653808832168579,0.7176558971405029,0.784625768661499,0.8653808832168579,0.7176558971405029,0.784625768661499
2436,در حین انجام یک آزمایش، یک دانش آموز چندین دمای مختلف آب، دو اندازه‌گیری جرم و سه اندازه‌گیری حجم جمع‌آوری می‌کند. بهترین راه برای سازماندهی داده‌ها کدام است؟,"['در یک جدول', 'در یک نمودار', 'در یک روایت کتبی', 'توسط تصاویر نشان داده شده']",A,استفاده از جدول برای سازماندهی داده‌ها بهترین راه است زیرا تغییرات را به وضوح نمایش می‌دهد.,A,0.9955081939697266,A,0.998791754245758,True,True,True,True,[9.9550819e-01 3.1948946e-03 3.8157575e-04 9.1535266e-04],[9.9879175e-01 9.2331780e-04 9.1420836e-05 1.9353791e-04],0.8131798505783081,0.99550819,0.99879175,0.0032835599999999,0.8312050104141235,0.6206328272819519,0.7106484770774841,0.8312050104141235,0.6206327676773071,0.7106483578681946
2437,سارا یک چراغ قوه را روشن کرده و یک شی را به سمت نور نگه می‌دارد. چگونه می‌تواند بفهمد که آیا شی مات است؟,"['هیچ نوری از آن عبور نخواهد کرد.', 'برخی از نورها منعکس خواهند شد.', 'نور با زاویه\u200cای منحرف خواهد شد.', 'نور به وضوح از آن عبور خواهد کرد.']",A,"<answer>B</answer>
<concise_explanation>
با مشاهده نور منعکس شده از شی می‌تواند تشخیص دهد که شی مات است یا نه، زیرا نور به صورت پراکنده منعکس می‌شود.",A,0.6456143856048584,B,0.0076396209187805,True,False,False,False,[0.6456144  0.3037777  0.02235212 0.02825573],[7.6396209e-03 9.9135298e-01 3.8035432e-04 6.2709826e-04],0.8343250751495361,0.6456144,0.0076396209,-0.6379747791,0.6110362410545349,0.7247202396392822,0.6630404591560364,0.6110363006591797,0.7247201800346375,0.6630404591560364
2438,زیردریایی‌ها بسیاری از نقاط اقیانوس را اکتشاف کرده‌اند. وقتی زیردریایی‌ها به اعماق میروند، دانشمندان مشاهده می‌کنند که مقدار - افزایش می‌یابد.,"['مقدار نور', 'دمای آب', 'فشار آب', 'انواع ارگانیسم\u200cهای اقیانوسی']",C,با افزایش عمق، [MASK] به دلیل وزن بالای ستون آب بیشتر می‌شود.,C,0.9932538866996764,C,0.9991025924682616,True,True,True,True,[5.2325176e-03 1.3229877e-03 9.9325389e-01 1.9059444e-04],[8.4259617e-04 3.9408744e-05 9.9910259e-01 1.5432686e-05],0.8485338091850281,0.99325389,0.99910259,0.0058487,0.8072241544723511,0.6393857002258301,0.7135684490203857,0.7957432270050049,0.6321842670440674,0.7045964598655701
2439,مدت زمان بین شب و روز در زمین در طول سال متغیر است. این تغییر زمان عمدتاً توسط,"['موقعیت خورشید.', 'موقعیت ماه.', 'زاویه کج شدن زمین.', 'فاصله زمین از خورشید.']",C,تغییر مدت زمان شب و روز به دلیل کج بودن محور زمین است که باعث تغییر زاویه تابش خورشید می‌شود.,C,0.8849145770072937,C,0.9928574562072754,True,True,True,True,[0.0496318  0.06372849 0.8849146  0.00172505],[4.57991706e-03 2.45145289e-03 9.92857456e-01 1.11128385e-04],0.8997166752815247,0.8849146,0.992857456,0.1079428559999999,0.8573628664016724,0.7046247124671936,0.7735260725021362,0.8573628664016724,0.7046247720718384,0.773526132106781
2440,یک عملکرد اصلی دانه گیاه چیست؟,"['غذا را ذخیره کند تا در دوره اولیه توسعه استفاده شود', 'گرده را جذب کند تا در دوره توسعه استفاده شود', 'نور را جذب کند تا در زمان فتوسنتز استفاده شود', 'کلروفیل تولید کند تا در زمان فتوسنتز استفاده شود']",A,دانه گیاه به عنوان منبع غذایی برای گیاه جوان عمل می‌کند و در دوره اولیه رشد استفاده می‌شود.,C,0.7650669813156128,A,0.979383647441864,False,True,True,True,[0.19419633 0.02978097 0.765067   0.01095581],[0.97938365 0.01386144 0.00509934 0.00165551],0.8742721080780029,0.19419633,0.97938365,0.78518732,0.9271230697631836,0.7638389468193054,0.8375974297523499,0.9271230101585388,0.7638389468193054,0.8375974297523499
2441,یک اختاپوس دارای سلول‌های ویژه‌ای در پوست خود به نام رنگدانه‌ها است که به اختاپوس این امکان را می‌دهد که تقریباً به‌صورت آنی رنگ خود را تغییر دهد. رنگدانه‌ها احتمالاً به اختاپوس کمک می‌کنند,"['سرعت شنا را افزایش دهد.', 'تنفس را کندتر کند.', 'از شکارچیان پنهان شود.', 'دمای بدن را تنظیم کند.']",C,کمک می‌کند تا اختاپوس از شکارچیان پنهان بماند.,C,0.9824753999710084,C,0.9928387999534608,True,True,True,True,[1.6098838e-02 8.0151402e-04 9.8247540e-01 6.2421977e-04],[6.6896952e-03 4.0174741e-04 9.9283880e-01 6.9813235e-05],0.5118276476860046,0.9824754,0.9928388,0.0103634,0.581264853477478,0.4478038549423218,0.5058799982070923,0.5744780898094177,0.44662436842918396,0.5025468468666077
2442,در یک خودرو، کدام یک از اجزا به طور خاص برای ارائه بازخورد به راننده طراحی شده است؟,"['فرمان', 'سرعت سنج', 'پدال ترمز', 'کلید خودرو']",B,[MASK] وسیله ای است که راننده را قادر می سازد تا جهت حرکت خودرو را کنترل کرده و بازخوردهای لازم را در مورد وضعیت خودرو دریافت کند.,B,0.8522371053695679,B,0.5173918008804321,True,True,True,False,[0.13171984 0.8522371  0.00237513 0.01366793],[0.45659664 0.5173918  0.00310065 0.0229109 ],0.7846997380256653,0.8522371,0.5173918,-0.3348453,0.8268759250640869,0.7231910228729248,0.7715657353401184,0.8239602446556091,0.7164750695228577,0.7664677500724792
2443,نوع بار موهای فردی که به دلیل الکتریسیته ساکن در حالت ایستاده قرار دارند چیست؟,"['بارهای خنثی', 'خروجی خنثی', 'بار مثبت دائمی', 'بارهای مثبت موقتی']",D,بارهای الکتریکی مشابه روی موها به دلیل انتقال الکترون‌ها و ایجاد بارهای الکتریکی موقت، موجب ایستادگی موها می‌شود.,A,0.5795233845710754,D,0.7263318300247192,False,True,True,True,[0.5795234  0.10110022 0.07873693 0.24063945],[0.16206655 0.08674797 0.02485371 0.72633183],0.8711439371109009,0.24063945,0.72633183,0.48569238,0.8224583864212036,0.6561237573623657,0.7299350500106812,0.8224583268165588,0.6561237573623657,0.7299350500106812
2444,کدامیک از این موارد عملکرد سیستم گردش خون نیست؟,"['شکستن غذا به مواد مغذی', 'انتقال مواد مغذی و اکسیژن', 'حذف محصولات زاید از بدن', 'دفاع از بدن در برابر مهاجمان خارجی']",A,[MASK] وظیفه سیستم گوارش است، نه سیستم گردش خون.,A,0.4540534317493438,D,0.0500585846602916,True,False,False,False,[0.45405343 0.07828863 0.01360452 0.45405343],[0.05005858 0.03898567 0.023646   0.8873097 ],0.8211067914962769,0.45405343,0.05005858,-0.4039948499999999,0.7617956399917603,0.6126453876495361,0.6791278719902039,0.7808828353881836,0.6285178661346436,0.6964645385742188
2445,دانش‌آموزان از دو کلاس تحقیق یکسانی انجام دادند. هر کلاس نتایج متفاوتی به دست آورد. بهترین راه برای دانش‌آموزان برای تعیین اینکه چرا نتایج متفاوت بود چیست؟,"['مرور مراحل انجام شده در تحقیق.', 'تغییر فرضیه تحقیق.', 'تحقیق در مورد داده\u200cهای مربوط به تحقیقات مشابه.', 'انجام یک تحقیق متفاوت.']",A,بررسی مراحل تحقیق برای شناسایی تفاوت در روش، اندازه‌گیری‌ها یا شرایط آزمایش ضروری است.,C,0.6077623963356018,A,0.9770264029502868,False,True,True,True,[0.36862653 0.01835283 0.6077624  0.00525818],[9.7702640e-01 2.4599442e-03 2.0277536e-02 2.3607368e-04],0.8242403864860535,0.36862653,0.9770264,0.60839987,0.7898368835449219,0.6368107199668884,0.7051167488098145,0.7898368835449219,0.6368107199668884,0.7051167488098145
2446,رعد و برق می‌تواند تمام این اشکال انرژی را تولید کند به جز,"['انرژی حرارتی.', 'انرژی خورشیدی.', 'انرژی نوری.', 'انرژی الکتریکی.']",B,رعد و برق انرژی‌های حرارتی، نوری و الکتریکی تولید می‌کند، اما انرژی خورشیدی از طریق تابش خورشید تولید می‌شود و ارتباطی با فرآیندهای هواشناسی مانند رعد و برق ندارد.,B,0.9304467439651488,B,0.9961405396461488,True,True,True,True,[0.05948147 0.93044674 0.00380252 0.0062693 ],[3.5891370e-03 9.9614054e-01 1.4358354e-04 1.2671204e-04],0.8501273989677429,0.93044674,0.99614054,0.0656937999999999,0.8257875442504883,0.6721847653388977,0.7411109209060669,0.8257875442504883,0.6721847653388977,0.7411109209060669
2447,یک منطقه‌ی روستایی برای ساختن یک جاده به سنگ خالی شد، اما جاده هیچ‌گاه ساخته نشد. این منطقه شروع به بازسازی کرد. کدام ارگانیسم‌ها احتمالاً ابتدا دوباره ظاهر شدند؟,"['درختان', 'بوته\u200cها', 'لیکن\u200cها و خزه\u200cها', 'علف\u200cهای هرز و چمن\u200cزار']",C,اولین ارگانیسم‌هایی که در مناطق خالی شده ظاهر می‌شوند، بسیار مقاوم هستند و می‌توانند در شرایط سخت رشد کنند.,C,0.6567676067352295,C,0.9067801833152772,True,True,True,True,[0.31023505 0.01069892 0.6567676  0.02229846],[0.08401487 0.00545547 0.9067802  0.00374949],0.8567718267440796,0.6567676,0.9067802,0.2500126,0.8941766023635864,0.7155944108963013,0.7949798703193665,0.8938769102096558,0.7176055908203125,0.7961005568504333
2448,یک دانش‌آموز تأثیر آهن بر رشد گیاهان را مورد بررسی قرار داد. چهار گیاه یکسان هنگام آبیاری مقادیر متفاوتی از مکمل آهن دریافت کردند. این تحقیق می‌توانست بهبود یابد اگر,"['کرم\u200cهای خاکی در خاک وجود داشتند.', 'تعداد کمتری گیاه در آزمایش وجود داشت.', 'گیاهانی که آب بدون مکمل آهن دریافت کردند وجود داشتند.', 'گیاهانی که مقادیر متفاوتی از نور خورشید دریافت کردند وجود داشتند.']",C,برای بررسی تأثیر آهن، نیاز به گروه کنترل با شرایط یکسان و بدون مکمل آهن است.,C,0.5528176426887512,C,0.8725725412368774,True,True,True,True,[0.33530086 0.09531771 0.55281764 0.01656374],[0.1199495  0.00362216 0.87257254 0.00385577],0.7905972003936768,0.55281764,0.87257254,0.3197548999999999,0.7340023517608643,0.5538437962532043,0.6313217878341675,0.7340023517608643,0.5538437962532043,0.6313217878341675
2449,در زمستان، پوست روباه قطبی سفید است. در تابستان، پوست به رنگ قهوه‌ای مایل به قرمز تیره می‌شود. چه عاملی به احتمال زیاد باعث تغییر رنگ پوست این روباه می‌شود؟,"['مقدار نور خورشید موجود', 'زیستگاه روباه', 'ژن\u200cهای روباه', 'سن روباه']",C,تغییرات فصلی در مقدار نور خورشید باعث تغییر رنگ پوست روباه قطبی می‌شود که به استتار بهتر آن در محیط برفی یا تابستانی کمک می‌کند.,D,0.5004709362983704,A,0.0004236153326928,False,False,False,False,[0.14394853 0.34531456 0.01026593 0.50047094],[9.9504626e-01 4.0191500e-03 4.2361533e-04 5.1097758e-04],0.8595624566078186,0.01026593,0.00042361533,-0.00984231467,0.7429558038711548,0.6828794479370117,0.7116519808769226,0.74295574426651,0.6828795075416565,0.7116519808769226
2450,اتانول سوختی جایگزین است که از ذرت ساخته می‌شود. یکی از اثرات نامطلوب استفاده از اتانول به عنوان سوخت چیست؟,"['کاهش هزینه تولید سوخت', 'کاهش زمین\u200cهای کشاورزی در دسترس برای تولید غذا', 'افزایش مصرف سوخت\u200cهای فسیلی', 'افزایش اثر کربن ناشی از رانندگی اتومبیل\u200cها']",B,استفاده از اتانول به عنوان سوخت، موجب کاهش زمین‌های کشاورزی برای تولید غذا می‌شود.,D,0.6746484041213989,B,0.9956042766571044,False,True,True,True,[0.04296068 0.21988352 0.06250743 0.6746484 ],[0.00189958 0.9956043  0.00147939 0.00101677],0.9098554849624634,0.21988352,0.9956043,0.77572078,0.877134382724762,0.6504594683647156,0.7469791173934937,0.877134382724762,0.6504594683647156,0.7469791173934937
2451,کدام یک از شرایط ژنتیکی زیر ناشی از مشکلی در تفکیک است؟,"['تریزومی ۱۶: وضعیتی که زمانی ایجاد می\u200cشود که یک زیگوت سه نسخه از کروموزوم ۱۶ دریافت می\u200cکند', 'بیماری هانتینگتون: وضعیتی که زمانی ایجاد می\u200cشود که یک زیگوت یک الل غالب جهش\u200cیافته دریافت می\u200cکند', ' هموفیلی: وضعیتی که زمانی ایجاد می\u200cشود که یک زیگوت یک کروموزوم X با یک الل مغلوب خاص دریافت می\u200cکند', 'آنمی داسی شکل: وضعیتی که زمانی ایجاد می\u200cشود که یک زیگوت یک الل مغلوب برای هموگلوبین از هر والد دریافت می\u200cکند']",A,زمانی که در تقسیم سلولی، کروموزوم‌ها به درستی جدا نشوند، می‌تواند منجر به تریزومی شود.,A,0.579918384552002,A,0.8865703344345093,True,True,True,True,[0.5799184  0.1890088  0.12990373 0.10116912],[0.88657033 0.03033677 0.03895318 0.04413974],0.6881040334701538,0.5799184,0.88657033,0.30665193,0.6796894073486328,0.5724736452102661,0.6214913725852966,0.6796894073486328,0.5724736452102661,0.6214913725852966
2452,یک زیستگاه خاص در طی ۷۵ سال گذشته تغییرات زیادی در شرایط محیطی را تجربه کرده است. کدام یک از این موارد به احتمال زیاد ویژگی یک گونه است که بهترین شانس برای بقاء در این تغییرات محیطی را دارد؟,"['جمعیت با تعداد زیادی فرد', 'تنوع زیاد گونه\u200cها در جامعه کنونی', 'انطباق\u200cهایی که به افراد اجازه می\u200cدهد در شرایط مختلف زندگی کنند', 'رفتارهایی که توسعه انطباق\u200cها در محیط\u200cهای جدید را ترویج می\u200cکنند']",D,گونه‌ای که دارای انطباق‌های متنوع برای زندگی در شرایط مختلف است، شانس بیشتری برای بقاء در تغییرات محیطی دارد.,C,0.976926863193512,C,0.0001652609353186,False,False,False,False,[2.0000154e-02 6.8436761e-04 9.7692686e-01 2.3886776e-03],[4.5370199e-03 1.4584226e-04 9.9515188e-01 1.6526094e-04],0.7856458425521851,0.0023886776,0.00016526094,-0.0022234166599999,0.792382001876831,0.6480487585067749,0.7129842042922974,0.7917782664299011,0.645540714263916,0.7112200856208801
2453,بر اساس راهنماهای ایمنی آزمایشگاهی، دانش‌آموزان در صورت برخورد مواد شیمیایی با چشم‌هایشان باید چه کار کنند؟,"['چشمک زنند و چندین بار به سرعت.', 'چشم\u200cهای خود را با آب بشویند.', 'چشم\u200cهای خود را با دستمال کاغذی بمالند.', 'عینک ایمنی بزنند.']",B,در صورت برخورد مواد شیمیایی با چشم‌ها، سریع‌ترین راه برای کاهش آسیب، شستن چشم‌ها با آب فراوان است.,B,0.9517976641654968,B,0.9734185934066772,True,True,True,True,[0.04157475 0.95179766 0.00269964 0.00392795],[2.5839593e-02 9.7341859e-01 5.0379185e-04 2.3797444e-04],0.916818618774414,0.95179766,0.97341859,0.0216209299999999,0.9552595615386963,0.7032067775726318,0.8100797533988953,0.955930233001709,0.7061067819595337,0.8122428059577942
2454,کدام یک از گزینه‌های زیر در کاهش ازدحام ترافیک هوایی در یک فرودگاه شلوغ تأثیرگذارتر خواهد بود؟,"['ارائه بازخورد عملکرد به خلبانان', 'ارائه اطلاعات پروازی به مسافران', 'افزایش تعداد هواپیماها در فرودگاه', 'افزایش تعداد باندهای فرود در فرودگاه']",D,افزایش باندهای فرود، امکان فرود و برخاست همزمان را افزایش می‌دهد و زمان انتظار را کاهش می‌دهد.,D,0.8081153035163879,D,0.8673537969589233,True,True,True,True,[0.15943845 0.02770625 0.00473998 0.8081153 ],[0.03336924 0.00856993 0.090707   0.8673538 ],0.7126399278640747,0.8081153,0.8673538,0.0592384999999999,0.8011764287948608,0.5640538930892944,0.6620226502418518,0.8012360334396362,0.5641942024230957,0.6621395945549011
2455,در استرالیا، دماهای میانه روز می‌توانند به بیش از ۱۱۰ درجه فارنهایت (۴۳ درجه سانتی‌گراد) برسند. برای اینکه بدن خود را خنک نگه دارند، کانگوروها بازوهای خود را لیس می‌زنند و آنها را با لایه‌ای ضخیم از بزاق می‌پوشانند. هنگامی که بزاق تبخیر می‌شود، به عنوان یک مکانیزم خنک‌کننده عمل می‌کند و دمای بدن کانگورو را کاهش می‌دهد. کدامیک از اصطلاحات زیر بهترین توصیف کننده این فعالیت است؟,"['انتخاب طبیعی', 'مکانیزم دفاعی', 'انطباق\u200cهای ساختاری', 'انطباق\u200cهای رفتاری']",D,کانگوروها با لیس زدن بازوها و استفاده از تبخیر بزاق برای خنک کردن بدن، یک رفتار خاص برای سازگاری با محیط گرم از خود نشان می‌دهند.,B,0.9804370999336244,B,0.1174920797348022,False,False,False,False,[9.5837489e-03 9.8043710e-01 3.9556855e-04 9.5837489e-03],[1.4032428e-02 8.6815560e-01 3.1985770e-04 1.1749208e-01],0.8661782741546631,0.0095837489,0.11749208,0.1079083311,0.7748931050300598,0.6492481827735901,0.7065281271934509,0.774893045425415,0.6492481231689453,0.7065280079841614
2456,خانوادهٔ مایکل در حال ساخت یک خانه جدید است. آن‌ها می‌خواهند از برق تولید شده توسط منابع تجدیدپذیر استفاده کنند. کدامیک از این تأمین‌کننده‌های برق به خانواده کمک می‌کند تا به هدف خود برسد؟,"['موتور بنزینی', 'پنل\u200cهای خورشیدی سطوح', 'نیروگاه زغال\u200cسنگ', 'نیروگاه هسته\u200cای']",B,استفاده از پنل‌های خورشیدی به خانواده کمک می‌کند تا از انرژی تجدیدپذیر خورشید برای تولید برق استفاده کنند.,B,0.9939606189727784,B,0.9959830045700072,True,True,True,True,[5.2695842e-03 9.9396062e-01 1.4042966e-04 6.2936207e-04],[3.5710898e-03 9.9598300e-01 3.7639009e-04 6.9625166e-05],0.6663842797279358,0.99396062,0.995983,0.0020223799999999,0.6658734083175659,0.5491554141044617,0.6019083857536316,0.6650779247283936,0.5467686057090759,0.6001481413841248
2457,یک خودرو که با سرعت ۵۰ کیلومتر در ساعت در جهت شمال شرقی حرکت می‌کند، کدام یک از موارد زیر را نمایندگی می‌کند؟,"['سرعت', 'شتاب', 'شتاب منفی', 'توقف']",B,نشان دهنده [MASK] خودرو است زیرا دارای جهت و بزرگی مشخص است.,A,0.4781767129898071,A,0.105653278529644,False,False,False,False,[0.4781767  0.25594956 0.25594956 0.00992424],[0.88808644 0.10565328 0.00361526 0.00264498],0.5242695212364197,0.25594956,0.10565328,-0.15029628,0.7398960590362549,0.5228778123855591,0.6127387285232544,0.7193475961685181,0.5122759342193604,0.5984044075012207
2458,زمین در هر سال یک بار به دور خورشید می‌چرخد. حدوداً چند بار ماه به دور زمین در یک سال می‌چرخد؟,"['1', '7', '13', '28']",C,با تقسیم تعداد روزهای یک سال بر دوره چرخش ماه به دور زمین، می‌توان فهمید که ماه حدود ۱۳ بار در یک سال به دور زمین می‌چرخد.,C,0.611975371837616,C,0.9974077343940736,True,True,True,True,[0.10634538 0.17533389 0.6119754  0.10634538],[1.9254499e-03 1.4847475e-04 9.9740773e-01 5.1822781e-04],0.9131486415863036,0.6119754,0.99740773,0.3854323300000001,0.8957311511039734,0.7536283135414124,0.8185582160949707,0.8982334733009338,0.7637040615081787,0.8255239129066467
2459,یک دانش‌آموز یک تخته شکلات را در روز گرم زیر نور آفتاب گذاشت. هنگامی که شکلات ذوب شد، کدام ویژگی تغییر کرد؟,"['جرم آن', 'شکل آن', 'وزن آن', 'ترکیب آن']",B,حالت فیزیکی شکلات از جامد به مایع تغییر می‌کند و در نتیجه [MASK] تغییر می‌کند.,D,0.333183228969574,B,0.858924388885498,False,True,True,True,[0.22899327 0.17834014 0.25948337 0.33318323],[0.13069527 0.8589244  0.00189363 0.00848664],0.8350228667259216,0.17834014,0.8589244,0.68058426,0.8422217965126038,0.6469099521636963,0.7317575216293335,0.8565144538879395,0.6429177522659302,0.7345024943351746
2460,کدام نوع مخزن آب همیشه می‌تواند آب شیرین فراهم کند؟,"['دریاچه\u200cهای داخلی', 'دلتاهای رودخانه', 'یخچال\u200cهای کوهستانی', 'دریاهای گرمایی']",C,[MASK] از برف و یخ تشکیل شده و منبع پایدار آب شیرین هستند.,A,0.5300673842430115,C,0.9221128225326538,False,True,True,True,[0.5300674  0.07173682 0.36430964 0.03388607],[0.06732153 0.00626188 0.9221128  0.00430372],0.8111863732337952,0.36430964,0.9221128,0.55780316,0.8011258244514465,0.6390128135681152,0.7109450697898865,0.8024618625640869,0.6370561718940735,0.7102562189102173
2461,کدام تغییرات احتمالاً تأثیر منفی بر یک اکوسیستم خواهند گذاشت؟,"['ساخت یک جاده', 'کاشت یک درخت', 'اضافه کردن یک منبع آب شیرین', 'ایجاد یک پناهگاه طبیعی']",A,تخریب زیستگاه‌ها، افزایش آلودگی و تغییر مسیرهای طبیعی آب می‌توانند تأثیر منفی بر اکوسیستم داشته باشند.,A,0.9982526898384094,A,0.9973796606063844,True,True,True,False,[9.9825269e-01 3.7992824e-04 1.9710416e-04 1.1702613e-03],[9.9737966e-01 7.9793524e-04 7.9793524e-04 1.0245692e-03],0.9220023155212402,0.99825269,0.99737966,-0.00087303,0.923791766166687,0.7077590227127075,0.8014729619026184,0.926954448223114,0.7077351212501526,0.8026456236839294
2462,آب دارای خواص شیمیایی منحصر به فرد زیادی است. کدام ویژگی آب باعث می‌شود که آب حلال خوبی برای نمک‌های بلوری باشد؟,"['قطبی بودن قوی', 'رسانایی ضعیف', 'ویسکوزیته بالا', 'pH پایین']",A,خاصیت قطبی بودن آب باعث می‌شود که بتواند به عنوان یک حلال خوب برای نمک‌های بلوری عمل کند.,A,0.9970998764038086,A,0.998531460762024,True,True,True,True,[9.9709988e-01 1.6966067e-03 3.7482925e-05 1.1660596e-03],[9.9853146e-01 1.3093972e-03 2.1164435e-05 1.3800946e-04],0.8578274250030518,0.99709988,0.99853146,0.0014315799999999,0.8815497756004333,0.6034606695175171,0.7164672017097473,0.8815497756004333,0.6034606695175171,0.7164672017097473
2463,کدام یک از دلایل طبیعی خشک شدن رودخانه‌ها است؟,"['آلودگی', 'فرسایش', 'بالا رفتن سطح آب\u200cهای زیرزمینی', 'کمبود بارش']",D,[MASK] موجب کاهش حجم آب ورودی به رودخانه‌ها و در نتیجه خشک شدن آن‌ها می‌شود.,C,0.814008891582489,C,0.4343151152133941,False,False,False,False,[0.05183497 0.05873672 0.8140089  0.07541943],[0.04577648 0.02776484 0.4921435  0.43431512],0.7733560800552368,0.07541943,0.43431512,0.35889569,0.8730544447898865,0.6842387914657593,0.7672000527381897,0.8825662732124329,0.67145174741745,0.7626689672470093
2464,یک دانش‌آموز سنگی را مشاهده کرد که از ذرات کوچک شن تشکیل شده و در لایه‌های روشن و تیره آرایش یافته است. کدام یک از بیانات زیر نحوه شکل‌گیری این نوع سنگ را به درستی توصیف می‌کند؟,"['خاک رس تحت فشار منجمد شده و یخ زده است.', 'لاوا از یک آتشفشان در آب به سرعت سرد شده است.', 'رسوبات رودخانه به آرامی فشرده و باهم سیمان شده\u200cاند.', 'مواد معدنی در غارهای زیرزمینی به سنگ جامد تبدیل شده\u200cاند.']",C,این سنگ از فشرده شدن رسوبات رودخانه‌ای و سیمان شدن آنها تشکیل شده است. لایه‌های روشن و تیره نشان‌دهنده تغییرات در شرایط رسوب‌گذاری است.,B,0.5737112164497375,C,0.9427764415740968,False,True,True,True,[0.271002   0.5737112  0.07764337 0.07764337],[0.04675508 0.0093516  0.94277644 0.00111689],0.7634698152542114,0.07764337,0.94277644,0.8651330700000001,0.7661425471305847,0.6248509287834167,0.6883208155632019,0.7661425471305847,0.6248509287834167,0.6883208155632019
2465,کلاسی از مهندسی دستور داده شده است که یک ربات توسعه دهد. ربات باید به گونه‌ای طراحی شود که تنها منبع تأمین انرژی آن انرژی الکترومغناطیسی باشد. کلاسی که مهندسی در آن برگزار می‌شود، به چه موضوعی احتمالاً می‌پردازد؟,"['استفاده از باتری\u200cها و انرژی شیمیایی', 'نحوه استفاده از انرژی تابشی و جمع\u200cآوری\u200cکننده\u200cهای خورشیدی', 'تبدیل انرژی جنبشی به انرژی پتانسیل', 'نحوه تبدیل انرژی حرارتی به انرژی الکتریکی']",B,احتمالاً کلاس مربوط به موضوعاتی است که در آن از انرژی تابشی برای تأمین انرژی الکتریکی استفاده می‌شود.,B,0.8491776585578918,B,0.9669637680053712,True,True,True,True,[1.4698964e-01 8.4917766e-01 3.7591666e-04 3.4568650e-03],[3.2830190e-02 9.6696377e-01 7.1815753e-05 1.3416949e-04],0.763907253742218,0.84917766,0.96696377,0.11778611,0.8910471200942993,0.7208173274993896,0.796943187713623,0.8910471200942993,0.7208172082901001,0.7969430685043335
2466,پاراتیسم و ولواکوس هر دو می‌توانند به طور جنسی تولید مثل کنند. تولید مثل جنسی در ولواکوس چگونه با تولید مثل جنسی در پاراتیسم متفاوت است؟,"['کلونی\u200cهای ولواکوس گامت تولید می\u200cکنند.', 'سلول\u200cهای ولواکوس از طریق پیوستگی به صورت جنسی تولید مثل می\u200cکنند.', 'کلونی\u200cهای ولواکوس فرزندان تک\u200cسلولی تولید می\u200cکنند.', 'سلول\u200cهای ولواکوس از طریق جوانه\u200cزنی گیاهی تولید مثل می\u200cکنند.']",A,ولوکوس از طریق پیوستگی تولید مثل جنسی می‌کند که در آن دو سلول با هم ترکیب می‌شوند و مواد ژنتیکی تبادل می‌کنند.,A,0.7439669966697693,B,0.0529542453587055,True,False,False,False,[0.743967   0.16632602 0.0476532  0.0420538 ],[0.05295425 0.94047153 0.0038964  0.00267795],0.7739718556404114,0.743967,0.05295425,-0.6910127500000001,0.8565465211868286,0.6467868089675903,0.7370328307151794,0.8565465211868286,0.6467868089675903,0.7370328307151794
2467,کدامیک از موارد زیر بهترین توضیح را برای دلیل لرزش پنجره‌ها در هنگام طوفان رعد و برق ارائه می‌دهد؟,"['انرژی الکتریکی', 'انرژی صوتی', 'انرژی نوری', 'انرژی حرارتی']",B,امواج صوتی شدید تولید شده در هنگام طوفان رعد و برق باعث ارتعاش و لرزش پنجره‌ها می‌شود.,A,0.9133089780807496,B,0.9661039113998412,False,True,True,True,[0.913309   0.06641882 0.0015378  0.01873429],[3.2673120e-02 9.6610391e-01 5.4487586e-04 6.7810889e-04],0.9125836491584778,0.06641882,0.96610391,0.89968509,0.8782317638397217,0.7223373651504517,0.7926925420761108,0.8727386593818665,0.7261330485343933,0.7927144765853882
2468,کدام نوع سنگ برای مطالعه تاریخ موجودات زنده مفیدتر است؟,"['بازالت', 'مرمر', 'گرانیت', 'سنگ آهک']",D,[MASK] حاوی فسیل‌های موجودات زنده است که اطلاعات ارزشمندی در مورد تاریخ حیات زمین ارائه می‌دهد.,A,0.6213738918304443,D,0.4968610107898712,False,True,True,True,[0.6213739  0.17872338 0.02117935 0.17872338],[0.26595056 0.23470052 0.00248789 0.496861  ],0.788106381893158,0.17872338,0.496861,0.31813762,0.9109745621681213,0.718000054359436,0.803057074546814,0.8924353122711182,0.6998220086097717,0.7844786047935486
2469,دانشمندان گونه جدیدی از یک ارگانیسم پیچیده را در ته دریا پیدا کردند. این ارگانیسم احتمالاً,"['یک\u200cسلولی است.', 'یک نوع باکتری است.', 'از چندین سلول تشکیل شده است.', 'هسته\u200cای سازمان\u200cیافته ندارد.']",C,ارگانیسم پیچیده احتمالاً ساختار چندسلولی دارد.,A,0.5107061266899109,C,0.9691229462623596,False,True,True,True,[0.5107061  0.06911656 0.39773834 0.02243886],[2.8924029e-02 1.6317822e-03 9.6912295e-01 3.2131694e-04],0.7704869508743286,0.39773834,0.96912295,0.57138461,0.7016786932945251,0.45240774750709534,0.5501232147216797,0.703735888004303,0.45290854573249817,0.5511252880096436
2470,یک دانش‌آموز در حال مخلوط کردن یک فنجان شکلات داغ با یک قاشق است. چگونه حرارت بین شکلات داغ و قسمتی از قاشق که در شکلات داغ قرار دارد منتقل می‌شود؟,"['انتقال حرارت از قاشق به شکلات داغ صورت می\u200cگیرد.', 'انتقال حرارت از شکلات داغ به قاشق صورت می\u200cگیرد.', 'جابه\u200cجایی حرارت از قاشق به شکلات داغ صورت می\u200cگیرد.', 'جابه\u200cجایی حرارت از شکلات داغ به قاشق صورت می\u200cگیرد.']",B,انرژی گرمایی از جسم گرمتر به جسم سردتر منتقل می‌شود. شکلات داغ انرژی را به قاشق می‌دهد.,B,0.7690016031265259,B,0.9636844396591188,True,True,True,True,[0.22075337 0.7690016  0.00168547 0.00855954],[3.2846909e-02 9.6368444e-01 7.7248522e-04 2.6962385e-03],0.8277595639228821,0.7690016,0.96368444,0.19468284,0.669818103313446,0.5655019283294678,0.613255500793457,0.669818103313446,0.5655019283294678,0.613255500793457
2471,ذهن پرسشگر برای یک دانشمند مفید خواهد بود زیرا به دانشمند کمک می‌کند تا,"['خلاق\u200cتر شود.', 'به کار دیگر دانشمندان بی\u200cاعتماد گردد.', 'برای قبول فرضیه\u200cهای منتشرشده تلاش کند.', 'تحقیقات انجام دهد تا نظریه\u200cها را تأیید یا رد کند.']",D,ذهن پرسشگر دانشمند را قادر می‌سازد تا تحقیقاتی برای تأیید یا رد نظریه‌ها انجام دهد و دانش خود را گسترش دهد.,A,0.535341203212738,D,0.8567553162574768,False,True,True,True,[0.5353412  0.02370573 0.3679343  0.07301879],[0.11685863 0.00846521 0.01792085 0.8567553 ],0.8240564465522766,0.07301879,0.8567553,0.78373651,0.8062591552734375,0.6501920819282532,0.7198638916015625,0.8062591552734375,0.6501920223236084,0.7198638319969177
2472,کدام یک از ویژگی‌های جوی در زیر بیشتر بر رسوب‌گذاری جوی تأثیر دارد؟,"['شیب', 'ارتفاع', 'سطح پایه', 'کیفیت آب']",A,[MASK] تغییرات قابل توجهی در الگوی رسوب‌گذاری ایجاد می‌کند زیرا بر انرژی جریان آب و توانایی آن برای حمل و ته‌نشین کردن رسوبات تأثیر می‌گذارد.,D,0.7263000011444092,A,0.7547971606254578,False,True,True,True,[0.16142762 0.03601937 0.07625301 0.7263    ],[0.75479716 0.01995813 0.0329054  0.1923394 ],0.8839775919914246,0.16142762,0.75479716,0.59336954,0.9233472943305969,0.7727721929550171,0.8413759469985962,0.9219251275062561,0.7646760940551758,0.8359701633453369
2473,کدام مخلوط را می‌توان به اجزای آن جدا کرد؟,"['چیپس سیب\u200cزمینی', 'کیک شکلاتی', 'سالاد میوه', 'تخم\u200cمرغ هم زده']",C,[MASK] اجزای فیزیکی جداپذیر دارد.,C,0.4460818767547607,A,0.2034107744693756,True,False,False,False,[0.3065873  0.03661663 0.44608188 0.21071415],[0.62167346 0.06603781 0.20341077 0.10887794],0.4847817420959472,0.44608188,0.20341077,-0.24267111,0.6432203054428101,0.4547819495201111,0.5328313708305359,0.6358156204223633,0.4595959782600403,0.5335315465927124
2474,مسئول ایجاد باد چیست؟,"['عملکرد موج', 'انرژی خورشیدی', 'درختان در حال وزش', 'نیروی جاذبه']",B,[MASK] باعث گرم شدن زمین و اختلاف دما می‌شود که در نتیجه باد ایجاد می‌شود.,A,0.8681913614273071,B,0.6316348910331726,False,True,True,True,[0.86819136 0.03822024 0.00190287 0.09168559],[0.29836318 0.6316349  0.00446017 0.06554169],0.7748704552650452,0.03822024,0.6316349,0.59341466,0.8961617946624756,0.7142543792724609,0.7949342727661133,0.8885763883590698,0.7004549503326416,0.7833800911903381
2475,یک گروه از دانش‌آموزان تشکیل حباب‌ها را هنگام جوشیدن آب مشاهده کردند. چه اتفاقی برای ماده افتاد به دلیل تغییر فیزیکی در آب؟,"['ماده جدیدی در حباب\u200cها ایجاد شد.', 'ماده قدیمی وقتی آب به گاز تبدیل شد، نابود شد.', 'ماده هنگام تغییر شکل حفظ شد.', 'ترکیب ماده تغییر پیدا کرد.']",C,آب به گاز تبدیل می‌شود ولی ترکیب مولکولی آن تغییر نمی‌کند و فقط شکل آن تغییر می‌کند.,B,0.7369738817214966,C,0.9600678086280824,False,True,True,True,[0.14511876 0.7369739  0.11301861 0.0048887 ],[0.02876592 0.00727316 0.9600678  0.00389304],0.8573740124702454,0.11301861,0.9600678,0.84704919,0.8498913645744324,0.6421072483062744,0.7315306663513184,0.8498913049697876,0.6421072483062744,0.7315306663513184
2476,موتورهای دیزل می‌توانند از سوخت‌های مختلفی استفاده کنند. کدام سوخت، تجدیدپذیرترین سوخت برای موتور دیزل است؟,"['سوخت دیزل معمولی', 'زرده نفتی تصفیه شده', 'روغن گیاهی تولید شده به روش معمولی', 'روغن گیاهی تولید شده به صورت ارگانیک']",D,[MASK]، به دلیل تولید پایدار و سازگار با محیط زیست، تجدیدپذیرترین سوخت برای موتورهای دیزل است.,B,0.8882870674133301,B,0.0718045383691787,False,False,False,False,[0.04396683 0.88828707 0.01129162 0.05645453],[0.11838567 0.77197146 0.03783833 0.07180454],0.8423296809196472,0.05645453,0.07180454,0.0153500099999999,0.9168832898139954,0.659662663936615,0.7672895789146423,0.9160526394844055,0.6501044631004333,0.7604982852935791
2477,سیگار کشیدن تنباکو به چه نحوی بیشتر احتمال دارد بر توانایی یک فرد برای موفقیت در فعالیت‌های بدنی تأثیر منفی بگذارد؟,"['این امر با تعادل و هماهنگی تداخل می\u200cکند.', 'این امر توانایی تصمیم\u200cگیری سریع را کاهش می\u200cدهد.', 'این امر استقامت و کارایی قلبی-عروقی را کاهش می\u200cدهد.', 'این امر سرعت و قدرت انقباضات عضلانی را کاهش می\u200cدهد.']",C,سیگار کشیدن با کاهش اکسیژن‌رسانی به بافت‌ها، استقامت و کارایی قلبی-عروقی را کاهش می‌دهد و بر توانایی فرد برای فعالیت‌های بدنی تأثیر منفی می‌گذارد.,C,0.8655599355697632,C,0.96746426820755,True,True,True,True,[0.04911852 0.07146701 0.86555994 0.01385451],[0.01758183 0.0120838  0.96746427 0.00287015],0.8771550059318542,0.86555994,0.96746427,0.1019043299999999,0.842070460319519,0.7357884645462036,0.7853500247001648,0.842070460319519,0.7357884645462036,0.7853500247001648
2478,آنیه در یک روز گرم یک مکعب یخ را روی پیاده‌رو قرار داد. این مکعب یخ به زودی آب شده و یک برکه تشکیل داد. چه فرآیندی باعث آب شدن مکعب یخ شد؟,"['انتقال حرارت از طریق مکعب یخ به وسیلهٔ جابه\u200cجایی.', 'انتقال حرارت از هوای اطراف به مکعب یخ به وسیلهٔ تابش.', 'انتقال حرارت از هوا و پیاده\u200cرو به وسیلهٔ هدایت.', 'انتقال حرارت از طریق مکعب یخ به داخل پیاده\u200cرو به وسیلهٔ هدایت.']",C,انتقال حرارت از هوا و پیاده‌رو به مکعب یخ از طریق تماس مستقیم باعث آب شدن آن می‌شود.,B,0.5510778427124023,C,0.5682859420776367,False,True,True,True,[0.42917985 0.55107784 0.01285925 0.00688306],[0.12680174 0.30418155 0.56828594 0.00073079],0.8323663473129272,0.01285925,0.56828594,0.55542669,0.8277827501296997,0.6552585363388062,0.7314856052398682,0.8277827501296997,0.6552584767341614,0.7314856052398682
2479,جلبک‌های بزرگ روی سطح دریاچه کدام فاکتور غیر زیستی را از رسیدن به قعر دریاچه باز می‌دارند؟,"['آب', 'نمک', 'نور', 'اکسیژن']",C,جلبک‌های بزرگ مانع از رسیدن [MASK] به قسمت‌های زیرین دریاچه می‌شوند.,B,0.5970774292945862,B,0.0373080521821975,False,False,False,False,[0.28093985 0.5970774  0.01782012 0.1041626 ],[0.19244958 0.5231322  0.03730805 0.24711014],0.8254278302192688,0.01782012,0.03730805,0.01948793,0.9137186408042908,0.6379120349884033,0.7513025999069214,0.9073148369789124,0.6359802484512329,0.7477951049804688
2480,برخی از دانشمندان نظریه پردازی می‌کنند که حرکت صفحات می‌تواند سطح آب در دریاهای زمین را تغییر دهد. چگونه طبیعت حرکت صفحات، تغییرات احتمالی در سطح دریا را محدود می‌کند؟,"['با ایجاد تنها تغییرات کوچک', 'با تغییر دادن تنها چند حوضه اقیانوسی خاص', 'با ایجاد تغییرات در نرخ\u200cهای بسیار کند', 'با ایجاد تغییرات جفتی با اثرات معادل و مخالف']",C,حرکت صفحات تکتونیکی می‌تواند اثرات معادل و مخالف بر سطح دریا داشته باشد، بدین معنی که افزایش سطح دریا در یک منطقه با کاهش سطح دریا در منطقه دیگر همراه است.,D,0.9574228525161744,D,0.0003394602390471,False,False,False,False,[0.03690643 0.00440784 0.00126287 0.95742285],[9.6152611e-03 1.5696483e-03 3.3946024e-04 9.8847568e-01],0.8981823921203613,0.00126287,0.00033946024,-0.0009234097599999,0.8905577659606934,0.7340807318687439,0.8047837018966675,0.8905577659606934,0.7340806722640991,0.8047836422920227
2481,عنصر کربن یک گاز است که تقریباً هیچ فعالیت شیمیایی نشان نمی‌دهد. برای یافتن عنصری دیگر با خواص مشابه، دانش‌آموز باید به چه چیزی در جدول تناوبی عناصر توجه کند؟,"['عنصری در همان گروه', 'عنصری در همان دوره', 'عنصری با همان بار خالص', 'عنصری با همان جرم اتمی']",A,دانش‌آموز باید به عنصری در گروه مشابه کربن توجه کند، زیرا عناصر یک گروه خواص شیمیایی مشابه دارند.,A,0.787722110748291,A,0.993854820728302,True,True,True,True,[7.8772211e-01 1.0577698e-01 7.2394335e-04 1.0577698e-01],[9.9385482e-01 4.6703755e-03 1.3669400e-04 1.3380850e-03],0.8303307294845581,0.78772211,0.99385482,0.20613271,0.8293799757957458,0.6933810710906982,0.7553074359893799,0.7936214804649353,0.6783331632614136,0.7314624786376953
2482,به چه طریقی ممکن است مواد مغذی خاک در زمین‌های کشاورزی کاهش یابند؟,"['چ grazing بیش از حد', 'فرسایش بادی', 'افزایش آبیاری', 'افزایش کوددهی']",C,چرای بیش از حد منجر به فرسایش خاک و کاهش مواد مغذی می‌شود.,D,0.698735773563385,D,0.0204827636480331,False,False,False,False,[0.1759793  0.10673685 0.01854808 0.6987358 ],[0.22021046 0.0810109  0.02048276 0.67829597],0.907492995262146,0.01854808,0.02048276,0.0019346799999999,0.8901862502098083,0.7210080623626709,0.7967151403427124,0.8901863098144531,0.7210081219673157,0.796715259552002
2483,تمساح‌های آمریکایی در باتلاق‌های فلوریدا به وفور یافت می‌شوند. آنها به خاطر خوردن قورباغه‌ها، لاک‌پشت‌ها، ماهی‌ها، موش‌ها و پرندگان شناخته شده‌اند. تمساح آمریکایی چه نقشی در اکوسیستم خود ایفا می‌کند؟,"['مصرف\u200cکننده', 'تجزیه\u200cکننده', 'گندخوار', 'تولیدکننده']",A,با تغذیه از موجودات مختلف، کنترل جمعیت آنها را بر عهده دارند و به حفظ تعادل در اکوسیستم کمک می‌کنند.,B,0.7910795211791992,A,0.9809659719467164,False,True,True,True,[0.20040725 0.7910795  0.00321407 0.00529911],[9.8096597e-01 1.5995810e-02 2.5854819e-04 2.7796552e-03],0.7271323800086975,0.20040725,0.98096597,0.7805587199999999,0.8252074718475342,0.6873352527618408,0.7499876022338867,0.8252074718475342,0.6873352527618408,0.7499876022338867
2484,یک گونه از مارمولک‌ها عمدتاً میوه‌های یک نوع خاص از درخت را می‌خورند. اگر ویروسی بیشتر این درختان را از بین ببرد، کدام مارمولک‌های فردی احتمالاً زنده خواهند ماند؟,"['مارمولک\u200cهایی که می\u200cتوانند بالاتر در درختان میوه بالا بروند', 'مارمولک\u200cهایی که رنگ تیره\u200cتری دارند', 'مارمولک\u200cهایی که می\u200cتوانند انواع دیگری از غذا را پیدا کنند', 'مارمولک\u200cهایی که فرزندان بیشتری تولید می\u200cکنند']",C,مارمولک‌هایی که قادر به یافتن منابع غذایی جایگزین هستند، احتمال بیشتری برای زنده ماندن دارند.,A,0.7489312887191772,C,0.9739620089530944,False,True,True,True,[0.7489313  0.11575314 0.10215178 0.03316383],[0.02308504 0.00143037 0.973962   0.00152262],0.7077964544296265,0.10215178,0.973962,0.87181022,0.8938966393470764,0.6414755582809448,0.746936559677124,0.8938965797424316,0.6414755582809448,0.7469366192817688
2485,تغییرات اقلیمی ممکن است میزان یخ‌های شناور در اقیانوس‌های جهان را کاهش دهد. این تغییر چگونه می‌تواند تأثیر عمده‌ای بر تأمین غذا برای موجودات مصرف‌کننده دریایی داشته باشد؟,"['با کاهش مقدار نمک حل\u200cشده در آب اقیانوس', 'با افزایش توانایی آب برای جداسازی به لایه\u200cهای مجزا', 'با تغییر شرایط دمایی که تولیدکنندگان تک\u200cسلولی نیاز دارند', 'با جلوگیری از پاسخ سریع موجودات به تغییرات محیطی']",C,تغییرات دمایی ناشی از کاهش یخ‌های شناور می‌تواند بر رشد و تولید تولیدکنندگان تک‌سلولی تأثیر گذارد و زنجیره غذایی دریایی را تحت تأثیر قرار دهد.,C,0.8691902160644531,C,0.933915674686432,True,True,True,True,[0.1171735  0.00848802 0.8691902  0.00514824],[6.0643423e-02 4.9779150e-03 9.3391567e-01 4.6301819e-04],0.868416428565979,0.8691902,0.93391567,0.0647254699999999,0.7620941400527954,0.629001259803772,0.689180850982666,0.7620941400527954,0.629001259803772,0.689180850982666
2486,چرا باید حشرات نر تحت درمان قرار گیرند تا تولید اسپرم آن‌ها متوقف شود؟,"['برای افزایش تعداد حشرات ماده', 'برای کاهش جمعیت کل حشرات', 'برای تولید گونه\u200cهای جدید حشرات', 'برای جلوگیری از جفت\u200cگیری حشرات']",B,برای کنترل جمعیت آفات حشراتی، تولید اسپرم نرها متوقف می‌شود تا باروری حشرات ماده کاهش یابد و جمعیت کل حشرات کم شود.,B,0.6968855261802673,B,0.9958706498146056,True,True,True,True,[0.01126411 0.6968855  0.00134531 0.2905051 ],[1.7065550e-03 9.9587065e-01 4.8893620e-04 1.9337803e-03],0.8777412176132202,0.6968855,0.99587065,0.2989851499999999,0.7472938299179077,0.6183395385742188,0.6767281889915466,0.7472938299179077,0.6183395385742188,0.6767281889915466
2487,چند نوع پرنده در یک جزیره کوچک زندگی می‌کنند. یک طوفان بیشتر گیاهانی را که پرندگان روی آن‌ها تغذیه و لانه‌سازی می‌کنند، از بین می‌برد. کدام نوع پرنده احتمال بیشتری دارد که در جزیره زنده بماند؟,"['پرندگان با بیشترین تعداد', 'پرندگان که بهترین توانایی سازگاری را دارند', 'پرندگان که می\u200cتوانند دورترین پرواز کنند', 'پرندگان با قوی\u200cترین منقار']",B,پرندگانی که توانایی سازگاری بیشتری دارند، می‌توانند خود را با شرایط جدید وفق دهند و زنده بمانند.,B,0.8639700412750244,B,0.992226243019104,True,True,True,True,[0.11738326 0.86397004 0.00276059 0.0158861 ],[6.7908498e-03 9.9222624e-01 2.8918928e-04 6.9372897e-04],0.8277311325073242,0.86397004,0.99222624,0.1282562,0.9144707918167114,0.637825608253479,0.7514967918395996,0.9144707918167114,0.637825608253479,0.7514967918395996
2488,کدام عمل تغییر شیمیایی را نشان می‌دهد؟,"['موهای بلند کوتاه شده و خشک می\u200cشود.', 'یک مداد چوبی تیز شده و می\u200cشکند.', 'یک مکعب یخ ذوب شده و به مایع شفافی تبدیل می\u200cشود.', 'یک میخ آهنی روی سطح خود نارنجی و پوسته\u200cای می\u200cشود.']",D,زنگ زدگی میخ آهنی، تبدیل به ماده‌ای با خواص شیمیایی متفاوت است.,C,0.8924962282180786,C,0.0034025376662611,False,False,False,False,[0.05705537 0.04443477 0.8924962  0.00601359],[0.0284891  0.01727951 0.9508288  0.00340254],0.7520723938941956,0.00601359,0.00340254,-0.00261105,0.7668296694755554,0.5842392444610596,0.663196325302124,0.7661983370780945,0.5848144292831421,0.6633303165435791
2489,سرعت یک موج ۲ هرتز که طول موج آن ۱۰ متر است، چقدر است؟,"['۵ متر بر ثانیه', '۸ متر بر ثانیه', '۱۲ متر بر ثانیه', '۲۰ متر بر ثانیه']",D,سرعت موج حاصل ضرب فرکانس در طول موج است، بنابراین ۲ هرتز در ۱۰ متر برابر [MASK] است.,D,0.9264551997184752,D,0.5243589878082275,True,True,True,False,[0.04102486 0.00432399 0.02819595 0.9264552 ],[0.4627452  0.0020131  0.01088272 0.524359  ],0.8963294625282288,0.9264552,0.524359,-0.4020962,0.8276005387306213,0.737842857837677,0.7801485061645508,0.8384140133857727,0.740513265132904,0.7864285111427307
2490,ساختار سلولی که سلول گیاهی را از سلول جانوری سفت تر می کند چیست؟,"['غشای سلولی.', 'سیتوپلاسم.', 'دیواره سلولی.', 'ریبوزوم.']",C,دیواره سلولی ساختاری سفت و سخت است که به سلول گیاهی شکل و استحکام می‌دهد و در سلول جانوری وجود ندارد.,C,0.9588941931724548,C,0.9888206124305724,True,True,True,True,[0.03701733 0.00308642 0.9588942  0.00100201],[9.8083261e-03 9.1231649e-04 9.8882061e-01 4.5874156e-04],0.8150389194488525,0.9588942,0.98882061,0.0299264099999999,0.8480262756347656,0.746577262878418,0.7940746545791626,0.8480261564254761,0.746577262878418,0.7940745949745178
2491,دمای بدن انسان نسبتاً ثابت است. کدام یک از مکانیسم‌های بازخورد به بدن انسان کمک می‌کند تا دمای طبیعی خود را در یک محیط سرد حفظ کند؟,"['آب از پوست آزاد می\u200cشود.', 'عضلات در حرکات کوچک می\u200cلرزند.', 'نرخ ضربان قلب کند می\u200cشود.', 'ریه\u200cها هوای اضافی جذب می\u200cکنند.']",B,بدن انسان برای حفظ گرما در محیط سرد، از طریق انقباض و شل شدن غیرارادی عضلات، گرما تولید می‌کند.,C,0.4501611888408661,B,0.4632869362831116,False,True,True,True,[0.39726585 0.12998489 0.4501612  0.02258799],[0.11713728 0.46328694 0.40884927 0.01072655],0.8508462905883789,0.12998489,0.46328694,0.33330205,0.8638047575950623,0.7110726833343506,0.7800326943397522,0.8638047575950623,0.7110726833343506,0.7800326943397522
2492,سوابق فسیلی نشان می‌دهند که تغییرات گونه‌ها به طور کلی,"['زمانی متوقف می\u200cشوند که یک گونه تشکیل شود.', 'در شرایط پایدار افزایش می\u200cیابند.', 'در طول نسل\u200cهای مختلف رخ می\u200cدهند.', 'مستقل از محیط هستند.']",C,تغییرات گونه‌ها از طریق فرآیندهای تدریجی و [MASK],B,0.829786479473114,C,0.6268543601036072,False,True,True,True,[0.02495969 0.8297865  0.1436331  0.00162075],[0.10893095 0.26131177 0.62685436 0.00290291],0.7408686280250549,0.1436331,0.62685436,0.48322126,0.7921398878097534,0.5304868817329407,0.6354321837425232,0.7960629463195801,0.5210698246955872,0.6298596262931824
2493,فیتوپلانکتون‌ها موجودات میکروسکوپی شبیه گیاه هستند که در آب‌هایی مانند اقیانوس شناورند. آن‌ها در طی فرایند فتوسنتز دی‌اکسید کربن را جذب می‌کنند. اگر جمعیت فیتوپلانکتون‌ها نابود شود، احتمالاً چه اتفاقی خواهد افتاد؟,"['درجه حرارت دریاها کاهش می\u200cیابد.', 'گازهای گلخانه\u200cای افزایش می\u200cیابند.', 'اکسیژن جو افزایش می\u200cیابد.', 'سطح دریاها به طور قابل توجهی کاهش می\u200cیابد.']",B,کاهش جذب دی‌اکسید کربن، منجر به افزایش گازهای گلخانه‌ای می‌شود.,B,0.6349890828132629,B,0.996631920337677,True,True,True,True,[0.05952642 0.6349891  0.2999476  0.00553682],[3.1596944e-03 9.9663192e-01 1.5731192e-04 5.1071700e-05],0.5219489336013794,0.6349891,0.99663192,0.36164282,0.6432799100875854,0.5275155305862427,0.5796745419502258,0.6409223675727844,0.5257357358932495,0.5776426792144775
2494,کدام یک از ترکیبات زیر یک ترکیب آلی است؟,"['آب (H2O)', 'هگزان (C6H14)', 'آمونیاک (NH3)', 'دی اکسید گوگرد (SO2)']",B,ترکیب آلی باید حداقل شامل کربن و هیدروژن باشد، هگزان چنین ترکیبی است.,B,0.9978832602500916,B,0.9989449381828308,True,True,True,True,[1.3252655e-03 9.9788326e-01 8.2114784e-05 7.0936355e-04],[7.2059693e-04 9.9894494e-01 6.1027822e-05 2.7350773e-04],0.8615585565567017,0.99788326,0.99894494,0.0010616799999999,0.8000929355621338,0.6736842393875122,0.7314674258232117,0.79963219165802,0.675316572189331,0.7322353720664978
2495,یک حیوان شش پا دارد. احتمالاً این حیوان چیست؟,"['یک عنکبوت', 'یک مگس', 'یک مارمولک', 'یک هزارپا']",B,حیواناتی با شش پا معمولاً حشرات هستند و مگس‌ها نیز چنین هستند.,A,0.8513352274894714,A,0.2425965666770935,False,False,False,False,[0.8513352  0.01384142 0.00349966 0.13132371],[0.74725    0.24259657 0.00185225 0.0083012 ],0.8991681337356567,0.01384142,0.24259657,0.22875515,0.8461272716522217,0.6279362440109253,0.7208833694458008,0.8426871299743652,0.6282735466957092,0.719853401184082
2496,یک دانش‌آموز سینی یخ را از فریزر خارج کرده و آن را روی یک میز قرار می‌دهد. یخ‌ها جامد و سرد هستند. دانش‌آموز فراموش می‌کند که سینی یخ را دوباره به فریزر برگرداند. روز بعد، یخ‌ها باید چه حالتی داشته باشند؟,"['مایع و گرم\u200cتر', 'جامد و گرم\u200cتر', 'مایع و سردتر', 'جامد و سردتر']",A,یخ‌ها ابتدا جامد و سرد هستند. پس از قرار گرفتن در دمای محیط، دمای آنها افزایش می‌یابد ولی در مدت زمان کوتاه، ذوب نمی‌شوند. بنابراین، حالت جامد خود را حفظ کرده‌اند ولی گرم‌تر شده‌اند.,D,0.9152078032493592,B,0.0327197685837745,False,False,False,False,[0.04556551 0.03548646 0.00374025 0.9152078 ],[3.271977e-02 9.599543e-01 7.816130e-04 6.544365e-03],0.770159125328064,0.04556551,0.03271977,-0.0128457399999999,0.7108653783798218,0.6038690209388733,0.6530133485794067,0.7112396955490112,0.6033475399017334,0.6528660655021667
2497,کدام یک ویژگی مشترک تمام عناصر را توصیف می‌کند؟,"['الف) تمام عناصر فلزات هستند.', 'ب) تمام عناصر شش الکترون دارند.', 'ج) تمام عناصر مواد خالص هستند.', 'د) تمام عناصر در فاز جامد وجود دارند.']",C,همه عناصر از یک نوع اتم تشکیل شده‌اند و مواد خالص هستند.,B,0.8566368818283081,C,0.9818629622459412,False,True,True,True,[0.03308592 0.8566369  0.00836543 0.10191181],[0.00962585 0.00661574 0.98186296 0.00189544],0.8747475147247314,0.00836543,0.98186296,0.97349753,0.8491360545158386,0.6803531646728516,0.7554317712783813,0.8491359949111938,0.6803531050682068,0.7554317712783813
2498,کدام گاز توسط تولیدکنندگان آزاد می‌شود که مصرف‌کنندگان برای زنده ماندن آن را جذب می‌کنند؟,"['اکسیژن', 'نیتروژن', 'بخار آب', 'دی\u200cاکسید کربن']",A,گیاهان در فتوسنتز، [MASK] آزاد می‌کنند که برای تنفس و زنده ماندن موجودات ضروری است.,D,0.6020918488502502,A,0.9116671085357666,False,True,True,True,[0.09305796 0.02044212 0.28440803 0.60209185],[0.9116671  0.00213119 0.00107163 0.08513014],0.7910168170928955,0.09305796,0.9116671,0.81860914,0.8124708533287048,0.6445236206054688,0.7188175916671753,0.750625729560852,0.5839797854423523,0.6568986773490906
2499,محتمل‌ترین دلیل اینکه صدا در آب نمکى سریع‌تر از آب شیرین حرکت می‌کند، این است که آب نمکى,"['انعطاف\u200cپذیری بیشتری دارد.', 'گرما را سریع\u200cتر جذب می\u200cکند.', 'چگالی بالاتری دارد.', 'صدا را بهتر بازتاب می\u200cدهد.']",C,چگالی بالاتر آب نمکی باعث می‌شود مولکول‌ها نزدیک‌تر باشند و انرژی صوتی سریع‌تر منتقل شود.,C,0.643957793712616,C,0.977822482585907,True,True,True,True,[0.23689884 0.11278075 0.6439578  0.00636265],[2.0136129e-02 1.5527315e-03 9.7782248e-01 4.8858864e-04],0.7710995078086853,0.6439578,0.97782248,0.33386468,0.7617073655128479,0.5092734098434448,0.6104219555854797,0.7617073655128479,0.5092734098434448,0.6104219555854797
2500,دمیدن می‌تواند باعث شود که آتش چوبی داغ‌تر بسوزد زیرا دمیدن,"['غذا را به اندازه\u200cای داغ می\u200cکند که بسوزد', 'اکسیژن بیشتری که برای سوختن لازم است اضافه می\u200cکند', 'مقدار چوبی را که باید بسوزد افزایش می\u200cدهد', 'انرژی مورد نیاز برای ادامه آتش را تأمین می\u200cکند']",B,افزودن اکسیژن بیشتر، شرایط سوختن را کامل‌تر و سریع‌تر می‌کند و باعث شدت بیشتر واکنش می‌شود.,B,0.8308839201927185,B,0.965394914150238,True,True,True,True,[0.12791888 0.8308839  0.01931286 0.02188434],[3.2841004e-02 9.6539491e-01 6.4029766e-04 1.1237573e-03],0.6964933276176453,0.8308839,0.96539491,0.13451101,0.745610237121582,0.5990425944328308,0.6643384099006653,0.7456101179122925,0.5990426540374756,0.6643384695053101
2501,محصولات واکنش بین یک اسید قوی و یک باز قوی چیست؟,"['یک نمک و آب', 'دو عنصر مختلف', 'یک اسید ضعیف و یک باز ضعیف', 'یون های هیدروژن و یون های هیدروکسید']",A,واکنش خنثی شدن کامل اسید و باز منجر به تولید [MASK] می شود.,A,0.999207317829132,A,0.9992166757583618,True,True,True,True,[9.9920732e-01 1.5973346e-04 1.4096429e-04 4.9201370e-04],[9.9921668e-01 8.0791790e-05 1.4179401e-04 5.6080619e-04],0.7920663356781006,0.99920732,0.99921668,9.35999999995829e-06,0.7665301561355591,0.643433690071106,0.6996085047721863,0.7622091770172119,0.6343597173690796,0.6924324035644531
2502,کلای در حال تماشای وضعیت آب و هواست تا برای سفر به ساحل فردا آماده شود. پیش‌بینی آب و هوا نشان می‌دهد که یک سیستم فشار پایین تا صبح به این ناحیه وارد خواهد شد. کلای احتمالاً در صبح چه نوع هوایی را انتظار دارد؟,"['مه\u200cآلود', 'آفتابی', 'روشن و سردتر', 'ابری و بارانی']",D,سیستم فشار پایین با هوای ناپایدار و بارانی همراه است، بنابراین کلای انتظار هوای [MASK] را دارد.,C,0.6051527857780457,D,0.6071681380271912,False,True,True,True,[0.17405777 0.02355616 0.6051528  0.19723327],[0.3249937  0.06399505 0.0038432  0.60716814],0.8422086834907532,0.19723327,0.60716814,0.4099348699999999,0.8480804562568665,0.6493157148361206,0.7355060577392578,0.8434652090072632,0.6466323733329773,0.7320485711097717
2503,یک جمعیت دفی نیای از پایین یک دریاچه به عمق یک متر در طول روز به سطح دریاچه در شب مهاجرت عمودی نشان می‌دهد. جمعیت دفی نیای به کدام عامل بیشتر احتمالاً پاسخ می‌دهد؟,"['pH آب', 'شفافیت آب', 'فشار آب', 'دماي آب']",D,احتمالاً تغییرات دمایی آب در طول روز و شب محرک مهمی برای مهاجرت عمودی دفی نیاها است.,C,0.7372956871986389,D,0.9897464513778688,False,True,True,True,[0.16515678 0.02869995 0.7372957  0.06884759],[0.00746877 0.00101079 0.00177399 0.98974645],0.8900277018547058,0.06884759,0.98974645,0.92089886,0.8741137981414795,0.7054315209388733,0.7807657718658447,0.8741137981414795,0.7054315805435181,0.7807657122612
2504,کدام یک از موارد زیر در سلول یوکاریوتی وجود دارد اما در سلول پروکاریوتی وجود ندارد؟,"['دی\u200cان\u200cای', 'سیتوپلاسم', 'هسته', 'غشاء سلولی']",C,سلول‌های یوکاریوتی دارای [MASK] هستند که [MASK] را در خود جای داده است، در حالی که سلول‌های پروکاریوتی چنین ساختاری ندارند.,C,0.4699253439903259,C,0.897284984588623,True,True,True,True,[0.22197701 0.2515329  0.46992534 0.05656477],[0.07336649 0.01467422 0.897285   0.01467422],0.9112470149993896,0.46992534,0.897285,0.42735966,0.8129611015319824,0.6742779016494751,0.7371534705162048,0.7737300395965576,0.6375364065170288,0.6990615725517273
2505,خورشید به عنوان یک ستاره طبقه‌بندی می‌شود. کدام ویژگی خورشید را به عنوان یک ستاره شناسایی می‌کند؟,"['الف) خورشید حول محور خود می\u200cچرخد.', 'ب) خورشید در خارج از کهکشان راه شیری واقع شده است.', 'ج) خورشید بخشی از دب اکبر است.', 'د) خورشید در یک واکنش هسته\u200cای نور و انرژی تولید می\u200cکند.']",D,خورشید به دلیل انجام واکنش‌های هسته‌ای و تولید نور و انرژی، به عنوان یک ستاره شناخته می‌شود.,D,0.6038851141929626,D,0.913923442363739,True,True,True,True,[0.1049395  0.00592028 0.28525513 0.6038851 ],[0.05842517 0.00329612 0.02435523 0.91392344],0.8762235045433044,0.6038851,0.91392344,0.3100383400000001,0.7117899060249329,0.6075601577758789,0.6555579304695129,0.7117899656295776,0.6075600981712341,0.6555579304695129
2506,هنگامی که نمک خوراکی (NaCl) تولید می‌شود، کدام یک از گزینه‌های زیر به بهترین نحو اقدامات اتم‌های سدیم (Na) و کلر (Cl) را توصیف می‌کند؟,"['اتم\u200cهای سدیم، اتم\u200cهای کلر را جایگزین می\u200cکنند.', 'اتم\u200cهای سدیم و کلر با هم ترکیب می\u200cشوند.', 'اتم\u200cهای سدیم در اتم\u200cهای کلر حل می\u200cشوند.', 'اتم\u200cهای سدیم و کلر به\u200cطور شیمیایی پیوند می\u200cزنند.']",D,اتم‌های سدیم و کلر از طریق انتقال الکترون و تشکیل یون‌های دارای بار مخالف، پیوند شیمیایی ایجاد می‌کنند.,B,0.654808759689331,D,0.9428434371948242,False,True,True,True,[0.12995078 0.65480876 0.00265523 0.21258527],[3.6701091e-02 1.9644678e-02 8.1083272e-04 9.4284344e-01],0.7767501473426819,0.21258527,0.94284344,0.7302581699999999,0.767648458480835,0.5692004561424255,0.6536951661109924,0.7671347856521606,0.5671437978744507,0.6521512866020203
2507,تمام سلول‌ها، پروکاریوت و یوکاریوت، ویژگی‌های مشترکی دارند. کدام ویژگی سلولی در هر دو نوع سلول پروکاریوت و یوکاریوت وجود دارد؟,"['ریبوزوم', 'غشاء کلروپلاست', 'هسته', 'شبکهٔ اندوپلاسمی']",A,[MASK]‌ها در سنتز پروتئین نقش دارند و در هر دو نوع سلول پروکاریوت و یوکاریوت وجود دارند.,A,0.9785841107368468,A,0.9971700310707092,True,True,True,True,[9.785841e-01 6.098706e-04 6.098706e-04 2.019614e-02],[9.9717003e-01 1.7422243e-04 1.7422243e-04 2.4814117e-03],0.8231955766677856,0.9785841,0.99717003,0.01858593,0.9089581370353699,0.7591987252235413,0.8273561000823975,0.9033154249191284,0.7429759502410889,0.815337598323822
2508,جانت نمونه‌هایی از مواد معدنی برای شناسایی دریافت کرده است. یکی از نمونه‌های او زرد است. کدام یک از این مواد معدنی احتمالاً زرد است؟,"['تالک', 'گوگرد', 'ژیپس', 'هماتیت']",B,[MASK] به طور طبیعی به رنگ زرد دیده می‌شود و معمولاً به این رنگ شناخته می‌شود.,A,0.8133273124694824,C,0.0154483271762728,False,False,False,False,[0.8133273  0.07550361 0.07550361 0.03566538],[0.39841762 0.01544833 0.5796942  0.00643982],0.7513119578361511,0.07550361,0.01544833,-0.06005528,0.8937430381774902,0.6457009315490723,0.7497391700744629,0.8919033408164978,0.6374737620353699,0.7435248494148254
2509,کدام تعامل بین حیوانات بهترین کنترل را بر جمعیت یک گونه دارد؟,"['حیوانات وحشی که قلمروهای خود را علامت\u200cگذاری می\u200cکنند', 'ماهی رموora که با کوسه\u200cها سفر می\u200cکنند', 'شیرها که بر روی گورخرها شکار می\u200cکنند', 'گرگ\u200cها که در گروه\u200cهای دسته\u200cجمعی سفر می\u200cکنند']",C,علامت‌گذاری قلمرو باعث کنترل جمعیت در یک محدوده مشخص می‌شود و از تراکم بیش از حد جلوگیری می‌کند.,A,0.6840738654136658,A,0.0022875755093991,False,False,False,False,[0.68407387 0.17228664 0.07181976 0.07181976],[0.9121221  0.0845098  0.00228758 0.00108057],0.7662894129753113,0.07181976,0.00228758,-0.06953218,0.8254942297935486,0.6180329918861389,0.7068556547164917,0.8254942297935486,0.6180329918861389,0.7068556547164917
2510,حوضه رود هامبولت یکی از مهم‌ترین منابع چندین منبع غیرقابل تجدید است. کدام‌یک از این منابع غیرقابل تجدید از حوضه رود هامبولت تولید می‌شود؟,"['زغال\u200cسنگ از ذخایر کوهستانی', 'نفت و گاز از مخازن زیرزمینی', 'انرژی الکتریکی از نیروگاه\u200cهای برق\u200cآبی', 'معدن از طلا، نقره و مس']",D,حوضه رود هامبولت منبع مهم [MASK] است.,C,0.6614762544631958,C,0.0592284649610519,False,False,False,False,[0.2155904  0.08987145 0.66147625 0.03306186],[0.23425311 0.26544353 0.4410749  0.05922846],0.7387864589691162,0.03306186,0.05922846,0.0261665999999999,0.7878183126449585,0.47141653299331665,0.5898670554161072,0.7799590826034546,0.43838661909103394,0.5612916350364685
2511,ماهیچه قلب به بهترین شکل توصیف می‌شود به عنوان,"['همان نوع سلول\u200cها که با هم کار می\u200cکنند.', 'سیستم\u200cهای مختلف که با هم کار می\u200cکنند.', 'همان نوع ارگان\u200cها که سیستمی را تشکیل می\u200cدهند.', 'ارگان\u200cهای مختلف که عملکردی را انجام می\u200cدهند.']",A,ترکیبی از سلول‌های مشابه که هماهنگ کار می‌کنند.,D,0.5083840489387512,A,0.9415043592453004,False,True,True,True,[0.3480447  0.12803848 0.01553283 0.50838405],[0.94150436 0.01977064 0.00236127 0.03636376],0.6680551171302795,0.3480447,0.94150436,0.59345966,0.7246888279914856,0.4741213917732239,0.5732191205024719,0.7270970344543457,0.4760977625846863,0.5754168033599854
2512,گیاهان در انتهای ساقه‌های خود بافت‌های تخصصی دارند. این بافت‌ها به گیاهان چه کمکی می‌کنند؟,"['غذا را هضم کنند', 'بیشتر رشد کنند', 'غذا تولید کنند', 'آب را جذب کنند']",B,این بافت‌ها به رشد گیاه کمک می‌کنند و در قسمت‌های جدید گیاه مانند برگ، گل و میوه نقش دارند.,A,0.4673226475715637,B,0.992737114429474,False,True,True,True,[0.46732265 0.11908439 0.04964176 0.36395124],[4.5659654e-03 9.9273711e-01 1.9033776e-03 7.9344580e-04],0.7058797478675842,0.11908439,0.99273711,0.8736527199999999,0.8560656905174255,0.6609323024749756,0.7459487915039062,0.856065571308136,0.6609323024749756,0.745948851108551
2513,بسیاری از گونه‌های مختلف گیاهی و جانوری در جنگل‌های بارانی آمازون زندگی می‌کنند. نتیجهٔ محتمل بزرگ از جنگل‌زدایی‌های وسیع در جنگل‌های بارانی آمازون چیست؟,"['افزایش در جمعیت حیوانات', 'کاهش در تولید اکسیژن', 'افزایش در بارش', 'کاهش در آلاینده\u200cها']",B,کاهش تعداد درختان و گیاهان سبب کاهش تولید اکسیژن از طریق فتوسنتز می‌شود و در نتیجه، تولید اکسیژن کاهش می‌یابد.,B,0.8132162690162659,B,0.9995037317276,True,True,True,True,[0.18109903 0.81321627 0.0023156  0.00336918],[4.1081340e-04 9.9950373e-01 2.6262423e-05 5.9183287e-05],0.6180149912834167,0.81321627,0.99950373,0.18628746,0.815375566482544,0.6555662155151367,0.7267897129058838,0.8152202367782593,0.656118631362915,0.7270672917366028
2514,به منظور دسته‌بندی یک موجود جدید کشف‌شده، یک دانشمند به بررسی ساختار، DNA و چرخه زندگی آن موجود می‌پردازد. دانشمند احتمالاً از نتایج این بررسی برای استفاده خواهد کرد,"['ساخت روش\u200cهای علمی جدید.', 'بازنگری در دانش علمی.', 'ایجاد فرضیات جدید.', 'رد نظریه\u200cهای علمی.']",B,دانشمند با بررسی ویژگی‌های یک موجود جدید، احتمالاً دانش علمی موجود را بازنگری می‌کند.,B,0.7109894752502441,B,0.9951037168502808,True,True,True,True,[0.1797663  0.7109895  0.08491559 0.02432872],[4.5679198e-03 9.9510372e-01 1.0091849e-04 2.2742333e-04],0.6986462473869324,0.7109895,0.99510372,0.28411422,0.8496696352958679,0.5814986228942871,0.6904593110084534,0.8496696352958679,0.5814985632896423,0.6904592514038086
2515,کدام‌یک از این فرآیندها امکان جذب آب توسط سلول‌ها را فراهم می‌کند؟,"['اسمز', 'میوز', 'فتوسنتز', 'تنفس']",A,حرکت مولکول‌های آب از محل غلظت بیشتر به محل غلظت کمتر از طریق غشای نیمه‌تراوا، امکان جذب آب را فراهم می‌کند.,A,0.5584925413131714,A,0.9267556071281432,True,True,True,True,[0.55849254 0.15938696 0.2627847  0.01933583],[0.9267556  0.06661151 0.00331639 0.00331639],0.8803204894065857,0.55849254,0.9267556,0.36826306,0.9022730588912964,0.7208410501480103,0.80141681432724,0.9143940806388855,0.7262920141220093,0.809560239315033
2516,بهترین رویه‌ای که باید هنگام انجام یک آزمایش رعایت شود چیست؟,"['احتیاط در هنگام استفاده از شیشه\u200cهای داغ', 'خاموش کردن مشعل\u200cها زمانی که از آن\u200cها استفاده نمی\u200cکنید', 'مطالعه رویه\u200cهای آزمایشگاهی قبل از انجام آزمایش', 'بررسی با معلم خود درباره رویه دور ریختن مواد شیمیایی']",D,قبل از انجام آزمایش، مطالعه رویه‌های آزمایشگاهی ضروری است تا با مراحل و نکات ایمنی آشنا شد و خطرات را کاهش داد.,C,0.8384524583816528,C,0.000313223368721,False,False,False,False,[0.14513315 0.01553781 0.83845246 0.00087658],[5.9689805e-02 6.2912595e-03 9.3370569e-01 3.1322337e-04],0.7812173962593079,0.00087658,0.00031322337,-0.00056335663,0.826751708984375,0.6289833784103394,0.7144336700439453,0.826751708984375,0.6289833784103394,0.7144336700439453
2517,در یک تصادف خودرو، کمربند ایمنی به جلوگیری از آسیب‌ها کمک می‌کند با وارد کردن نیرویی,"['کمتر از نیروی مسافر در حال حرکت', 'بیشتر از نیروی خودرو در حال حرکت', 'در همان جهت حرکت خودرو', 'در جهت مخالف حرکت مسافر']",D,کمربند ایمنی نیروی وارد شده به بدن را توزیع می‌کند و از وارد شدن نیروی بیش از حد به نقاط خاصی جلوگیری می‌کند.,D,0.691634476184845,D,0.5955552458763123,True,True,True,False,[0.2544381  0.04421471 0.00971268 0.6916345 ],[0.31753495 0.07085162 0.01605809 0.59555525],0.9027990698814392,0.6916345,0.59555525,-0.09607925,0.8732811212539673,0.7318270206451416,0.7963210940361023,0.8754842281341553,0.7372831702232361,0.8004623055458069
2518,امیلی یک فنجان چای درست کرد و آن را با یک قاشق هم زد. قاشق گرم شد. چگونه گرما از چای به قاشق منتقل شد؟,"['حرکت همرفتی', 'تابش', 'رسانش', 'تبخیر']",C,گرما از طریق برخورد مولکول‌های چای گرم با مولکول‌های قاشق و انتقال انرژی آنها منتقل شد.,C,0.7961540818214417,C,0.9868052005767822,True,True,True,True,[0.06484373 0.13727418 0.7961541  0.00172803],[1.2422045e-02 6.5834424e-04 9.8680520e-01 1.1440307e-04],0.8681026101112366,0.7961541,0.9868052,0.1906511,0.7900472283363342,0.5963488817214966,0.6796668767929077,0.7694799900054932,0.5917208194732666,0.6689935922622681
2519,فیل‌ها در سوانای آفریقا درختچه‌ها و درختان کوچک را می‌خورند. این رفتار زمین را پاکسازی کرده و باعث می‌شود که علف‌ها رشد کنند. چراهایی مانند غزال‌ها علف‌ها را می‌خورند. شیرها به غزال‌ها حمله می‌کنند. کدام دو موجود در این سناریو در همکاری نزدیک‌تری هستند؟,"['الف) فیل\u200cها و درختچه\u200cها', 'ب) درختچه\u200cها و شیرها', 'ج) فیل\u200cها و غزال\u200cها', 'د) غزال\u200cها و شیرها']",C,فیل‌ها با خوردن درختچه‌ها، شرایط را برای رشد علف‌ها فراهم می‌کنند و غزال‌ها از علف‌ها تغذیه می‌کنند.,A,0.6864708662033081,C,0.9807852506637572,False,True,True,True,[0.68647087 0.03857705 0.25155395 0.02339816],[1.8246595e-02 3.2391588e-04 9.8078525e-01 6.4418360e-04],0.8841983675956726,0.25155395,0.98078525,0.7292313,0.8600457906723022,0.6365929841995239,0.7316383123397827,0.8600457906723022,0.6365929841995239,0.7316383123397827
2520,کدام زیستگاه دارای بیشترین پوشش گیاهی است؟,"['الف) بیابان', 'ب) جنگل', 'ج) مرتع', 'د) توندرا']",B,جنگل‌ها به دلیل تراکم بالای درختان و گیاهان مختلف، بیشترین پوشش گیاهی را دارند و به عنوان متنوع‌ترین زیستگاه‌ها شناخته می‌شوند.,B,0.8153725266456604,B,0.9837312698364258,True,True,True,True,[0.09814614 0.8153725  0.0190265  0.06745479],[0.00516215 0.98373127 0.00259569 0.00851094],0.8795077204704285,0.8153725,0.98373127,0.1683587700000001,0.7728904485702515,0.6580564975738525,0.7108657956123352,0.7728903889656067,0.6580564975738525,0.7108657360076904
2521,هنگامی که یک توپ بولینگ از دست بازیکن رها می‌شود، انرژی در توپ به‌طور جزئی,"['در توپ ذخیره می\u200cشود تا زمانی که به میخ\u200cها برخورد کند.', 'با افزایش اصطکاک بر روی توپ افزایش می\u200cیابد.', 'از انرژی جنبشی به انرژی پتانسیل گرانشی تبدیل می\u200cشود.', 'به گرما و صدا تبدیل می\u200cشود زمانی که با زمین تماس می\u200cگیرد.']",D,هنگامی که توپ بولینگ با زمین تماس می‌گیرد، انرژی آن به گرما و صدا تبدیل می‌شود.,C,0.9096479415893556,D,0.9272326827049256,False,True,True,True,[0.08411612 0.00254009 0.90964794 0.0036958 ],[0.05962434 0.00140223 0.01174073 0.9272327 ],0.8773999214172363,0.0036958,0.9272327,0.9235369,0.9038242101669312,0.6056249141693115,0.7252691984176636,0.9038242101669312,0.6056249141693115,0.7252691984176636
2522,کدام کار در آشپزخانه نمونه‌ای از یک تغییر فیزیکی است؟,"['سرخ کردن تخم\u200cمرغ', 'پختن کیک', 'ذوب کردن کره', 'برشته کردن نان']",C,ذوب کره، تغییر حالت فیزیکی از جامد به مایع بدون تغییر ترکیب شیمیایی است.,A,0.8648985624313354,C,0.9565473198890686,False,True,True,True,[0.86489856 0.02936489 0.07982204 0.02591442],[4.2357385e-02 7.2879909e-04 9.5654732e-01 3.6646318e-04],0.8084805607795715,0.07982204,0.95654732,0.8767252799999999,0.7618674635887146,0.6307661533355713,0.6901459097862244,0.7612638473510742,0.6313356161117554,0.6902386546134949
2523,پرسش: موی برخی از حیوانات در زمستان ضخیم‌تر می‌شود و در بهار می‌ریزد. این مشاهدات نشان می‌دهد که حیوانات چگونه,"['A) به تغییرات محیطی پاسخ می\u200cدهند', 'B) برای بقا از جایی به جای دیگر حرکت می\u200cکنند', 'C) چربی برای زمستان ذخیره می\u200cکنند', 'D) با دیگر حیوانات برای غذا رقابت می\u200cکنند']",A,این تغییرات در موی حیوانات نشان می‌دهد که آن‌ها به تغییرات محیطی واکنش نشان می‌دهند.,A,0.8889486193656921,A,0.993396520614624,True,True,True,True,[8.88948619e-01 3.60113988e-03 1.06898025e-01 5.52252692e-04],[9.9339652e-01 1.3115992e-03 5.1874751e-03 1.0435018e-04],0.8807908892631531,0.888948619,0.99339652,0.104447901,0.9230532646179199,0.7543932795524597,0.8302441835403442,0.9230531454086304,0.7543932795524597,0.830244243144989
2524,برای یک فعالیت علمی، میا باید هر شب تصویری از ماه بکشد. اگر میا یک ماه نو کشید، چه نوع ماهی حدود یک هفته بعد کشید؟,"['ماه کنگره\u200cای', 'ماه کامل', 'ماه نو', 'نیمه اول']",D,یک هفته پس از [MASK]، نیمی از ماه روشن است.,C,0.3810958862304687,D,0.5414785742759705,False,True,True,True,[0.33631593 0.12372372 0.3810959  0.1588644 ],[0.28983262 0.07385591 0.09483286 0.5414786 ],0.6983053684234619,0.1588644,0.5414786,0.3826142,0.7332835793495178,0.5280405282974243,0.6139634251594543,0.737175464630127,0.5269715189933777,0.614596962928772
2525,کدام یک از این بلایای طبیعی غیرقابل پیش بینی ترین هستند؟,"['زلزله ها', 'طوفان های گرمسیری', 'تورنادوها', 'بوران ها']",A,[MASK] به دلیل پیچیدگی و سرعت تغییرات جوی، غیرقابل پیش‌بینی‌ترین هستند. پدیده‌هایی که ناگهانی رخ می‌دهند و مسیر و شدت آنها به سختی قابل پیش‌بینی است.,A,0.9234541654586792,B,0.0603096447885036,True,False,False,False,[9.2345417e-01 6.6633992e-02 7.5189385e-04 9.1599422e-03],[0.06030964 0.93605995 0.0010216  0.00260874],0.6761214733123779,0.92345417,0.06030964,-0.86314453,0.8693889379501343,0.670879602432251,0.7573423385620117,0.8710938096046448,0.6709904074668884,0.7580592632293701
2526,هنگامی که آب شروع به یخ زدن می‌کند، مولکول‌های آب,"['انرژی حرارتی بیشتری به دست می\u200cآورند.', 'بیشتر آزادانه حرکت می\u200cکنند.', 'در اندازه افزایش می\u200cیابند.', 'در سرعت کاهش می\u200cیابند.']",D,مولکول‌های آب با کاهش سرعت حرکت، به ساختار بلوری منظم تبدیل می‌شوند.,B,0.8561301231384277,D,0.9848012328147888,False,True,True,True,[0.13193445 0.8561301  0.00127339 0.01066194],[1.3856688e-02 1.2888727e-03 5.3198128e-05 9.8480123e-01],0.7947677969932556,0.01066194,0.98480123,0.97413929,0.8296975493431091,0.60044264793396,0.6966950297355652,0.8323956727981567,0.6027525067329407,0.6992010474205017
2527,خوزه دو آهنربای میله‌ای دارد. او انتهای دو آهنربا را به هم فشار می‌دهد و سپس رها می‌کند. آهنرباها به سرعت از هم دور می‌شوند. کدام یک از جملات زیر بهترین توضیح را دربارهٔ این موضوع ارائه می‌دهد؟,"['قطب\u200cهای شمال دو آهنربا رو به روی یکدیگر قرار دارند.', 'یک آهنربا قطب شمال و یک آهنربا قطب جنوب است.', 'انتهای آهنرباها یکدیگر را دفع می\u200cکنند اما مراکز آن\u200cها جذب می\u200cشوند.', 'یک آهنربا انرژی را ذخیره کرده و یک آهنربا انرژی را آزاد می\u200cکند.']",A,زمانی که دو قطب مشابه آهنربا به هم نزدیک شوند، یکدیگر را دفع می‌کنند. بنابراین، اگر دو آهنربا به سرعت از هم دور شوند، نشان می‌دهد که قطب‌های مشابه آن‌ها رو به روی هم قرار داشته است.,A,0.9136815667152404,A,0.9929566383361816,True,True,True,True,[0.91368157 0.01323821 0.04548952 0.02759079],[0.99295664 0.00214468 0.00214468 0.00275383],0.9127634167671204,0.91368157,0.99295664,0.0792750699999998,0.8695082664489746,0.7233445644378662,0.7897202372550964,0.8695083260536194,0.7233445644378662,0.7897202968597412
2528,کدام سؤال را می‌توان از طریق تحقیق علمی پاسخ داد؟,"['انرژی خورشیدی چگونه بر تشکیل ابرها تأثیر می\u200cگذارد؟', 'چرا ببرها از ایگواناها زیباترند؟', 'بهترین موضوع برای تحصیل در دانشگاه چیست؟', 'آیا انسان\u200cها باید در سفر به فضا سرمایه\u200cگذاری کنند؟']",A,پرسش مربوط به تأثیر انرژی خورشیدی بر تشکیل ابرها از طریق روش‌های علمی قابل بررسی است.,A,0.9717738032341005,A,0.999360740184784,True,True,True,True,[0.9717738  0.0050994  0.00741958 0.01570726],[9.9936074e-01 4.3004702e-04 8.2075909e-05 1.2712166e-04],0.4850488007068634,0.9717738,0.99936074,0.0275869399999999,0.6477630138397217,0.5907496213912964,0.617944061756134,0.647077202796936,0.5900452733039856,0.6172466278076172
2529,سوال: نظریهٔ فعلی و مسلط دربارهٔ منشأ حیات در زمین به مواد پیش از زیستی اتکا دارد که کدام خاصیت را ابتدا توسعه داده‌اند؟,"['الف) جدایی پایدار از محیط خود', 'ب) چینش به شکل ساختارهای خودتکثیر شونده', 'ج) ذخیره\u200cی ویژگی\u200cها به صورت رمزگذاری\u200cشده شیمیایی', 'د) انباشت مولکول\u200cهای ذخیره\u200cکننده انرژی']",B,نظریه جهان RNA پیشنهاد می‌کند حیات از مولکول‌های RNA با خاصیت چینش به شکل ساختارهای خودتکثیر شونده آغاز شده است.,B,0.3568994104862213,B,0.9676132798194884,True,True,True,True,[0.21647044 0.3568994  0.3568994  0.06973076],[0.02284515 0.9676133  0.00741673 0.00212493],0.85285484790802,0.3568994,0.9676133,0.6107139,0.8848233222961426,0.6038967967033386,0.7178541421890259,0.8848233819007874,0.6038967967033386,0.7178541421890259
2530,عملکرد اصلی تنه‌ی درخت چیست؟,"['هوا', 'میوه', 'نور خورشید', 'حمایت']",D,تنه‌ی درخت وظیفه‌ی [MASK] از ساختار و انتقال مواد بین ریشه و برگ‌ها را بر عهده دارد.,B,0.6860466003417969,B,0.1214707940816879,False,False,False,False,[0.08161714 0.6860466  0.22359845 0.00873785],[0.22693731 0.5443943  0.1071976  0.12147079],0.9473021030426024,0.00873785,0.12147079,0.1127329399999999,0.9385112524032593,0.7160611152648926,0.8123324513435364,0.9070413708686829,0.6841813921928406,0.7800049781799316
2531,زمانی که رعد و برق اتفاق می‌افتد، هواي اطراف را گرم می‌کند. هوای گرم منبسط می‌شود و رعد را تولید می‌کند. انرژی رعد و برق به کدام نوع انرژی تبدیل می‌شود تا رعد تولید کند؟,"['جاذبه\u200cای', 'مکانیكی', 'هسته\u200cای', 'تابشی']",B,انرژی الکتریکی رعد و برق به گرما تبدیل می‌شود و باعث انبساط هوا و تولید انرژی مکانیکی صوت می‌گردد.,B,0.8575367331504822,B,0.9971863627433776,True,True,True,True,[0.09109259 0.85753673 0.00834157 0.04302909],[1.9063150e-03 9.9718636e-01 4.2535635e-04 4.8199191e-04],0.9095204472541808,0.85753673,0.99718636,0.13964963,0.8037804365158081,0.6535331606864929,0.7209116816520691,0.8037804365158081,0.6535331606864929,0.7209116816520691
2532,کدام یک از این رفتارها را دلفین یاد می‌گیرد؟,"['خوردن ماهی\u200cهای کوچک', 'شنا کردن در آب شور', 'تعادل دادن یک توپ روی بینی\u200cاش', 'تنفس از طریق سوراخ نفسش']",C,دلفین‌ها به عنوان موجودات باهوش، یادگیری رفتارهای پیچیده مانند تعادل دادن اشیاء را ممکن می‌سازند.,C,0.4120755493640899,C,0.971578061580658,True,True,True,True,[0.1946507  0.3636554  0.41207555 0.02961835],[2.2849327e-02 5.0983736e-03 9.7157806e-01 4.7422264e-04],0.8597007393836975,0.41207555,0.97157806,0.55950251,0.6862819790840149,0.5863265991210938,0.632378876209259,0.6878775954246521,0.5847762823104858,0.6321507096290588
2533,زمین تقریباً چه مدت زمانی طول می‌کشد تا یک بار به دور خورشید بچرخد؟,"['یک روز', 'یک هفته', 'یک ماه', 'یک سال']",D,زمین در حدود ۳۶۵ روز یک بار به دور خورشید می‌چرخد که به آن [MASK] می‌گویند.,A,0.8279075622558594,D,0.8122212290763855,False,True,True,True,[8.2790756e-01 7.1070623e-03 6.8204408e-04 1.6430329e-01],[0.04582239 0.14114289 0.00081344 0.8122212 ],0.8271602392196655,0.16430329,0.8122212,0.64791791,0.7335874438285828,0.5819046497344971,0.6490011215209961,0.7381199598312378,0.599072277545929,0.6613667011260986
2534,هر شب، جانی در کنار لامپی که با یک لامپ رشته‌ای روشن شده است، مطالعه می‌کند. بهترین نشانه‌ای که نشان‌دهنده ناکارآمدی انتقال انرژی الکتریکی به لامپ است کدام است؟,"['لامپ داغ می\u200cشود.', 'لامپ نور تولید می\u200cکند.', 'لامپ از سیم\u200cهای مسی استفاده می\u200cکند.', 'لامپ می\u200cتواند با یک کلید خاموش شود.']",A,گرمای تولید شده لامپ نشان‌دهنده تبدیل انرژی الکتریکی به گرما به جای نور است.,A,0.7826635241508484,A,0.9621684551239014,True,True,True,True,[0.7826635  0.17531934 0.00776341 0.03425377],[9.6216846e-01 3.7307318e-02 4.0169570e-04 1.2251026e-04],0.8580664396286011,0.7826635,0.96216846,0.17950496,0.8721656799316406,0.6952638030052185,0.77373206615448,0.8721656799316406,0.6952638030052185,0.77373206615448
2535,کدام یک از این موارد یک عنصر غیرزیستی در یک اکوسیستم است؟,"['میانگین بارش سالانه در اکوسیستم', 'انواع تولیدکنندگان موجود در اکوسیستم', 'اندازه جمعیت شکارچی در اکوسیستم', 'میکروارگانیسم\u200cهای موجود در خاک اکوسیستم']",A,بارش سالانه یک عامل فیزیکی و غیرزیستی است که تأثیر زیادی بر اکوسیستم دارد.,A,0.5082086324691772,A,0.9950234889984132,True,True,True,True,[0.50820863 0.06904775 0.02540125 0.39734235],[9.9502349e-01 1.4959573e-03 3.1356968e-04 3.1669417e-03],0.7166542410850525,0.50820863,0.99502349,0.4868148599999999,0.8445352911949158,0.6525231599807739,0.7362155914306641,0.8458407521247864,0.653978168964386,0.7376375794410706
2536,بخرها به ساخت سد در عرض رودخانه‌ها و نهرها از طریق قطع درختان و جمع‌آوری بوته‌ها و درختچه‌ها شناخته شده‌اند. جمعیت بخرها در ایالات متحده به دلیل شکار توسط انسان کاهش یافته است. چه پیامد زیست‌محیطی است که به طور معمول با کاهش جمعیت بخرها اتفاق می‌افتد؟,"['کاهش قابل توجهی در جمعیت ماهی\u200cها', 'افزایش قابل توجهی در بوم\u200cسازگان\u200cهای جنگلی', 'افزایش قابل توجهی در تبخیر آب', 'کاهش قابل توجهی در تعداد زیستگاه\u200cهای برکه']",D,با کاهش جمعیت بخرها، ساخت سدهای طبیعی کاهش می‌یابد و زیستگاه ماهی‌ها تغییر می‌کند و منجر به کاهش جمعیت آنها می‌شود.,D,0.6654792428016663,A,0.0290247667580842,True,False,False,False,[0.14848849 0.14848849 0.03754377 0.66547924],[0.96870685 0.00127526 0.00099317 0.02902477],0.8140467405319214,0.66547924,0.02902477,-0.63645447,0.8490934371948242,0.676227331161499,0.7528648376464844,0.8490933775901794,0.6762272119522095,0.7528647780418396
2537,جریان‌های طولانی ساحلی امواج اقیانوس هستند که به سواحل در زوایای بسیار کوچک ضربه می‌زنند. در مناطقی که جریان‌های طولانی ساحلی وجود دارند، این جریان‌ها چه تأثیری بر مناطق زمینی دارند؟,"['آنها کوه\u200cها را می\u200cسازند.', 'آنها زلزله\u200cها را ایجاد می\u200cکنند.', 'آنها ماسه را جابه\u200cجا می\u200cکنند و جزایر شنی ایجاد می\u200cکنند.', 'آنها رودخانه\u200cهای آب شور درون\u200cساحلی ایجاد می\u200cکنند.']",C,آنها باعث جابه‌جایی ماسه‌ها و ایجاد جزایر شنی می‌شوند.,C,0.9821279048919678,C,0.98304545879364,True,True,True,True,[1.5952321e-02 1.0197979e-03 9.8212790e-01 8.9996838e-04],[1.4132369e-02 2.6142255e-03 9.8304546e-01 2.0798649e-04],0.666634202003479,0.9821279,0.98304546,0.0009175599999999,0.7831302881240845,0.5911967754364014,0.6737611889839172,0.7831302881240845,0.5911967754364014,0.6737611889839172
2538,صوت از طریق کدام ماده سریع‌تر منتقل می‌شود؟,"['پانۀ چوبی', 'آب', 'هوا', 'فولاد']",D,صوت در مواد جامد، به ویژه فلزات، سریع‌تر منتقل می‌شود.,C,0.6808246374130249,D,0.8195815086364746,False,True,True,True,[0.11738889 0.19505952 0.68082464 0.00672692],[0.14242192 0.02474922 0.0132473  0.8195815 ],0.9087376594543456,0.00672692,0.8195815,0.81285458,0.8186374306678772,0.6727519631385803,0.7385595440864563,0.8110486268997192,0.6705545783042908,0.7341404557228088
2539,کدام یک از موارد زیر نمونه‌ای از تولید مثل غیرجنسی است؟,"['لاک\u200cپشت\u200cها تخم\u200cهای بارور شده را در چاله\u200cای در شن می\u200cگذارند.', 'دانه\u200cها در مخروط\u200cهای کاج پس از رسیدن گرده به مخروط\u200cها تشکیل می\u200cشوند.', 'ماهی\u200cها سلول\u200cهای تخم و اسپرم را در سطح آب آزاد می\u200cکنند.', 'درختان انشعابات ریشه\u200cمانند ارسال می\u200cکنند که ساقه\u200cهای جدیدی تولید می\u200cکنند.']",D,نمونه‌ای از تولید مثل غیرجنسی، تولید مثل رویشی است که در آن بخش‌هایی از گیاه به طور مستقیم به گیاه جدید تبدیل می‌شوند.,B,0.671392560005188,B,0.3408790528774261,False,False,False,False,[0.27987805 0.67139256 0.00580868 0.04292069],[0.02162208 0.6368459  0.00065293 0.34087905],0.8427676558494568,0.04292069,0.34087905,0.29795836,0.7742776870727539,0.6684942841529846,0.7175079584121704,0.7742776870727539,0.6684942841529846,0.7175079584121704
2540,کدام مرحله از ماه پس از ماه گلابی در حال رشد رخ می دهد؟,"['ماه گلابی در حال کاسته شدن', 'ماه هلالی در حال رشد', 'ماه کامل', 'ماه نو']",C,پس از ماه گلابی در حال رشد، ماه به صورت هلال بیشتر دیده می‌شود که نشان‌دهنده رشد آن است.,B,0.934920072555542,B,0.0040675331838428,False,False,False,False,[0.02812207 0.9349201  0.01963237 0.01732551],[0.00591823 0.98754716 0.00406753 0.00246708],0.7745867967605591,0.01963237,0.00406753,-0.01556484,0.7045182585716248,0.702600359916687,0.7035580277442932,0.7021853923797607,0.7006807327270508,0.7014322280883789
2541,کدامیک بهترین نشان‌دهنده انتقال انرژی توسط امواج است؟,"['زنگی که در یک برج به صدا در می\u200cآید', 'یک برگ که از درخت می\u200cافتد', 'یک توپ که از تپه پایین می\u200cغلتد', 'یک پرچم که در باد تکان می\u200cخورد']",A,زنگ‌ها هنگام به صدا در آمدن، امواج صوتی ایجاد می‌کنند که انرژی منتقل می‌کنند.,D,0.8257842063903809,D,0.1138380393385887,False,False,False,False,[0.14349978 0.0191195  0.01159656 0.8257842 ],[0.11383804 0.03638482 0.01516745 0.8346097 ],0.8902642726898193,0.14349978,0.11383804,-0.0296617399999999,0.8633131384849548,0.6879768371582031,0.7657361626625061,0.8633131384849548,0.6879768371582031,0.7657361626625061
2542,پس از اخرین عصر یخبندان، ذوب شدن یخ‌های قطبی و کوهستانی سبب افزایش سطح آب‌های اقیانوس‌ها شد. کدام یک از موارد زیر احتمالاً نتیجه این افزایش سطح آب اقیانوس‌ها است؟,"['افزایش میزان شوری در باتلاق\u200cهای ساحلی موجود', 'افزایش تعداد موجودات در صخره\u200cهای موجود', 'کاهش تعداد جزر و مدها در هر روز', 'کاهش عمق بستر اقیانوس']",A,افزایش سطح آب اقیانوس‌ها سبب ورود آب شور به باتلاق‌های ساحلی و افزایش شوری آن‌ها می‌شود.,A,0.8128034472465515,A,0.9983140230178832,True,True,True,True,[0.81280345 0.01930289 0.10935833 0.0585353 ],[9.9831402e-01 9.0591033e-04 1.5742361e-04 6.2262244e-04],0.9118734002113342,0.81280345,0.99831402,0.18551057,0.7902442812919617,0.6416256427764893,0.7082220911979675,0.7902442812919617,0.6416256427764893,0.7082220911979675
2543,کدام نوع پل از کابل‌ها برای پشتیبانی استفاده می‌کند؟,"['پل خرپایی', 'پل معلق', 'پل تیرک', 'پل کنسولی']",B,پل‌هایی که از کابل‌ها برای پشتیبانی استفاده می‌کنند، وزن بار و عرشه را با کابل‌های معلق بین دو برج اصلی تحمل می‌کنند.,A,0.4166586995124817,B,0.9876106977462769,False,True,True,True,[0.4166587  0.25271627 0.04425994 0.28636506],[7.4526514e-03 9.8761070e-01 9.4749825e-04 3.9891168e-03],0.8557417392730713,0.25271627,0.9876107,0.73489443,0.8537278175354004,0.6648750901222229,0.7475586533546448,0.8568272590637207,0.6686292886734009,0.7511191368103027
2544,کدام تغییر سبب ایجاد ساختاری بر روی سطح زمین می‌شود؟,"['A) سیل باعث می\u200cشود مردم شهری را ترک کنند.', 'B) زلزله در میدانی امواجی ایجاد می\u200cکند.', 'C) یک آتشفشان با لوا یک زمین جدید ایجاد می\u200cکند.', 'D) landslide به دریاچه\u200cای باعث ایجاد یک موج جزر و مدی می\u200cشود.']",C,فعالیت‌های آتشفشانی با خروج گدازه‌ها، موجب ایجاد زمین‌های جدید و ساختارهایی بر روی سطح زمین می‌شوند.,B,0.5169236660003662,C,0.9772483706474304,False,True,True,True,[0.04770721 0.51692367 0.40258056 0.03278866],[0.0109414  0.00965575 0.9772484  0.00215449],0.8163416385650635,0.40258056,0.9772484,0.57466784,0.7616819143295288,0.605627715587616,0.6747494339942932,0.7616819143295288,0.605627715587616,0.6747494339942932
2545,در کلاس علوم، محلولی از آب و یک ترکیب غیرسمی تولید می‌شود. پس از اتمام نمایش، باید با این محلول چه کاری انجام شود؟,"['باید درون چاه فاضلاب ریخته شود.', 'باید درون سطل بازیافت ریخته شود.', 'باید درون یک ظرف زباله ریخته شود.', 'باید درون یک ظرف مخصوص دفع مواد خطرناک قرار گیرد.']",C,محلول غیرسمی و بی‌خطر است، بنابراین می‌توان آن را درون یک ظرف زباله ریخت.,A,0.442721962928772,C,0.7615863084793091,False,True,True,True,[0.44272196 0.44272196 0.04666255 0.06789362],[0.10387789 0.13338184 0.7615863  0.00115398],0.7633341550827026,0.04666255,0.7615863,0.7149237500000001,0.8985796570777893,0.6973268389701843,0.78526371717453,0.8985795378684998,0.6973267793655396,0.7852636575698853
2546,کدام دانشمند ادعا کرد که زمین مرکز جهان است؟,"['آریستوتل', 'کپرنیک', 'اینشتین', 'نیوتن']",A,فیلسوف یونانی به زمین مرکز جهان بودن اعتقاد داشت و اجرام آسمانی را حول آن می‌دانست.,A,0.9889379739761353,A,0.9985238909721376,True,True,True,True,[9.889380e-01 9.652694e-03 6.170761e-04 7.923414e-04],[9.9852389e-01 1.0459755e-03 2.4844098e-04 1.8176329e-04],0.8041472434997559,0.988938,0.99852389,0.0095858899999999,0.7531310319900513,0.5472960472106934,0.6339234709739685,0.7649222016334534,0.5563762187957764,0.6441913843154907
2547,ستاره‌های دوتایی توسط دانشمندان برای تعیین کدام یک از ویژگی‌های یک ستاره استفاده می‌شوند؟,"['جرم.', 'درخشش.', 'فاصله از زمین.', 'فاصله از خورشید.']",A,با مطالعه ستاره‌های دوتایی، دانشمندان می‌توانند جرم ستاره‌ها را تعیین کنند.,A,0.6947993636131287,A,0.9990136623382568,True,True,True,True,[0.69479936 0.01272569 0.28963545 0.00283949],[9.9901366e-01 8.0629805e-04 1.1984551e-04 6.0262100e-05],0.746667742729187,0.69479936,0.99901366,0.3042143,0.8455361127853394,0.5772698521614075,0.6861125230789185,0.8455361127853394,0.5772698521614075,0.6861125230789185
2548,برخی از گونه‌های گیاهی و جانوری به یکدیگر وابسته‌اند. کدام‌یک از این حیوانات به هزاران گونهٔ گیاهی در تولید مثل کمک می‌کنند؟,"['سنجاب\u200cها', 'کرم\u200cهای خاکی', 'زنبورهای عسل', 'سوسک\u200cها']",C,[MASK] با انتقال گرده، به تولید مثل هزاران گونه گیاهی کمک می‌کنند و در گرده‌افشانی نقش مهمی دارند.,C,0.9049109816551208,C,0.5159671902656555,True,True,True,False,[0.0836781  0.00606162 0.904911   0.00534936],[0.35461873 0.06066811 0.5159672  0.06874598],0.8371450901031494,0.904911,0.5159672,-0.3889438,0.8964873552322388,0.6946242451667786,0.78275066614151,0.8821231722831726,0.6824160814285278,0.7695237398147583
2549,یک دانش‌آموز برنامه‌ریزی می‌کند تا سرعت‌های مختلف توپ‌ها را هنگامی که از روی شیب می‌غلتند محاسبه کند. کدام یک از اطلاعات زیر کمترین نیاز را دارد که دانش‌آموز ثبت کند؟,"['اندازه هر توپ', 'ضخامت شیب', 'طول شیب', 'زمانی که توپ طول می\u200cکشد تا سفر کند']",B,برای محاسبه سرعت توپ‌ها، اطلاعاتی مانند زمان حرکت و [MASK] ضروری است. [MASK] تاثیری در محاسبات ندارد و فقط ویژگی‌های ضروری ثبت شوند.,B,0.6639819145202637,C,0.1875963807106018,True,False,False,False,[0.13177125 0.6639819  0.05493043 0.14931639],[0.16555323 0.18759638 0.5778375  0.06901285],0.8122734427452087,0.6639819,0.18759638,-0.47638552,0.7488135099411011,0.6519739031791687,0.6970463395118713,0.7309126853942871,0.619377851486206,0.6705388426780701
2550,کدام ویژگی از یک سگ خانگی ارثی است؟,"['سگ از یک گربه خانگی دوری می\u200cکند.', 'سگ بر روی یک مبل می\u200cپرد.', 'سگ به فرمان غلت می\u200cخورد.', 'سگ وقتی بوی غذا می\u200cگیرد آب دهانش راه می\u200cافتد.']",D,ترشح آب دهان در سگ‌ها هنگام بوییدن غذا یک واکنش طبیعی و غریزی است که به منظور آماده کردن بدن برای خوردن غذا اتفاق می‌افتد.,D,0.5153000950813293,D,0.9935281872749328,True,True,True,True,[0.114979   0.01556071 0.35416025 0.5153001 ],[5.884703e-03 3.118778e-04 2.752312e-04 9.935282e-01],0.6994855403900146,0.5153001,0.9935282,0.4782280999999999,0.8930357694625854,0.7163225412368774,0.7949773073196411,0.8930357694625854,0.7163226008415222,0.7949773669242859
2551,تمشک‌های وحشی به‌طور غیرجنسی با جوانه زدن ریشه‌های جدید هنگام تماس ساقه‌ها با زمین تولید‌مثل می‌کنند. همچنین آن‌ها از طریق گل‌های خود به‌طور جنسی تولید مثل می‌کنند. چه مزیتی برای گیاه تمشک وجود دارد که قادر به تولیدمثل جنسی و غیرجنسی باشد؟,"['این امکان را می\u200cدهد که گیاهان بلندتر رشد کنند.', 'این امکان را می\u200cدهد که گل\u200cهایی تولید کند که حشرات را جذب می\u200cکنند.', 'این امکان را می\u200cدهد که تمشک\u200cهای با طعم بیشتری تولید شود.', 'این امکان را می\u200cدهد که گیاهان تمشک به شرایط جدید سازگار شوند.']",D,تولید مثل جنسی و غیرجنسی در تمشک‌ها امکان سازگاری با شرایط مختلف محیطی را فراهم می‌کند؛ یکی گسترش سریع و دیگری افزایش تنوع ژنتیکی برای مقابله با شرایط جدید.,D,0.5032716989517212,D,0.9477337002754213,True,True,True,True,[0.18514332 0.30524972 0.00633526 0.5032717 ],[4.2296257e-02 9.4375703e-03 5.3243130e-04 9.4773370e-01],0.8380312919616699,0.5032717,0.9477337,0.444462,0.8008744120597839,0.7018309235572815,0.7480886578559875,0.8008744120597839,0.7018309235572815,0.7480886578559875
2552,برخی از ابزارها سطح اکسیژن را در لایه اوزون جو زمین ثبت می‌کنند. نگهداری سوابق این داده‌ها برای سال‌های متمادی نمونه‌ای از چیست؟,"['A) جمع آوری شواهد از طریق تحقیق مداوم.', 'B) شناسایی فرضیه ای که از داده\u200cها حمایت می\u200cکند.', 'C) نتیجه\u200cگیری درباره شواهد از نتایج.', 'D) ارائه داده\u200cهایی که آسان برای فهم باشد.']",A,ثبت مداوم داده‌ها در طول سال‌ها برای بررسی تغییرات و روندها، نمونه‌ای از جمع‌آوری شواهد علمی است.,A,0.4381686747074127,A,0.8741636276245117,True,True,True,True,[0.43816867 0.07644031 0.1428093  0.3425817 ],[0.8741636  0.04922071 0.02084136 0.05577437],0.8043731451034546,0.43816867,0.8741636,0.43599493,0.9287528991699219,0.7010210752487183,0.7989762425422668,0.9287528395652771,0.7010210752487183,0.7989762425422668
2553,چه چیزی باید پیش از تشکیل ابرها رخ دهد؟,"['باید بخار آب گرمتر شود.', 'باید بخار آب انرژی حرارتی خود را از دست بدهد.', 'باید بارندگی شروع به افتادن و جریانی شود.', 'باید تعرق بخار آب را به جو اضافه کند.']",B,بخار آب باید انرژی حرارتی خود را از دست بدهد تا به صورت قطرات آب یا بلورهای یخ در هم بیاید.,A,0.8317766189575195,B,0.9892826080322266,False,True,True,True,[0.8317766  0.14510682 0.01505703 0.00805945],[9.6231103e-03 9.8928261e-01 4.7910644e-04 6.1518489e-04],0.7025638222694397,0.14510682,0.98928261,0.84417579,0.9460906982421875,0.6738774180412292,0.7871131896972656,0.9482585191726685,0.6752735376358032,0.7888158559799194
2554,رشد گیاه تحت تأثیر عوامل محیطی مانند جاذبه قرار دارد. اگر به بذر اجازه داده شود که جوانه بزند و در حالی که به پهلو است، رشد کند، کدام یک احتمالاً رخ خواهد داد؟,"['ریشه\u200cها به سمت پایین رشد می\u200cکنند، ساقه\u200cها به سمت پایین رشد می\u200cکنند', 'ریشه\u200cها به سمت پایین رشد می\u200cکنند، ساقه\u200cها به سمت بالا رشد می\u200cکنند', 'ریشه\u200cها به سمت بالا رشد می\u200cکنند، ساقه\u200cها به سمت پایین رشد می\u200cکنند', 'ریشه\u200cها به سمت بالا رشد می\u200cکنند، ساقه\u200cها به سمت بالا رشد می\u200cکنند']",B,نیروی جاذبه باعث رشد ریشه‌ها به سمت پایین و ساقه‌ها به سمت بالا می‌شود، حتی اگر بذر به پهلو قرار داده شود.,A,0.5757670998573303,B,0.7688400745391846,False,True,True,True,[0.5757671  0.1869242  0.21181288 0.02549585],[0.2211385  0.7688401  0.00408206 0.00593936],0.8391569256782532,0.1869242,0.7688401,0.5819159,0.778082013130188,0.6480222940444946,0.7071214318275452,0.778082013130188,0.6480222940444946,0.7071214318275452
2555,آنی تا آخر خط دوید. در پایان دویدنش، او هوای بیشتری به ریه‌هایش می‌کشید و ضربان قلبش افزایش یافته بود. چه سیستم‌هایی نرخ تنفس و ضربان قلب آنی را تنظیم می‌کنند؟,"['عضلانی و اسکلتی', 'عصبی و درون\u200cریز', 'گوارشی و دفعی', 'تنفسی و گردش خون']",B,سیستم [MASK] با اعصاب خودمختار و هورمون‌ها، نرخ تنفس و ضربان قلب را تنظیم می‌کنند.,B,0.9460279941558838,B,0.9941153526306152,True,True,True,True,[1.7108524e-02 9.4602799e-01 7.4427990e-05 3.6789108e-02],[3.59937246e-03 9.94115353e-01 1.02106336e-04 2.18312978e-03],0.8257490992546082,0.94602799,0.994115353,0.0480873629999999,0.8317961096763611,0.6435009241104126,0.7256323099136353,0.8136610984802246,0.6219283938407898,0.7049911618232727
2556,کدام یک از فرآیندهای زیر معمولاً بیشترين زمان را می‌گیرد؟,"['ماسه داغ سرد شده و سنگ جدیدی تشکیل می\u200cدهد.', 'بخار آب متراکم شده و ابر تشکیل می\u200cدهد.', 'یک موج زلزله از طریق گوشته حرکت می\u200cکند.', 'یک حوضه اقیانوسی بین دو قاره تشکیل می\u200cشود.']",D,تشکیل حوضه اقیانوسی بین دو قاره به دلیل حرکت‌های تکتونیکی صفحات زمین، میلیون‌ها سال زمان می‌برد.,A,0.4429666697978973,D,0.964217483997345,False,True,True,True,[0.44296667 0.18465598 0.30444625 0.06793114],[2.5545407e-02 9.5456215e-03 6.9148245e-04 9.6421748e-01],0.7453718781471252,0.06793114,0.96421748,0.89628634,0.8153467774391174,0.5448486804962158,0.6532012224197388,0.8153467774391174,0.5448486804962158,0.6532012224197388
2557,زمانی که عرق یک شخص تبخیر می‌شود، آن شخص احساس خنکی می‌کند. کدام یک از بیانیه‌های زیر بهترین توصیف را از دلیل کمک‌کننده عرق‌ریزی به احساس خنکی شخص ارائه می‌دهد؟,"['حرارت هنگام تبخیر توسط عرق جذب می\u200cشود.', 'حرارت هنگام تبخیر توسط بدن جذب می\u200cشود.', 'دمای آب در عرق هنگام تبخیر کاهش می\u200cیابد.', 'دمای آب در بدن هنگام تبخیر عرق افزایش می\u200cیابد.']",A,گرمای بدن برای تبدیل عرق به بخار آب استفاده می‌شود و این فرآیند گرما را از بدن جذب می‌کند و باعث احساس خنکی می‌شود.,A,0.9055479764938354,A,0.8628824949264526,True,True,True,False,[0.905548   0.03507764 0.0015412  0.05783324],[0.8628825  0.10345997 0.00447524 0.02918223],0.8314764499664307,0.905548,0.8628825,-0.0426655,0.8803855180740356,0.6756812930107117,0.7645687460899353,0.8817278146743774,0.6834867000579834,0.7700532078742981
2558,کدام یک از این رفتارها احتمالاً خرس از زندگی در محیطش یاد گرفته است؟,"['نوشیدن آب', 'خوردن ماهی', 'باز کردن درب سطلهای زباله', 'محافظت از جوانانش']",C,خرس‌ها با تجربه و مشاهده، نحوه باز کردن درب سطل‌های زباله را در مناطق نزدیک به سکونت انسان‌ها می‌آموزند.,B,0.3468666970729828,C,0.9945732951164246,False,True,True,True,[0.27014005 0.3468667  0.23839776 0.14459555],[4.5699454e-03 5.4580218e-04 9.9457330e-01 3.1098872e-04],0.8089253306388855,0.23839776,0.9945733,0.75617554,0.8099297285079956,0.6377537250518799,0.7136030793190002,0.8099298477172852,0.6377537250518799,0.713603138923645
2559,کدام یک از موارد زیر کمترین آسیب را به زمین وارد می‌کند؟,"['زلزله با شدت ۷.۲', 'روند طوفان استوایی', 'طوفان الکتریکی', 'فوران آتشفشان']",C,[MASK] معمولاً خسارات جزئی به تجهیزات الکتریکی و خطرات صاعقه دارد، در حالی که سایر گزینه‌ها می‌توانند خسارات گسترده‌تری به بار ببرند.,B,0.4709791541099548,A,0.2087368369102478,False,False,False,False,[0.41563764 0.47097915 0.05669162 0.05669162],[0.5674055  0.20873684 0.20873684 0.01512084],0.6396521329879761,0.05669162,0.20873684,0.15204522,0.7775051593780518,0.6670020818710327,0.7180269360542297,0.7623197436332703,0.6493704915046692,0.7013266086578369
2560,اعمال انسانی بر محیط زیست تأثیر می‌گذارد. کدام عمل انسانی کوچکترین مساحت را تحت تأثیر قرار می‌دهد؟,"['سوزاندن یک جنگل', 'سوزاندن سوخت\u200cهای فسیلی', 'کندن یک محل دفن زباله جدید', 'پاشیدن مواد شیمیایی بر روی محصولات']",C,[MASK] در یک منطقه مشخص و اغلب کوچک انجام می‌شود و کمترین تأثیر را بر مساحت محیط زیست دارد.,C,0.6555545330047607,C,0.7063177227973938,True,True,True,True,[0.30845478 0.02551809 0.65555453 0.01047261],[0.2578177  0.02435842 0.7063177  0.0115061 ],0.7451339364051819,0.65555453,0.7063177,0.05076317,0.8398983478546143,0.6730493307113647,0.7472736835479736,0.8162186145782471,0.655176043510437,0.7268843054771423
2561,در یک آزمایش آزمایشگاهی، دانش‌آموزان در حال آزمایش هویت یک پودر ناشناخته هستند. کدام روش برای انتقال پودر به ترازوی دقیق‌ترین است؟,"['با یک برس به روی کاغذ انتقال جارو بزنید', 'با یک کاردک آزمایشگاهی به روی کاغذ انتقال بردارید', 'با انگشتان بگیرید و به روی کاغذ انتقال بگذارید', 'از بطری به روی کاغذ انتقال بریزید']",B,استفاده از کاردک آزمایشگاهی امکان کنترل دقیق مقدار پودر را فراهم می‌کند و از ریختن یا پراکنده شدن پودر جلوگیری می‌کند.,A,0.4207782447338104,B,0.964856505393982,False,True,True,True,[0.42077824 0.2552149  0.03481048 0.28919637],[0.02947959 0.9648565  0.00114305 0.00452084],0.829054594039917,0.2552149,0.9648565,0.7096416,0.9606662392616272,0.7332911491394043,0.8317187428474426,0.9606662392616272,0.7332912087440491,0.8317187428474426
2562,لیوسین یکی از اسیدهای آمینه‌ای است که بدن شما به آن نیاز دارد اما نمی‌تواند آن را تولید کند. کدام یک از این موارد پیش می‌آید تا بدن انسان بتواند لیوسین دریافت کند؟,"['بدن لیوسین را از سایر اسیدهای آمینه تبدیل می\u200cکند.', 'بدن کربوهیدرات\u200cهای حاوی لیوسین را ذخیره می\u200cکند.', 'بدن اسیدهای چرب را تجزیه می\u200cکند تا لیوسین به دست آورد.', 'بدن پروتئین\u200cهای موجود در غذا را هضم می\u200cکند تا لیوسین به دست آورد.']",D,بدن انسان لیوسین را از طریق هضم پروتئین‌های غذایی به دست می‌آورد.,D,0.6184142231941223,D,0.755163848400116,True,True,True,True,[0.17856826 0.00224784 0.20076971 0.6184142 ],[0.21635807 0.00303834 0.02543967 0.75516385],0.7698051333427429,0.6184142,0.75516385,0.1367496499999999,0.8288097977638245,0.5956152677536011,0.6931242346763611,0.8288097381591797,0.5956152677536011,0.6931242346763611
2563,خورشید تقریباً 1.5 × 10^8 کیلومتر از زمین فاصله دارد. سرعت نور 3.0 × 10^8 متر در ثانیه است. فاصله از خورشید تا زمین در ثانیه‌های نوری چقدر است؟,"['2.0 ثانیه نوری', '0.5 ثانیه نوری', '2.0 × 10^-3 ثانیه نوری', '5.0 × 10^2 ثانیه نوری']",D,فاصله خورشید تا زمین به متر تبدیل و سپس بر سرعت نور تقسیم می‌شود. حاصل تقسیم، زمان عبور نور است که حدود 500 ثانیه می‌باشد. این زمان به ثانیه‌های نوری تبدیل می‌شود که نتیجه آن [MASK] است.,A,0.8318470120429993,A,0.0276458617299795,False,False,False,False,[0.831847   0.03654881 0.09934996 0.03225421],[0.63912565 0.30190158 0.03132686 0.02764586],0.827036440372467,0.03225421,0.02764586,-0.0046083499999999,0.7704883813858032,0.5907478332519531,0.6687514185905457,0.7652903199195862,0.585498571395874,0.6634292006492615
2564,در بسیاری از مناطق گرمسیری، پشه‌ها ممکن است ناقل یک انگل باشند که می‌تواند موجب بیماری عفونی در انسان‌ها شود. چه چیزی بهترین توصیف را از این نوع ارتباط بین پشه‌ها و انسان‌ها ارائه می‌دهد؟,"['شکارچی-مورد شکار', 'رقابت برای منابع', 'عوامل زیستی که با یکدیگر تعامل دارند', 'انتقال انرژی بین تولیدکننده و مصرف\u200cکننده']",C,این رابطه یک تعامل زیستی است که در آن پشه‌ها و انسان‌ها با یکدیگر تعامل دارند و پشه‌ها عامل انتقال انگل به انسان‌ها هستند.,A,0.8205203413963318,C,0.9828202724456788,False,True,True,True,[0.82052034 0.02186613 0.01502835 0.14258505],[1.5885809e-02 8.9621608e-04 9.8282027e-01 3.9769348e-04],0.8148194551467896,0.01502835,0.98282027,0.96779192,0.8962180018424988,0.7006493806838989,0.7864580154418945,0.8975511789321899,0.7069363594055176,0.7909212112426758
2565,ایرا باید پس از مدرسه یک تحقیق آزمایشگاهی را انجام می‌داد. او مواد، مواد شیمیایی، تجهیزات و وسایل حفاظتی را از معلمش تهیه کرد. به سرعت، اما با احتیاط، مراحل موجود در دستورالعمل آزمایش را انجام داد. به منظور صرفه‌جویی در زمان، تصمیم گرفت که مشاهدات و نتایج خود را بعداً ثبت کند. کدام یک احتمالاً تحت تأثیر منفی تصمیم او قرار خواهد گرفت؟,"['توانایی پیروی از دستورالعمل\u200cها', 'توانایی نوشتن یک گزارش معتبر', 'توانایی پیروی از دستورالعمل\u200cهای ایمنی', 'توانایی رسیدن به یک نتیجه']",B,ثبت نکردن سریع مشاهدات و نتایج، احتمالاً باعث از بین رفتن یا تغییر اطلاعات مهمی می‌شود که بر اعتبار گزارش تأثیر منفی می‌گذارد.,C,0.5793833136558533,B,0.9600566029548644,False,True,True,True,[0.35141376 0.06106655 0.5793833  0.00813633],[0.02876559 0.9600566  0.00933882 0.00183892],0.8101863265037537,0.06106655,0.9600566,0.8989900500000001,0.7738808393478394,0.5859173536300659,0.6669080853462219,0.7750570774078369,0.5876903533935547,0.6684930324554443
2566,کدام یک از این موارد درباره جلبک‌ها، باکتری‌ها و گیاهان گل‌دار درست است؟,"['الف) آنها غیرآلی هستند.', 'ب) همه آنها کلروفیل دارند.', 'ج) آنها از سلول\u200cها تشکیل شده\u200cاند.', 'د) همه آنها از موجودات دیگر تغذیه می\u200cکنند.']",C,همه این موجودات از سلول‌ها تشکیل شده‌اند.,B,0.6393255591392517,C,0.9776476621627808,False,True,True,True,[0.16227949 0.63932556 0.11153295 0.08686195],[0.0157406  0.0035122  0.97764766 0.00309951],0.6756007075309753,0.11153295,0.97764766,0.8661147100000001,0.8334715962409973,0.5585673451423645,0.668874979019165,0.8334715962409973,0.5585673451423645,0.668874979019165
2567,برخی از سلول‌های گیاهی برای انتقال مواد مغذی از غشای سلولی به انرژی نیاز دارند. کدام نوع تبدیل انرژی توسط این سلول‌های گیاهی برای وارد کردن مولکول‌های مواد مغذی به داخل غشای سلولی استفاده می‌شود؟,"['انرژی حرارتی به انرژی جنبشی', 'انرژی پتانسیل به انرژی نوری', 'انرژی شیمیایی به انرژی جنبشی', 'انرژی جنبشی به انرژی پتانسیل']",C,[MASK] برای حرکت مولکول‌ها تبدیل می‌شود.,C,0.7803229689598083,C,0.8034821152687073,True,True,True,True,[0.09356105 0.00598116 0.78032297 0.12013476],[0.09521547 0.00608692 0.8034821  0.09521547],0.5454621911048889,0.78032297,0.8034821,0.02315913,0.8346788883209229,0.5378134250640869,0.6541406512260437,0.8380006551742554,0.5353760719299316,0.653346598148346
2568,کدام یک از موارد زیر ترکیب را تعریف می‌کند؟,"['مواد مختلفی که با هم مخلوط شده\u200cاند', 'اتم\u200cها و مولکول\u200cها که با هم مخلوط شده\u200cاند', 'اتم\u200cهای عناصر مختلف که با هم ترکیب شده\u200cاند', 'اتم\u200cهای یک عنصر که با هم ترکیب شده\u200cاند']",C,ماده‌ای که از اتم‌های عناصر مختلف با نسبت‌های مشخصی تشکیل شده است.,A,0.7970975637435913,C,0.9765356183052064,False,True,True,True,[0.79709756 0.17750947 0.01856376 0.00682923],[2.0426311e-02 2.7644003e-03 9.7653562e-01 2.7371268e-04],0.6054431200027466,0.01856376,0.97653562,0.95797186,0.8303692936897278,0.5792916417121887,0.6824705004692078,0.8257431983947754,0.581489086151123,0.6824184656143188
2569,سطح زمین به طور مداوم از فرسایش و تخریب تغییر می‌کند. در مقایسه با زمین، فرسایش و تخریب در ماه بسیار کم است به دلیل,"['کمبود گرانش در ماه.', 'جو نازک در ماه.', 'کمبود هوا و آب در ماه.', 'کمبود موجودات زنده در ماه.']",C,کمبود هوا و آب در ماه باعث کاهش فرسایش و تخریب می‌شود.,B,0.9468284845352172,C,0.9870479702949524,False,True,True,True,[0.03649804 0.9468285  0.00937347 0.00730007],[9.6766772e-03 3.1415576e-03 9.8704797e-01 1.3378364e-04],0.8377439379692078,0.00937347,0.98704797,0.9776745,0.8325294852256775,0.6477437615394592,0.7286030054092407,0.8325294852256775,0.6477437615394592,0.7286030054092407
2570,یک دانش‌آموز مشاهده می‌کند که یک ارگانیسم یک‌سلولی و یک برگ گیاه دارای قسمت‌های سبز مشابهی هستند. این دانش‌آموز فکر می‌کند که هر دو ارگانیسم از قسمت‌های سبز برای زندگی استفاده می‌کنند. کدام مدرک از نتیجه‌گیری حمایت می‌کند که هر دو ارگانیسم به قسمت‌های سبز برای زندگی نیاز دارند؟,"['هر دو ارگانیسم از قسمت\u200cهای سبز برای حرکت استفاده می\u200cکنند.', 'هر دو ارگانیسم اگر قسمت\u200cهای سبز حذف شوند می\u200cمیرند.', 'قسمت\u200cهای سبز در هر دو ارگانیسم مشاهده می\u200cشود که نور تولید می\u200cکنند.', 'قسمت\u200cهای سبز در هر دو ارگانیسم می\u200cتوانند قسمت\u200cهای سبز بیشتری تولید کنند.']",B,حذف قسمت‌های سبز و مشاهده مرگ ارگانیسم‌ها نشان می‌دهد که این قسمت‌ها برای زندگی ضروری هستند.,B,0.8070467114448547,B,0.972091019153595,True,True,True,True,[0.09714396 0.8070467  0.08572925 0.01008016],[2.6210712e-02 9.7209102e-01 7.4354064e-04 9.5472514e-04],0.8281601071357727,0.8070467,0.97209102,0.16504432,0.746036946773529,0.6187703609466553,0.6764698624610901,0.746036946773529,0.6187703609466553,0.6764698624610901
2571,مقدار زیادی از رسوب توسط آب هنگام جاری شدن آب به سمت پایین در رودخانه‌ها و جوی‌ها جمع‌آوری می‌شود. وقتی آب در یک رودخانه یا جوی به سرعت جریان داشته و سپس شروع به کند شدن می‌کند، احتمالاً چه اتفاقی برای ذرات رسوبی که آب حمل می‌کند خواهد افتاد؟,"['مقدار ذرات رسوب بزرگتری که توسط آب حمل می\u200cشود افزایش خواهد یافت.', 'مقدار ذرات رسوب کوچک\u200cتری که توسط آب حمل می\u200cشود افزایش خواهد یافت.', 'مقدار ذرات رسوب بزرگتری که توسط آب حمل می\u200cشود کاهش خواهد یافت.', 'مقدار ذرات رسوب کوچک\u200cتری که توسط آب حمل می\u200cشود کاهش خواهد یافت.']",C,با کاهش سرعت آب، انرژی آن کم شده و توانایی حمل ذرات بزرگتر از بین می‌رود؛ بنابراین مقدار ذرات بزرگتر رسوب کاهش می‌یابد.,C,0.7201231718063354,C,0.9637113213539124,True,True,True,True,[0.2328783  0.02803149 0.7201232  0.01896705],[0.03246513 0.0014717  0.9637113  0.00235177],0.8027053475379944,0.7201232,0.9637113,0.2435881,0.6904711723327637,0.570852518081665,0.6249897480010986,0.6906303763389587,0.5687394142150879,0.6237860918045044
2572,کدام یک از این عناصر به احتمال زیاد در یک ترکیب آلی یافت نمی‌شود؟,"['کربن', 'هیدروژن', 'نیتروژن', 'پتاسیم']",D,[MASK] یک فلز قلیایی است که به ندرت در ترکیبات آلی یافت می‌شود.,A,0.6037291288375854,C,0.2823457419872284,False,False,False,False,[0.6037291  0.08202564 0.28406963 0.03017555],[0.17125136 0.08089341 0.46550944 0.28234574],0.7288734316825867,0.03017555,0.28234574,0.25217019,0.9635839462280273,0.7672668695449829,0.854292094707489,0.9610575437545776,0.7576157450675964,0.8472958207130432
2573,چه اتفاقی می‌افتد وقتی دمای خانه کمتر از دمای انتخاب‌شده در ترموستات باشد؟,"['شومینه داغ خواهد شد.', 'ترموستات داغ خواهد شد.', 'شومینه به طور خودکار روشن خواهد شد.', 'ترموستات صدای بیپ می\u200cدهد.']",C,سیستم گرمایشی فعال می‌شود و [MASK],A,0.6980355978012085,C,0.6287908554077148,False,True,True,True,[0.6980356  0.09483859 0.15636238 0.05076344],[0.29701975 0.06627407 0.62879086 0.00791531],0.6133273243904114,0.15636238,0.62879086,0.4724284799999999,0.6395244598388672,0.45449236035346985,0.5313611030578613,0.7456815838813782,0.4566418528556824,0.5664190053939819
2574,کدام یک از این‌ها رفتار غریزی نیست؟,"['پرنده\u200cای که لانه می\u200cسازد', 'لاک\u200cپشتی که تخم\u200cهایش را دفن می\u200cکند', 'خرس در زمستان خواب زمستانی می\u200cرود', 'اسب با شخم\u200cزنیدن']",D,رفتاری که از طریق آموزش و یادگیری حاصل می‌شود، غریزی نیست.,C,0.4353508651256561,C,0.0235232971608638,False,False,False,False,[0.3390516  0.18006894 0.43535087 0.04552856],[0.15101305 0.05555459 0.76990914 0.0235233 ],0.8166785836219788,0.04552856,0.0235233,-0.02200526,0.8178218603134155,0.5940426588058472,0.6881978511810303,0.8187885284423828,0.5993251204490662,0.6920750141143799
2575,یک میکروسکوپ، یک شی را با بزرگنمایی 50 برابری بزرگ می‌کند. اگر تصویر نشان‌دهنده 0.5 سانتی‌متر طول باشد، طول شی چقدر است؟,"['100 سانتی\u200cمتر', '25 سانتی\u200cمتر', '2.5 سانتی\u200cمتر', '0.01 سانتی\u200cمتر']",D,طول واقعی شی برابر است با طول تصویر تقسیم بر بزرگنمایی، که 0.5 تقسیم بر 50 می‌شود.,C,0.5336942076683044,C,0.0030682561919093,False,False,False,False,[0.3668023  0.08313353 0.5336942  0.01636996],[0.11513547 0.0176566  0.8641397  0.00306826],0.80438631772995,0.01636996,0.00306826,-0.0133017,0.7972546815872192,0.6759710311889648,0.7316204905509949,0.7962408065795898,0.6662800312042236,0.7254862189292908
2576,کدام یک از این فرآیندها شامل انتقال مقدار زیادی از انرژی حرارتی است؟,"['فرسایش', 'رسوب\u200cگذاری', 'زیرکشندگی', 'سیمان\u200cسازی']",C,[MASK] با انتقال انرژی حرارتی از آب گرم به آب سرد، تأثیرات قابل توجهی بر آب و هوا دارد.,A,0.412381112575531,A,0.1831368505954742,False,False,False,False,[0.4123811  0.07166109 0.32116273 0.19479504],[0.43932247 0.26646256 0.18313685 0.11107811],0.6940184831619263,0.32116273,0.18313685,-0.13802588,0.7890339493751526,0.6084716320037842,0.6870881915092468,0.7860012054443359,0.5999395847320557,0.6804810762405396
2577,در یک جنگل، تجزیه‌کننده‌ها چگونه به بقای دیگر موجودات کمک می‌کنند؟,"['آنها اکسیژن را به هوایی که حیوانات تنفس می\u200cکنند، آزاد می\u200cکنند.', 'آنها مواد مغذی را به خاک اضافه می\u200cکنند که گیاهان برای رشد استفاده می\u200cکنند.', 'آنها درختان را به پناهگاهی تبدیل می\u200cکنند که حیوانات می\u200cتوانند در آنجا پنهان شوند.', 'آنها از نور خورشید برای تهیه غذا برای گیاهان و حیوانات استفاده می\u200cکنند.']",B,تجزیه‌کننده‌ها با افزودن مواد مغذی به خاک، رشد گیاهان را ممکن می‌سازند.,B,0.9718204140663148,B,0.9887154698371888,True,True,True,True,[2.5834985e-02 9.7182041e-01 1.8714801e-03 4.7318425e-04],[1.0887524e-02 9.8871547e-01 2.9014269e-04 1.0673753e-04],0.8052610754966736,0.97182041,0.98871547,0.01689506,0.833591103553772,0.6851111650466919,0.7520928382873535,0.833591103553772,0.6851112842559814,0.7520929574966431
2578,بهترین روش برای حفظ منابع طبیعی در خانه چیست؟,"['تمام شیشه\u200cها را در سطل زباله بیندازید.', 'برای تمیز کردن نشت\u200cها از دستمال\u200cهای کاغذی استفاده کنید.', 'زمان حمام کردن را کاهش دهید.', 'هر روز چمن را آبیاری کنید.']",C,کاهش زمان حمام کردن باعث صرفه‌جویی در مصرف آب و کمک به حفظ منابع طبیعی می‌شود.,C,0.7078338861465454,C,0.9413498044013976,True,True,True,True,[0.17757569 0.1077051  0.7078339  0.00688536],[5.2694038e-02 5.5539105e-03 9.4134980e-01 4.0232393e-04],0.7121776342391968,0.7078339,0.9413498,0.2335159,0.9196648597717285,0.6630657315254211,0.77056485414505,0.9196648597717285,0.6630657315254211,0.77056485414505
2579,کدامیک ترکیب کربوهیدرات‌ها را توصیف می‌کند؟,"['چربی\u200cها به هم پیوسته و فسفولیپیدها را تشکیل می\u200cدهند', 'مونومرها به هم پیوسته و پلیمرها را تشکیل می\u200cدهند', 'اسیدهای آمینه به هم پیوسته و پلی\u200cپپتیدها را تشکیل می\u200cدهند', 'قندها به هم پیوسته و پلی\u200cساکاریدها را تشکیل می\u200cدهند']",D,ترکیب کربوهیدرات‌ها از اتصال قندها به یکدیگر تشکیل می‌شود و پلی‌ساکاریدها را به وجود می‌آورد.,B,0.7653998732566833,D,0.586406946182251,False,True,True,True,[0.05544538 0.7653999  0.008371   0.1707838 ],[0.00843025 0.40303123 0.0021315  0.58640695],0.8375131487846375,0.1707838,0.58640695,0.4156231499999999,0.7937053442001343,0.6162467002868652,0.6938084363937378,0.7985467910766602,0.6278674602508545,0.7029956579208374
2580,چگونه باید از یک نمودار خطی برای نمایش داده‌های فاصله و زمان یک جسم متحرک استفاده کرد؟,"['محور y باید به عنوان زمان، که متغیر وابسته است، علامت\u200cگذاری شود.', 'محور y باید به عنوان فاصله، که متغیر مستقل است، علامت\u200cگذاری شود.', 'محور x باید به عنوان فاصله، که متغیر وابسته است، علامت\u200cگذاری شود.', 'محور x باید به عنوان زمان، که متغیر مستقل است، علامت\u200cگذاری شود.']",D,زمان متغیر مستقل است و باید بر روی محور x و فاصله متغیر وابسته بر روی محور y قرار گیرد.,D,0.903914511203766,D,0.9203057289123536,True,True,True,True,[0.05801148 0.03518574 0.00288822 0.9039145 ],[6.6147916e-02 1.3025298e-02 5.2107748e-04 9.2030573e-01],0.8391862511634827,0.9039145,0.92030573,0.01639123,0.8591856360435486,0.6877145767211914,0.7639464735984802,0.8591856360435486,0.6877145767211914,0.7639464735984802
